4.369679271434584455e-01
9.648202325958735726e-01
2.052566989768954409e-01
9.423015166388578612e-01
1.717938641679591510e-02
1.502130609774180413e-02
2.745850615409899109e-02
3.553367043717473583e-01
8.865320582624820478e-01
3.263575211807316374e-03
9.115837186963869909e-01
9.031911559120629762e-02
5.908256798481604372e-02
4.434853086218278279e-04
5.218403525046761970e-01
9.975382221999833376e-01
9.954869192727721083e-01
9.999683269343122571e-01
9.531520032726356062e-01
1.271902728000970720e-02
6.078580309173453600e-01
9.992300343395201789e-01
9.904264977286991734e-01
1.256800718978084153e-01
9.567043568983728541e-01
7.528013601720590087e-02
7.870444401979596050e-01
7.530603554026352731e-01
9.910406958858862803e-01
7.979203565657083663e-01
9.748985614434859670e-01
8.957923606577158360e-01
1.352700129178126542e-01
1.900994995811592370e-01
2.195079394239269482e-02
3.938214731500780941e-01
8.884278576228902269e-01
9.995783620418775550e-01
9.802977326496519206e-01
2.781005065808435650e-01
1.192146080465331277e-03
1.699013902700923103e-04
1.635241860103854583e-01
8.925829031431706806e-01
8.507660707692882296e-02
3.843426393449208001e-01
5.716099862531540371e-05
2.185507021056176946e-01
3.790982898178489602e-02
9.352904360866139480e-04
2.645390049892280913e-03
1.042638908699408066e-03
5.586479563123502023e-01
9.754005354328998401e-01
8.958319713203576340e-01
9.989494774391208809e-01
8.530054336907938461e-01
9.874027922118590039e-01
3.369683913222268345e-02
6.759535078132322987e-04
2.419150843305234913e-05
4.519557974639481536e-04
2.750168109769954849e-01
7.971985377790221650e-01
1.709285886778028063e-01
5.952722950823278319e-03
1.145301686558313284e-02
3.350428515020415117e-03
1.001262502931280218e-01
9.872831088671839561e-01
9.970687569989912236e-01
9.977822318831316428e-01
4.989862501368669268e-01
1.030974743296478443e-03
3.061980218465277723e-04
1.033188944979721857e-01
7.262411709914966262e-02
7.593845429211691644e-02
9.992405145070348826e-01
8.327221220616543018e-01
6.297005284452199259e-02
2.983583648881920681e-04
9.933504334271712199e-01
9.811707015472667104e-01
9.831156603207350519e-01
8.833168828127236916e-01
9.881855574695423972e-01
9.182542657144356912e-01
9.993569478367967385e-01
9.999997922889160007e-01
9.992645820237325838e-01
5.582032228186611933e-01
5.719441995311307786e-03
4.356849151979812288e-07
1.659584551628731706e-04
2.379964701680616079e-01
9.991049048016070744e-01
1.233599301632380962e-01
6.237705890297221556e-01
3.171631175897989593e-03
1.279694212993516197e-02
9.973462898612515115e-01
8.671623865907015505e-01
9.955532232949773075e-01
1.561095563568389369e-02
2.204745546980813736e-02
4.738626848622016774e-01
9.726239630418204163e-01
9.999230855291004749e-01
9.998472307576778961e-01
4.240551576188757998e-01
1.464233170013057028e-01
4.490456764717182248e-02
1.343664692203442408e-03
8.321990652765378638e-01
3.473415416500613175e-03
1.340474043765089718e-01
6.959068311307750054e-01
9.539735281635918288e-03
1.654833332409337276e-01
7.176421296126951344e-01
9.263037541083599669e-01
9.750549188356206765e-01
9.366256355507264209e-01
9.587771971703700213e-01
