2.749051417530191070e-08
1.032685091339181829e-15
6.696956060779658826e-02
6.910260768397939250e-12
3.695131847466427591e-04
6.526487816639346185e-05
1.650546135523501171e-06
3.606522336321583144e-01
9.999999999968598452e-01
9.999999181222558597e-01
9.995421564290635219e-01
9.986070812635293725e-01
9.999992763145603147e-01
9.963575149118106822e-01
9.554681029258066394e-01
2.903716572550511928e-06
8.371958048820477896e-12
5.847361386416722240e-11
1.831151339389901684e-11
1.202631614208189828e-04
1.000000000000000000e+00
5.674740253450725191e-01
9.999999999998652189e-01
9.999999999999655831e-01
9.999999999999997780e-01
9.999999311731589957e-01
9.999999998661579514e-01
9.999445719884152428e-01
9.999992383707084764e-01
9.999999999972428721e-01
1.000000000000000000e+00
1.000000000000000000e+00
1.000000000000000000e+00
1.000000000000000000e+00
9.999994090979157368e-01
1.000000000000000000e+00
9.999999999999611422e-01
9.999999921066587971e-01
9.999999999999993339e-01
9.999999999999995559e-01
9.999999549037268398e-01
1.000000000000000000e+00
1.000000000000000000e+00
1.000000000000000000e+00
1.000000000000000000e+00
1.000000000000000000e+00
1.000000000000000000e+00
1.000000000000000000e+00
1.000000000000000000e+00
9.999999999966300290e-01
9.999999999999995559e-01
9.999999999999908962e-01
9.999999999999906741e-01
9.973675399631930505e-01
9.999674321225954232e-01
9.999999953443190481e-01
1.000000000000000000e+00
9.999999999963546937e-01
9.999999996384041356e-01
9.998993592829303889e-01
9.999999998679045543e-01
9.999999999992297273e-01
9.894008756054795128e-01
9.999999999746078672e-01
9.999999990629813151e-01
9.999999999999988898e-01
9.999999999999602540e-01
9.999956404387972952e-01
9.999999998391886358e-01
9.999999978564706460e-01
9.999944708604937560e-01
9.999957820676618203e-01
5.480535356446054607e-01
9.999999999999973355e-01
9.999999875522490589e-01
9.999664557192700087e-01
9.884589346962228129e-01
9.999999229141753876e-01
9.998032993533592094e-01
9.273587510545522328e-01
1.055892968851938016e-07
1.892593578134589005e-01
2.199977193895192099e-02
9.226804303843699762e-01
9.999997613294758780e-01
9.999961264570884634e-01
9.931335432186464418e-01
9.998083226433011061e-01
9.999980489832169805e-01
9.999999999839019882e-01
9.999999995414932119e-01
9.999999958476315509e-01
9.999999998152657721e-01
9.999937356947588007e-01
9.999999999999995559e-01
9.999999999999997780e-01
9.999999999703705900e-01
1.000000000000000000e+00
9.999515335466830912e-01
9.999641746162738487e-01
9.814659455761884921e-01
9.999999999999997780e-01
9.999999990036183561e-01
9.999642061572971974e-01
4.449344210990224239e-08
7.403054978868700564e-02
9.994518504046030483e-01
9.999999486605304355e-01
9.999999977780062999e-01
1.000000000000000000e+00
9.999999999999993339e-01
9.999999986995937729e-01
9.999999999848723231e-01
9.999999999999966693e-01
9.999999999999840128e-01
9.948676212598025481e-01
2.288376494256332827e-01
9.999999953398153174e-01
2.054014596048248792e-02
9.999999999829116692e-01
9.999999999927642325e-01
9.999999999999946709e-01
9.999980753120069066e-01
9.999996020022842158e-01
9.999973679086412437e-01
1.000000000000000000e+00
1.000000000000000000e+00
