6.230456630244132210e-01
7.414644464020331283e-01
6.287510343449368433e-01
6.432731691028604759e-01
8.002454317494583913e-01
7.356252802523902679e-01
6.990134098039029187e-01
5.244922781342743479e-01
4.917416098928016899e-01
4.441099132736188171e-01
5.472575629094059702e-01
7.020825989055002880e-01
5.614930914792628514e-01
4.682888758868408163e-01
4.346012906197445069e-01
4.738907557317620922e-01
3.384945624448368884e-01
4.387529587244013984e-01
6.021397250311399940e-01
4.758424505988250175e-01
3.484338199309801598e-01
4.721788502874538773e-01
4.219409955890088826e-01
3.735989365351911062e-01
4.552035848200293722e-01
6.055217842545678186e-01
5.382239439016246463e-01
4.530433720825927657e-01
4.632680732977019766e-01
3.090434399984718361e-01
3.551193625179648317e-01
3.831688717492316987e-01
3.891067186387341947e-01
3.831531870864838818e-01
4.016386789213453601e-01
3.820802884273058475e-01
5.089537444055134419e-01
4.726618635613515917e-01
5.657155922949821392e-01
4.299342989740091991e-01
3.798872463819245038e-01
3.038920367420098190e-01
3.481846496462335794e-01
4.063768519749990649e-01
2.624513283932855545e-01
1.408895700968281206e-01
2.007493338447498832e-01
4.443491849826714524e-01
2.420144937129546370e-01
4.114654490773482221e-01
4.011002570706779236e-01
3.460350089969623233e-01
2.663723337254463308e-01
4.055304569264659986e-01
6.131212221448035793e-01
4.609792062515836730e-01
2.149260594370116795e-01
5.378058203418388805e-01
5.443960708601680576e-01
5.108535759338900251e-01
3.580331582911399080e-01
6.401219481192332861e-01
5.806642143287673585e-01
6.647418701784308936e-01
4.377699759504747323e-01
2.058766655791390010e-01
1.604258645409004091e-01
5.707217673721062257e-01
4.997001993779693896e-01
1.983186408013168922e-01
1.268774181325129646e-01
2.079445361091800115e-01
2.341995050177089477e-01
2.427967634773011418e-01
2.535134073535743049e-01
3.352444865235063021e-01
3.516951899457859687e-01
2.020878531257263022e-01
2.008203245890851085e-01
3.329561304743466899e-01
3.033529965032969455e-01
3.924137705967538636e-01
3.510756372929466074e-01
4.338847531824470138e-01
3.102665167857599493e-01
3.160117443102033463e-01
2.603812366670485989e-01
4.390482161337670441e-01
3.836076912247585180e-01
3.116872212671186748e-01
4.817495908908555613e-01
3.944742763108064487e-01
3.081611170167088409e-01
5.143491678952950563e-01
6.171754949620137376e-01
2.362838813658212911e-01
1.664545380226590543e-01
3.614379482413526135e-01
2.133952577696977271e-01
3.606947778887981126e-01
2.178995339636789763e-01
2.088541339353497117e-01
9.408797184012696047e-02
2.040185067399170327e-01
1.737796836549539425e-01
3.746709562550076811e-01
1.000423022654333971e-01
5.731366066272119281e-02
2.372301331326843454e-01
9.876619390293080170e-02
8.483163972458084012e-02
3.272722513067855693e-02
7.699077951219344962e-02
1.026738533892112837e-01
6.128785216826159593e-02
6.936529287399589849e-02
9.878516365877651473e-02
9.560082835810690405e-02
3.152631275147777662e-02
5.170040197211142607e-02
1.648468033784222450e-02
4.148047096855840554e-02
3.540061469033900510e-02
4.105947056570553866e-02
9.462800775755142446e-02
1.618713610038346462e-01
3.262674860132789845e-01
2.520987640474154912e-01
