3.392477688030235972e-01
4.223369168111096306e-01
3.735476489213341855e-01
4.930278205690600823e-01
5.408323278358466712e-01
6.760431805691056173e-01
5.543886509293138865e-01
5.385163008904110260e-01
4.425832111701695770e-01
2.410721240027867140e-01
3.350922382501959063e-01
3.522483204952727709e-01
4.536507103436405730e-01
5.982526905529471639e-01
6.907713605312589822e-01
6.873043378197437603e-01
6.526352437791972383e-01
5.424668404344245021e-01
6.222108917121537131e-01
3.944545926468341346e-01
4.606259899126982083e-01
3.725743314105398052e-01
5.464509257000828013e-01
4.982583861420686322e-01
5.984793876425484882e-01
5.586262790032873182e-01
5.854525368077554415e-01
6.988310949541858275e-01
5.332829840249545539e-01
6.601145383863991078e-01
4.211301074917608855e-01
4.668316593079905319e-01
6.168563137295496324e-01
5.688979495866928193e-01
7.206990470121484860e-01
6.028181567494881321e-01
6.863815236147815524e-01
5.901562314904206241e-01
6.348665664615474880e-01
5.204999037599945533e-01
6.113508540237898581e-01
5.176016121356012967e-01
5.575974188482052396e-01
3.802995762968230387e-01
3.301880924926713368e-01
3.575995608487547162e-01
5.793372311734863445e-01
6.298067311263552126e-01
6.348387673519936270e-01
5.068501816945699678e-01
4.080558315960461924e-01
4.049866071138865653e-01
5.334416166609600163e-01
5.045963048041902654e-01
6.397825137452212152e-01
4.745315904754554559e-01
3.647531736969453209e-01
5.611407811100302956e-01
6.270659431532246142e-01
5.363239791181740879e-01
4.515820597108144985e-01
3.876136086709305872e-01
4.397184299438041677e-01
5.426641078683163144e-01
4.061582057741615071e-01
3.467167211904663704e-01
4.454821026144169527e-01
4.557564425249920337e-01
5.888042335599044108e-01
4.644456497271003403e-01
4.368253702430283658e-01
7.030064156466053760e-01
8.314863106225031109e-01
6.264730450836425435e-01
6.454711045030687711e-01
4.552517090755763274e-01
4.655603834279347653e-01
5.109188487615201613e-01
5.542828685242415787e-01
5.701812840723990972e-01
4.686249802248662055e-01
4.765560172166289910e-01
3.674985445131639383e-01
4.221053794154004946e-01
4.275939696487211505e-01
5.078121776820438971e-01
4.316117519159472504e-01
4.388357876331018259e-01
2.259558277789007474e-01
3.830206036684788429e-01
3.815249576981268320e-01
4.196109215873645715e-01
4.027170969498781727e-01
4.753674962405444737e-01
5.738355220229879317e-01
4.006739413773776626e-01
4.210248895827029547e-01
3.620599202624434354e-01
6.542264228827613382e-01
7.659643845222490199e-01
6.227083781752984493e-01
5.602420940581395170e-01
5.075554229032498421e-01
5.721147301912387073e-01
6.034169736666892270e-01
5.043490503141746517e-01
5.494233166076568642e-01
4.816912579098884262e-01
5.699653377539700694e-01
5.523605197034565650e-01
7.197734915276188250e-01
6.466829083616738583e-01
4.052474372612525633e-01
4.527663631326858673e-01
5.199585396590503672e-01
4.120287937764491870e-01
5.137369197796072262e-01
4.491767487066275488e-01
5.038744126202454598e-01
6.157737047215597892e-01
4.493768432127277501e-01
4.961170640587969083e-01
4.047946112160427101e-01
3.533601242938878562e-01
3.597168505860955934e-01
2.867021728520225965e-01
2.772944033262118579e-01
4.213637164934571633e-01
2.272027918619422826e-01
