5.004899036698747805e-01
4.923812784020136224e-01
4.912146772127744532e-01
5.154489072500300084e-01
5.203607983372272594e-01
5.355536498976606330e-01
5.714816510171580877e-01
5.421363530513885198e-01
5.493790888642312575e-01
5.819954956581085970e-01
5.602861671834934443e-01
5.280471369346522170e-01
5.309397740613058803e-01
4.967745705657957145e-01
4.295999553250552383e-01
3.617273382613654387e-01
3.680840304959135389e-01
3.837400742713679702e-01
4.084673088728442147e-01
3.839387915092742909e-01
3.994514162679761449e-01
4.288258083199948389e-01
4.222369350420547285e-01
4.164952809652939236e-01
4.033377570911187981e-01
3.891190209225283692e-01
3.432896635553675524e-01
3.726455940105050102e-01
3.708057021264302144e-01
3.918197867647464916e-01
4.126969594426878607e-01
3.810290721284647630e-01
4.003947472156427767e-01
4.197362710262531049e-01
3.940536823835770197e-01
4.158140504958862671e-01
4.112285041621824844e-01
4.047851362775432005e-01
4.056743167688948715e-01
4.575244647240123141e-01
4.919562514130886854e-01
4.989799494840584937e-01
4.511966262591934895e-01
4.464369134819082263e-01
4.458306340659836109e-01
4.303096437949546216e-01
4.363650770750861496e-01
4.113119491265119776e-01
3.606615824716949970e-01
3.737393536355611556e-01
4.319359001705269097e-01
4.293125109252659000e-01
4.143435731745782613e-01
4.230183452732915739e-01
4.317940074110654947e-01
4.276587804925087166e-01
4.574911565119817447e-01
4.697151569589182452e-01
5.056845877835980385e-01
5.395528093716838169e-01
4.954734225945263137e-01
5.357675301739639462e-01
5.461630205107507186e-01
5.116399643808725584e-01
4.866632295749069304e-01
4.683344188360294424e-01
4.303308182761830247e-01
4.687728137822962382e-01
4.545162223243661703e-01
4.273074736067083434e-01
4.183947092232810916e-01
4.318113892115224561e-01
4.284849203491313818e-01
4.524747334407505095e-01
4.158293863035127935e-01
3.973996564006533894e-01
4.341520582973263376e-01
4.117773616442617080e-01
4.353739209152359679e-01
4.493347348008480124e-01
5.002117414342297508e-01
4.808608260920584354e-01
5.111037227493339108e-01
5.328068864226562784e-01
5.010953503711829127e-01
5.038602123830364654e-01
5.256335884583972495e-01
4.892429898197689364e-01
4.926062897742981561e-01
5.141240842046825854e-01
4.990786663260853850e-01
5.070585925648608550e-01
5.121834875741441140e-01
5.342798587317836301e-01
5.465184507451584794e-01
5.267806563536766573e-01
5.832050525634429050e-01
5.788695930199913020e-01
5.596959660310415474e-01
5.592380738517174210e-01
5.656238728219531442e-01
5.713429520345960633e-01
5.676808656318498292e-01
5.564489583322920208e-01
5.367603622319396806e-01
5.257418792369468186e-01
4.813904153288172116e-01
4.609129877005027631e-01
4.750459602271906445e-01
4.383516688481767232e-01
4.368389340438009749e-01
4.239368745694308549e-01
4.185892172335245465e-01
4.269787553204092978e-01
4.101555931944418920e-01
3.859711055406692681e-01
4.203265591667109113e-01
4.679767739222409628e-01
4.676596196268771322e-01
4.939288661415448534e-01
5.385559511059490045e-01
5.464323420664005670e-01
5.568137220569332468e-01
5.650411247808242443e-01
5.427497182347899018e-01
