3.868586186172073837e-01
4.324266868377246165e-01
3.671278679263240696e-01
4.450787950682416616e-01
4.690370388908228216e-01
5.550125022144403175e-01
6.561203871622143247e-01
5.363927209066927659e-01
6.964749603125831579e-01
5.617538451694068513e-01
5.350355491316699519e-01
5.026396973050124561e-01
5.116181991951255226e-01
4.969331435127894991e-01
4.455913724883621696e-01
4.743382331480490155e-01
4.433558797420206199e-01
4.023812272081139785e-01
3.774189900377002416e-01
3.483906604949966734e-01
3.114813781048043073e-01
3.027919510618852783e-01
2.999012934434927558e-01
5.159306584559772979e-01
5.492075057320512377e-01
5.552897993174897850e-01
6.668818846550402801e-01
6.455902644290715253e-01
6.385800093199410776e-01
6.072070307449680682e-01
5.068081088233801212e-01
4.727312497567849880e-01
4.105028365861464468e-01
3.846754343137595011e-01
4.124159027630219243e-01
3.750104184293132636e-01
3.321765039958585186e-01
3.285737884292200262e-01
2.946810008234632128e-01
2.926343029843797572e-01
4.778838912247993509e-01
4.123188675628290389e-01
3.459435051060290034e-01
6.917025880086091760e-01
6.913880007748099965e-01
7.823547414727084481e-01
7.470754668228488660e-01
8.475082363254112794e-01
8.636995737122201700e-01
8.237458592970644533e-01
8.100257818836739121e-01
8.513810448585267254e-01
8.220965470236747397e-01
8.859104379623909953e-01
8.138708518869209874e-01
8.112614615689590636e-01
7.583243379380965044e-01
7.048294535708885533e-01
7.366092131777685070e-01
7.446998024654555293e-01
6.443547730753190761e-01
7.572679504216179858e-01
7.668107594244834013e-01
7.355349476557538901e-01
6.173050775125382694e-01
5.824328856245861719e-01
6.748517913833662618e-01
6.828772485872374176e-01
5.619006343059650410e-01
6.772542690349864225e-01
6.900316115866707012e-01
4.975823521247463854e-01
7.244584453976820049e-01
7.188602395075949225e-01
8.350541061972095447e-01
7.691724239735094892e-01
7.825788299589327979e-01
8.271516028344387816e-01
7.595953887714109731e-01
6.529444914853616000e-01
6.130677746795264449e-01
6.174899118055329206e-01
5.564240055147330333e-01
5.083705160121264610e-01
7.498292280356707584e-01
6.484371953277899836e-01
6.523229184353264154e-01
7.040582700329528487e-01
6.704403428798066944e-01
7.055169623732288064e-01
6.360940320304669937e-01
5.771491110512247946e-01
5.285019837541219401e-01
6.737500551474251420e-01
6.194172231309816867e-01
5.912473961005150214e-01
6.111164301984080005e-01
6.832333829907092371e-01
6.936581988973948842e-01
7.330510728975935253e-01
6.485080354138927916e-01
4.877340429365719654e-01
4.868656361389864240e-01
5.417456013693595640e-01
5.926984937447380419e-01
5.942404590958165755e-01
5.914282153179531987e-01
5.862403773122799588e-01
5.966062990864550164e-01
6.324017847746233878e-01
6.338593998768378146e-01
5.743673713971892969e-01
5.797842445893327534e-01
4.943232642570303259e-01
5.444737192566346806e-01
6.199888456061064534e-01
8.195372973350870671e-01
8.348988435103624761e-01
8.453522886819633264e-01
8.124166863349012724e-01
8.900444522038085671e-01
9.331141617334763882e-01
8.588124539538515290e-01
9.235600029306271219e-01
9.443044225658213664e-01
8.482042468683371750e-01
7.288264543647091642e-01
7.375308636802652140e-01
7.412836694510044344e-01
