2.341410819228512130e-01
8.889931389601529732e-01
8.748138879799185474e-01
9.925805302560319898e-01
7.709802746157938813e-01
5.703241837692604177e-01
6.339582563520878011e-01
8.537646620353472882e-03
3.605173621217021762e-04
3.447561172216821995e-03
8.163319875787405921e-02
9.903112310585403533e-01
9.687745909918538123e-01
8.682928360643898946e-01
9.556416039168971199e-01
1.528256929403846165e-01
1.121979333778695548e-01
1.682858218417333795e-02
7.990790170000484612e-04
2.063913396817241511e-04
1.854907197610263653e-02
9.814576771993445414e-02
6.570291332382651728e-01
9.679166263329321840e-01
2.432448653015921725e-01
1.047225785197133385e-01
2.267318124000773302e-02
6.663779000591574199e-04
3.412144987714880898e-04
1.002350137560239400e-04
1.305944132960775139e-05
2.522091034779705334e-04
1.730993158308769420e-03
1.343293350409257561e-04
1.175075365387238350e-04
2.024029055609070406e-03
2.855368400553043862e-01
6.320735209839274393e-01
5.100719122876188338e-01
6.003539710489113473e-02
1.897940896766978636e-01
1.016706638225852626e-03
6.944996521063202533e-01
4.576217277566549391e-02
1.662280152808746567e-02
5.930149131574276034e-01
8.982851598449034247e-01
2.243196061491984084e-01
8.042984423478193312e-01
1.434162248025180886e-01
9.866753822451774791e-01
9.938819935787720494e-01
9.837573181347939455e-01
9.690392835158698759e-01
8.075937219936244471e-01
6.601032073818836610e-01
7.839188747260484869e-01
6.666867208307603043e-01
3.986348329870973567e-02
3.964088555098285727e-01
7.650966226628369560e-01
2.968394446074055226e-01
1.665783131429399710e-01
9.483174870735362472e-01
9.963462160556526559e-01
9.313692640463532291e-01
9.456408411327469343e-01
9.537341053327043072e-01
7.339215488709532886e-01
5.066304291541842697e-02
4.973996042915928562e-01
2.133052590570832796e-01
5.114268041332405978e-01
1.476961941741117539e-03
1.809293515239014383e-01
7.044422050616551134e-01
8.966919168848532795e-01
4.880127571144508153e-02
2.619607268476944473e-01
2.947770771669820933e-01
8.089366619829160276e-01
8.649056004615746085e-01
8.444547349541758896e-01
8.188295778939680414e-01
7.682370961675940579e-01
1.470142760434421936e-01
1.104501040592513889e-01
9.062191653586285089e-02
1.418451847534708266e-01
1.594488155911728544e-01
4.418805131078631931e-01
5.163522084309926652e-02
8.497490684261577165e-01
1.590993547582494894e-01
7.105009352699662717e-01
9.962958878507944815e-01
9.911659533813554912e-01
9.952354239458158780e-01
9.996389853894901423e-01
9.961485751946880240e-01
2.046175072478083057e-01
3.318353298767142134e-01
1.489724320719227058e-01
5.449321866351369836e-01
9.811786609020706207e-01
9.954983572210502896e-01
4.946691163620003939e-01
9.452750431487939586e-01
9.842637356650715263e-01
2.486315468516613891e-01
4.835730861826947891e-01
9.900687258135251190e-01
9.538716042094895764e-01
6.770625048838567472e-02
7.057716475732046107e-03
1.337001811381110725e-02
1.901993986554889040e-03
8.897623753613232919e-04
3.507931026865005169e-03
7.908855999790405378e-02
6.797556684087567858e-01
9.593162326677742158e-01
7.687699948586791676e-02
9.041173086367448875e-02
5.559707490398919927e-03
