3.304255446489051673e-01
9.617438146175039115e-01
3.224181496821205140e-01
2.777694219435062895e-01
1.293742258252137955e-01
3.043114238596056897e-01
8.917403855300982674e-01
4.443325509734079581e-01
4.332754582391307174e-01
8.934842891039154189e-01
5.421687166776903988e-01
2.753400979383247571e-01
4.209978547294576101e-01
4.668614249020067164e-01
7.415028913905591379e-01
6.110046730683352800e-01
1.906009382285740184e-01
1.654758508506559422e-01
7.027936214372911827e-01
6.488253797774151677e-01
6.237799015745968401e-01
5.892071729539748448e-01
5.072131573308296115e-01
4.754840642862276368e-01
2.851744364502735718e-01
4.113846590642568635e-01
1.494494497078074080e-01
7.507873808945310368e-02
8.167058367611219616e-01
2.249791038336815818e-01
3.690870176327590291e-01
4.738415983705599466e-01
6.480314060538587828e-01
7.228144783657656225e-01
3.877903204628987965e-01
8.285297921745410354e-01
2.019704337131367489e-01
8.401862608488978035e-01
4.725743181374806312e-01
9.408475143450315548e-01
1.613143713702514526e-01
7.976299058191360647e-01
5.363658836982231337e-01
5.873471017916401249e-02
6.819333506102360776e-01
7.768995146358974591e-01
6.447445521399284285e-01
3.915450726191315178e-01
3.568732755623863495e-01
6.773293681576182390e-01
8.697248733830251211e-02
2.421548685275942137e-01
5.969301247450169434e-01
6.735156289047787848e-01
4.845042708278067267e-01
3.031117596510207179e-01
1.928231094690560088e-01
7.374819749017093029e-01
3.327088170120532928e-01
7.643421836189393526e-01
3.017038825066764018e-01
6.030772128927442965e-01
4.950820121706038801e-01
1.455961080336384272e-01
6.117072360959523447e-01
6.927556919771676869e-01
4.801576326501856284e-01
4.884589181939530955e-01
1.702372127839716365e-01
8.222318266926044172e-01
1.072400673504471241e-01
7.916763828051930352e-01
1.952009926763716707e-01
1.390005449214735678e-01
8.070357820077594946e-01
2.660096544111948957e-01
7.659973785155150816e-01
4.351514941949808923e-01
9.681846678489299807e-01
1.647516680615819518e-01
2.309336569456026111e-01
2.291562267563347355e-01
2.286025317025247583e-01
4.851670336187417498e-01
7.836587353273353207e-01
8.693303259155509000e-02
6.556489024570433255e-01
4.547358349653963794e-01
2.865808801178044152e-01
1.731958278150621255e-01
5.371996848914938061e-02
3.212398844057766101e-01
6.446590144103416797e-01
2.384909735677201992e-01
5.259749634461931000e-01
4.458465944442253637e-01
3.689181580017630302e-01
5.195767180788385398e-01
6.892008984981471409e-01
3.862855971622674023e-01
7.135529902195786311e-01
2.859744519709961352e-01
5.876715219729857775e-01
9.001622788378830231e-01
7.033760214478029793e-01
6.464064865069892862e-01
5.433679131003045226e-01
5.813619495201894916e-01
8.258726776597966612e-01
6.056069699621330349e-01
4.403309309013422879e-01
3.798863315579699695e-01
3.998863565240740048e-01
6.201665902352498927e-01
2.446289098517161198e-01
8.314553923109397893e-01
3.371342698424965589e-01
6.356505372499208217e-01
6.289735528165737444e-01
7.602530640901881132e-01
8.041346261385013960e-01
4.489291369566895673e-01
3.887769241152748134e-01
7.162049330709516770e-01
