5.301154097803745247e-01
4.374728836213946370e-01
3.595349121196392828e-01
4.505437768493029127e-01
5.415947277948243155e-01
6.193894327104558784e-01
5.627357903382118609e-01
4.940286918125275095e-01
5.838877328743038442e-01
4.182907691373105585e-01
4.154760391295412858e-01
3.373603109395691413e-01
2.074054083428082673e-01
2.857063185679008521e-01
4.787695728993452970e-01
6.260082941153829461e-01
6.821438782811511947e-01
7.755605717913143238e-01
7.522104444269530621e-01
6.269777358784530685e-01
3.960226124088152555e-01
3.253655218420838935e-01
2.760396706483668749e-01
2.281650252518542532e-01
2.462103177733906689e-01
2.781902981417662124e-01
4.234844199239651830e-01
5.076593847332540044e-01
5.092222466403437675e-01
4.479826101096124336e-01
5.602531875165603914e-01
5.279288444919476575e-01
4.986685356891341625e-01
5.606320015302921345e-01
4.939045752939127398e-01
5.377729406066701356e-01
4.934985821992291521e-01
5.858978883559403661e-01
5.812590522713713126e-01
5.079736391130118545e-01
4.531495052070353413e-01
4.787527876002944938e-01
5.421929834129568526e-01
5.425528065465108352e-01
6.071360611868702462e-01
5.662898698771221540e-01
4.914235340190007406e-01
4.424368502067789199e-01
4.356166949531940502e-01
2.980802039386216684e-01
2.595275220105023872e-01
2.589721306918047472e-01
3.026292512503961918e-01
3.014887515961313103e-01
4.652086966492650077e-01
6.041905735454472515e-01
6.756328417370656148e-01
6.401960895925170592e-01
4.949209809903827306e-01
5.881436280567694519e-01
3.164086785398637636e-01
3.320443015129498354e-01
5.011995353383472684e-01
4.700286729359474669e-01
4.320906695275235632e-01
4.111798135181250480e-01
4.002623958187810360e-01
3.484849662636648748e-01
2.149391369073475888e-01
2.143132089787226358e-01
4.152612497107357470e-01
5.941691274538066780e-01
5.278552600532716577e-01
7.210625339584663118e-01
6.930948772304909022e-01
5.847407667453424773e-01
5.728648771118066696e-01
5.531939881121257230e-01
6.976110969855180421e-01
7.285601535149296426e-01
6.545099156304386989e-01
5.841423987561179532e-01
6.544801302660409048e-01
4.893011299430425898e-01
4.991044262607344795e-01
3.543488292669778050e-01
5.056144860583279277e-01
6.506844838624180616e-01
6.512348484390303449e-01
4.937575303432538143e-01
3.884249045155383495e-01
5.452155018824308419e-01
5.109152290701031163e-01
5.468376691261104261e-01
4.554207508694193551e-01
4.424664801293942129e-01
4.552207363984938637e-01
5.178756241827477957e-01
4.797660559660586466e-01
3.798753147689953868e-01
3.489061664811850538e-01
3.731187921160967758e-01
3.571667363773782244e-01
3.510283833831921441e-01
4.842097457088755941e-01
5.846321795149862499e-01
6.387315032194710307e-01
5.240619947813622836e-01
5.738345307449973509e-01
5.841314982353609242e-01
6.231810243370672353e-01
6.854124024333140275e-01
6.770690218409974870e-01
6.839762464768840422e-01
7.201059274386167885e-01
7.225747978632338642e-01
7.288283588097992372e-01
5.600770183996571783e-01
4.825062724418956450e-01
5.739993477185690862e-01
5.324666990836169900e-01
5.845044342517975444e-01
4.268426957412680967e-01
3.322258234872332849e-01
