3.071090083455196296e-01
6.152002463913472941e-01
9.075809899419753912e-02
4.065483460501579382e-01
1.778588440869802723e-01
5.034439167238523583e-01
1.039336794963259814e-01
3.735052737151159929e-01
5.954959327262641100e-01
2.194483224615071670e-01
3.970126091963280257e-01
4.789962720085788606e-01
5.626385471643001734e-01
8.216741565631573430e-01
6.042722200070965721e-01
7.787316690813101960e-01
7.317295484600331301e-01
3.505656158962351387e-01
9.386652064975665732e-01
7.136619493780056445e-01
6.761089570919192049e-01
6.087675038834648999e-01
5.310325683310032074e-01
4.485694175082847179e-01
9.620970963911545937e-01
5.827157475377722218e-01
7.516219169703571845e-01
5.610290640843017540e-01
6.414155161549438544e-01
5.086752042484824626e-02
4.073124238962615995e-01
2.614617504524883729e-01
7.823143503579665925e-01
3.438368205936379596e-01
2.976292342759666032e-01
2.945047455528919111e-01
2.135024114990039246e-01
6.648350161393123958e-01
6.427703187125174411e-01
5.256808342074703599e-01
4.310849991898197398e-01
2.128801110860872592e-01
3.024577761295498268e-01
4.422657201016421680e-01
5.506327657973707490e-01
4.596879285350974897e-01
8.593419827390249566e-01
7.541764033418404400e-01
4.658602855148985533e-01
4.889320375198160096e-01
6.200609906978508112e-01
5.991086001838654695e-01
8.909169765280167130e-01
9.061381942086447205e-01
8.613723144878663307e-01
8.935974383140661281e-01
8.246164583700695827e-01
7.725327858508884704e-01
7.700472218011888970e-01
8.302517553619412904e-01
6.879903549892786296e-01
7.284723538112807262e-01
6.398810539578986267e-01
6.371060493523440504e-01
4.997421374897746404e-01
7.759545467254014284e-01
6.608804223128482702e-01
2.884499334265845927e-01
3.488241101874018368e-01
1.781606459153047828e-01
3.467485550269410743e-01
3.330313106960831049e-01
7.476498725344419283e-01
2.011226646366028048e-01
4.129258293395560164e-01
2.549781871306112113e-01
3.674237048698148489e-01
6.182976133210833503e-01
7.824861761447294839e-01
5.749225326211330200e-01
8.783700054354584008e-01
6.223970609928654030e-01
3.517303191950525987e-01
4.520627461856537299e-01
7.385869051238191929e-01
7.217244177976989139e-01
7.304198096725799116e-01
7.830213682796054453e-01
5.324452725401146447e-01
4.799931193104324811e-01
5.395093613723875858e-01
9.204920494110560014e-01
7.340680203566608553e-01
8.659703342203011189e-01
6.235257610884019641e-01
5.217080232096791281e-01
6.897956073437040425e-01
5.308311927500493077e-01
5.225510254115892650e-01
2.812717647628167894e-01
1.405134624666224963e-01
2.563806245775618331e-01
1.115817892460636493e-02
1.338831700694357030e-01
7.496401147927039821e-02
1.888105327954946733e-01
2.328491941616424032e-01
3.440168909160442601e-01
5.548496914979225147e-01
4.342011036198502594e-01
6.450291423802588797e-01
5.377056488917851818e-01
2.236298646691859404e-01
7.983224969582156105e-02
1.842322358628408208e-01
3.530584819334048330e-01
3.159274385131457530e-01
2.068803427503567161e-01
5.321774881043397354e-01
5.381892386186065691e-01
3.414748905698602455e-01
3.652911478679612967e-01
4.989866666470644252e-01
6.220990869298280712e-01
6.902943551602835903e-01
