5.701185826489669761e-01
6.302470262689942038e-01
5.981428727417834601e-01
7.041970720225209091e-01
3.831430218083873851e-01
2.422094959128485159e-01
4.153419728739851657e-01
6.254992115423266830e-01
2.635848188872074171e-01
2.333402672553955282e-01
1.267280971645736443e-01
1.570737577884604719e-01
2.259983669709847987e-01
2.409134280113329474e-01
5.550049906532718014e-01
5.348526940713966837e-01
5.686404077178671690e-01
6.425212199483600894e-01
5.090235005173385785e-01
4.530818761206584777e-01
6.857250649091117811e-01
8.009392898209711786e-01
4.332404788964004383e-01
2.556626782465010184e-01
5.227743898873852268e-01
3.542883346419160029e-01
3.138874170365665850e-01
4.500099027136195695e-01
2.313534599239267797e-01
2.341340715942465123e-01
4.297069991655574350e-01
1.645085458093525355e-01
3.747219182789388592e-01
5.233658520415106485e-01
5.497073775410171725e-01
5.172532739614578157e-01
3.184162657919354933e-01
4.242938169599639875e-01
5.283421791623581498e-01
6.614519136750917072e-01
7.279689528219915884e-01
5.531753952393904106e-01
3.870786497303936868e-01
5.703144882206028221e-01
5.416021065600236106e-01
4.490637731769865360e-01
4.779578819525239775e-01
4.533869590984571651e-01
5.385358691653032714e-01
5.563583139367198616e-01
4.342567583818934818e-01
6.705538680887311864e-01
4.478062392520394397e-01
2.710767158136102029e-01
2.857499099583142299e-01
3.633531441165322451e-01
1.732452004491029096e-01
2.344673873545481679e-01
2.820929133834947922e-01
2.289102437895640108e-01
1.880407075741870881e-01
3.173644196794185302e-01
3.514649567758006410e-01
1.233001203478329838e-01
7.413838385347129578e-02
1.396958344923806827e-01
4.361696472747251807e-01
6.254983022389460912e-01
7.454194599014073441e-01
5.901107136244349016e-01
7.141676660636547824e-01
5.241240886231351981e-01
5.184773041493461188e-01
4.216514210369686766e-01
5.832758527921271252e-01
6.327270245287458517e-01
5.435733842590758647e-01
7.797079529271947473e-01
6.869329988850202406e-01
5.410747187320901208e-01
4.031464379136930343e-01
6.291555733901377234e-01
5.600863809320475450e-01
6.936533056190203883e-01
7.387728643412032614e-01
5.976537800796926092e-01
5.020831848869711234e-01
6.600184928681677166e-01
6.808431136208187295e-01
4.579724585619834309e-01
5.037418060155102184e-01
3.686772290546281861e-01
2.463426562908866690e-01
3.881119611282035642e-01
2.634653574521786945e-01
2.063021970000558369e-01
1.779015884295124805e-01
5.622342513961006150e-01
8.057257967390538678e-01
8.819458283138650323e-01
7.993571757781592346e-01
8.039680832215355677e-01
8.153145115326916326e-01
6.657169538261723529e-01
5.942028549186977315e-01
2.574951022876633133e-01
3.859760191657132800e-01
5.201242829734917805e-01
5.258118882743689770e-01
4.619820194204338759e-01
5.573651794170826346e-01
6.025733162358604122e-01
4.578330362999678549e-01
3.927596679232834842e-01
4.484149659512985941e-01
6.134850385203104439e-01
5.056323492705279143e-01
5.164479158073644882e-01
5.504666930943706848e-01
6.707682932136260767e-01
5.321784338710545681e-01
7.512274242947722946e-01
5.692622024429717653e-01
5.529824617684329091e-01
5.697184832172261792e-01
4.404662216519001916e-01
4.639741913304764598e-01
4.566840751980511537e-01
4.279419622136595436e-01
