4.494394467022246736e-02
9.937605614524469555e-01
1.623583657466539376e-01
8.147468086156475220e-01
9.767278470836630033e-01
9.999923070887455356e-01
9.964664715925639626e-01
2.504292185844360641e-01
3.728104486485851465e-01
1.140399451008369987e-02
6.322677387864913401e-01
6.619737694403774464e-01
8.302477030235250188e-02
4.748789328492728640e-02
3.251296537152070787e-01
9.929908409229222244e-01
2.488697701976759213e-01
8.149324313925740970e-01
6.919889470836603218e-01
5.058712293648947970e-03
7.905408856762125014e-01
4.249517141393567288e-01
6.796973644819088722e-01
5.317758414016215962e-01
7.075588723306112104e-01
1.109794238472836675e-01
4.770064255921127039e-01
9.988623516177967954e-01
9.291016899081575575e-01
6.275303224063214502e-01
8.083562260435297464e-01
1.750105824946921740e-01
3.897324993066180743e-01
2.229915247685080038e-01
7.942206470522460426e-01
9.907456530894439561e-01
2.746425757869038753e-01
6.285145628158418374e-01
5.815077012447533028e-02
2.245116819945058018e-01
3.077994212968414023e-01
1.389247551356089794e-01
6.903587527059819040e-01
8.078633890230023651e-01
9.393276535820601625e-01
8.282617752065388750e-01
3.563846029577478342e-02
1.805802142312548930e-01
7.381975559099424045e-01
1.894190445020478286e-01
4.756367839077113580e-01
4.441532934135024036e-01
6.313328952960182150e-01
4.335862956971655441e-02
2.461419341424146180e-03
1.817176598345358607e-01
4.491008367672015555e-02
1.042172603411113891e-03
5.207225240160356927e-01
7.956829200162159887e-01
9.151175166486832380e-01
1.575552588373598656e-02
9.726335603846092415e-01
9.358526559652353694e-01
9.081606862051380125e-01
6.827054216079081472e-01
6.263350923064286979e-01
9.570937089869787640e-01
9.871946998422480579e-01
2.129734777111275124e-01
4.262147675389700296e-01
9.715951514184119064e-01
9.236916326248345577e-02
8.842452884408351643e-01
9.757796119447912364e-01
7.778035524655886601e-02
1.673782975104868842e-01
1.736216176069410033e-01
7.896584132294530711e-01
4.148103083152455683e-01
9.237369625219640223e-01
8.075199634514442781e-01
9.596976835608875822e-01
9.884354148217548985e-01
9.951400585180800729e-01
4.338773580242684391e-02
9.085470360652601052e-01
9.561782250863976040e-01
8.581126758695533097e-01
6.917795251019634994e-01
6.622372332724583144e-01
6.074974211579250438e-01
2.205928020090301700e-02
7.566401849670839619e-02
9.154611356116088006e-01
9.524383451114393218e-01
8.778973547106279085e-01
9.232698835211849975e-01
4.078968970719944465e-01
3.510803135495275257e-02
6.546671063345631536e-01
6.801681754124781765e-02
8.439173902094723179e-01
5.706694728649145398e-01
1.059912702685988223e-01
2.252862745185424398e-01
3.075141821567484862e-02
5.149863571157978770e-01
8.264693815258693926e-03
8.475427843551815998e-01
5.674155289252571510e-01
9.909106740700368565e-01
9.944161341444215374e-01
9.915992547249468103e-01
9.980387686281795290e-01
9.996702144957229086e-01
9.937760534130101187e-01
9.782911525652375762e-01
8.686552875708112298e-01
7.231099146566130065e-01
6.770540687833541404e-02
1.283524726846266006e-01
9.984709135200020569e-01
9.970144959006803642e-01
8.309736904527000867e-01
9.045201823417862164e-01
2.748714252926422463e-01
5.574693855580846735e-01
