6.809732230445052492e-01
6.428514519137868977e-01
7.425802545824540246e-01
5.345416720266006338e-01
6.845677885809811070e-01
6.667104477042031796e-01
5.544710723116620388e-01
6.684224653409267525e-01
5.884001014209629954e-01
5.635163570961266855e-01
4.356571643997624865e-01
4.508600466530569562e-01
3.439225380945202248e-01
3.368434284027758685e-01
3.956769428873961325e-01
3.150527314712216476e-01
5.064888454102089987e-01
4.684531419220849813e-01
5.121278691694408636e-01
5.079063478287141331e-01
5.032574388858588321e-01
5.645483892710703167e-01
6.583590398458568638e-01
5.326684669456145382e-01
6.007076855010510252e-01
5.199644479729506052e-01
3.832098836737730108e-01
4.160589071845828268e-01
6.548413895536110418e-01
5.318680332319284387e-01
5.419248693828014884e-01
5.709059179245873361e-01
5.835166194597288802e-01
5.465123720196806145e-01
5.280354923427961200e-01
4.224589227790371826e-01
3.887433190317355347e-01
4.459265557126534940e-01
4.118121370829346817e-01
4.512950851155522747e-01
4.016012399638021479e-01
3.817567547374143833e-01
3.674346459912823937e-01
5.018946345271694254e-01
4.991190502527325656e-01
5.557355083654066386e-01
6.858111213134330253e-01
6.224563112369926321e-01
6.199186781606074170e-01
6.132647050298364322e-01
6.017354113787178882e-01
5.629930291472453607e-01
4.642083995822313125e-01
3.849029348150996843e-01
3.807960579741579976e-01
3.875537765993510853e-01
4.085137682111909530e-01
4.270577914888154525e-01
4.153356256057021967e-01
3.948353490117241238e-01
4.038221128379980707e-01
4.337654711269612884e-01
4.933314528790616604e-01
4.450085949458235657e-01
5.107860373768629003e-01
4.370630027278588625e-01
4.507261715537764779e-01
4.697689060174862208e-01
4.904363917626697877e-01
4.144000972065429722e-01
4.389926595171387835e-01
3.739123699698676528e-01
4.735491883561000481e-01
4.276794646399570965e-01
4.590079162864625917e-01
4.237136952391590272e-01
4.051885440575887509e-01
3.282337948070179756e-01
2.863684718425902331e-01
3.333678204276347423e-01
3.022913084849985776e-01
2.739232478329313158e-01
3.224190344073397108e-01
3.536329774034456253e-01
4.618334283993934530e-01
5.748435126877132761e-01
5.963616653136386558e-01
5.880836004588678723e-01
5.261495143687692222e-01
4.699239027138348845e-01
5.312205336391314647e-01
6.106536189203691789e-01
5.791267830519462034e-01
6.021053002035408053e-01
5.393086244798075413e-01
4.611083942162038651e-01
5.344821728518438508e-01
4.956390487247828158e-01
5.749814197837350704e-01
5.294200671587636631e-01
6.177871955326806885e-01
5.750806890256038306e-01
6.265886763995943687e-01
5.519129840100879258e-01
6.029881428782846164e-01
5.668051522658460462e-01
5.944272038929089286e-01
6.554662534483456371e-01
6.712678279727241071e-01
6.385470326268580799e-01
6.791491767756139275e-01
6.905225205406370081e-01
6.480945898011494233e-01
5.711909770259975261e-01
6.119942887892649841e-01
5.701456127915842664e-01
6.036664353971579189e-01
5.932987123583739475e-01
6.312468749684846392e-01
6.517420898096926152e-01
5.797507080801235224e-01
6.546438102760501199e-01
4.961150366851064253e-01
5.744181146979370212e-01
5.610667249912766330e-01
5.441572698052175028e-01
5.096354896539754264e-01
4.424488976495856152e-01
