5.713866051138249968e-01
4.338746642887076899e-01
3.955412366023500215e-01
5.423457806424448746e-01
5.870309990665981692e-01
6.053768808424320191e-01
6.170729434486730280e-01
5.249376556680938055e-01
4.886434769950893098e-01
4.059340361233404471e-01
4.057515394361109751e-01
4.070275705246129694e-01
4.751668607136833589e-01
5.414812532698477510e-01
6.986895628944098657e-01
6.244953762293052879e-01
5.089819486858567776e-01
5.048081121183798370e-01
5.275798621293065205e-01
6.399391630001616260e-01
5.432310495113963356e-01
5.669888367488107317e-01
5.646856813612020076e-01
6.080781611763714789e-01
6.163194999757948267e-01
5.298946737445664468e-01
4.509976708146358204e-01
4.148553868231454889e-01
4.297653157582882466e-01
4.213332080335802088e-01
4.154161682801533750e-01
3.811071561425076748e-01
4.220391138863152092e-01
5.452609357933573264e-01
5.296829995538845370e-01
5.928663454845871650e-01
4.524672424525419956e-01
5.397593307132663165e-01
4.892074827668022596e-01
3.676818993741976516e-01
5.058474288246233019e-01
4.971350500118841831e-01
5.228709753930962378e-01
5.230482657984371064e-01
5.679811109824219884e-01
6.349196964118564157e-01
5.431425371913956024e-01
5.172001987949735868e-01
6.430978776401717889e-01
6.987572277671900700e-01
6.596526875692547698e-01
6.243445724367225891e-01
6.728416621051774849e-01
6.931024588814522769e-01
6.758236106230594009e-01
6.551280610396590376e-01
6.236885136705602184e-01
6.369558338394738506e-01
5.410302208733451801e-01
5.223899903592080785e-01
5.662140678973797137e-01
5.124224778165132888e-01
5.917820703662826087e-01
5.784684399019027756e-01
5.849150685462558563e-01
5.918770853536624577e-01
5.307851887297404536e-01
5.535302188101396403e-01
4.967287080968041391e-01
5.702860269146995398e-01
5.887758129341773561e-01
6.195594458925197667e-01
5.759280120100329636e-01
4.223479921077789023e-01
4.494287066565167410e-01
5.039297304642537112e-01
4.782282820751522223e-01
4.263826806468697384e-01
3.726649949703214615e-01
3.924411793671271909e-01
4.616063140345033622e-01
4.120883205257120374e-01
3.709520534058753372e-01
3.782215844026426965e-01
4.598226334861588160e-01
4.731097238914956371e-01
4.950388480245899170e-01
5.266462620213984147e-01
4.464825275911019631e-01
4.794802205877227719e-01
5.120745037891871743e-01
5.018595667217090606e-01
5.110878692971061454e-01
4.420561439737163423e-01
5.493769260669105758e-01
5.096571032552627001e-01
5.577817051356481759e-01
4.921314867754512101e-01
5.533894651669011289e-01
5.613783348108873916e-01
6.102956299732078538e-01
6.284924747642233189e-01
6.330323810043799737e-01
6.552703914798650997e-01
5.761990209032743504e-01
4.906273243841020038e-01
4.323408815353850798e-01
3.450117790462374767e-01
4.154941844374626103e-01
5.109796699904813888e-01
5.836643364865651273e-01
5.859153113849989714e-01
6.237623993843148806e-01
4.874315652340052707e-01
5.120875160199110931e-01
5.085710932370380855e-01
4.721365328013010232e-01
4.782010432113321663e-01
4.450483807948281689e-01
4.558222423620127417e-01
3.739362065018021486e-01
3.729170838746925232e-01
3.816906437134208185e-01
4.373097358666882539e-01
5.003800489312739685e-01
5.314002007706092323e-01
5.398812824274479283e-01
4.685583217202316519e-01
4.512812531111127234e-01
