4.673960450419251678e-01
5.442003286204095680e-01
4.821896412110855401e-01
4.409733939257729496e-01
5.052308787757017194e-01
4.645626478621038835e-01
4.325408514956656236e-01
4.627623105810893533e-01
3.880955105319137122e-01
3.987765782192504438e-01
4.570410169614458340e-01
5.000043988391268401e-01
6.210511719036581058e-01
6.491010838862139032e-01
6.493726016623100339e-01
6.621063492777142789e-01
6.708394561649815291e-01
5.375572156558512393e-01
3.771125161974123174e-01
3.965055727546215603e-01
3.909994351437619531e-01
3.007638892751610116e-01
3.698261812703764195e-01
4.127912418136200912e-01
3.512136944326449406e-01
4.374086492439028806e-01
4.022595312919459154e-01
3.795398815449720908e-01
2.728343763909126807e-01
4.622296692045526068e-01
5.273155192541264524e-01
5.365363188780918335e-01
6.082611079680230182e-01
7.044303767741938449e-01
5.619920804150346783e-01
5.135462109022311816e-01
5.012437513652377996e-01
4.411212533972894700e-01
3.625861072895020798e-01
3.831799524644398658e-01
4.207269576760657714e-01
3.615839004676437152e-01
2.672029503247323468e-01
2.046009656129147980e-01
2.789684590155822042e-01
2.416703612566754589e-01
4.276046152353509266e-01
3.692113578892904924e-01
4.135929461244501337e-01
4.403291303347540708e-01
4.270489159267597534e-01
3.525233365368887206e-01
5.502901693970488894e-01
5.705919469662960042e-01
5.149703744638775005e-01
4.359222547315800833e-01
4.094521568487518581e-01
3.599879882027515188e-01
5.799564762041321542e-01
5.277041048094726072e-01
5.397115724250455271e-01
6.768374120449767162e-01
6.718462537924668743e-01
5.105011467689437588e-01
3.349364776566366442e-01
3.548767045760335415e-01
4.081575786862208788e-01
3.673923855098297220e-01
4.764034470896030826e-01
2.955333477592570479e-01
2.253661041131305443e-01
3.509506532324476735e-01
5.678654511413815387e-01
7.297737740868892597e-01
7.026221841193392992e-01
2.789283440407948622e-01
3.391567614794531726e-01
4.429995018023356046e-01
5.805323727907716336e-01
4.345959592679957129e-01
4.361346208478431019e-01
3.821193112436953587e-01
4.773126351109690524e-01
5.780820834130988572e-01
2.826586734930091049e-01
2.180762536335274226e-01
2.543340605587454673e-01
4.317036961110956028e-01
6.095709148256566179e-01
5.981905307831864027e-01
2.644239314408555752e-01
2.458602331939183649e-01
4.213474555044250947e-01
4.713440601013230147e-01
4.118610242515517994e-01
3.661613023569684766e-01
3.675907036626966939e-01
1.958065599912901800e-01
3.315060988009337350e-01
3.257631594305271383e-01
3.276570455740954735e-01
3.037874344743361488e-01
4.218241795349823020e-01
2.624840598498250910e-01
3.458559729092206547e-01
2.907910250867730140e-01
4.534012091087554763e-01
5.678522734475841549e-01
5.544625254163130235e-01
4.566196784252821717e-01
6.619737536046447213e-01
6.145837597301311295e-01
4.649756855079235085e-01
6.404045735265063710e-01
7.346080717152297934e-01
6.674522935294322501e-01
6.933889059416102896e-01
5.446651073685713218e-01
5.609063487589750485e-01
6.366394443680361004e-01
4.445478567628221578e-01
5.882889051739027542e-01
6.931845726626205684e-01
6.386905585654678585e-01
6.415765888859090715e-01
4.164968733583250260e-01
5.771977295037526989e-01
7.598789578752614959e-01
6.444351898274384149e-01
