7.782644699620214768e-01
5.751149582530132864e-01
4.574683032789925163e-01
5.614447749984660119e-01
4.785965644853973355e-01
4.582193222454888915e-01
5.119970546108587595e-01
4.407988705297493648e-01
5.555277612741834625e-01
4.668854561013183746e-01
4.925884755599541642e-01
6.021301037307369430e-01
6.608879142671555407e-01
6.028047274097997343e-01
6.233657568333776933e-01
6.727436749743650468e-01
5.572201596637124110e-01
6.001927223432642622e-01
5.428219939390434012e-01
5.555513825693817465e-01
5.251862004982675858e-01
5.264121398707398702e-01
7.113071803094865864e-01
6.286772260857559358e-01
5.400870435406033288e-01
6.658644323912076279e-01
6.400631962074215808e-01
5.044408802168216521e-01
5.225702050720334446e-01
5.578354877292630576e-01
6.578993512385928888e-01
5.806567412603907963e-01
5.408533397692127931e-01
6.397313134448000538e-01
5.684826015469032212e-01
5.484651598117831206e-01
6.489481217207074826e-01
6.046498094910902621e-01
6.390077423022405556e-01
6.701921068497816991e-01
5.749040841267729629e-01
6.299893328969675688e-01
5.981636383144631752e-01
6.388423309601415356e-01
7.770135402220693654e-01
6.565905948855560448e-01
6.431751232517052275e-01
4.682339159052122946e-01
4.570368342486411661e-01
6.460440276774467305e-01
7.204139886727733977e-01
7.274072390826027412e-01
6.382431589931565341e-01
7.016000039499501462e-01
5.698378390184760667e-01
5.185011827821757180e-01
5.068599764278304276e-01
6.314554008260421236e-01
5.244938530838187951e-01
5.196222452628487254e-01
5.535643368055258584e-01
5.555378779173085757e-01
5.244212490011352923e-01
5.939503513170297788e-01
5.295032572584414954e-01
6.056911717060580180e-01
6.015647054692149220e-01
5.476711039955707294e-01
5.157913117135605185e-01
6.793792348368162815e-01
5.245038534000360242e-01
5.691907584605135906e-01
5.299657819864090902e-01
3.793515325193365650e-01
5.427212300418895463e-01
6.193269048140556121e-01
5.124296879980503316e-01
4.977150847612029638e-01
5.702351223257535739e-01
4.946343212280448487e-01
4.859261037455716581e-01
5.504564999721384133e-01
4.391092724725423890e-01
4.160910743762290531e-01
3.361690468718163682e-01
3.989892556722064443e-01
3.379143343860252502e-01
4.619592141654520479e-01
3.406742123095110042e-01
2.804205059805404687e-01
4.619659750144634591e-01
1.399383279566651372e-01
4.162735375471887100e-01
3.883191009401734672e-01
5.383554033566400054e-01
6.624084940930001775e-01
6.066600368249869257e-01
6.910253834352867441e-01
6.311939278530290798e-01
7.020807706705325391e-01
4.396541427098524246e-01
3.838150499853143494e-01
3.706040447448492037e-01
3.631380041819795013e-01
5.117747445617547575e-01
2.979262254863593862e-01
4.985091379761399932e-01
3.665961311242116327e-01
3.670803376138165319e-01
3.825100132941455233e-01
3.384158552972576506e-01
5.162138273750240813e-01
5.419604389128378497e-01
5.790055948912341544e-01
5.952979703857872451e-01
5.224450327352873069e-01
4.931327436113219220e-01
5.288215860429139603e-01
4.194138663496500552e-01
4.523297330238769121e-01
4.414910852475447678e-01
4.919918491288998164e-01
5.017060056014217562e-01
4.644175304439086549e-01
3.579914686080646891e-01
4.913431571425646571e-01
3.459590567019505958e-01
3.375520103962016960e-01
