1.030193495185110142e-03
3.664057220173002061e-01
8.772729385825826526e-04
1.888603791354225405e-03
9.846316285202189045e-01
2.768624378901105021e-01
8.796359742430360784e-01
7.539799656656492877e-01
9.999932675035227980e-01
9.999048494599706016e-01
9.598980086122967936e-01
9.829321971274012082e-01
9.457626763118452684e-02
9.383881618774472244e-01
9.928399922098233299e-01
9.997936250552535986e-01
1.927356043190196766e-01
8.689527895413444725e-01
1.777143370116819610e-01
1.724017892683135525e-03
5.568798135759177141e-04
1.445087971337201762e-04
7.478563417418274129e-05
6.958308644748952432e-04
5.969775690009223590e-01
1.160826051879592334e-02
9.263529105989792845e-01
9.959386827174364631e-01
7.094645916086079751e-01
4.173986962300390569e-01
9.975920483881383083e-01
2.145385446665805558e-03
9.998615709709529620e-01
9.122424352729051611e-01
9.999995768756456682e-01
1.309293635101956650e-04
9.999991759985704665e-01
9.021237718441877940e-01
3.893977776643789412e-01
1.012072370181347214e-01
2.037002433854127669e-06
1.523449281329221755e-05
3.168811291812108442e-04
9.999864766622684753e-01
9.964623868395947603e-01
3.738637894104282966e-04
7.949344148315421466e-01
9.734870752326643326e-03
1.123002654707853367e-03
6.100148616537497404e-01
9.954508182994724619e-01
9.999358825634860892e-01
9.292226030715254881e-01
9.921426980183156719e-01
9.994711321123558312e-01
8.386254197026260515e-01
9.549451849121802782e-01
1.048077637235722698e-01
3.366126548518211374e-06
1.716502938844048971e-07
1.380837178653717464e-03
9.916364593504103375e-01
8.299002302013437247e-04
1.262554562670957503e-04
9.914456030811228393e-01
9.724629638619693983e-01
7.515794100386519183e-01
9.996731610023921188e-01
4.518843556372408726e-02
9.999880951055246658e-01
8.650058801196428560e-01
1.485335069867837685e-02
3.090540589222944110e-04
2.644735289269125635e-03
3.250798774567206229e-01
2.586134934429205369e-03
3.231610646460735715e-07
3.311298721961354261e-03
2.668288114865483562e-01
9.991745109947659520e-01
9.997624535832253523e-01
9.953219502077714775e-01
9.498172292374299497e-01
9.999060435969635563e-01
9.999363871141937476e-01
9.999993989749953460e-01
9.477304333416640691e-01
9.510504937819990179e-01
9.948069284052841743e-01
9.023216395779138921e-01
9.999994141615219378e-01
3.004510840751761563e-04
9.999979974344551659e-01
4.361809098350064766e-04
5.280332970982229979e-01
9.999928094060713812e-01
6.153703321941936810e-01
9.964905457218773410e-01
9.990157199094781282e-01
9.894764194765213183e-01
4.550334831414252286e-04
3.544778058074731820e-03
9.989351842760644251e-01
1.551398381056144360e-01
2.029115566621088051e-01
8.245595284685826032e-01
1.322504793917322619e-01
1.500771032682793327e-01
7.518367636104173867e-04
1.144620142469130950e-03
7.502176212712048002e-04
4.150791933746910689e-01
9.999942257693806846e-01
9.861539283305481574e-01
7.129541298149723039e-01
7.573946549634408276e-01
1.853078396887294487e-03
9.998290377159634312e-01
9.979605851455218835e-01
6.719546460513930444e-04
4.888223544455875813e-01
1.007813381116038076e-01
1.548762975564266786e-01
4.461510115812542844e-03
2.168331868900594608e-02
8.753619447346582261e-01
9.256710389701619524e-03
