5.133166418689596444e-01
3.450293164740733109e-01
4.272099656895820274e-01
6.350085963531824085e-01
6.518812417966575179e-01
5.302908328877873334e-01
3.170891471918810822e-01
4.361568238767468686e-01
6.614202110119661304e-01
7.821439309131779094e-01
6.603843334490795414e-01
4.684794226536991846e-01
3.695079275914404104e-01
5.099033050626649022e-01
4.473054302256517234e-01
4.436362263343198165e-01
5.174453574525869071e-01
5.308353592737498072e-01
4.264973529249632134e-01
4.506065427204736795e-01
4.803865491480990291e-01
5.275835200598161245e-01
2.633345815369221854e-01
2.666259436564155649e-01
4.342986278475624018e-01
5.133267464998928498e-01
3.081358537985071644e-01
2.612567757956876791e-01
3.416543584730893923e-01
4.577439051281709248e-01
4.597880973991724241e-01
6.151505474270854146e-01
5.303095408028871693e-01
5.980410945334907469e-01
4.826393639242193556e-01
5.772209024319683301e-01
5.727578132308908110e-01
5.660707006748340042e-01
4.852710944156081729e-01
3.571772654757059962e-01
3.008019659807776858e-01
3.068327998369443366e-01
4.163768116025601818e-01
5.049413061828496030e-01
4.020858518599241815e-01
6.203804550263697370e-01
4.889814577449484445e-01
3.125098140468325902e-01
3.887857895780154061e-01
2.996135694989685017e-01
4.296017955523285248e-01
4.617029088799262659e-01
5.080561465833831614e-01
4.448136036214009881e-01
4.292312497266645432e-01
5.113032217055226702e-01
4.543944627188137297e-01
3.818416838462915242e-01
4.798732599263615950e-01
4.075445212793827321e-01
2.319178375700415851e-01
3.313654327003522360e-01
4.430146973769504837e-01
4.331482685534439048e-01
4.532132677292854961e-01
4.179455943367227921e-01
4.247299245516787947e-01
3.291529909436088919e-01
3.562014461569533719e-01
3.801014200580637437e-01
4.257214125685246375e-01
3.756586688429586762e-01
4.069410176662016099e-01
4.756824915936894160e-01
2.591225047286272454e-01
4.761813339030959713e-01
3.824820526107307050e-01
4.237900086715535863e-01
3.386790650828185867e-01
4.103054622056023781e-01
4.898423214906710288e-01
3.648548841146919131e-01
5.234831334032584715e-01
5.459147882131411000e-01
5.966593709564983472e-01
4.647247314551105624e-01
4.288672643595351497e-01
3.535684271125343892e-01
5.689059469893165133e-01
3.660360516755988836e-01
5.740308578180293164e-01
6.322598647802392113e-01
6.290907827245636463e-01
5.281770360302446843e-01
5.500873183745962347e-01
6.805407385468389414e-01
6.032081990071995747e-01
5.543761661481918512e-01
5.800076217477023732e-01
6.698863509117415349e-01
6.817173017559010617e-01
6.350470422501296452e-01
5.444089211060748612e-01
4.919625646289965126e-01
3.869906914750388394e-01
4.266560738663732755e-01
3.920920203263570381e-01
4.248068844697215907e-01
3.497097183841481605e-01
5.677206746898232348e-01
6.024905902134630731e-01
3.790954569960476861e-01
3.738557062214171722e-01
3.179055860230448061e-01
4.066886688724585253e-01
3.842468349448101006e-01
5.433323441542876608e-01
5.833864541961957251e-01
4.082748402686676714e-01
4.149081289049246779e-01
5.110852977520436990e-01
2.791291708672025695e-01
3.672450804653247802e-01
3.986392061164428791e-01
4.461592605490605212e-01
