4.738478550822868840e-01
4.676753105048744863e-01
4.073640978068887031e-01
3.639584561191590018e-01
3.566459669132038268e-01
4.533483218941537496e-01
6.134794024332989038e-01
5.808313719959276034e-01
5.525388155289712167e-01
5.942319482364076810e-01
5.871080119008396103e-01
5.138244782730166937e-01
6.554941087567812685e-01
5.585021343930516302e-01
5.576595453277383152e-01
6.037527443928623061e-01
5.359023180364069772e-01
4.668201984472533650e-01
4.911553726712822310e-01
5.558180588213982309e-01
5.565631983680354722e-01
4.995584547935918995e-01
4.033906246747711033e-01
3.791266817069827155e-01
4.000508703420662671e-01
3.687426052699039336e-01
4.123181969003209546e-01
4.811936899536592427e-01
4.200441532079311480e-01
4.282764859699830229e-01
4.520931208049307481e-01
4.169704978158161879e-01
4.326629175890983059e-01
4.598847348974072768e-01
4.170385185953602303e-01
3.941448185963600248e-01
5.051967814400294410e-01
5.922608475861752542e-01
3.895148694981755422e-01
4.864055246411932987e-01
3.382134733335878662e-01
3.830072751056033953e-01
3.921901091350374902e-01
4.168529561542744788e-01
5.347480753893394390e-01
3.947201542307469668e-01
3.369140730515837179e-01
3.080488249835471315e-01
3.595272794791279369e-01
3.345621319770161195e-01
3.752720732370790069e-01
4.310688741696901416e-01
4.953714631193911200e-01
5.166340915084449703e-01
4.916741540903651342e-01
4.531642705056153075e-01
6.000504541691181748e-01
6.486707203942366773e-01
6.439730806854652156e-01
6.111964413059656209e-01
6.836419106664823886e-01
6.605609273023096417e-01
6.281510553468178104e-01
6.046194960470995250e-01
6.661263624298247032e-01
5.455380024977588560e-01
4.918579976126508102e-01
4.270398014106276952e-01
4.492596145751936443e-01
3.449829401671893336e-01
3.711462665348574941e-01
3.758463911459191120e-01
2.574232922113457445e-01
4.359355428432948321e-01
3.650577843416053514e-01
4.630086567236828543e-01
4.227176410863136558e-01
2.649904189582253378e-01
3.810743419255042119e-01
4.198376173624094876e-01
3.618428232983596504e-01
4.009421128401234879e-01
5.712487896115363561e-01
6.348137356790032326e-01
5.401731939251928072e-01
4.975854334614666641e-01
4.913624102566798713e-01
5.638440941251811056e-01
5.673589635988129931e-01
4.708081503447802962e-01
3.681817321662554932e-01
5.052994704629897305e-01
5.165862747479045280e-01
4.861141158818850783e-01
4.723345107860928982e-01
4.163936503971661929e-01
3.812070267562850390e-01
4.561021812668566988e-01
3.466510711546362811e-01
3.129334549919838837e-01
2.818644584826848765e-01
4.277154096704230968e-01
4.196153754942411052e-01
5.173484431951660412e-01
5.151314948273176819e-01
4.564271004353971373e-01
5.284413980926703225e-01
5.895566990412705044e-01
5.955255448318294009e-01
5.409202262219923174e-01
4.905821100814755642e-01
5.121439551345987606e-01
5.163197033669834068e-01
4.944069791833275440e-01
4.396247349306200425e-01
3.836812523383238971e-01
4.367221315472015197e-01
3.635046686539159522e-01
4.900435605453264398e-01
4.974222888908825801e-01
4.788150503266390690e-01
4.265729759173007563e-01
3.922703833849348620e-01
3.813971120972102224e-01
3.970983476398786682e-01
