4.074600338935852051e-01 8.389668464660644531e-01 9.019270539283752441e-01 6.241306662559509277e-01 3.008941113948822021e-01 8.987977504730224609e-01 5.266146063804626465e-01 6.194835901260375977e-01 8.822630047798156738e-01 9.066849946975708008e-01
4.074600338935852051e-01 6.813931465148925781e-01 9.055219888687133789e-01 8.566009998321533203e-01 5.485015511512756348e-01 7.074879109859466553e-02 6.934783458709716797e-01 6.238198876380920410e-01 9.322487115859985352e-01 6.416500210762023926e-01
4.074600338935852051e-01 7.248390316963195801e-01 9.647557139396667480e-01 9.845798015594482422e-01 5.226391553878784180e-01 5.143324136734008789e-01 6.934783458709716797e-01 3.876437544822692871e-01 7.078160643577575684e-01 4.903253614902496338e-01
4.074600338935852051e-01 6.017374992370605469e-01 7.996332645416259766e-01 8.380098938941955566e-01 8.361827731132507324e-01 5.956894159317016602e-01 2.823695540428161621e-01 6.238198876380920410e-01 8.061299324035644531e-01 4.590187072753906250e-01
4.074600338935852051e-01 6.813931465148925781e-01 6.833073496818542480e-01 7.439100742340087891e-01 7.522051930427551270e-01 6.650141477584838867e-01 2.624882459640502930e-01 6.238198876380920410e-01 8.789478540420532227e-01 6.963231563568115234e-01
4.074600338935852051e-01 6.918458938598632812e-01 8.457655310630798340e-01 7.884093523025512695e-01 7.181037664413452148e-01 9.303526282310485840e-01 5.987583994865417480e-01 6.238198876380920410e-01 6.411982178688049316e-01 8.094553351402282715e-01
4.074600338935852051e-01 6.091847419738769531e-01 8.352463841438293457e-01 3.721862137317657471e-01 8.771157860755920410e-01 9.301523566246032715e-01 5.756505727767944336e-01 6.238198876380920410e-01 5.660427212715148926e-01 7.937036752700805664e-01
7.586481571197509766e-01 2.035536766052246094e-01 3.914300799369812012e-01 2.829655706882476807e-01 2.558493018150329590e-01 9.965754300355911255e-02 6.934783458709716797e-01 6.238198876380920410e-01 6.972926855087280273e-01 6.800747513771057129e-01
5.850051641464233398e-01 4.722993075847625732e-01 3.676513433456420898e-01 5.339282751083374023e-01 1.191871762275695801e-01 5.526992082595825195e-01 3.034928143024444580e-01 6.238198876380920410e-01 3.653857409954071045e-01 2.156640291213989258e-01
5.850051641464233398e-01 2.334154546260833740e-01 7.742052078247070312e-01 8.598865568637847900e-02 4.038579016923904419e-02 5.122667551040649414e-01 5.955050587654113770e-01 6.238198876380920410e-01 4.844094812870025635e-01 6.712759733200073242e-01
4.922727942466735840e-01 9.128034710884094238e-01 6.087048053741455078e-01 7.266907095909118652e-01 5.507912039756774902e-01 3.391683399677276611e-01 5.955050587654113770e-01 6.238198876380920410e-01 6.558797359466552734e-01 4.752334654331207275e-01
3.148911297321319580e-01 3.225765228271484375e-01 2.426823824644088745e-01 2.324585765600204468e-01 3.204731941223144531e-01 2.918245196342468262e-01 3.034928143024444580e-01 6.238198876380920410e-01 2.863280475139617920e-01 4.941470623016357422e-01
4.922727942466735840e-01 1.149878576397895813e-01 3.544176816940307617e-01 6.306053996086120605e-01 6.917136907577514648e-01 3.226573467254638672e-01 5.266146063804626465e-01 3.034924268722534180e-01 3.764604628086090088e-01 4.327279627323150635e-01
1.749896705150604248e-01 4.374637901782989502e-01 7.663124203681945801e-01 1.628934890031814575e-01 4.143342673778533936e-01 2.182121872901916504e-01 4.668888151645660400e-01 7.662872076034545898e-01 1.940363943576812744e-01 5.816943049430847168e-01
3.148911297321319580e-01 6.235398650169372559e-01 6.365854144096374512e-01 1.245439797639846802e-02 2.039160281419754028e-01 5.669308304786682129e-01 5.955050587654113770e-01 7.662872076034545898e-01 9.303683787584304810e-02 8.040521144866943359e-01
4.074600338935852051e-01 6.415103673934936523e-01 8.376410007476806641e-01 9.913035631179809570e-01 3.204731941223144531e-01 5.871378779411315918e-01 2.624882459640502930e-01 6.238198876380920410e-01 5.731477737426757812e-01 7.276901602745056152e-01
1.749896705150604248e-01 1.414950937032699585e-01 4.282185435295104980e-01 7.456612586975097656e-01 2.909747064113616943e-01 6.698932051658630371e-01 2.624882459640502930e-01 6.238198876380920410e-01 9.622588753700256348e-02 5.166684389114379883e-01
5.984095335006713867e-01 2.861624956130981445e-01 5.391154885292053223e-01 1.170037314295768738e-01 1.886043250560760498e-01 4.271568655967712402e-01 2.823695540428161621e-01 7.662872076034545898e-01 3.193011581897735596e-01 7.964304089546203613e-01
8.288668394088745117e-01 5.735126733779907227e-01 8.888890743255615234e-01 9.510759711265563965e-01 1.889100670814514160e-01 6.354800462722778320e-01 4.668888151645660400e-01 6.238198876380920410e-01 8.630731105804443359e-01 5.166684389114379883e-01
4.074600338935852051e-01 4.760131239891052246e-01 8.821181058883666992e-01 8.380896449089050293e-01 8.475425094366073608e-02 8.826867938041687012e-01 5.561971664428710938e-01 6.238198876380920410e-01 6.569684147834777832e-01 5.778651237487792969e-01
4.925837814807891846e-01 5.668291449546813965e-01 4.906989336013793945e-01 9.199421107769012451e-02 5.120199322700500488e-01 2.747153043746948242e-01 2.624882459640502930e-01 6.238198876380920410e-01 5.645619630813598633e-01 5.778651237487792969e-01
4.074600338935852051e-01 2.065017819404602051e-01 6.898360848426818848e-01 6.797487735748291016e-01 5.786206722259521484e-01 7.419877052307128906e-01 4.802899658679962158e-01 6.238198876380920410e-01 3.434265851974487305e-01 3.459911346435546875e-01
4.074600338935852051e-01 5.407286286354064941e-01 2.804418206214904785e-01 3.935176879167556763e-02 4.426010847091674805e-01 4.196449220180511475e-01 2.624882459640502930e-01 6.238198876380920410e-01 1.273680776357650757e-01 5.587544441223144531e-01
5.984095335006713867e-01 2.203334718942642212e-01 1.050912812352180481e-01 3.919804096221923828e-01 4.285847246646881104e-01 5.483225584030151367e-01 5.561971664428710938e-01 6.238198876380920410e-01 6.207394003868103027e-01 7.252777814865112305e-01
3.082724511623382568e-01 4.139335751533508301e-01 7.967026233673095703e-01 5.000357627868652344e-01 2.536751031875610352e-01 6.919459700584411621e-01 5.561971664428710938e-01 6.238198876380920410e-01 3.434265851974487305e-01 6.185563802719116211e-01
4.074600338935852051e-01 6.416176557540893555e-01 4.110507965087890625e-01 9.181810021400451660e-01 5.473954677581787109e-01 3.410733044147491455e-01 2.624882459640502930e-01 3.876437544822692871e-01 7.607213258743286133e-01 5.587544441223144531e-01
4.074600338935852051e-01 6.873075962066650391e-01 5.887423157691955566e-01 9.494804739952087402e-01 5.120747685432434082e-01 5.143324136734008789e-01 2.624882459640502930e-01 3.876437544822692871e-01 4.680148363113403320e-01 6.185563802719116211e-01
4.074600338935852051e-01 5.584181547164916992e-01 9.043689370155334473e-01 5.724830031394958496e-01 5.600943565368652344e-01 6.091735959053039551e-01 4.802899658679962158e-01 6.238198876380920410e-01 8.585531115531921387e-01 5.664515495300292969e-01
4.074600338935852051e-01 4.939705133438110352e-01 8.156079649925231934e-01 5.367189049720764160e-01 5.872451663017272949e-01 6.091735959053039551e-01 2.624882459640502930e-01 6.238198876380920410e-01 3.621629774570465088e-01 9.191670417785644531e-01
4.074600338935852051e-01 6.416176557540893555e-01 5.241541862487792969e-01 7.333022356033325195e-01 1.400823295116424561e-01 6.975682973861694336e-01 2.624882459640502930e-01 6.238198876380920410e-01 3.997405469417572021e-01 8.215651512145996094e-01
5.984095335006713867e-01 5.014604330062866211e-01 3.322485685348510742e-01 2.064427882432937622e-01 2.241904139518737793e-01 3.359223008155822754e-01 2.624882459640502930e-01 6.238198876380920410e-01 3.434265851974487305e-01 8.215651512145996094e-01
5.984095335006713867e-01 5.828726887702941895e-01 1.468937993049621582e-01 5.995274186134338379e-01 6.289982199668884277e-01 7.633492350578308105e-01 2.624882459640502930e-01 3.876437544822692871e-01 3.249218463897705078e-01 7.084855437278747559e-01
4.074600338935852051e-01 6.916752457618713379e-01 1.191620752215385437e-01 5.680066943168640137e-01 9.110116362571716309e-01 3.528756201267242432e-01 2.624882459640502930e-01 3.876437544822692871e-01 1.322024315595626831e-01 4.590187072753906250e-01
5.984095335006713867e-01 8.862903714179992676e-01 1.145358085632324219e-01 9.787703156471252441e-01 7.403156161308288574e-01 7.977278232574462891e-01 5.561971664428710938e-01 6.238198876380920410e-01 2.078776508569717407e-01 8.002008795738220215e-01
4.074600338935852051e-01 6.622025370597839355e-01 1.228165775537490845e-01 6.167746186256408691e-01 7.875179648399353027e-01 5.967823863029479980e-01 2.624882459640502930e-01 6.238198876380920410e-01 4.320538938045501709e-01 2.338019460439682007e-01
5.984095335006713867e-01 5.148781538009643555e-01 8.128173947334289551e-01 2.118887603282928467e-01 1.857326924800872803e-01 7.369120121002197266e-01 5.561971664428710938e-01 6.238198876380920410e-01 3.190616369247436523e-01 4.297501742839813232e-01
3.082724511623382568e-01 3.143113851547241211e-01 7.976201176643371582e-01 1.177598685026168823e-01 1.829450875520706177e-01 7.775588631629943848e-01 2.624882459640502930e-01 6.238198876380920410e-01 3.878982365131378174e-01 6.156945824623107910e-01
4.074600338935852051e-01 3.563110530376434326e-01 4.339962601661682129e-01 9.672929532825946808e-03 2.520082294940948486e-01 8.154617547988891602e-01 6.934783458709716797e-01 6.238198876380920410e-01 3.323289155960083008e-01 8.155717253684997559e-01
4.074600338935852051e-01 3.790936172008514404e-01 6.546398997306823730e-01 8.535141944885253906e-01 5.872451663017272949e-01 2.887202203273773193e-01 2.823695540428161621e-01 6.238198876380920410e-01 1.827734112739562988e-01 5.207439064979553223e-01
4.074600338935852051e-01 2.422806769609451294e-01 7.821935415267944336e-01 5.281810760498046875e-01 4.354344010353088379e-01 8.087419271469116211e-01 2.624882459640502930e-01 6.238198876380920410e-01 1.746754348278045654e-01 3.109987974166870117e-01
5.984095335006713867e-01 1.988374590873718262e-01 2.995221018791198730e-01 9.893380403518676758e-01 5.835620164871215820e-01 4.907292425632476807e-01 4.802899658679962158e-01 6.238198876380920410e-01 4.731553494930267334e-01 1.896581798791885376e-01
4.074600338935852051e-01 4.766156896948814392e-02 9.256390482187271118e-02 2.285082191228866577e-01 6.880844235420227051e-01 7.418031096458435059e-01 2.624882459640502930e-01 6.238198876380920410e-01 2.645840048789978027e-01 4.590187072753906250e-01
5.984095335006713867e-01 1.457892805337905884e-01 4.563969075679779053e-01 8.463850617408752441e-01 1.138608530163764954e-01 8.306966423988342285e-01 2.624882459640502930e-01 6.238198876380920410e-01 9.808734059333801270e-02 6.769525408744812012e-01
3.082724511623382568e-01 4.508807137608528137e-02 3.594559729099273682e-01 1.031689792871475220e-01 1.555044949054718018e-01 6.060160994529724121e-01 2.624882459640502930e-01 6.238198876380920410e-01 9.431315958499908447e-02 4.590187072753906250e-01
3.082724511623382568e-01 3.381022438406944275e-02 1.076909676194190979e-01 1.879726499319076538e-01 3.722906112670898438e-02 5.851765871047973633e-01 4.802899658679962158e-01 3.876437544822692871e-01 9.808734059333801270e-02 5.207439064979553223e-01
3.082724511623382568e-01 9.604643285274505615e-02 5.635691806674003601e-02 4.572224244475364685e-02 1.397443115711212158e-01 4.187486320734024048e-02 2.624882459640502930e-01 6.238198876380920410e-01 4.791932180523872375e-02 2.198636382818222046e-01
1.705794334411621094e-01 2.424194216728210449e-01 1.573617309331893921e-01 5.363853573799133301e-01 4.041942059993743896e-01 7.418031096458435059e-01 2.624882459640502930e-01 6.238198876380920410e-01 5.608535185456275940e-02 5.207439064979553223e-01
4.074600338935852051e-01 9.523912519216537476e-02 3.099434375762939453e-01 3.420551121234893799e-01 5.835620164871215820e-01 7.412395477294921875e-01 4.802899658679962158e-01 6.238198876380920410e-01 6.655640900135040283e-02 6.549169421195983887e-01
3.082724511623382568e-01 2.426967918872833252e-01 2.806275784969329834e-01 6.409659236669540405e-02 8.089169859886169434e-01 6.730189919471740723e-01 4.802899658679962158e-01 6.238198876380920410e-01 1.763151288032531738e-01 1.545240879058837891e-01
4.074600338935852051e-01 5.176313593983650208e-02 6.001880764961242676e-01 3.579736948013305664e-01 1.844624802470207214e-02 6.985461711883544922e-01 4.802899658679962158e-01 6.238198876380920410e-01 9.068882465362548828e-02 4.070341289043426514e-01
3.082724511623382568e-01 3.683054149150848389e-01 3.185972198843955994e-02 1.310871690511703491e-01 8.225358277559280396e-02 3.683875799179077148e-01 2.624882459640502930e-01 3.503766357898712158e-01 2.867723405361175537e-01 4.595582485198974609e-01
4.074600338935852051e-01 6.680596619844436646e-02 3.185972198843955994e-02 1.896733194589614868e-01 1.074576675891876221e-01 6.621043682098388672e-01 5.561971664428710938e-01 2.671813666820526123e-01 8.038007467985153198e-02 4.789483547210693359e-01
1.778658330440521240e-01 3.291053771972656250e-01 8.011664263904094696e-03 3.946158587932586670e-01 2.284359335899353027e-01 6.140177845954895020e-01 4.802899658679962158e-01 3.876437544822692871e-01 7.615619152784347534e-02 6.800747513771057129e-01
1.739264726638793945e-01 3.766288235783576965e-02 4.017386436462402344e-01 5.733927711844444275e-02 7.339283078908920288e-02 8.613613992929458618e-02 8.892000466585159302e-02 3.876437544822692871e-01 2.964493818581104279e-02 2.315574884414672852e-01
1.424357146024703979e-01 2.518822811543941498e-02 7.799782156944274902e-01 8.179333209991455078e-01 5.382667854428291321e-02 2.504191398620605469e-01 4.802899658679962158e-01 1.294369548559188843e-01 8.760924451053142548e-03 1.398856639862060547e-01
1.035400666296482086e-02 2.612435817718505859e-01 1.204511299729347229e-01 5.713374703191220760e-04 7.571163028478622437e-02 1.609266400337219238e-01 2.624882459640502930e-01 2.803097963333129883e-01 1.475460641086101532e-02 2.519204020500183105e-01
5.197730660438537598e-01 1.621538773179054260e-02 3.113851547241210938e-01 4.248645007610321045e-01 8.703597821295261383e-03 3.683875799179077148e-01 2.624882459640502930e-01 2.671813666820526123e-01 3.307398036122322083e-02 1.699539572000503540e-01
1.208600476384162903e-01 1.638110727071762085e-01 4.059251844882965088e-01 9.199836105108261108e-02 7.338298857212066650e-02 1.820331513881683350e-01 8.892000466585159302e-02 2.803097963333129883e-01 1.322172731161117554e-01 2.855626344680786133e-01
8.855808526277542114e-02 1.887510418891906738e-01 6.343826055526733398e-01 9.591541886329650879e-01 4.487589597702026367e-01 4.299034178256988525e-01 2.021841406822204590e-01 1.294369548559188843e-01 1.377142034471035004e-02 5.300593376159667969e-01
2.970388159155845642e-02 2.516828849911689758e-02 4.291066825389862061e-01 4.124829471111297607e-01 2.820350229740142822e-01 7.418031096458435059e-01 8.892000466585159302e-02 2.803097963333129883e-01 1.473080813884735107e-01 5.909029841423034668e-01
3.348372131586074829e-02 1.477145999670028687e-01 7.056754827499389648e-01 8.366098999977111816e-01 2.719858102500438690e-02 9.428053498268127441e-01 8.892000466585159302e-02 2.803097963333129883e-01 2.382087521255016327e-02 7.161409854888916016e-01
6.381476670503616333e-02 3.059206604957580566e-01 3.765033781528472900e-01 1.701902039349079132e-02 4.125375673174858093e-02 7.094622254371643066e-01 2.624882459640502930e-01 2.803097963333129883e-01 7.985103875398635864e-02 4.720250368118286133e-01
8.778217434883117676e-02 3.178828954696655273e-01 1.963162571191787720e-01 9.065592885017395020e-01 4.096418991684913635e-02 7.283248901367187500e-01 2.557692527770996094e-01 2.671813666820526123e-01 8.150171488523483276e-02 2.855626344680786133e-01
5.197730660438537598e-01 1.725426614284515381e-01 4.665574729442596436e-01 4.155474901199340820e-01 9.724328666925430298e-02 4.231613576412200928e-01 8.892000466585159302e-02 2.671813666820526123e-01 2.008019387722015381e-01 3.919898718595504761e-02
5.197730660438537598e-01 2.637083232402801514e-01 8.127145767211914062e-01 4.107245206832885742e-01 4.755717515945434570e-01 2.731294035911560059e-01 8.892000466585159302e-02 3.876437544822692871e-01 1.167705059051513672e-01 3.882003128528594971e-01
7.747853994369506836e-01 5.718114972114562988e-01 2.134618461132049561e-01 7.344172596931457520e-01 2.571805417537689209e-01 1.654691994190216064e-01 8.892000466585159302e-02 6.238198876380920410e-01 3.125085830688476562e-01 6.416500210762023926e-01
5.354365706443786621e-01 5.748323798179626465e-01 9.255165457725524902e-01 4.016794264316558838e-01 3.437307178974151611e-01 7.186906933784484863e-01 2.624882459640502930e-01 6.238198876380920410e-01 1.848706603050231934e-01 8.996464014053344727e-01
7.747853994369506836e-01 8.536582589149475098e-01 4.459115266799926758e-01 9.077430963516235352e-01 3.739086985588073730e-01 7.394900918006896973e-01 2.624882459640502930e-01 6.238198876380920410e-01 6.550184488296508789e-01 4.228990972042083740e-01
5.354365706443786621e-01 9.062172174453735352e-01 4.821142256259918213e-01 6.765977945178747177e-03 5.178626775741577148e-01 2.241930514574050903e-01 2.624882459640502930e-01 6.238198876380920410e-01 1.409533321857452393e-01 2.655036449432373047e-01
7.026218771934509277e-01 2.930759787559509277e-01 2.721245288848876953e-01 9.670056700706481934e-01 2.631481587886810303e-01 7.217726111412048340e-01 7.008787989616394043e-01 6.238198876380920410e-01 3.130043745040893555e-01 4.373443722724914551e-01
6.190571188926696777e-01 8.506646156311035156e-01 2.666345536708831787e-01 9.756504893302917480e-01 2.602441310882568359e-01 1.610596925020217896e-01 7.008787989616394043e-01 2.803097963333129883e-01 9.933820366859436035e-02 1.854716986417770386e-01
6.304260492324829102e-01 4.138361215591430664e-01 1.159840151667594910e-01 4.151310771703720093e-03 2.362111508846282959e-01 6.778804063796997070e-01 2.624882459640502930e-01 6.238198876380920410e-01 1.134420037269592285e-01 2.655036449432373047e-01
4.074600338935852051e-01 3.102945089340209961e-01 1.596846282482147217e-01 9.318859577178955078e-01 1.865074932575225830e-01 7.249809503555297852e-01 2.624882459640502930e-01 6.238198876380920410e-01 4.374899268150329590e-01 3.164272904396057129e-01
9.730986505746841431e-02 5.975692868232727051e-01 2.087808698415756226e-01 2.949009239673614502e-01 4.144010543823242188e-01 4.617725014686584473e-01 2.624882459640502930e-01 2.803097963333129883e-01 1.934884786605834961e-01 2.358869761228561401e-01
3.148911297321319580e-01 1.186692640185356140e-01 1.785384714603424072e-01 4.910513386130332947e-02 7.995475530624389648e-01 6.354800462722778320e-01 4.802899658679962158e-01 4.350552260875701904e-01 1.130781546235084534e-01 4.079217016696929932e-01
5.272199586033821106e-02 6.010900437831878662e-02 3.692021369934082031e-01 1.198429241776466370e-02 4.654139578342437744e-01 3.530017435550689697e-01 4.802899658679962158e-01 6.238198876380920410e-01 3.643721342086791992e-02 8.225238919258117676e-01
5.593420267105102539e-01 6.010900437831878662e-02 7.505241036415100098e-01 1.689836382865905762e-01 1.377471685409545898e-01 7.353209853172302246e-01 2.624882459640502930e-01 6.238198876380920410e-01 9.863682091236114502e-02 6.185563802719116211e-01
3.693920671939849854e-01 1.828084290027618408e-01 5.275187492370605469e-01 4.552526026964187622e-02 1.235000714659690857e-01 8.387188911437988281e-01 2.624882459640502930e-01 6.238198876380920410e-01 4.661972448229789734e-02 6.185563802719116211e-01
7.116744518280029297e-01 1.174215823411941528e-01 2.416875362396240234e-01 3.228697553277015686e-02 1.992588788270950317e-01 2.914965748786926270e-01 2.624882459640502930e-01 6.238198876380920410e-01 2.507837414741516113e-01 4.038639962673187256e-01
6.361568570137023926e-01 2.556348443031311035e-01 3.872277736663818359e-01 1.547802798449993134e-02 1.377471685409545898e-01 2.062070816755294800e-01 4.802899658679962158e-01 6.238198876380920410e-01 6.708217859268188477e-01 4.038639962673187256e-01
8.292527198791503906e-01 7.695985436439514160e-01 9.105184078216552734e-01 1.564024947583675385e-02 3.124314546585083008e-01 4.970310032367706299e-01 2.624882459640502930e-01 6.238198876380920410e-01 4.520145952701568604e-01 4.038639962673187256e-01
3.303777277469635010e-01 2.663854956626892090e-01 6.035009622573852539e-01 1.510013341903686523e-01 3.407737314701080322e-01 2.914965748786926270e-01 2.624882459640502930e-01 6.238198876380920410e-01 1.530808061361312866e-01 4.038639962673187256e-01
3.693920671939849854e-01 1.828084290027618408e-01 2.219338119029998779e-01 2.932535298168659210e-02 8.190336078405380249e-02 7.595606446266174316e-01 2.624882459640502930e-01 6.238198876380920410e-01 2.677200138568878174e-01 8.549922108650207520e-01
3.303777277469635010e-01 2.152354717254638672e-01 9.466335177421569824e-01 4.611934348940849304e-02 4.046437442302703857e-01 5.761829018592834473e-01 2.624882459640502930e-01 3.876437544822692871e-01 8.767146468162536621e-01 8.195009827613830566e-01
4.925837814807891846e-01 5.570915341377258301e-01 5.399823188781738281e-01 5.072326958179473877e-02 2.084133625030517578e-01 4.970310032367706299e-01 2.624882459640502930e-01 3.876437544822692871e-01 7.261786460876464844e-01 7.738626599311828613e-01
4.925837814807891846e-01 3.790936172008514404e-01 8.411628007888793945e-01 6.647313833236694336e-01 3.124314546585083008e-01 1.808528602123260498e-01 2.624882459640502930e-01 3.876437544822692871e-01 4.920360147953033447e-01 8.549922108650207520e-01
4.074600338935852051e-01 2.663854956626892090e-01 5.304863452911376953e-01 1.162187233567237854e-01 5.120747685432434082e-01 8.557886481285095215e-01 2.624882459640502930e-01 3.876437544822692871e-01 3.037456572055816650e-01 9.082621335983276367e-01
2.589783370494842529e-01 7.410835027694702148e-01 6.954470276832580566e-02 3.061621487140655518e-01 8.598321080207824707e-01 3.573778271675109863e-01 4.802899658679962158e-01 6.238198876380920410e-01 3.125085830688476562e-01 8.229587078094482422e-01
4.404167830944061279e-01 7.741563916206359863e-01 3.977891504764556885e-01 3.408491909503936768e-01 7.592384219169616699e-01 3.885930478572845459e-01 5.561971664428710938e-01 6.238198876380920410e-01 4.236989021301269531e-01 6.877660751342773438e-01
5.839405059814453125e-01 4.637756943702697754e-01 5.641824007034301758e-01 5.386015176773071289e-01 3.184826374053955078e-01 4.032554924488067627e-01 2.624882459640502930e-01 6.238198876380920410e-01 7.878316044807434082e-01 6.198975443840026855e-01
6.150220632553100586e-01 3.378464281558990479e-01 1.459631621837615967e-01 2.102613747119903564e-01 1.300283074378967285e-01 8.677275180816650391e-01 2.624882459640502930e-01 6.238198876380920410e-01 8.109591007232666016e-01 8.864333033561706543e-01
9.402114748954772949e-01 5.272599458694458008e-01 7.485370039939880371e-01 2.049967497587203979e-01 2.951737940311431885e-01 4.675739705562591553e-01 2.624882459640502930e-01 3.876437544822692871e-01 4.520145952701568604e-01 5.907735824584960938e-01
5.242245644330978394e-02 4.235552623867988586e-02 1.976011097431182861e-01 1.545779593288898468e-02 1.300283074378967285e-01 1.190096810460090637e-01 2.624882459640502930e-01 6.238198876380920410e-01 1.325928270816802979e-01 6.532523036003112793e-01
5.850051641464233398e-01 4.003914818167686462e-02 7.204643487930297852e-01 1.206967681646347046e-01 3.837729692459106445e-01 7.128014564514160156e-01 2.624882459640502930e-01 6.238198876380920410e-01 1.009646356105804443e-01 4.941470623016357422e-01
4.922727942466735840e-01 1.856675595045089722e-01 2.323612719774246216e-01 3.803552091121673584e-01 3.156913220882415771e-01 5.964868664741516113e-01 2.624882459640502930e-01 6.238198876380920410e-01 4.951235055923461914e-01 4.752334654331207275e-01
9.730986505746841431e-02 9.851484000682830811e-02 3.677339851856231689e-01 5.332748591899871826e-02 4.144010543823242188e-01 3.080245256423950195e-01 2.624882459640502930e-01 7.662872076034545898e-01 2.271748036146163940e-01 6.855478882789611816e-01
2.608472108840942383e-01 1.347988545894622803e-01 8.341101408004760742e-01 1.109263226389884949e-01 1.865074932575225830e-01 7.366757392883300781e-01 2.624882459640502930e-01 6.238198876380920410e-01 3.848270475864410400e-01 9.361347556114196777e-01
2.304342836141586304e-01 1.397761106491088867e-01 2.875250279903411865e-01 7.278369069099426270e-01 9.310576915740966797e-01 5.964868664741516113e-01 2.624882459640502930e-01 6.238198876380920410e-01 6.812167167663574219e-01 4.327279627323150635e-01
1.749896705150604248e-01 1.074797809123992920e-01 8.733538389205932617e-01 2.241380065679550171e-01 3.837729692459106445e-01 4.543611407279968262e-01 5.561971664428710938e-01 7.662872076034545898e-01 4.778439700603485107e-01 9.072380661964416504e-01
2.608472108840942383e-01 1.352711021900177002e-01 8.077374100685119629e-01 9.402969479560852051e-01 3.239814639091491699e-01 3.304422795772552490e-01 7.008787989616394043e-01 2.803097963333129883e-01 1.477560698986053467e-01 6.273312568664550781e-01
6.962280273437500000e-01 6.262687444686889648e-01 8.733538389205932617e-01 3.340635001659393311e-01 3.771618902683258057e-01 6.778804063796997070e-01 4.668888151645660400e-01 6.238198876380920410e-01 8.788336068391799927e-02 7.738626599311828613e-01
2.589783370494842529e-01 4.977474808692932129e-01 9.620696902275085449e-01 7.408988475799560547e-01 3.338660299777984619e-01 9.343636035919189453e-01 7.008787989616394043e-01 2.803097963333129883e-01 2.023927569389343262e-01 6.831100583076477051e-01
1.749896705150604248e-01 5.051860213279724121e-01 3.251079916954040527e-01 4.142237603664398193e-01 2.499375790357589722e-01 8.090593218803405762e-01 4.668888151645660400e-01 2.803097963333129883e-01 6.831146031618118286e-02 8.061023950576782227e-01
9.041777849197387695e-01 5.075994729995727539e-01 8.158919811248779297e-01 9.056884646415710449e-01 6.931984424591064453e-01 8.043475151062011719e-01 7.008787989616394043e-01 4.885145723819732666e-01 4.307142645120620728e-02 6.273312568664550781e-01
7.014631032943725586e-01 9.599422812461853027e-01 9.383900165557861328e-01 8.285511136054992676e-01 8.577976226806640625e-01 6.077972650527954102e-01 4.668888151645660400e-01 6.238198876380920410e-01 2.169913798570632935e-01 3.649389445781707764e-01
3.693920671939849854e-01 9.206886887550354004e-01 8.268416523933410645e-01 4.462747275829315186e-01 4.345565736293792725e-01 4.355251789093017578e-01 2.624882459640502930e-01 4.885145723819732666e-01 3.967978954315185547e-01 2.203790992498397827e-01
7.140839695930480957e-01 3.395975232124328613e-01 7.505241036415100098e-01 9.446620941162109375e-01 7.131910920143127441e-01 7.326889038085937500e-01 4.668888151645660400e-01 6.238198876380920410e-01 7.894594073295593262e-01 5.587544441223144531e-01
9.325029253959655762e-01 6.771753430366516113e-01 8.929151296615600586e-01 9.907386302947998047e-01 8.688481450080871582e-01 3.504241108894348145e-01 7.008787989616394043e-01 6.238198876380920410e-01 9.208746552467346191e-01 7.577171325683593750e-01
7.747853994369506836e-01 7.075446248054504395e-01 5.381671786308288574e-01 6.576004624366760254e-01 9.591107368469238281e-01 7.948636412620544434e-01 2.624882459640502930e-01 6.238198876380920410e-01 8.719704747200012207e-01 7.698509693145751953e-01
4.074600338935852051e-01 3.516902327537536621e-01 7.635833621025085449e-01 9.364973902702331543e-01 4.273829758167266846e-01 4.631482660770416260e-01 2.624882459640502930e-01 6.238198876380920410e-01 9.506887197494506836e-01 5.587544441223144531e-01
7.747853994369506836e-01 1.710927933454513550e-01 8.643847703933715820e-01 8.701155185699462891e-01 3.504531383514404297e-01 9.834913611412048340e-01 4.802899658679962158e-01 6.238198876380920410e-01 7.423521280288696289e-01 8.400361537933349609e-01
4.074600338935852051e-01 8.026811480522155762e-02 3.970378637313842773e-02 2.997100949287414551e-01 5.704129338264465332e-01 4.343595206737518311e-01 2.624882459640502930e-01 6.238198876380920410e-01 6.649742126464843750e-01 7.577171325683593750e-01
5.984095335006713867e-01 6.542955636978149414e-01 1.203811466693878174e-01 1.262654662132263184e-01 3.698362112045288086e-01 4.343595206737518311e-01 2.823695540428161621e-01 6.238198876380920410e-01 3.307528793811798096e-01 7.698509693145751953e-01
4.074600338935852051e-01 2.980284988880157471e-01 2.749665677547454834e-01 7.618033885955810547e-01 5.508270263671875000e-01 2.910289168357849121e-01 2.823695540428161621e-01 6.238198876380920410e-01 8.002347350120544434e-01 5.587544441223144531e-01
5.984095335006713867e-01 5.715101957321166992e-01 2.437253147363662720e-01 1.501612272113561630e-02 1.428949534893035889e-01 5.400486588478088379e-01 1.621101647615432739e-01 3.034924268722534180e-01 6.450983881950378418e-01 3.827294707298278809e-01
1.492502242326736450e-01 5.875235795974731445e-01 1.010807752609252930e-01 6.979566216468811035e-01 4.477753937244415283e-01 2.342261224985122681e-01 5.266146063804626465e-01 3.034924268722534180e-01 2.975176572799682617e-01 3.827294707298278809e-01
2.608472108840942383e-01 6.989485025405883789e-02 8.124626427888870239e-02 9.480235576629638672e-01 8.261406421661376953e-02 5.230271816253662109e-01 1.621101647615432739e-01 3.034924268722534180e-01 2.675586044788360596e-01 3.519607782363891602e-01
5.984095335006713867e-01 3.128654658794403076e-01 4.864382371306419373e-02 3.724334388971328735e-02 1.644381880760192871e-02 7.168747186660766602e-01 5.266146063804626465e-01 3.034924268722534180e-01 2.532294690608978271e-01 2.498869150876998901e-01
5.984095335006713867e-01 4.388326406478881836e-01 3.126492500305175781e-01 9.705629944801330566e-01 4.974788054823875427e-02 2.538777887821197510e-01 5.266146063804626465e-01 3.034924268722534180e-01 4.854133129119873047e-01 4.680800139904022217e-01
2.433531582355499268e-01 3.944748044013977051e-01 2.721793949604034424e-01 7.933874726295471191e-01 4.974788054823875427e-02 5.686631202697753906e-01 1.764491349458694458e-01 3.034924268722534180e-01 1.399308890104293823e-01 5.477697849273681641e-01
3.082724511623382568e-01 5.620457530021667480e-01 5.358719229698181152e-01 3.355731070041656494e-01 7.457190006971359253e-02 2.018165439367294312e-01 6.934783458709716797e-01 6.238198876380920410e-01 1.727957725524902344e-01 4.166977703571319580e-01
4.925837814807891846e-01 4.281839430332183838e-01 2.213618606328964233e-01 1.116225495934486389e-01 4.819011092185974121e-01 8.268081545829772949e-01 5.266146063804626465e-01 3.034924268722534180e-01 2.838367223739624023e-01 1.802688241004943848e-01
5.984095335006713867e-01 1.417342424392700195e-01 8.027504086494445801e-01 7.769452333450317383e-01 5.149885416030883789e-01 6.971722245216369629e-01 5.266146063804626465e-01 3.034924268722534180e-01 1.478371620178222656e-01 7.953657507896423340e-01
3.082724511623382568e-01 5.732589215040206909e-02 7.086920142173767090e-01 6.181545257568359375e-01 5.620623379945755005e-02 7.267171740531921387e-01 5.266146063804626465e-01 3.034924268722534180e-01 1.725009083747863770e-01 8.414295315742492676e-02
1.705794334411621094e-01 2.501953244209289551e-01 5.830042958259582520e-01 6.637753844261169434e-01 2.712468802928924561e-01 6.102211475372314453e-01 5.756505727767944336e-01 6.238198876380920410e-01 2.442208230495452881e-01 4.869865477085113525e-01
