1.091957986354827881e-01 2.306489944458007812e-01 2.774354517459869385e-01 1.153921931982040405e-01 5.378596186637878418e-01 1.561185866594314575e-01 1.371748894453048706e-01 1.994202136993408203e-01 7.409127056598663330e-02 8.557900041341781616e-02
2.027938812971115112e-01 2.306489944458007812e-01 2.774354517459869385e-01 2.095827460289001465e-01 3.522354364395141602e-01 1.923237890005111694e-01 2.200174033641815186e-01 8.404545485973358154e-02 1.688931584358215332e-01 7.575730234384536743e-02
1.252457648515701294e-01 2.306489944458007812e-01 1.400210857391357422e-01 1.465570777654647827e-01 1.745183169841766357e-01 3.062149882316589355e-01 2.289455384016036987e-02 8.571685850620269775e-02 2.645280398428440094e-02 7.087124511599540710e-03
1.982453167438507080e-01 2.306489944458007812e-01 1.079166159033775330e-01 1.868213564157485962e-01 2.938589751720428467e-01 2.156075090169906616e-01 2.346348017454147339e-01 2.028778493404388428e-01 8.158289194107055664e-01 5.448479950428009033e-02
1.571811884641647339e-01 2.306489944458007812e-01 5.965349674224853516e-01 4.566380381584167480e-02 2.938589751720428467e-01 4.399410188198089600e-01 2.754229605197906494e-01 1.902438700199127197e-01 1.838004738092422485e-01 1.004646345973014832e-01
8.796143531799316406e-02 2.306489944458007812e-01 2.307609766721725464e-01 2.584986090660095215e-01 2.938589751720428467e-01 9.353028237819671631e-02 8.325115591287612915e-02 1.283140480518341064e-01 5.862907171249389648e-01 3.566598892211914062e-01
1.164999306201934814e-01 2.306489944458007812e-01 2.307609766721725464e-01 4.566380381584167480e-02 2.938589751720428467e-01 1.055352017283439636e-01 7.259749621152877808e-02 1.283140480518341064e-01 1.988885402679443359e-01 6.559380888938903809e-01
1.942853480577468872e-01 2.306489944458007812e-01 2.307609766721725464e-01 4.566380381584167480e-02 2.938589751720428467e-01 6.364799290895462036e-02 7.259749621152877808e-02 3.426494002342224121e-01 5.544256567955017090e-01 8.888807892799377441e-02
5.743181798607110977e-03 2.993353903293609619e-01 3.663274645805358887e-01 8.100721985101699829e-02 3.324742913246154785e-01 1.404919177293777466e-01 1.160253807902336121e-01 3.528751134872436523e-01 1.557778716087341309e-01 1.395972073078155518e-01
2.074651420116424561e-02 2.306489944458007812e-01 1.400210857391357422e-01 7.325189560651779175e-02 9.080459177494049072e-02 2.496398538351058960e-01 2.307048738002777100e-01 8.177968114614486694e-02 3.607390820980072021e-02 2.557554543018341064e-01
1.357808802276849747e-02 2.306489944458007812e-01 1.400210857391357422e-01 7.325189560651779175e-02 9.080459177494049072e-02 1.142744272947311401e-01 4.312302470207214355e-01 5.367947369813919067e-02 4.110240042209625244e-01 2.306164801120758057e-02
3.750901520252227783e-01 2.306489944458007812e-01 2.774354517459869385e-01 1.935603618621826172e-01 2.183331549167633057e-01 1.704683899879455566e-01 1.035533696413040161e-01 8.177968114614486694e-02 2.103301882743835449e-01 1.586554944515228271e-01
8.962883800268173218e-02 2.306489944458007812e-01 2.774354517459869385e-01 5.069038271903991699e-01 2.183331549167633057e-01 4.688831269741058350e-01 3.270799219608306885e-01 2.397647202014923096e-01 2.250744774937629700e-02 9.165663272142410278e-02
2.239962816238403320e-01 2.306489944458007812e-01 1.079166159033775330e-01 5.069038271903991699e-01 1.461153775453567505e-01 1.710173785686492920e-01 6.264203786849975586e-01 5.367947369813919067e-02 3.736251890659332275e-01 1.534489542245864868e-01
2.351025640964508057e-01 2.306489944458007812e-01 5.965349674224853516e-01 5.652692914009094238e-01 3.153634369373321533e-01 3.728938400745391846e-01 9.264913201332092285e-01 8.301813900470733643e-02 6.546547263860702515e-02 1.366145461797714233e-01
4.739648997783660889e-01 2.306489944458007812e-01 5.965349674224853516e-01 7.255062460899353027e-01 3.153634369373321533e-01 1.565456092357635498e-01 6.946942210197448730e-01 8.301813900470733643e-02 2.633067369461059570e-01 3.538744896650314331e-02
4.105350971221923828e-01 2.306489944458007812e-01 5.965349674224853516e-01 5.069038271903991699e-01 1.461153775453567505e-01 4.815170541405677795e-02 8.671343922615051270e-01 1.859348416328430176e-01 1.440215408802032471e-01 3.238206803798675537e-01
3.969979286193847656e-01 2.306489944458007812e-01 5.965349674224853516e-01 3.835953474044799805e-01 4.162311553955078125e-01 1.613852381706237793e-01 6.539955735206604004e-01 1.244567185640335083e-01 8.821326494216918945e-01 4.146094024181365967e-01
3.510133326053619385e-01 2.306489944458007812e-01 5.965349674224853516e-01 3.835953474044799805e-01 4.162311553955078125e-01 1.999200880527496338e-01 6.539955735206604004e-01 5.454049110412597656e-01 6.107189059257507324e-01 6.034902334213256836e-01
1.574139147996902466e-01 2.306489944458007812e-01 1.079166159033775330e-01 2.095827460289001465e-01 1.622326076030731201e-01 3.881703689694404602e-02 1.556086838245391846e-01 3.446684479713439941e-01 3.751664161682128906e-01 1.876119822263717651e-01
2.803750894963741302e-02 2.306489944458007812e-01 1.079166159033775330e-01 7.325189560651779175e-02 3.287448883056640625e-01 8.846014738082885742e-02 3.098175488412380219e-02 8.571685850620269775e-02 3.940944373607635498e-01 1.214163284748792648e-02
2.249673008918762207e-02 2.306489944458007812e-01 1.320372521877288818e-01 7.325189560651779175e-02 1.745183169841766357e-01 1.617111116647720337e-01 1.937579512596130371e-01 4.512259960174560547e-01 6.662679370492696762e-03 2.475670725107192993e-01
6.192251294851303101e-02 2.306489944458007812e-01 1.320372521877288818e-01 1.153887137770652771e-01 1.745183169841766357e-01 1.626093685626983643e-01 2.178753912448883057e-01 3.222909867763519287e-01 1.305531859397888184e-01 2.791856527328491211e-01
1.435171961784362793e-01 2.306489944458007812e-01 1.320372521877288818e-01 7.318426668643951416e-02 1.745183169841766357e-01 5.802955850958824158e-02 2.469466626644134521e-01 2.324719727039337158e-01 2.012640796601772308e-02 2.230292856693267822e-01
9.758952260017395020e-01 2.306489944458007812e-01 5.965349674224853516e-01 1.153887137770652771e-01 1.745183169841766357e-01 4.705022647976875305e-02 1.686435043811798096e-01 3.483776152133941650e-01 1.902974545955657959e-01 3.421895205974578857e-01
1.116111800074577332e-01 2.306489944458007812e-01 1.320372521877288818e-01 1.153887137770652771e-01 1.745183169841766357e-01 4.274633526802062988e-02 2.178753912448883057e-01 4.385367929935455322e-01 1.780092134140431881e-03 2.914430499076843262e-01
1.449873447418212891e-01 2.306489944458007812e-01 1.320372521877288818e-01 1.153887137770652771e-01 1.745183169841766357e-01 1.679780893027782440e-02 3.678216636180877686e-01 3.483776152133941650e-01 1.623484939336776733e-01 3.094254136085510254e-01
6.690743565559387207e-01 2.306489944458007812e-01 5.965349674224853516e-01 1.153887137770652771e-01 1.745183169841766357e-01 5.682672932744026184e-02 2.469466626644134521e-01 4.512259960174560547e-01 6.218278408050537109e-01 3.074843585491180420e-01
5.046967267990112305e-01 2.306489944458007812e-01 2.307609766721725464e-01 7.325189560651779175e-02 1.745183169841766357e-01 3.932069242000579834e-02 1.220386847853660583e-01 8.571685850620269775e-02 5.100410059094429016e-02 1.130248680710792542e-01
7.088083624839782715e-01 2.306489944458007812e-01 2.307609766721725464e-01 4.566380381584167480e-02 1.745183169841766357e-01 4.406485334038734436e-02 7.265152037143707275e-02 5.367947369813919067e-02 5.701306089758872986e-02 5.893068909645080566e-01
6.673606634140014648e-01 2.306489944458007812e-01 2.307609766721725464e-01 4.566380381584167480e-02 1.745183169841766357e-01 3.306573331356048584e-01 7.265152037143707275e-02 8.571685850620269775e-02 4.219120740890502930e-01 2.262855023145675659e-01
4.049359560012817383e-01 2.993353903293609619e-01 1.699504107236862183e-01 3.963427841663360596e-01 7.620213031768798828e-01 3.975519239902496338e-01 7.174925804138183594e-01 3.483776152133941650e-01 6.910998225212097168e-01 9.067135453224182129e-01
4.662053287029266357e-01 2.993353903293609619e-01 3.663274645805358887e-01 1.519517302513122559e-01 1.745183169841766357e-01 1.876926124095916748e-01 2.387152910232543945e-01 2.509220838546752930e-01 1.080787256360054016e-01 2.187597565352916718e-02
6.492037773132324219e-01 2.993353903293609619e-01 6.655516624450683594e-01 1.519517302513122559e-01 1.745183169841766357e-01 2.276760190725326538e-01 8.561516404151916504e-01 4.563523232936859131e-01 8.243751525878906250e-01 7.363534569740295410e-01
7.301223874092102051e-01 2.306489944458007812e-01 5.965349674224853516e-01 1.153887137770652771e-01 1.745183169841766357e-01 5.430426448583602905e-02 1.937579512596130371e-01 5.030018091201782227e-01 3.074962496757507324e-01 2.475670725107192993e-01
5.170905217528343201e-02 2.306489944458007812e-01 2.307609766721725464e-01 4.566380381584167480e-02 1.745183169841766357e-01 4.216308519244194031e-02 7.265152037143707275e-02 2.509220838546752930e-01 8.667654544115066528e-02 1.954265832901000977e-01
5.320335179567337036e-02 2.306489944458007812e-01 2.876277565956115723e-01 7.325189560651779175e-02 1.745183169841766357e-01 1.950961202383041382e-01 2.541978657245635986e-01 2.028778493404388428e-01 7.713989168405532837e-02 3.439946472644805908e-02
5.409952998161315918e-02 2.993353903293609619e-01 1.699504107236862183e-01 2.282112687826156616e-01 1.745183169841766357e-01 1.528885662555694580e-01 5.877184867858886719e-01 6.137610077857971191e-01 1.076181530952453613e-01 3.857116401195526123e-01
3.463370800018310547e-01 2.306489944458007812e-01 1.320372521877288818e-01 1.887716799974441528e-01 1.745183169841766357e-01 3.010440468788146973e-01 5.001398921012878418e-01 5.030018091201782227e-01 2.425353229045867920e-01 4.805290997028350830e-01
2.717281579971313477e-01 2.993353903293609619e-01 3.663274645805358887e-01 2.846192121505737305e-01 5.198419466614723206e-02 5.971229076385498047e-02 3.430711850523948669e-02 1.283140480518341064e-01 2.674728035926818848e-01 3.301002383232116699e-01
3.858717381954193115e-01 2.306489944458007812e-01 1.699504107236862183e-01 2.245874255895614624e-01 3.287448883056640625e-01 1.879398711025714874e-02 5.879128575325012207e-01 2.509220838546752930e-01 7.486557960510253906e-01 1.658070534467697144e-01
6.425935775041580200e-02 2.993353903293609619e-01 3.663274645805358887e-01 2.846192121505737305e-01 2.639049291610717773e-01 8.180010318756103516e-02 2.307400256395339966e-01 8.571685850620269775e-02 1.997232437133789062e-01 1.036651208996772766e-01
1.223361566662788391e-01 2.993353903293609619e-01 3.663274645805358887e-01 2.846192121505737305e-01 7.620213031768798828e-01 4.004839360713958740e-01 5.399088859558105469e-01 2.492433190345764160e-01 3.480894863605499268e-02 1.263929307460784912e-01
1.525865048170089722e-01 2.993353903293609619e-01 3.663274645805358887e-01 2.802018225193023682e-01 1.745183169841766357e-01 3.452396392822265625e-01 6.701441854238510132e-02 2.915145158767700195e-01 6.398590654134750366e-02 1.536001265048980713e-01
1.578940004110336304e-01 3.015377223491668701e-01 5.768588185310363770e-01 3.537643253803253174e-01 7.164241075515747070e-01 4.101960659027099609e-01 2.633265256881713867e-01 8.571685850620269775e-02 1.604895144701004028e-01 1.799832582473754883e-01
5.931074544787406921e-02 2.993353903293609619e-01 3.663274645805358887e-01 1.519517302513122559e-01 5.802314281463623047e-01 2.106494754552841187e-01 3.775109648704528809e-01 8.571685850620269775e-02 3.649280965328216553e-01 2.377958446741104126e-01
3.947723507881164551e-01 2.993353903293609619e-01 3.663274645805358887e-01 1.519517302513122559e-01 5.802314281463623047e-01 1.396265923976898193e-01 7.924365997314453125e-01 1.204670444130897522e-01 9.240995645523071289e-01 3.351026177406311035e-01
1.809113919734954834e-01 2.993353903293609619e-01 3.663274645805358887e-01 1.519517302513122559e-01 5.802314281463623047e-01 3.009365797042846680e-01 7.924365997314453125e-01 1.204670444130897522e-01 9.481261968612670898e-01 4.375826716423034668e-01
4.608743488788604736e-01 2.993353903293609619e-01 3.663274645805358887e-01 2.802018225193023682e-01 5.802314281463623047e-01 7.358786463737487793e-02 9.465182423591613770e-01 1.283140480518341064e-01 6.766213774681091309e-01 6.242267489433288574e-01
6.061857342720031738e-01 2.993353903293609619e-01 3.663274645805358887e-01 2.846192121505737305e-01 7.620213031768798828e-01 7.668209820985794067e-02 3.971055150032043457e-01 1.283140480518341064e-01 8.545471429824829102e-01 6.404905915260314941e-01
4.755726456642150879e-01 2.993353903293609619e-01 3.663274645805358887e-01 5.674027800559997559e-01 5.802314281463623047e-01 5.028508901596069336e-01 3.971055150032043457e-01 2.915145158767700195e-01 7.163798809051513672e-01 5.124179720878601074e-01
2.566910684108734131e-01 2.993353903293609619e-01 3.663274645805358887e-01 2.846192121505737305e-01 5.802314281463623047e-01 2.094529718160629272e-01 5.399088859558105469e-01 8.571685850620269775e-02 3.321394920349121094e-01 1.640841960906982422e-01
1.287968754768371582e-01 2.306489944458007812e-01 1.400210857391357422e-01 5.489841699600219727e-01 1.745183169841766357e-01 2.584893405437469482e-01 2.979552745819091797e-01 2.028778493404388428e-01 4.205569922924041748e-01 2.028737813234329224e-01
4.120513796806335449e-01 2.306489944458007812e-01 1.400210857391357422e-01 5.489841699600219727e-01 1.745183169841766357e-01 3.070688545703887939e-01 2.979552745819091797e-01 8.571685850620269775e-02 1.958156526088714600e-01 5.777876973152160645e-01
1.943913698196411133e-01 2.306489944458007812e-01 1.079166159033775330e-01 4.566380381584167480e-02 1.745183169841766357e-01 1.262511014938354492e-01 3.965558707714080811e-01 5.290461778640747070e-01 6.892607808113098145e-01 4.778442978858947754e-01
6.099313870072364807e-02 2.306489944458007812e-01 1.400210857391357422e-01 1.493045687675476074e-01 1.745183169841766357e-01 2.128599435091018677e-01 3.965558707714080811e-01 5.290461778640747070e-01 7.016522288322448730e-01 2.976359426975250244e-01
1.631989479064941406e-01 2.306489944458007812e-01 1.400210857391357422e-01 1.493045687675476074e-01 1.745183169841766357e-01 4.873951897025108337e-02 1.220263391733169556e-01 2.915145158767700195e-01 5.562268495559692383e-01 6.030392646789550781e-01
5.926137417554855347e-02 2.306489944458007812e-01 2.307609766721725464e-01 4.566380381584167480e-02 1.745183169841766357e-01 8.253505080938339233e-02 4.675109982490539551e-01 2.915145158767700195e-01 8.820181488990783691e-01 6.711841821670532227e-01
7.413973659276962280e-02 2.306489944458007812e-01 1.079166159033775330e-01 4.566380381584167480e-02 1.745183169841766357e-01 3.417303785681724548e-02 5.222737789154052734e-01 2.915145158767700195e-01 7.020549774169921875e-01 2.481997907161712646e-01
3.189165592193603516e-01 2.993353903293609619e-01 3.663274645805358887e-01 1.493045687675476074e-01 1.745183169841766357e-01 5.298874899744987488e-02 7.925176024436950684e-01 2.915145158767700195e-01 9.660518765449523926e-01 6.395888328552246094e-01
3.854068517684936523e-01 2.993353903293609619e-01 3.663274645805358887e-01 2.846192121505737305e-01 5.802314281463623047e-01 5.475286245346069336e-01 5.399088859558105469e-01 8.571685850620269775e-02 1.513915657997131348e-01 6.298190355300903320e-01
1.384062469005584717e-01 2.306489944458007812e-01 1.400210857391357422e-01 1.493045687675476074e-01 1.745183169841766357e-01 7.175152748823165894e-02 1.221123412251472473e-01 8.571685850620269775e-02 4.949411451816558838e-01 3.374837338924407959e-01
1.384062469005584717e-01 2.993353903293609619e-01 3.663274645805358887e-01 1.519517302513122559e-01 1.745183169841766357e-01 1.380123794078826904e-01 1.221123412251472473e-01 8.571685850620269775e-02 6.393258273601531982e-02 2.775115370750427246e-01
2.481199502944946289e-01 2.306489944458007812e-01 1.400210857391357422e-01 5.489841699600219727e-01 1.745183169841766357e-01 2.146727293729782104e-01 8.262761235237121582e-01 5.290461778640747070e-01 9.872732162475585938e-01 6.875830888748168945e-01
3.012032806873321533e-01 2.306489944458007812e-01 2.774354517459869385e-01 3.893767893314361572e-01 1.745183169841766357e-01 7.845517992973327637e-02 1.221123412251472473e-01 8.571685850620269775e-02 4.030572474002838135e-01 3.353350758552551270e-01
1.021954566240310669e-01 2.306489944458007812e-01 4.877431690692901611e-01 3.705796897411346436e-01 7.164241075515747070e-01 2.407314442098140717e-02 2.803501188755035400e-01 2.028778493404388428e-01 4.959147274494171143e-01 2.095862179994583130e-01
5.520773530006408691e-01 2.306489944458007812e-01 2.774354517459869385e-01 1.461257934570312500e-01 8.629989027976989746e-01 3.057068288326263428e-01 1.997707933187484741e-01 1.994202136993408203e-01 7.478025555610656738e-01 3.477420806884765625e-01
7.039923220872879028e-02 6.283121109008789062e-01 1.079166159033775330e-01 2.095827460289001465e-01 1.622326076030731201e-01 3.033574521541595459e-01 2.200174033641815186e-01 1.994202136993408203e-01 5.842757225036621094e-01 1.140808910131454468e-01
3.110923469066619873e-01 2.306489944458007812e-01 1.079166159033775330e-01 2.095827460289001465e-01 3.256166875362396240e-01 4.374049976468086243e-02 1.043530926108360291e-01 1.994202136993408203e-01 2.401063442230224609e-01 6.776092946529388428e-02
1.172946840524673462e-01 2.306489944458007812e-01 1.079166159033775330e-01 7.325189560651779175e-02 1.745183169841766357e-01 5.047486424446105957e-01 2.289455384016036987e-02 2.028778493404388428e-01 8.899427056312561035e-01 2.253435403108596802e-01
3.134968131780624390e-02 2.306489944458007812e-01 1.079166159033775330e-01 7.325189560651779175e-02 1.745183169841766357e-01 6.079792603850364685e-02 2.287660911679267883e-02 1.204670444130897522e-01 6.996515393257141113e-01 8.405014127492904663e-02
2.579410970211029053e-01 2.306489944458007812e-01 1.400210857391357422e-01 1.493045687675476074e-01 1.745183169841766357e-01 1.424095630645751953e-01 3.098175488412380219e-02 8.571685850620269775e-02 2.707164883613586426e-01 5.670707821846008301e-01
7.132645696401596069e-02 2.306489944458007812e-01 2.876277565956115723e-01 1.493045687675476074e-01 3.287448883056640625e-01 1.819541901350021362e-01 2.540457844734191895e-01 5.930042862892150879e-01 3.360848426818847656e-01 5.100231170654296875e-01
1.274443268775939941e-01 2.306489944458007812e-01 1.400210857391357422e-01 1.493045687675476074e-01 1.745183169841766357e-01 8.602488040924072266e-02 6.091970205307006836e-01 2.915145158767700195e-01 9.573072791099548340e-01 1.632897406816482544e-01
4.036434888839721680e-01 2.306489944458007812e-01 1.079166159033775330e-01 4.566380381584167480e-02 1.745183169841766357e-01 1.521515995264053345e-01 3.965558707714080811e-01 2.915145158767700195e-01 7.522248029708862305e-01 6.821864098310470581e-02
1.058179587125778198e-01 2.306489944458007812e-01 1.400210857391357422e-01 1.493045687675476074e-01 1.745183169841766357e-01 1.695220917463302612e-01 1.221123412251472473e-01 8.571685850620269775e-02 4.534095525741577148e-01 1.235335767269134521e-01
2.023149281740188599e-01 2.306489944458007812e-01 1.400210857391357422e-01 1.493045687675476074e-01 1.745183169841766357e-01 1.350761502981185913e-01 1.221123412251472473e-01 8.571685850620269775e-02 6.597437858581542969e-01 6.019077450037002563e-02
1.766137927770614624e-01 2.993353903293609619e-01 3.663274645805358887e-01 4.668083190917968750e-01 1.745183169841766357e-01 6.338929533958435059e-01 2.979552745819091797e-01 8.571685850620269775e-02 8.940383195877075195e-01 7.990297079086303711e-01
4.259525835514068604e-01 3.015377223491668701e-01 8.274853825569152832e-01 3.914848566055297852e-01 5.378596186637878418e-01 7.834259867668151855e-01 1.075141802430152893e-01 2.028778493404388428e-01 2.265598326921463013e-01 7.548781633377075195e-01
5.922462344169616699e-01 2.306489944458007812e-01 5.746378898620605469e-01 8.368092775344848633e-01 7.437134981155395508e-01 9.738250374794006348e-01 7.346301674842834473e-01 2.740472853183746338e-01 9.646559953689575195e-01 3.558372259140014648e-01
5.581600069999694824e-01 3.015377223491668701e-01 8.274853825569152832e-01 7.337204813957214355e-01 8.838484287261962891e-01 6.514250636100769043e-01 9.291748404502868652e-01 4.073294103145599365e-01 9.986063838005065918e-01 7.379098534584045410e-01
7.086070775985717773e-01 3.015377223491668701e-01 8.274853825569152832e-01 7.337204813957214355e-01 8.838484287261962891e-01 5.627756714820861816e-01 9.291748404502868652e-01 4.073294103145599365e-01 9.833475947380065918e-01 8.835477232933044434e-01
9.936898946762084961e-01 3.015377223491668701e-01 8.274853825569152832e-01 7.339917421340942383e-01 7.312445044517517090e-01 5.457401871681213379e-01 8.935121893882751465e-01 1.283140480518341064e-01 9.984746575355529785e-01 9.005039930343627930e-01
8.279129862785339355e-01 2.993353903293609619e-01 3.663274645805358887e-01 7.339917421340942383e-01 5.802314281463623047e-01 5.892043113708496094e-01 8.935121893882751465e-01 1.283140480518341064e-01 9.866670966148376465e-01 8.873016238212585449e-01
5.368447899818420410e-01 3.015377223491668701e-01 8.274853825569152832e-01 7.337204813957214355e-01 8.838484287261962891e-01 7.296093702316284180e-01 8.536981344223022461e-01 2.028778493404388428e-01 9.902140498161315918e-01 8.987286090850830078e-01
2.473847717046737671e-01 3.015377223491668701e-01 8.274853825569152832e-01 7.337204813957214355e-01 8.838484287261962891e-01 6.612495183944702148e-01 8.536981344223022461e-01 8.571685850620269775e-02 8.893737792968750000e-01 9.273506402969360352e-01
9.230651855468750000e-01 3.015377223491668701e-01 8.274853825569152832e-01 8.402490019798278809e-01 8.838484287261962891e-01 9.672405123710632324e-01 8.332170248031616211e-01 8.571685850620269775e-02 9.507288932800292969e-01 9.073768258094787598e-01
5.361449122428894043e-01 3.015377223491668701e-01 8.274853825569152832e-01 4.447258710861206055e-01 8.838484287261962891e-01 8.473927974700927734e-01 8.332170248031616211e-01 8.571685850620269775e-02 9.867264032363891602e-01 6.449866294860839844e-01
3.340983986854553223e-01 7.123687863349914551e-01 8.274853825569152832e-01 5.541020035743713379e-01 5.802314281463623047e-01 7.446730732917785645e-01 6.491709947586059570e-01 8.571685850620269775e-02 9.394971132278442383e-01 6.610342264175415039e-01
1.169765070080757141e-01 2.993353903293609619e-01 3.663274645805358887e-01 3.713453412055969238e-01 5.802314281463623047e-01 4.716207981109619141e-01 5.869822502136230469e-01 1.283140480518341064e-01 9.708397388458251953e-01 4.000059068202972412e-01
6.848916411399841309e-01 2.993353903293609619e-01 3.663274645805358887e-01 4.668083190917968750e-01 1.745183169841766357e-01 6.053516268730163574e-01 6.492831110954284668e-01 8.571685850620269775e-02 9.499545693397521973e-01 7.743632197380065918e-01
1.664783656597137451e-01 2.993353903293609619e-01 3.663274645805358887e-01 2.846192121505737305e-01 1.745183169841766357e-01 3.089025020599365234e-01 2.541978657245635986e-01 8.571685850620269775e-02 9.280179142951965332e-01 9.008120894432067871e-01
3.072093129158020020e-01 2.306489944458007812e-01 2.876277565956115723e-01 5.489841699600219727e-01 1.745183169841766357e-01 2.319401204586029053e-01 9.209766387939453125e-01 5.290461778640747070e-01 9.859713912010192871e-01 1.933861076831817627e-01
4.154762029647827148e-01 2.306489944458007812e-01 7.701185345649719238e-01 8.118874430656433105e-01 7.164241075515747070e-01 9.198849797248840332e-01 8.889759182929992676e-01 5.290461778640747070e-01 9.904755949974060059e-01 9.872283935546875000e-01
1.936708986759185791e-01 2.306489944458007812e-01 7.701185345649719238e-01 8.917576074600219727e-01 7.164241075515747070e-01 6.097600460052490234e-01 2.803501188755035400e-01 8.571685850620269775e-02 9.847895503044128418e-01 9.040518999099731445e-01
1.035701930522918701e-01 2.306489944458007812e-01 2.307609766721725464e-01 7.325189560651779175e-02 1.745183169841766357e-01 1.347902417182922363e-01 4.675109982490539551e-01 5.290461778640747070e-01 9.150776267051696777e-01 8.383098840713500977e-01
2.270894050598144531e-01 2.306489944458007812e-01 2.307609766721725464e-01 4.566380381584167480e-02 1.745183169841766357e-01 5.833464264869689941e-01 6.168958544731140137e-01 5.290461778640747070e-01 9.669694304466247559e-01 8.477210998535156250e-01
4.050974845886230469e-01 2.306489944458007812e-01 2.307609766721725464e-01 9.526242315769195557e-02 1.745183169841766357e-01 6.510450243949890137e-01 8.308856487274169922e-01 2.915145158767700195e-01 9.036662578582763672e-01 9.492974877357482910e-01
5.170905217528343201e-02 2.306489944458007812e-01 2.307609766721725464e-01 4.566380381584167480e-02 1.745183169841766357e-01 2.093771398067474365e-01 6.168958544731140137e-01 2.915145158767700195e-01 8.875082135200500488e-01 6.605116724967956543e-01
2.157960087060928345e-01 2.306489944458007812e-01 2.307609766721725464e-01 4.566380381584167480e-02 1.745183169841766357e-01 2.102857828140258789e-01 3.369501233100891113e-01 2.915145158767700195e-01 9.219701290130615234e-01 3.913463056087493896e-01
2.236967384815216064e-01 2.306489944458007812e-01 2.307609766721725464e-01 4.230954945087432861e-01 1.745183169841766357e-01 4.999405145645141602e-01 2.169638574123382568e-01 2.915145158767700195e-01 9.791431427001953125e-01 8.064183592796325684e-01
2.248781733214855194e-02 2.306489944458007812e-01 2.307609766721725464e-01 4.566380381584167480e-02 1.745183169841766357e-01 4.260605871677398682e-01 8.325115591287612915e-02 2.915145158767700195e-01 4.301588237285614014e-01 8.341828584671020508e-01
6.859590113162994385e-02 2.306489944458007812e-01 1.079166159033775330e-01 1.868213564157485962e-01 1.745183169841766357e-01 6.530133634805679321e-02 3.095767274498939514e-02 2.915145158767700195e-01 2.617099285125732422e-01 5.702525973320007324e-01
6.501735001802444458e-02 2.306489944458007812e-01 1.079166159033775330e-01 9.563346207141876221e-02 1.745183169841766357e-01 1.318180561065673828e-01 3.095767274498939514e-02 2.915145158767700195e-01 6.815625429153442383e-01 7.453694343566894531e-01
8.496341854333877563e-02 2.306489944458007812e-01 1.079166159033775330e-01 9.526242315769195557e-02 1.745183169841766357e-01 5.799607038497924805e-01 8.881712704896926880e-02 2.915145158767700195e-01 8.378227353096008301e-01 7.862308025360107422e-01
6.851419061422348022e-02 2.306489944458007812e-01 1.400210857391357422e-01 2.786103487014770508e-01 1.745183169841766357e-01 3.899743854999542236e-01 2.977874279022216797e-01 2.915145158767700195e-01 8.829830288887023926e-01 9.195618033409118652e-01
8.496341854333877563e-02 2.306489944458007812e-01 1.079166159033775330e-01 9.526242315769195557e-02 3.287448883056640625e-01 3.081397414207458496e-01 8.881712704896926880e-02 5.930042862892150879e-01 9.553673863410949707e-01 4.948118031024932861e-01
8.678858727216720581e-02 2.306489944458007812e-01 2.307609766721725464e-01 9.563346207141876221e-02 1.745183169841766357e-01 1.606052815914154053e-01 7.259749621152877808e-02 2.915145158767700195e-01 7.317199707031250000e-01 6.306765079498291016e-01
3.832861781120300293e-02 2.306489944458007812e-01 1.079166159033775330e-01 9.526242315769195557e-02 1.745183169841766357e-01 4.326796531677246094e-01 8.888209611177444458e-02 8.571685850620269775e-02 6.736446022987365723e-01 7.843392491340637207e-01
1.172946840524673462e-01 2.306489944458007812e-01 1.079166159033775330e-01 4.566380381584167480e-02 3.287448883056640625e-01 8.591734766960144043e-01 5.539111047983169556e-02 2.492433190345764160e-01 4.312707781791687012e-01 8.515109419822692871e-01
5.410924553871154785e-01 2.306489944458007812e-01 1.079166159033775330e-01 2.491638064384460449e-01 1.745183169841766357e-01 3.903266191482543945e-01 1.517644524574279785e-01 8.571685850620269775e-02 6.316468119621276855e-01 8.746711611747741699e-01
3.184651136398315430e-01 2.306489944458007812e-01 1.079166159033775330e-01 2.491638064384460449e-01 1.745183169841766357e-01 8.541226983070373535e-01 1.516611874103546143e-01 2.915145158767700195e-01 8.872269988059997559e-01 8.488987684249877930e-01
3.836793825030326843e-02 2.306489944458007812e-01 1.079166159033775330e-01 4.566380381584167480e-02 1.745183169841766357e-01 7.173329591751098633e-01 5.534913763403892517e-02 2.915145158767700195e-01 8.342723250389099121e-01 9.113481640815734863e-01
2.967178635299205780e-02 2.306489944458007812e-01 1.047706007957458496e-01 2.124015241861343384e-01 1.769593507051467896e-01 9.498164802789688110e-02 1.444426029920578003e-01 6.325203180313110352e-02 3.511337935924530029e-01 2.571690678596496582e-01
3.870929777622222900e-02 2.306489944458007812e-01 1.079166159033775330e-01 3.742968291044235229e-02 1.769593507051467896e-01 1.625795662403106689e-01 5.243136361241340637e-02 8.571685850620269775e-02 1.666754037141799927e-01 7.399994879961013794e-02
2.149672210216522217e-01 2.306489944458007812e-01 1.079166159033775330e-01 1.590325385332107544e-01 1.769593507051467896e-01 6.375912427902221680e-01 1.636677831411361694e-01 2.915145158767700195e-01 9.208225607872009277e-01 3.266763091087341309e-01
3.090223856270313263e-02 2.306489944458007812e-01 1.047706007957458496e-01 9.526242315769195557e-02 1.769593507051467896e-01 2.936912477016448975e-01 2.399934381246566772e-01 1.204299107193946838e-01 7.647948712110519409e-02 4.468238353729248047e-01
9.180599451065063477e-02 2.306489944458007812e-01 1.047706007957458496e-01 9.563346207141876221e-02 3.324742913246154785e-01 6.897678226232528687e-02 5.243136361241340637e-02 6.325203180313110352e-02 7.698477059602737427e-02 2.714493274688720703e-01
2.622271478176116943e-01 2.306489944458007812e-01 1.047706007957458496e-01 4.230954945087432861e-01 1.769593507051467896e-01 6.619676947593688965e-02 1.444426029920578003e-01 6.325203180313110352e-02 2.483942061662673950e-01 6.285571455955505371e-01
5.810876935720443726e-02 2.306489944458007812e-01 1.079166159033775330e-01 1.362508088350296021e-01 1.769593507051467896e-01 7.606403231620788574e-01 3.466356545686721802e-02 6.967746615409851074e-01 2.893621921539306641e-01 5.443196296691894531e-01
4.142476618289947510e-02 2.306489944458007812e-01 1.079166159033775330e-01 9.526242315769195557e-02 1.745183169841766357e-01 1.622222363948822021e-01 9.874352067708969116e-02 6.967746615409851074e-01 7.413012385368347168e-01 8.618177175521850586e-01
6.544830650091171265e-02 2.306489944458007812e-01 1.079166159033775330e-01 1.362508088350296021e-01 1.745183169841766357e-01 5.047360062599182129e-01 3.466356545686721802e-02 6.967746615409851074e-01 4.402066171169281006e-01 6.864693760871887207e-01
6.103574037551879883e-01 2.306489944458007812e-01 1.079166159033775330e-01 4.566380381584167480e-02 1.745183169841766357e-01 1.646426320075988770e-01 3.995969891548156738e-02 5.354178547859191895e-01 6.022883653640747070e-01 7.924488186836242676e-01
6.659063100814819336e-01 2.306489944458007812e-01 1.079166159033775330e-01 4.511838257312774658e-01 6.674126982688903809e-01 8.327706456184387207e-01 3.995969891548156738e-02 8.031892180442810059e-01 7.524154782295227051e-01 7.334633469581604004e-01
8.335165381431579590e-01 2.306489944458007812e-01 1.079166159033775330e-01 4.511838257312774658e-01 6.674126982688903809e-01 3.500196337699890137e-01 1.695911437273025513e-01 6.967746615409851074e-01 9.445081949234008789e-01 8.262491226196289062e-01
2.177084535360336304e-01 2.306489944458007812e-01 1.079166159033775330e-01 9.416607022285461426e-02 1.745183169841766357e-01 6.011428683996200562e-02 4.480272158980369568e-02 6.967746615409851074e-01 6.623613238334655762e-01 5.800767540931701660e-01
1.124473214149475098e-01 2.306489944458007812e-01 1.079166159033775330e-01 2.751067280769348145e-01 1.745183169841766357e-01 3.190412223339080811e-01 7.114627212285995483e-02 2.028778493404388428e-01 3.824416995048522949e-01 4.299625158309936523e-01
6.793610006570816040e-02 2.306489944458007812e-01 1.079166159033775330e-01 4.566380381584167480e-02 1.745183169841766357e-01 3.669111728668212891e-01 3.573618084192276001e-02 2.915145158767700195e-01 7.747964262962341309e-01 6.887932419776916504e-01
3.012153320014476776e-02 2.306489944458007812e-01 1.079166159033775330e-01 1.465570777654647827e-01 1.745183169841766357e-01 6.380011141300201416e-02 7.114627212285995483e-02 8.571685850620269775e-02 8.580212295055389404e-02 5.070813000202178955e-02
