8.209897279739379883e-01 8.880541324615478516e-01 7.573221325874328613e-01 9.144876599311828613e-01 7.497599720954895020e-01 5.199883580207824707e-01 7.473114132881164551e-01 7.326670289039611816e-01 9.189607501029968262e-01 1.638412922620773315e-01
8.209897279739379883e-01 8.880541324615478516e-01 7.994622588157653809e-01 4.591173231601715088e-01 4.372096061706542969e-01 5.199883580207824707e-01 5.119944810867309570e-01 4.690970480442047119e-02 2.182523161172866821e-01 1.638412922620773315e-01
8.209897279739379883e-01 3.630927801132202148e-01 7.808275222778320312e-01 4.591173231601715088e-01 3.289894461631774902e-01 5.199883580207824707e-01 8.586279749870300293e-01 3.779473900794982910e-01 2.182523161172866821e-01 1.638412922620773315e-01
8.209897279739379883e-01 3.630927801132202148e-01 7.808275222778320312e-01 7.067930102348327637e-01 3.289894461631774902e-01 5.199883580207824707e-01 8.586279749870300293e-01 1.556375324726104736e-01 2.182523161172866821e-01 1.638412922620773315e-01
8.209897279739379883e-01 3.630927801132202148e-01 3.758533596992492676e-01 7.067930102348327637e-01 3.289894461631774902e-01 5.199883580207824707e-01 8.586279749870300293e-01 9.459811449050903320e-02 2.182523161172866821e-01 1.638412922620773315e-01
8.209897279739379883e-01 3.630927801132202148e-01 5.541398003697395325e-02 7.067930102348327637e-01 3.289894461631774902e-01 5.199883580207824707e-01 8.586279749870300293e-01 9.929458796977996826e-02 2.182523161172866821e-01 1.638412922620773315e-01
8.209897279739379883e-01 3.630927801132202148e-01 1.274899691343307495e-01 7.358172535896301270e-01 5.685256123542785645e-01 5.199883580207824707e-01 8.586279749870300293e-01 4.416949152946472168e-01 2.182523161172866821e-01 1.638412922620773315e-01
8.209897279739379883e-01 8.668213486671447754e-01 4.753094911575317383e-01 7.358172535896301270e-01 5.685256123542785645e-01 5.199883580207824707e-01 8.586279749870300293e-01 8.984959721565246582e-01 4.045468866825103760e-01 1.638412922620773315e-01
8.209897279739379883e-01 8.668213486671447754e-01 9.488503634929656982e-02 7.358172535896301270e-01 5.685256123542785645e-01 5.199883580207824707e-01 8.586279749870300293e-01 8.984959721565246582e-01 6.328455209732055664e-01 1.638412922620773315e-01
8.209897279739379883e-01 8.668213486671447754e-01 1.778828501701354980e-01 7.358172535896301270e-01 5.685256123542785645e-01 5.199883580207824707e-01 8.586279749870300293e-01 8.984959721565246582e-01 6.328455209732055664e-01 1.638412922620773315e-01
8.209897279739379883e-01 8.668213486671447754e-01 2.498660534620285034e-01 7.067930102348327637e-01 3.289894461631774902e-01 5.199883580207824707e-01 8.586279749870300293e-01 5.522639751434326172e-01 3.406153023242950439e-01 1.638412922620773315e-01
8.209897279739379883e-01 8.668213486671447754e-01 8.671472072601318359e-01 7.067930102348327637e-01 3.289894461631774902e-01 5.199883580207824707e-01 8.586279749870300293e-01 7.889329195022583008e-01 1.230355352163314819e-01 1.638412922620773315e-01
8.209897279739379883e-01 8.668213486671447754e-01 4.984064027667045593e-02 7.067930102348327637e-01 3.289894461631774902e-01 5.199883580207824707e-01 8.586279749870300293e-01 8.129636049270629883e-01 1.230355352163314819e-01 1.638412922620773315e-01
8.209897279739379883e-01 8.668213486671447754e-01 6.385023593902587891e-01 7.067930102348327637e-01 3.289894461631774902e-01 5.199883580207824707e-01 8.278115987777709961e-01 7.355797290802001953e-01 1.230355352163314819e-01 1.638412922620773315e-01
8.209897279739379883e-01 3.630927801132202148e-01 9.359083175659179688e-01 7.067930102348327637e-01 3.289894461631774902e-01 5.199883580207824707e-01 8.278115987777709961e-01 4.517496526241302490e-01 3.406153023242950439e-01 1.638412922620773315e-01
8.209897279739379883e-01 3.630927801132202148e-01 7.435680627822875977e-01 7.067930102348327637e-01 3.289894461631774902e-01 5.199883580207824707e-01 8.278115987777709961e-01 4.517496526241302490e-01 3.406153023242950439e-01 1.638412922620773315e-01
8.209897279739379883e-01 5.501829385757446289e-01 9.528533220291137695e-01 7.067930102348327637e-01 4.195292294025421143e-01 5.199883580207824707e-01 1.625783592462539673e-01 4.850918948650360107e-01 3.406153023242950439e-01 1.638412922620773315e-01
8.209897279739379883e-01 5.501829385757446289e-01 6.153721809387207031e-01 7.067930102348327637e-01 4.195292294025421143e-01 5.199883580207824707e-01 1.625783592462539673e-01 4.850918948650360107e-01 5.274829268455505371e-01 1.638412922620773315e-01
8.209897279739379883e-01 5.501829385757446289e-01 8.008950352668762207e-01 7.067930102348327637e-01 4.195292294025421143e-01 5.199883580207824707e-01 1.625783592462539673e-01 4.850918948650360107e-01 3.406153023242950439e-01 1.638412922620773315e-01
8.209897279739379883e-01 2.036296874284744263e-01 7.573053240776062012e-01 1.629286855459213257e-01 1.111850515007972717e-01 1.845503449440002441e-01 1.625783592462539673e-01 7.058296799659729004e-01 3.041897416114807129e-01 1.638412922620773315e-01
8.209897279739379883e-01 2.036296874284744263e-01 6.385568976402282715e-01 7.067930102348327637e-01 1.111850515007972717e-01 1.845503449440002441e-01 1.625783592462539673e-01 7.058296799659729004e-01 3.041897416114807129e-01 1.638412922620773315e-01
8.209897279739379883e-01 2.036296874284744263e-01 6.706001758575439453e-01 7.067930102348327637e-01 1.111850515007972717e-01 5.199883580207824707e-01 4.132351875305175781e-01 6.265083551406860352e-01 5.274829268455505371e-01 1.638412922620773315e-01
1.545780003070831299e-01 2.036296874284744263e-01 2.996262013912200928e-01 1.629286855459213257e-01 1.111850515007972717e-01 1.845503449440002441e-01 4.132351875305175781e-01 6.265083551406860352e-01 3.041897416114807129e-01 1.638412922620773315e-01
1.545780003070831299e-01 5.864121392369270325e-02 1.023672968149185181e-01 8.672192692756652832e-02 2.419481799006462097e-02 1.845503449440002441e-01 1.917824894189834595e-01 9.983640164136886597e-02 3.041897416114807129e-01 1.638412922620773315e-01
1.545780003070831299e-01 5.864121392369270325e-02 2.253419347107410431e-02 3.235522657632827759e-02 2.419481799006462097e-02 1.845503449440002441e-01 1.097131296992301941e-01 9.983640164136886597e-02 3.041897416114807129e-01 1.638412922620773315e-01
1.545780003070831299e-01 2.671744115650653839e-02 7.188412360846996307e-03 3.235522657632827759e-02 1.423457860946655273e-01 1.845503449440002441e-01 4.404574632644653320e-02 9.983640164136886597e-02 3.041897416114807129e-01 1.638412922620773315e-01
1.545780003070831299e-01 2.671744115650653839e-02 9.568505920469760895e-03 3.235522657632827759e-02 1.423457860946655273e-01 1.845503449440002441e-01 4.404574632644653320e-02 3.481990098953247070e-02 3.041897416114807129e-01 1.638412922620773315e-01
1.545780003070831299e-01 2.671744115650653839e-02 9.568505920469760895e-03 6.910372525453567505e-02 1.423457860946655273e-01 1.845503449440002441e-01 4.404574632644653320e-02 3.481990098953247070e-02 3.041897416114807129e-01 1.638412922620773315e-01
1.545780003070831299e-01 2.671744115650653839e-02 3.217433812096714973e-03 6.910372525453567505e-02 1.423457860946655273e-01 1.845503449440002441e-01 4.404574632644653320e-02 3.481990098953247070e-02 3.041897416114807129e-01 1.638412922620773315e-01
1.545780003070831299e-01 2.671744115650653839e-02 3.206503763794898987e-02 6.910372525453567505e-02 1.423457860946655273e-01 1.845503449440002441e-01 1.097131296992301941e-01 3.481990098953247070e-02 3.041897416114807129e-01 1.638412922620773315e-01
1.545780003070831299e-01 2.671744115650653839e-02 3.206503763794898987e-02 6.910372525453567505e-02 1.423457860946655273e-01 1.845503449440002441e-01 1.097131296992301941e-01 3.481990098953247070e-02 3.041897416114807129e-01 1.638412922620773315e-01
1.545780003070831299e-01 2.671744115650653839e-02 3.206503763794898987e-02 6.910372525453567505e-02 1.423457860946655273e-01 1.845503449440002441e-01 1.097131296992301941e-01 3.481990098953247070e-02 3.041897416114807129e-01 1.638412922620773315e-01
1.545780003070831299e-01 2.671744115650653839e-02 8.462200639769434929e-04 6.910372525453567505e-02 1.423457860946655273e-01 1.845503449440002441e-01 1.097131296992301941e-01 3.481990098953247070e-02 3.041897416114807129e-01 1.638412922620773315e-01
1.545780003070831299e-01 2.671744115650653839e-02 7.097258348949253559e-04 6.910372525453567505e-02 1.423457860946655273e-01 1.845503449440002441e-01 1.097131296992301941e-01 3.481990098953247070e-02 3.041897416114807129e-01 1.638412922620773315e-01
1.545780003070831299e-01 2.671744115650653839e-02 4.160954558756202459e-04 2.195727266371250153e-02 1.423457860946655273e-01 1.845503449440002441e-01 1.892027631402015686e-02 3.481990098953247070e-02 3.041897416114807129e-01 1.638412922620773315e-01
1.545780003070831299e-01 2.671744115650653839e-02 1.976990140974521637e-03 2.195727266371250153e-02 1.423457860946655273e-01 1.845503449440002441e-01 7.158812601119279861e-03 1.039163302630186081e-02 3.041897416114807129e-01 1.638412922620773315e-01
1.545780003070831299e-01 2.671744115650653839e-02 1.482402672991156578e-03 2.195727266371250153e-02 1.423457860946655273e-01 1.845503449440002441e-01 7.158812601119279861e-03 1.039163302630186081e-02 3.041897416114807129e-01 1.638412922620773315e-01
1.545780003070831299e-01 2.671744115650653839e-02 1.976990140974521637e-03 2.195727266371250153e-02 1.423457860946655273e-01 1.845503449440002441e-01 7.158812601119279861e-03 1.039163302630186081e-02 3.041897416114807129e-01 1.638412922620773315e-01
1.545780003070831299e-01 2.671744115650653839e-02 1.976990140974521637e-03 2.195727266371250153e-02 1.423457860946655273e-01 1.845503449440002441e-01 1.892027631402015686e-02 1.039163302630186081e-02 3.041897416114807129e-01 1.638412922620773315e-01
2.186444848775863647e-01 2.671744115650653839e-02 1.976990140974521637e-03 2.195727266371250153e-02 1.423457860946655273e-01 1.845503449440002441e-01 1.097131296992301941e-01 1.039163302630186081e-02 3.041897416114807129e-01 1.638412922620773315e-01
2.186444848775863647e-01 2.671744115650653839e-02 1.976990140974521637e-03 2.195727266371250153e-02 1.423457860946655273e-01 1.845503449440002441e-01 1.097131296992301941e-01 1.039163302630186081e-02 3.041897416114807129e-01 1.638412922620773315e-01
2.186444848775863647e-01 2.671744115650653839e-02 1.976990140974521637e-03 2.195727266371250153e-02 1.423457860946655273e-01 1.845503449440002441e-01 1.097131296992301941e-01 1.039163302630186081e-02 3.041897416114807129e-01 1.638412922620773315e-01
2.186444848775863647e-01 2.671744115650653839e-02 1.976990140974521637e-03 2.195727266371250153e-02 1.423457860946655273e-01 1.845503449440002441e-01 1.097131296992301941e-01 1.039163302630186081e-02 4.227809309959411621e-01 1.638412922620773315e-01
2.186444848775863647e-01 2.671744115650653839e-02 3.323629498481750488e-03 2.195727266371250153e-02 1.423457860946655273e-01 1.845503449440002441e-01 7.158812601119279861e-03 6.967268418520689011e-03 4.227809309959411621e-01 1.638412922620773315e-01
2.186444848775863647e-01 2.671744115650653839e-02 1.974313519895076752e-02 2.195727266371250153e-02 1.232925206422805786e-01 1.845503449440002441e-01 7.158812601119279861e-03 6.967268418520689011e-03 4.227809309959411621e-01 1.638412922620773315e-01
2.186444848775863647e-01 2.671744115650653839e-02 2.617053873836994171e-02 1.863675191998481750e-02 1.232925206422805786e-01 1.845503449440002441e-01 7.158812601119279861e-03 3.640591632574796677e-03 4.227809309959411621e-01 1.638412922620773315e-01
2.186444848775863647e-01 2.671744115650653839e-02 2.792445756494998932e-02 1.863675191998481750e-02 1.423457860946655273e-01 1.845503449440002441e-01 8.589957654476165771e-02 6.967268418520689011e-03 4.227809309959411621e-01 1.638412922620773315e-01
2.186444848775863647e-01 2.671744115650653839e-02 1.973225735127925873e-03 1.863675191998481750e-02 1.423457860946655273e-01 1.845503449440002441e-01 8.589957654476165771e-02 6.967268418520689011e-03 4.227809309959411621e-01 1.638412922620773315e-01
2.186444848775863647e-01 2.671744115650653839e-02 1.165739912539720535e-02 5.993438139557838440e-02 1.423457860946655273e-01 1.845503449440002441e-01 4.659129306674003601e-02 6.967268418520689011e-03 4.227809309959411621e-01 1.638412922620773315e-01
2.186444848775863647e-01 2.671744115650653839e-02 1.165739912539720535e-02 1.863675191998481750e-02 1.423457860946655273e-01 1.845503449440002441e-01 4.659129306674003601e-02 6.967268418520689011e-03 4.227809309959411621e-01 1.638412922620773315e-01
2.186444848775863647e-01 2.671744115650653839e-02 1.165739912539720535e-02 1.863675191998481750e-02 1.232925206422805786e-01 1.845503449440002441e-01 4.659129306674003601e-02 6.967268418520689011e-03 4.227809309959411621e-01 1.638412922620773315e-01
2.186444848775863647e-01 2.671744115650653839e-02 5.314563214778900146e-02 1.863675191998481750e-02 1.232925206422805786e-01 1.845503449440002441e-01 4.659129306674003601e-02 6.967268418520689011e-03 4.227809309959411621e-01 1.638412922620773315e-01
2.186444848775863647e-01 2.671744115650653839e-02 5.888548865914344788e-02 1.863675191998481750e-02 2.419481799006462097e-02 1.845503449440002441e-01 7.589471060782670975e-03 1.900204829871654510e-02 4.227809309959411621e-01 1.638412922620773315e-01
2.186444848775863647e-01 2.671744115650653839e-02 5.314563214778900146e-02 1.863675191998481750e-02 1.232925206422805786e-01 1.845503449440002441e-01 7.589471060782670975e-03 6.967268418520689011e-03 4.227809309959411621e-01 1.638412922620773315e-01
2.186444848775863647e-01 2.671744115650653839e-02 5.314563214778900146e-02 1.863675191998481750e-02 1.232925206422805786e-01 1.845503449440002441e-01 7.589471060782670975e-03 6.967268418520689011e-03 4.227809309959411621e-01 1.638412922620773315e-01
2.186444848775863647e-01 2.671744115650653839e-02 3.691690042614936829e-02 1.863675191998481750e-02 1.232925206422805786e-01 1.845503449440002441e-01 7.589471060782670975e-03 7.857472635805606842e-03 4.227809309959411621e-01 1.638412922620773315e-01
2.186444848775863647e-01 2.671744115650653839e-02 5.314563214778900146e-02 1.863675191998481750e-02 1.232925206422805786e-01 1.845503449440002441e-01 7.589471060782670975e-03 6.967268418520689011e-03 4.227809309959411621e-01 1.638412922620773315e-01
2.186444848775863647e-01 2.671744115650653839e-02 1.805150508880615234e-02 1.863675191998481750e-02 1.232925206422805786e-01 1.845503449440002441e-01 5.797802470624446869e-03 1.922615617513656616e-02 4.227809309959411621e-01 1.638412922620773315e-01
2.186444848775863647e-01 2.671744115650653839e-02 5.314563214778900146e-02 1.863675191998481750e-02 1.232925206422805786e-01 1.845503449440002441e-01 7.589471060782670975e-03 1.922615617513656616e-02 4.227809309959411621e-01 1.638412922620773315e-01
2.186444848775863647e-01 2.671744115650653839e-02 7.000108063220977783e-02 1.863675191998481750e-02 1.232925206422805786e-01 1.845503449440002441e-01 4.659129306674003601e-02 1.456659883260726929e-01 4.227809309959411621e-01 1.638412922620773315e-01
2.186444848775863647e-01 2.671744115650653839e-02 7.000108063220977783e-02 1.863675191998481750e-02 2.057686634361743927e-02 1.845503449440002441e-01 4.659129306674003601e-02 5.908337235450744629e-02 4.227809309959411621e-01 1.638412922620773315e-01
2.186444848775863647e-01 2.671744115650653839e-02 9.721344709396362305e-02 1.863675191998481750e-02 2.057686634361743927e-02 1.845503449440002441e-01 4.659129306674003601e-02 1.456659883260726929e-01 4.227809309959411621e-01 1.638412922620773315e-01
2.186444848775863647e-01 2.671744115650653839e-02 4.452034365385770798e-03 1.863675191998481750e-02 2.419481799006462097e-02 1.845503449440002441e-01 4.659129306674003601e-02 1.456659883260726929e-01 4.227809309959411621e-01 1.638412922620773315e-01
2.186444848775863647e-01 2.671744115650653839e-02 2.005514688789844513e-03 5.993438139557838440e-02 2.419481799006462097e-02 1.845503449440002441e-01 4.659129306674003601e-02 6.516884267330169678e-02 4.227809309959411621e-01 1.638412922620773315e-01
2.186444848775863647e-01 2.671744115650653839e-02 7.668595295399427414e-03 5.993438139557838440e-02 2.595956251025199890e-02 1.845503449440002441e-01 4.659129306674003601e-02 6.516884267330169678e-02 2.816804647445678711e-01 1.638412922620773315e-01
2.186444848775863647e-01 2.671744115650653839e-02 5.735906213521957397e-02 5.993438139557838440e-02 2.595956251025199890e-02 1.845503449440002441e-01 4.659129306674003601e-02 9.105287492275238037e-03 2.816804647445678711e-01 1.638412922620773315e-01
2.186444848775863647e-01 2.671744115650653839e-02 4.344029352068901062e-03 5.993438139557838440e-02 2.057686634361743927e-02 1.845503449440002441e-01 4.659129306674003601e-02 9.105287492275238037e-03 1.896633952856063843e-01 1.638412922620773315e-01
1.545780003070831299e-01 2.671744115650653839e-02 7.023917511105537415e-03 5.993438139557838440e-02 2.057686634361743927e-02 1.845503449440002441e-01 1.329228002578020096e-02 9.105287492275238037e-03 1.896633952856063843e-01 1.638412922620773315e-01
1.545780003070831299e-01 2.671744115650653839e-02 4.344029352068901062e-03 5.993438139557838440e-02 2.057686634361743927e-02 1.845503449440002441e-01 1.329228002578020096e-02 2.377058146521449089e-03 1.896633952856063843e-01 1.638412922620773315e-01
1.545780003070831299e-01 2.671744115650653839e-02 1.141456142067909241e-02 5.993438139557838440e-02 2.057686634361743927e-02 1.845503449440002441e-01 1.016812212765216827e-02 1.039163302630186081e-02 2.830772995948791504e-01 1.638412922620773315e-01
1.545780003070831299e-01 2.671744115650653839e-02 1.141456142067909241e-02 2.037343569099903107e-02 2.057686634361743927e-02 1.845503449440002441e-01 1.016812212765216827e-02 1.039163302630186081e-02 2.830772995948791504e-01 1.638412922620773315e-01
1.545780003070831299e-01 2.671744115650653839e-02 1.506201457232236862e-02 2.037343569099903107e-02 2.057686634361743927e-02 1.845503449440002441e-01 1.016812212765216827e-02 1.039163302630186081e-02 2.830772995948791504e-01 1.638412922620773315e-01
1.545780003070831299e-01 2.671744115650653839e-02 1.141456142067909241e-02 1.863675191998481750e-02 2.057686634361743927e-02 1.845503449440002441e-01 1.329228002578020096e-02 1.039163302630186081e-02 2.830772995948791504e-01 1.638412922620773315e-01
1.545780003070831299e-01 2.671744115650653839e-02 1.141456142067909241e-02 1.863675191998481750e-02 2.057686634361743927e-02 1.845503449440002441e-01 1.329228002578020096e-02 1.039163302630186081e-02 2.830772995948791504e-01 1.638412922620773315e-01
1.545780003070831299e-01 2.671744115650653839e-02 1.141456142067909241e-02 1.863675191998481750e-02 2.057686634361743927e-02 1.845503449440002441e-01 1.329228002578020096e-02 1.039163302630186081e-02 8.916854113340377808e-02 1.638412922620773315e-01
1.545780003070831299e-01 2.671744115650653839e-02 1.141456142067909241e-02 1.863675191998481750e-02 2.057686634361743927e-02 1.845503449440002441e-01 1.329228002578020096e-02 1.039163302630186081e-02 8.916854113340377808e-02 1.638412922620773315e-01
1.545780003070831299e-01 2.671744115650653839e-02 3.226607292890548706e-02 1.863675191998481750e-02 2.057686634361743927e-02 1.845503449440002441e-01 4.659129306674003601e-02 2.850273624062538147e-02 8.916854113340377808e-02 1.638412922620773315e-01
1.545780003070831299e-01 7.961675524711608887e-02 3.226607292890548706e-02 1.863675191998481750e-02 2.057686634361743927e-02 1.845503449440002441e-01 7.589471060782670975e-03 2.850273624062538147e-02 8.916854113340377808e-02 1.638412922620773315e-01
1.545780003070831299e-01 7.961675524711608887e-02 3.226607292890548706e-02 1.863675191998481750e-02 2.057686634361743927e-02 1.845503449440002441e-01 5.797802470624446869e-03 2.850273624062538147e-02 8.916854113340377808e-02 1.638412922620773315e-01
1.545780003070831299e-01 7.961675524711608887e-02 3.226607292890548706e-02 1.863675191998481750e-02 2.057686634361743927e-02 1.845503449440002441e-01 7.589471060782670975e-03 2.850273624062538147e-02 8.916854113340377808e-02 1.638412922620773315e-01
1.545780003070831299e-01 2.671744115650653839e-02 2.015079744160175323e-02 1.863675191998481750e-02 2.057686634361743927e-02 1.845503449440002441e-01 7.589471060782670975e-03 2.850273624062538147e-02 2.830772995948791504e-01 1.638412922620773315e-01
1.545780003070831299e-01 2.671744115650653839e-02 2.015079744160175323e-02 5.908415839076042175e-02 2.057686634361743927e-02 1.845503449440002441e-01 7.589471060782670975e-03 3.481990098953247070e-02 2.830772995948791504e-01 1.638412922620773315e-01
1.545780003070831299e-01 2.671744115650653839e-02 3.226607292890548706e-02 5.908415839076042175e-02 2.057686634361743927e-02 1.845503449440002441e-01 7.589471060782670975e-03 3.481990098953247070e-02 2.830772995948791504e-01 1.638412922620773315e-01
1.545780003070831299e-01 7.961675524711608887e-02 2.414591796696186066e-02 5.908415839076042175e-02 2.057686634361743927e-02 1.845503449440002441e-01 7.589471060782670975e-03 3.481990098953247070e-02 2.830772995948791504e-01 1.638412922620773315e-01
1.545780003070831299e-01 7.961675524711608887e-02 1.833964511752128601e-02 5.908415839076042175e-02 2.057686634361743927e-02 1.845503449440002441e-01 7.589471060782670975e-03 3.481990098953247070e-02 2.830772995948791504e-01 1.638412922620773315e-01
1.545780003070831299e-01 2.620307803153991699e-01 1.833964511752128601e-02 5.908415839076042175e-02 9.583666175603866577e-02 1.845503449440002441e-01 2.219349145889282227e-02 2.036920487880706787e-01 2.830772995948791504e-01 1.638412922620773315e-01
1.545780003070831299e-01 7.961675524711608887e-02 1.833964511752128601e-02 5.908415839076042175e-02 2.057686634361743927e-02 1.845503449440002441e-01 7.589471060782670975e-03 3.481990098953247070e-02 2.830772995948791504e-01 1.638412922620773315e-01
1.545780003070831299e-01 7.961675524711608887e-02 7.009919732809066772e-03 5.908415839076042175e-02 2.057686634361743927e-02 1.845503449440002441e-01 7.589471060782670975e-03 3.481990098953247070e-02 2.830772995948791504e-01 1.638412922620773315e-01
1.545780003070831299e-01 7.961675524711608887e-02 7.009919732809066772e-03 5.908415839076042175e-02 2.057686634361743927e-02 1.845503449440002441e-01 7.589471060782670975e-03 1.453571673482656479e-02 2.830772995948791504e-01 1.638412922620773315e-01
1.545780003070831299e-01 7.961675524711608887e-02 4.192372725810855627e-04 2.750649861991405487e-02 2.057686634361743927e-02 1.845503449440002441e-01 7.589471060782670975e-03 3.481990098953247070e-02 2.830772995948791504e-01 1.638412922620773315e-01
1.545780003070831299e-01 4.989706724882125854e-02 3.920063003897666931e-02 2.750649861991405487e-02 1.022791862487792969e-01 1.845503449440002441e-01 2.219349145889282227e-02 2.110940068960189819e-01 1.896633952856063843e-01 1.638412922620773315e-01
1.545780003070831299e-01 4.989706724882125854e-02 8.987706154584884644e-02 2.750649861991405487e-02 1.022791862487792969e-01 1.845503449440002441e-01 2.219349145889282227e-02 3.461695909500122070e-01 1.896633952856063843e-01 1.638412922620773315e-01
1.545780003070831299e-01 4.989706724882125854e-02 1.670371741056442261e-03 2.750649861991405487e-02 1.022791862487792969e-01 1.845503449440002441e-01 1.329228002578020096e-02 2.835796400904655457e-02 9.855820983648300171e-02 1.638412922620773315e-01
1.545780003070831299e-01 1.419952958822250366e-01 1.670371741056442261e-03 2.750649861991405487e-02 1.022791862487792969e-01 1.845503449440002441e-01 3.844481334090232849e-02 9.468262642621994019e-02 9.855820983648300171e-02 1.638412922620773315e-01
1.545780003070831299e-01 1.419952958822250366e-01 8.987706154584884644e-02 3.235522657632827759e-02 1.022791862487792969e-01 1.845503449440002441e-01 3.844481334090232849e-02 3.461695909500122070e-01 9.855820983648300171e-02 1.638412922620773315e-01
1.545780003070831299e-01 4.989706724882125854e-02 5.940290167927742004e-02 3.235522657632827759e-02 3.807222098112106323e-02 1.845503449440002441e-01 3.844481334090232849e-02 5.902416631579399109e-02 9.855820983648300171e-02 1.638412922620773315e-01
1.545780003070831299e-01 4.989706724882125854e-02 5.940290167927742004e-02 3.235522657632827759e-02 3.807222098112106323e-02 1.845503449440002441e-01 3.844481334090232849e-02 5.902416631579399109e-02 9.855820983648300171e-02 1.638412922620773315e-01
1.545780003070831299e-01 4.989706724882125854e-02 3.004025854170322418e-02 3.235522657632827759e-02 1.141167245805263519e-02 1.845503449440002441e-01 1.064407639205455780e-02 1.464237365871667862e-02 9.855820983648300171e-02 1.638412922620773315e-01
1.545780003070831299e-01 4.989706724882125854e-02 6.624604016542434692e-02 3.235522657632827759e-02 1.344024948775768280e-02 1.845503449440002441e-01 4.956037923693656921e-02 7.954002916812896729e-02 9.855820983648300171e-02 1.638412922620773315e-01
1.545780003070831299e-01 4.989706724882125854e-02 1.909717731177806854e-02 3.235522657632827759e-02 1.344024948775768280e-02 1.845503449440002441e-01 4.956037923693656921e-02 7.954002916812896729e-02 9.855820983648300171e-02 1.638412922620773315e-01
1.545780003070831299e-01 4.989706724882125854e-02 5.853963550180196762e-03 3.235522657632827759e-02 1.344024948775768280e-02 1.845503449440002441e-01 1.064407639205455780e-02 4.669478908181190491e-02 9.855820983648300171e-02 1.638412922620773315e-01
1.545780003070831299e-01 4.989706724882125854e-02 9.781644679605960846e-03 3.235522657632827759e-02 1.141167245805263519e-02 1.845503449440002441e-01 3.844481334090232849e-02 8.617135882377624512e-02 9.855820983648300171e-02 1.638412922620773315e-01
1.545780003070831299e-01 4.989706724882125854e-02 3.396994620561599731e-02 3.235522657632827759e-02 1.141167245805263519e-02 1.845503449440002441e-01 3.844481334090232849e-02 3.461695909500122070e-01 9.855820983648300171e-02 1.638412922620773315e-01
1.545780003070831299e-01 4.989706724882125854e-02 2.199385128915309906e-02 3.235522657632827759e-02 1.141167245805263519e-02 1.845503449440002441e-01 1.472846884280443192e-02 5.902416631579399109e-02 9.855820983648300171e-02 1.638412922620773315e-01
1.545780003070831299e-01 4.989706724882125854e-02 1.660416088998317719e-02 3.235522657632827759e-02 1.141167245805263519e-02 1.845503449440002441e-01 1.472846884280443192e-02 2.567623257637023926e-01 9.855820983648300171e-02 1.638412922620773315e-01
1.545780003070831299e-01 1.012663543224334717e-01 1.839762926101684570e-02 3.235522657632827759e-02 9.583666175603866577e-02 1.845503449440002441e-01 1.708926409482955933e-01 1.064777299761772156e-01 2.830772995948791504e-01 1.638412922620773315e-01
1.545780003070831299e-01 1.012663543224334717e-01 1.007136306725442410e-03 3.235522657632827759e-02 2.057686634361743927e-02 1.845503449440002441e-01 1.254210900515317917e-02 6.246203929185867310e-02 1.885222792625427246e-01 1.638412922620773315e-01
1.545780003070831299e-01 2.620307803153991699e-01 2.289860276505351067e-03 3.235522657632827759e-02 9.583666175603866577e-02 1.845503449440002441e-01 2.444337867200374603e-02 6.246203929185867310e-02 1.885222792625427246e-01 1.638412922620773315e-01
1.545780003070831299e-01 7.961675524711608887e-02 5.584856960922479630e-03 3.235522657632827759e-02 2.057686634361743927e-02 1.845503449440002441e-01 8.371534757316112518e-03 6.246203929185867310e-02 1.885222792625427246e-01 1.638412922620773315e-01
1.545780003070831299e-01 2.620307803153991699e-01 6.512857042253017426e-03 3.235522657632827759e-02 9.583666175603866577e-02 1.845503449440002441e-01 8.371534757316112518e-03 6.246203929185867310e-02 1.885222792625427246e-01 1.638412922620773315e-01
1.545780003070831299e-01 2.620307803153991699e-01 7.113159634172916412e-03 3.235522657632827759e-02 9.583666175603866577e-02 1.845503449440002441e-01 2.444337867200374603e-02 3.208323419094085693e-01 1.885222792625427246e-01 1.638412922620773315e-01
1.545780003070831299e-01 2.620307803153991699e-01 2.501900307834148407e-03 3.235522657632827759e-02 9.583666175603866577e-02 1.845503449440002441e-01 6.280586123466491699e-02 3.208323419094085693e-01 1.885222792625427246e-01 1.638412922620773315e-01
1.545780003070831299e-01 2.620307803153991699e-01 2.933974564075469971e-02 3.235522657632827759e-02 9.583666175603866577e-02 1.845503449440002441e-01 6.896485388278961182e-02 7.007023096084594727e-01 1.885222792625427246e-01 1.638412922620773315e-01
1.545780003070831299e-01 6.105797886848449707e-01 4.190091509371995926e-03 3.235522657632827759e-02 4.346304833889007568e-01 1.845503449440002441e-01 6.896485388278961182e-02 6.207413077354431152e-01 1.885222792625427246e-01 1.638412922620773315e-01
1.545780003070831299e-01 6.105797886848449707e-01 3.731466233730316162e-01 2.964022755622863770e-01 8.663842082023620605e-01 1.845503449440002441e-01 4.860374033451080322e-01 9.463300108909606934e-01 5.240464210510253906e-01 1.638412922620773315e-01
1.545780003070831299e-01 6.105797886848449707e-01 3.731466233730316162e-01 2.964022755622863770e-01 8.663842082023620605e-01 1.845503449440002441e-01 4.860374033451080322e-01 9.463300108909606934e-01 8.162046074867248535e-01 1.638412922620773315e-01
1.545780003070831299e-01 6.105797886848449707e-01 8.804051876068115234e-01 2.964022755622863770e-01 8.663842082023620605e-01 1.845503449440002441e-01 4.860374033451080322e-01 9.463300108909606934e-01 8.162046074867248535e-01 1.638412922620773315e-01
1.545780003070831299e-01 6.105797886848449707e-01 1.481653451919555664e-01 2.964022755622863770e-01 8.663842082023620605e-01 1.845503449440002441e-01 4.860374033451080322e-01 9.180129766464233398e-01 8.162046074867248535e-01 1.638412922620773315e-01
1.545780003070831299e-01 6.105797886848449707e-01 2.836557924747467041e-01 2.964022755622863770e-01 8.663842082023620605e-01 1.845503449440002441e-01 4.860374033451080322e-01 9.180129766464233398e-01 8.162046074867248535e-01 1.638412922620773315e-01
1.545780003070831299e-01 4.186944961547851562e-01 4.357600808143615723e-01 2.964022755622863770e-01 8.663842082023620605e-01 1.845503449440002441e-01 4.860374033451080322e-01 9.180129766464233398e-01 8.162046074867248535e-01 1.638412922620773315e-01
1.545780003070831299e-01 4.186944961547851562e-01 5.224265903234481812e-02 2.964022755622863770e-01 8.663842082023620605e-01 1.845503449440002441e-01 4.860374033451080322e-01 5.247180461883544922e-01 8.162046074867248535e-01 1.638412922620773315e-01
1.545780003070831299e-01 8.768460154533386230e-01 5.651471018791198730e-01 2.964022755622863770e-01 8.663842082023620605e-01 1.845503449440002441e-01 4.860374033451080322e-01 8.781855106353759766e-01 8.162046074867248535e-01 1.638412922620773315e-01
1.545780003070831299e-01 8.768460154533386230e-01 6.916232705116271973e-01 2.964022755622863770e-01 8.663842082023620605e-01 1.845503449440002441e-01 4.860374033451080322e-01 9.463300108909606934e-01 8.162046074867248535e-01 1.638412922620773315e-01
1.545780003070831299e-01 8.768460154533386230e-01 5.643849968910217285e-01 2.964022755622863770e-01 4.969328343868255615e-01 1.845503449440002441e-01 4.860374033451080322e-01 9.463300108909606934e-01 8.162046074867248535e-01 1.638412922620773315e-01
1.545780003070831299e-01 8.768460154533386230e-01 8.804051876068115234e-01 2.964022755622863770e-01 4.969328343868255615e-01 1.845503449440002441e-01 4.860374033451080322e-01 9.463300108909606934e-01 8.162046074867248535e-01 1.638412922620773315e-01
