8.065230250358581543e-01 5.000000000000000000e-01 1.790097057819366455e-01 1.806433051824569702e-01 3.930593430995941162e-01 3.893634378910064697e-01 7.021006941795349121e-01 5.346820950508117676e-01 3.554561138153076172e-01 3.458642959594726562e-02
8.065230250358581543e-01 5.000000000000000000e-01 1.790097057819366455e-01 1.806433051824569702e-01 3.930593430995941162e-01 3.893634378910064697e-01 3.573239445686340332e-01 1.776353418827056885e-01 3.554561138153076172e-01 4.170868080109357834e-03
8.065230250358581543e-01 5.000000000000000000e-01 1.790097057819366455e-01 1.806433051824569702e-01 3.930593430995941162e-01 3.893634378910064697e-01 2.845153808593750000e-01 5.346820950508117676e-01 3.554561138153076172e-01 1.374584734439849854e-01
8.065230250358581543e-01 5.000000000000000000e-01 1.790097057819366455e-01 1.806433051824569702e-01 3.930593430995941162e-01 3.893634378910064697e-01 2.777774035930633545e-01 5.346820950508117676e-01 3.554561138153076172e-01 2.796268761157989502e-01
8.065230250358581543e-01 5.000000000000000000e-01 1.790097057819366455e-01 1.806433051824569702e-01 3.930593430995941162e-01 3.893634378910064697e-01 1.578577756881713867e-01 5.346820950508117676e-01 1.422107517719268799e-01 3.891659155488014221e-02
2.633636295795440674e-01 1.703529208898544312e-01 1.790097057819366455e-01 1.806433051824569702e-01 3.930593430995941162e-01 3.893634378910064697e-01 4.557332992553710938e-01 1.776353418827056885e-01 1.589519232511520386e-01 2.283170260488986969e-02
2.633636295795440674e-01 5.000000000000000000e-01 1.790097057819366455e-01 1.806433051824569702e-01 3.930593430995941162e-01 3.893634378910064697e-01 1.003298163414001465e-01 1.776353418827056885e-01 1.589519232511520386e-01 5.770083665847778320e-01
2.633636295795440674e-01 5.000000000000000000e-01 1.790097057819366455e-01 1.806433051824569702e-01 3.930593430995941162e-01 3.893634378910064697e-01 2.450327575206756592e-01 1.776353418827056885e-01 1.641473621129989624e-01 1.747378259897232056e-01
2.633636295795440674e-01 1.703529208898544312e-01 1.790097057819366455e-01 1.806433051824569702e-01 3.930593430995941162e-01 3.893634378910064697e-01 1.909078359603881836e-01 1.776353418827056885e-01 1.580539941787719727e-01 7.403249144554138184e-01
8.065230250358581543e-01 1.703529208898544312e-01 1.790097057819366455e-01 1.806433051824569702e-01 3.930593430995941162e-01 3.893634378910064697e-01 7.729914188385009766e-01 1.776353418827056885e-01 1.422107517719268799e-01 2.399863116443157196e-02
8.065230250358581543e-01 1.703529208898544312e-01 1.790097057819366455e-01 1.806433051824569702e-01 3.161729276180267334e-01 3.893634378910064697e-01 7.886492609977722168e-01 1.776353418827056885e-01 5.580661818385124207e-02 1.853462457656860352e-01
8.065230250358581543e-01 1.703529208898544312e-01 1.790097057819366455e-01 1.806433051824569702e-01 3.161729276180267334e-01 3.893634378910064697e-01 2.157422341406345367e-02 1.776353418827056885e-01 5.580661818385124207e-02 8.702684193849563599e-03
8.065230250358581543e-01 1.703529208898544312e-01 1.790097057819366455e-01 1.806433051824569702e-01 3.161729276180267334e-01 3.893634378910064697e-01 1.966004073619842529e-01 1.776353418827056885e-01 5.580661818385124207e-02 1.927199661731719971e-01
8.065230250358581543e-01 5.000000000000000000e-01 1.790097057819366455e-01 1.806433051824569702e-01 3.161729276180267334e-01 3.893634378910064697e-01 6.218838095664978027e-01 1.776353418827056885e-01 1.643060892820358276e-01 1.148487776517868042e-01
8.065230250358581543e-01 5.000000000000000000e-01 1.790097057819366455e-01 1.806433051824569702e-01 3.930593430995941162e-01 3.893634378910064697e-01 1.280214190483093262e-01 1.776353418827056885e-01 1.643060892820358276e-01 2.688941359519958496e-01
2.633636295795440674e-01 5.000000000000000000e-01 1.790097057819366455e-01 1.806433051824569702e-01 3.930593430995941162e-01 3.893634378910064697e-01 1.072821989655494690e-01 1.406442224979400635e-01 4.851405024528503418e-01 7.142534852027893066e-02
8.065230250358581543e-01 5.000000000000000000e-01 1.790097057819366455e-01 1.806433051824569702e-01 3.930593430995941162e-01 3.893634378910064697e-01 3.935670480132102966e-02 1.406442224979400635e-01 4.851405024528503418e-01 2.015409432351589203e-02
2.633636295795440674e-01 1.703529208898544312e-01 1.790097057819366455e-01 1.806433051824569702e-01 3.930593430995941162e-01 3.893634378910064697e-01 5.206752941012382507e-02 1.776353418827056885e-01 5.376064032316207886e-02 7.613340020179748535e-02
2.633636295795440674e-01 5.000000000000000000e-01 1.790097057819366455e-01 1.806433051824569702e-01 3.930593430995941162e-01 3.893634378910064697e-01 2.837533056735992432e-01 1.776353418827056885e-01 3.951343894004821777e-01 2.887211441993713379e-01
2.633636295795440674e-01 5.000000000000000000e-01 1.790097057819366455e-01 1.806433051824569702e-01 3.930593430995941162e-01 3.893634378910064697e-01 2.072550654411315918e-01 1.776353418827056885e-01 3.951343894004821777e-01 6.684280037879943848e-01
2.633636295795440674e-01 5.000000000000000000e-01 1.790097057819366455e-01 1.806433051824569702e-01 3.930593430995941162e-01 3.893634378910064697e-01 1.874416694045066833e-02 1.776353418827056885e-01 3.951343894004821777e-01 9.024571627378463745e-02
2.633636295795440674e-01 5.000000000000000000e-01 1.790097057819366455e-01 1.806433051824569702e-01 3.930593430995941162e-01 3.893634378910064697e-01 1.005692500621080399e-02 1.776353418827056885e-01 1.589519232511520386e-01 1.391996163874864578e-02
2.633636295795440674e-01 5.000000000000000000e-01 1.790097057819366455e-01 1.806433051824569702e-01 3.930593430995941162e-01 3.893634378910064697e-01 1.957033723592758179e-01 1.776353418827056885e-01 5.376064032316207886e-02 7.075369358062744141e-02
2.633636295795440674e-01 1.703529208898544312e-01 1.790097057819366455e-01 1.806433051824569702e-01 3.930593430995941162e-01 3.893634378910064697e-01 8.272630572319030762e-01 1.776353418827056885e-01 5.376064032316207886e-02 1.921382099390029907e-01
8.065230250358581543e-01 1.703529208898544312e-01 1.790097057819366455e-01 1.806433051824569702e-01 3.930593430995941162e-01 3.893634378910064697e-01 6.344699263572692871e-01 8.218367695808410645e-01 5.376064032316207886e-02 1.755900084972381592e-01
2.633636295795440674e-01 5.660045146942138672e-01 3.466499447822570801e-01 4.455448091030120850e-01 2.252574265003204346e-01 4.880028963088989258e-01 1.371274292469024658e-01 4.509829580783843994e-01 5.141022205352783203e-01 3.785058557987213135e-01
8.065230250358581543e-01 1.703529208898544312e-01 1.790097057819366455e-01 1.806433051824569702e-01 3.161729276180267334e-01 3.893634378910064697e-01 6.527696251869201660e-01 1.776353418827056885e-01 1.146041154861450195e-01 8.033975213766098022e-02
8.065230250358581543e-01 3.015373051166534424e-01 1.790097057819366455e-01 1.806433051824569702e-01 3.161729276180267334e-01 3.893634378910064697e-01 2.588771879673004150e-01 2.815229296684265137e-01 1.696412265300750732e-01 8.699511736631393433e-02
2.108196467161178589e-01 5.660045146942138672e-01 3.466499447822570801e-01 4.455448091030120850e-01 2.252574265003204346e-01 4.880028963088989258e-01 6.566610336303710938e-01 5.984068512916564941e-01 5.239664912223815918e-01 3.900907039642333984e-01
2.108196467161178589e-01 7.349714040756225586e-01 3.466499447822570801e-01 4.455448091030120850e-01 4.654420912265777588e-01 4.880028963088989258e-01 3.490477204322814941e-01 5.984068512916564941e-01 9.025828838348388672e-01 4.161449372768402100e-01
2.108196467161178589e-01 4.854908585548400879e-01 3.466499447822570801e-01 6.778693795204162598e-01 2.252574265003204346e-01 4.880028963088989258e-01 4.720148742198944092e-01 8.518505692481994629e-01 8.007847070693969727e-01 2.198697030544281006e-01
5.041791796684265137e-01 8.016750812530517578e-01 3.466499447822570801e-01 6.778693795204162598e-01 7.727654576301574707e-01 4.880028963088989258e-01 9.471039772033691406e-01 5.984068512916564941e-01 5.210598111152648926e-01 5.665953755378723145e-01
5.041791796684265137e-01 2.535082995891571045e-01 3.466499447822570801e-01 6.778693795204162598e-01 2.252574265003204346e-01 4.880028963088989258e-01 9.132227897644042969e-01 5.984068512916564941e-01 8.007847070693969727e-01 8.349922895431518555e-01
2.108196467161178589e-01 4.854908585548400879e-01 3.466499447822570801e-01 6.778693795204162598e-01 2.252574265003204346e-01 4.880028963088989258e-01 8.495939970016479492e-01 8.518505692481994629e-01 8.007847070693969727e-01 9.883211255073547363e-01
2.108196467161178589e-01 8.016750812530517578e-01 3.466499447822570801e-01 6.778693795204162598e-01 2.252574265003204346e-01 4.880028963088989258e-01 4.758183956146240234e-01 8.518505692481994629e-01 8.007847070693969727e-01 5.813015699386596680e-01
2.108196467161178589e-01 6.306777596473693848e-01 3.466499447822570801e-01 6.778693795204162598e-01 7.727654576301574707e-01 4.880028963088989258e-01 8.323054909706115723e-01 5.484972596168518066e-01 6.963695287704467773e-01 8.758109807968139648e-01
4.360693097114562988e-01 8.016750812530517578e-01 3.466499447822570801e-01 6.778693795204162598e-01 4.739370346069335938e-01 4.880028963088989258e-01 1.272865086793899536e-01 5.484972596168518066e-01 1.701610535383224487e-01 1.336210370063781738e-01
2.108196467161178589e-01 5.660045146942138672e-01 5.604172348976135254e-01 3.761342167854309082e-01 4.739370346069335938e-01 4.880028963088989258e-01 8.864837884902954102e-01 3.618935048580169678e-01 3.777558505535125732e-01 2.341578602790832520e-01
2.108196467161178589e-01 5.660045146942138672e-01 5.604172348976135254e-01 3.761342167854309082e-01 4.739370346069335938e-01 4.640638828277587891e-01 8.645526170730590820e-01 1.928959935903549194e-01 1.162170991301536560e-01 8.607945442199707031e-01
4.360693097114562988e-01 8.016750812530517578e-01 3.466499447822570801e-01 3.761342167854309082e-01 2.252574265003204346e-01 8.312177658081054688e-01 1.838833987712860107e-01 1.928959935903549194e-01 1.162170991301536560e-01 2.904294431209564209e-02
2.108196467161178589e-01 8.016750812530517578e-01 6.553961634635925293e-01 3.761342167854309082e-01 2.252574265003204346e-01 6.553961634635925293e-01 6.907766461372375488e-01 1.928959935903549194e-01 1.162170991301536560e-01 4.678712412714958191e-02
4.360693097114562988e-01 8.016750812530517578e-01 6.553961634635925293e-01 6.778693795204162598e-01 2.252574265003204346e-01 6.553961634635925293e-01 9.768183529376983643e-02 3.699097037315368652e-01 1.152963712811470032e-01 1.561209708452224731e-01
2.108196467161178589e-01 3.036906123161315918e-01 8.292729258537292480e-01 6.224569678306579590e-01 6.224569678306579590e-01 8.312177658081054688e-01 1.057919561862945557e-01 6.450625658035278320e-01 1.152963712811470032e-01 1.880101412534713745e-01
4.360693097114562988e-01 3.706565797328948975e-01 8.292729258537292480e-01 8.171024322509765625e-01 8.171024322509765625e-01 8.312177658081054688e-01 8.780659437179565430e-01 5.648759007453918457e-01 1.152963712811470032e-01 9.785761125385761261e-03
4.360693097114562988e-01 3.706565797328948975e-01 8.292729258537292480e-01 6.224569678306579590e-01 6.224569678306579590e-01 8.312177658081054688e-01 9.725845456123352051e-01 4.252418279647827148e-01 3.024117648601531982e-01 7.655733227729797363e-01
8.391679525375366211e-01 3.706565797328948975e-01 4.591839909553527832e-01 8.171024322509765625e-01 8.171024322509765625e-01 4.640638828277587891e-01 7.469455599784851074e-01 6.633577346801757812e-01 3.024117648601531982e-01 1.630021631717681885e-01
5.408160090446472168e-01 3.706565797328948975e-01 8.292729258537292480e-01 4.559982717037200928e-01 4.640638828277587891e-01 8.312177658081054688e-01 5.069127678871154785e-01 3.813076913356781006e-01 5.717703700065612793e-01 6.218898296356201172e-01
5.408160090446472168e-01 3.706565797328948975e-01 4.591839909553527832e-01 6.224569678306579590e-01 6.224569678306579590e-01 4.640638828277587891e-01 5.892406702041625977e-01 3.276991844177246094e-01 7.892596125602722168e-01 1.143954321742057800e-01
5.408160090446472168e-01 3.706565797328948975e-01 8.292729258537292480e-01 4.559982717037200928e-01 4.640638828277587891e-01 8.312177658081054688e-01 6.815003156661987305e-01 6.022132635116577148e-01 7.892596125602722168e-01 3.408911824226379395e-01
6.361304521560668945e-01 7.956258058547973633e-01 3.466499447822570801e-01 8.171024322509765625e-01 8.171024322509765625e-01 6.553961634635925293e-01 8.217067718505859375e-01 5.648759007453918457e-01 7.892596125602722168e-01 2.370574474334716797e-01
6.361304521560668945e-01 3.706565797328948975e-01 3.466499447822570801e-01 8.171024322509765625e-01 8.171024322509765625e-01 4.880028963088989258e-01 6.579989790916442871e-01 8.287779092788696289e-01 9.045539498329162598e-01 7.930756211280822754e-01
6.361304521560668945e-01 3.706565797328948975e-01 3.466499447822570801e-01 8.171024322509765625e-01 8.171024322509765625e-01 3.781598508358001709e-01 9.833031296730041504e-01 5.648759007453918457e-01 9.045539498329162598e-01 8.473827838897705078e-01
6.361304521560668945e-01 3.706565797328948975e-01 3.466499447822570801e-01 8.171024322509765625e-01 8.171024322509765625e-01 4.880028963088989258e-01 8.104745745658874512e-01 9.527859091758728027e-01 9.491679668426513672e-01 8.120374679565429688e-01
8.391679525375366211e-01 3.706565797328948975e-01 5.604172348976135254e-01 6.778693795204162598e-01 7.727654576301574707e-01 4.880028963088989258e-01 8.150743246078491211e-01 9.527859091758728027e-01 6.391833424568176270e-01 4.996488094329833984e-01
8.391679525375366211e-01 8.016750812530517578e-01 5.604172348976135254e-01 6.778693795204162598e-01 4.739370346069335938e-01 4.880028963088989258e-01 1.069188788533210754e-01 9.042583703994750977e-01 3.870880901813507080e-01 8.536415100097656250e-01
8.391679525375366211e-01 8.003624081611633301e-01 5.604172348976135254e-01 3.761342167854309082e-01 4.739370346069335938e-01 4.880028963088989258e-01 9.035913944244384766e-01 9.042583703994750977e-01 3.870880901813507080e-01 9.197918176651000977e-01
2.108196467161178589e-01 6.306777596473693848e-01 5.604172348976135254e-01 6.778693795204162598e-01 4.739370346069335938e-01 4.880028963088989258e-01 9.443785548210144043e-01 7.099422216415405273e-01 8.409243226051330566e-01 9.165505766868591309e-01
5.041791796684265137e-01 2.535082995891571045e-01 5.604172348976135254e-01 3.761342167854309082e-01 4.739370346069335938e-01 6.938479542732238770e-01 6.533008217811584473e-01 1.360350102186203003e-01 2.305251210927963257e-01 3.422619104385375977e-01
5.041791796684265137e-01 5.660045146942138672e-01 3.466499447822570801e-01 3.761342167854309082e-01 2.252574265003204346e-01 4.880028963088989258e-01 9.017472267150878906e-01 1.360350102186203003e-01 2.305251210927963257e-01 7.542334794998168945e-01
4.360693097114562988e-01 8.016750812530517578e-01 3.466499447822570801e-01 3.761342167854309082e-01 4.654420912265777588e-01 3.781598508358001709e-01 4.018755257129669189e-02 3.699097037315368652e-01 5.253702402114868164e-01 1.022958382964134216e-01
2.108196467161178589e-01 8.016750812530517578e-01 3.466499447822570801e-01 6.778693795204162598e-01 2.252574265003204346e-01 3.781598508358001709e-01 3.211720287799835205e-01 3.779493272304534912e-01 2.305251210927963257e-01 3.114232122898101807e-01
4.360693097114562988e-01 5.660045146942138672e-01 3.466499447822570801e-01 3.761342167854309082e-01 2.252574265003204346e-01 8.312177658081054688e-01 2.885211706161499023e-01 3.699097037315368652e-01 2.305251210927963257e-01 5.925189256668090820e-01
2.108196467161178589e-01 8.016750812530517578e-01 3.466499447822570801e-01 3.761342167854309082e-01 2.252574265003204346e-01 6.553961634635925293e-01 8.802611827850341797e-01 3.618935048580169678e-01 3.870880901813507080e-01 1.894754916429519653e-01
4.360693097114562988e-01 5.660045146942138672e-01 8.292729258537292480e-01 3.761342167854309082e-01 4.739370346069335938e-01 8.312177658081054688e-01 7.251088619232177734e-01 3.618935048580169678e-01 3.870880901813507080e-01 2.625543177127838135e-01
2.108196467161178589e-01 3.036906123161315918e-01 8.292729258537292480e-01 3.761342167854309082e-01 4.739370346069335938e-01 8.312177658081054688e-01 7.737606763839721680e-01 3.699097037315368652e-01 4.776582717895507812e-01 4.379036128520965576e-01
2.108196467161178589e-01 3.036906123161315918e-01 3.466499447822570801e-01 8.171024322509765625e-01 8.171024322509765625e-01 6.553961634635925293e-01 6.156291961669921875e-01 8.287779092788696289e-01 4.776582717895507812e-01 3.066658740863204002e-03
4.360693097114562988e-01 7.956258058547973633e-01 3.466499447822570801e-01 8.171024322509765625e-01 8.171024322509765625e-01 8.312177658081054688e-01 2.367339283227920532e-01 5.648759007453918457e-01 2.864212095737457275e-01 5.465695858001708984e-01
2.108196467161178589e-01 7.956258058547973633e-01 3.466499447822570801e-01 8.171024322509765625e-01 8.171024322509765625e-01 8.312177658081054688e-01 1.354831755161285400e-01 5.648759007453918457e-01 2.864212095737457275e-01 8.613190054893493652e-02
5.408160090446472168e-01 7.956258058547973633e-01 3.466499447822570801e-01 6.224569678306579590e-01 6.224569678306579590e-01 8.312177658081054688e-01 7.790955901145935059e-01 3.276991844177246094e-01 4.776582717895507812e-01 9.381529092788696289e-01
5.408160090446472168e-01 7.956258058547973633e-01 3.466499447822570801e-01 6.224569678306579590e-01 6.224569678306579590e-01 4.640638828277587891e-01 4.931391030550003052e-02 6.450625658035278320e-01 4.776582717895507812e-01 3.418892249464988708e-02
5.408160090446472168e-01 7.956258058547973633e-01 4.591839909553527832e-01 4.559982717037200928e-01 4.640638828277587891e-01 4.640638828277587891e-01 8.008420467376708984e-01 3.147748410701751709e-01 4.776582717895507812e-01 9.519436955451965332e-02
5.408160090446472168e-01 3.706565797328948975e-01 4.591839909553527832e-01 4.559982717037200928e-01 4.640638828277587891e-01 4.640638828277587891e-01 3.516378998756408691e-01 3.147748410701751709e-01 2.864212095737457275e-01 7.998573593795299530e-03
6.361304521560668945e-01 7.956258058547973633e-01 4.591839909553527832e-01 4.559982717037200928e-01 4.640638828277587891e-01 4.640638828277587891e-01 3.100036084651947021e-01 3.147748410701751709e-01 2.864212095737457275e-01 3.173253834247589111e-01
5.408160090446472168e-01 7.956258058547973633e-01 6.553961634635925293e-01 4.559982717037200928e-01 4.640638828277587891e-01 6.553961634635925293e-01 7.430005073547363281e-01 6.022132635116577148e-01 2.864212095737457275e-01 4.037055373191833496e-01
5.408160090446472168e-01 7.956258058547973633e-01 4.591839909553527832e-01 6.224569678306579590e-01 6.224569678306579590e-01 4.640638828277587891e-01 4.198892787098884583e-02 8.834087252616882324e-01 6.584407091140747070e-01 5.868416428565979004e-01
8.391679525375366211e-01 7.956258058547973633e-01 3.466499447822570801e-01 4.559982717037200928e-01 4.640638828277587891e-01 3.781598508358001709e-01 2.091548740863800049e-01 6.569694280624389648e-01 8.694005608558654785e-01 6.884959340095520020e-02
6.361304521560668945e-01 7.956258058547973633e-01 3.466499447822570801e-01 4.559982717037200928e-01 4.640638828277587891e-01 3.781598508358001709e-01 6.702152639627456665e-02 6.022132635116577148e-01 7.892596125602722168e-01 3.951451182365417480e-02
6.361304521560668945e-01 7.956258058547973633e-01 3.466499447822570801e-01 8.171024322509765625e-01 8.171024322509765625e-01 3.781598508358001709e-01 3.972193896770477295e-01 5.648759007453918457e-01 5.231266617774963379e-01 8.891062140464782715e-01
8.391679525375366211e-01 7.956258058547973633e-01 3.466499447822570801e-01 8.171024322509765625e-01 8.171024322509765625e-01 3.781598508358001709e-01 9.740575551986694336e-01 5.648759007453918457e-01 8.864717185497283936e-02 6.926460266113281250e-01
6.361304521560668945e-01 3.706565797328948975e-01 3.466499447822570801e-01 6.778693795204162598e-01 7.727654576301574707e-01 4.880028963088989258e-01 9.850776195526123047e-01 1.928959935903549194e-01 8.990527391433715820e-01 7.567899823188781738e-01
8.391679525375366211e-01 3.036906123161315918e-01 3.466499447822570801e-01 6.778693795204162598e-01 4.654420912265777588e-01 4.880028963088989258e-01 4.268844127655029297e-01 3.779493272304534912e-01 2.643755078315734863e-01 4.617902338504791260e-01
8.391679525375366211e-01 8.016750812530517578e-01 3.466499447822570801e-01 6.778693795204162598e-01 2.252574265003204346e-01 4.880028963088989258e-01 1.209204569458961487e-01 8.518505692481994629e-01 7.067863345146179199e-01 1.812212914228439331e-02
2.108196467161178589e-01 2.535082995891571045e-01 3.466499447822570801e-01 3.761342167854309082e-01 7.727654576301574707e-01 4.880028963088989258e-01 2.507568895816802979e-01 5.984068512916564941e-01 7.067863345146179199e-01 1.050185635685920715e-01
2.108196467161178589e-01 6.306777596473693848e-01 3.466499447822570801e-01 3.761342167854309082e-01 2.252574265003204346e-01 4.880028963088989258e-01 3.802546262741088867e-01 1.928959935903549194e-01 1.122195869684219360e-01 9.443014860153198242e-02
2.108196467161178589e-01 8.016750812530517578e-01 3.466499447822570801e-01 3.761342167854309082e-01 2.252574265003204346e-01 3.781598508358001709e-01 2.033415436744689941e-01 1.360350102186203003e-01 4.094695672392845154e-02 1.500036418437957764e-01
4.360693097114562988e-01 8.016750812530517578e-01 3.466499447822570801e-01 3.761342167854309082e-01 2.252574265003204346e-01 4.880028963088989258e-01 2.081913799047470093e-01 1.928959935903549194e-01 4.094695672392845154e-02 2.144342362880706787e-01
2.108196467161178589e-01 6.306777596473693848e-01 3.466499447822570801e-01 6.778693795204162598e-01 2.252574265003204346e-01 3.781598508358001709e-01 7.631334662437438965e-02 1.928959935903549194e-01 4.094695672392845154e-02 1.694082915782928467e-01
4.360693097114562988e-01 8.016750812530517578e-01 3.466499447822570801e-01 6.778693795204162598e-01 2.252574265003204346e-01 3.781598508358001709e-01 5.834688991308212280e-02 1.928959935903549194e-01 4.094695672392845154e-02 7.273341417312622070e-01
4.360693097114562988e-01 8.016750812530517578e-01 3.466499447822570801e-01 3.761342167854309082e-01 2.252574265003204346e-01 4.640638828277587891e-01 5.355446338653564453e-01 1.928959935903549194e-01 4.094695672392845154e-02 1.155722886323928833e-02
2.108196467161178589e-01 8.016750812530517578e-01 3.466499447822570801e-01 3.761342167854309082e-01 2.252574265003204346e-01 4.880028963088989258e-01 5.192161798477172852e-01 1.928959935903549194e-01 4.094695672392845154e-02 1.392418593168258667e-01
4.360693097114562988e-01 5.660045146942138672e-01 3.466499447822570801e-01 3.761342167854309082e-01 2.252574265003204346e-01 3.781598508358001709e-01 9.671038985252380371e-01 1.928959935903549194e-01 4.094695672392845154e-02 2.185606509447097778e-01
2.108196467161178589e-01 3.036906123161315918e-01 3.466499447822570801e-01 6.778693795204162598e-01 2.252574265003204346e-01 4.880028963088989258e-01 6.567690968513488770e-01 1.360350102186203003e-01 7.716215252876281738e-01 5.145475268363952637e-01
2.108196467161178589e-01 3.036906123161315918e-01 3.466499447822570801e-01 8.171024322509765625e-01 8.171024322509765625e-01 4.880028963088989258e-01 1.502600461244583130e-01 5.648759007453918457e-01 2.305251210927963257e-01 7.699348330497741699e-01
2.108196467161178589e-01 3.706565797328948975e-01 3.466499447822570801e-01 6.778693795204162598e-01 7.727654576301574707e-01 4.880028963088989258e-01 1.570603102445602417e-01 1.360350102186203003e-01 2.305251210927963257e-01 7.018425464630126953e-01
2.108196467161178589e-01 3.036906123161315918e-01 3.466499447822570801e-01 6.778693795204162598e-01 4.654420912265777588e-01 4.880028963088989258e-01 2.632369846105575562e-02 1.928959935903549194e-01 2.305251210927963257e-01 9.253164753317832947e-03
5.408160090446472168e-01 3.036906123161315918e-01 3.466499447822570801e-01 3.761342167854309082e-01 2.252574265003204346e-01 4.880028963088989258e-01 2.412584424018859863e-01 3.699097037315368652e-01 5.210598111152648926e-01 4.026776552200317383e-01
2.108196467161178589e-01 3.036906123161315918e-01 3.466499447822570801e-01 3.761342167854309082e-01 2.252574265003204346e-01 4.880028963088989258e-01 3.652357161045074463e-01 2.815229296684265137e-01 5.210598111152648926e-01 1.609532833099365234e-01
2.108196467161178589e-01 3.036906123161315918e-01 3.466499447822570801e-01 3.761342167854309082e-01 2.252574265003204346e-01 4.880028963088989258e-01 3.675309419631958008e-01 3.699097037315368652e-01 1.162170991301536560e-01 1.401367336511611938e-01
4.360693097114562988e-01 3.036906123161315918e-01 3.466499447822570801e-01 3.761342167854309082e-01 2.252574265003204346e-01 6.553961634635925293e-01 3.521220684051513672e-01 1.360350102186203003e-01 1.162170991301536560e-01 1.921373009681701660e-01
5.041791796684265137e-01 3.036906123161315918e-01 3.466499447822570801e-01 3.761342167854309082e-01 2.252574265003204346e-01 8.312177658081054688e-01 4.428406357765197754e-01 3.699097037315368652e-01 2.305251210927963257e-01 5.735228583216667175e-02
5.041791796684265137e-01 3.036906123161315918e-01 3.466499447822570801e-01 3.761342167854309082e-01 4.654420912265777588e-01 6.553961634635925293e-01 1.421712636947631836e-01 1.360350102186203003e-01 1.162170991301536560e-01 5.831929296255111694e-02
4.360693097114562988e-01 3.036906123161315918e-01 8.292729258537292480e-01 3.761342167854309082e-01 2.252574265003204346e-01 8.312177658081054688e-01 9.909524917602539062e-01 1.360350102186203003e-01 4.776582717895507812e-01 2.359554022550582886e-01
2.108196467161178589e-01 3.036906123161315918e-01 3.466499447822570801e-01 3.761342167854309082e-01 2.252574265003204346e-01 8.312177658081054688e-01 6.840400695800781250e-01 6.450625658035278320e-01 4.776582717895507812e-01 5.092999935150146484e-01
2.108196467161178589e-01 3.706565797328948975e-01 4.591839909553527832e-01 6.224569678306579590e-01 6.224569678306579590e-01 4.640638828277587891e-01 3.845230638980865479e-01 6.371128559112548828e-01 6.584407091140747070e-01 8.930380940437316895e-01
2.108196467161178589e-01 7.956258058547973633e-01 8.292729258537292480e-01 4.559982717037200928e-01 4.640638828277587891e-01 8.312177658081054688e-01 8.968276381492614746e-01 5.939079523086547852e-01 6.584407091140747070e-01 3.152254521846771240e-01
4.360693097114562988e-01 3.706565797328948975e-01 8.292729258537292480e-01 8.171024322509765625e-01 8.171024322509765625e-01 8.312177658081054688e-01 2.181056886911392212e-01 8.238191008567810059e-01 6.836835145950317383e-01 3.989029675722122192e-03
8.391679525375366211e-01 3.706565797328948975e-01 8.292729258537292480e-01 8.171024322509765625e-01 8.171024322509765625e-01 8.312177658081054688e-01 9.154493808746337891e-01 5.648759007453918457e-01 3.146153986454010010e-01 3.189710974693298340e-01
6.361304521560668945e-01 3.706565797328948975e-01 3.466499447822570801e-01 8.171024322509765625e-01 8.171024322509765625e-01 6.553961634635925293e-01 3.618032336235046387e-01 6.633577346801757812e-01 1.152963712811470032e-01 6.201564073562622070e-01
6.361304521560668945e-01 3.706565797328948975e-01 3.466499447822570801e-01 8.171024322509765625e-01 8.171024322509765625e-01 8.312177658081054688e-01 3.056379966437816620e-02 9.247304201126098633e-01 8.990527391433715820e-01 1.298223435878753662e-01
8.391679525375366211e-01 3.706565797328948975e-01 3.466499447822570801e-01 8.171024322509765625e-01 8.171024322509765625e-01 8.312177658081054688e-01 8.264489173889160156e-01 9.247304201126098633e-01 7.149081230163574219e-01 7.225643843412399292e-02
8.391679525375366211e-01 3.706565797328948975e-01 3.466499447822570801e-01 8.171024322509765625e-01 8.171024322509765625e-01 8.312177658081054688e-01 5.376373529434204102e-01 9.247304201126098633e-01 8.755264282226562500e-01 8.273695707321166992e-01
8.391679525375366211e-01 3.706565797328948975e-01 3.466499447822570801e-01 8.171024322509765625e-01 8.171024322509765625e-01 8.312177658081054688e-01 1.348771750926971436e-01 5.648759007453918457e-01 8.755264282226562500e-01 2.583867311477661133e-01
8.391679525375366211e-01 3.706565797328948975e-01 3.466499447822570801e-01 6.778693795204162598e-01 2.252574265003204346e-01 8.312177658081054688e-01 7.087191343307495117e-01 8.287779092788696289e-01 4.776582717895507812e-01 4.167852401733398438e-01
6.361304521560668945e-01 3.036906123161315918e-01 8.292729258537292480e-01 3.761342167854309082e-01 2.252574265003204346e-01 8.312177658081054688e-01 6.463030576705932617e-01 8.287779092788696289e-01 4.776582717895507812e-01 1.013069413602352142e-02
8.391679525375366211e-01 3.036906123161315918e-01 8.292729258537292480e-01 8.171024322509765625e-01 8.171024322509765625e-01 8.312177658081054688e-01 6.353207230567932129e-01 5.648759007453918457e-01 4.776582717895507812e-01 2.438000030815601349e-02
5.041791796684265137e-01 7.956258058547973633e-01 3.466499447822570801e-01 8.171024322509765625e-01 8.171024322509765625e-01 8.312177658081054688e-01 7.433544397354125977e-01 5.648759007453918457e-01 4.776582717895507812e-01 5.035325884819030762e-01
5.041791796684265137e-01 7.956258058547973633e-01 3.466499447822570801e-01 8.171024322509765625e-01 8.171024322509765625e-01 6.553961634635925293e-01 6.196627616882324219e-01 8.287779092788696289e-01 7.716215252876281738e-01 4.365327954292297363e-01
8.391679525375366211e-01 7.956258058547973633e-01 3.466499447822570801e-01 8.171024322509765625e-01 8.171024322509765625e-01 8.312177658081054688e-01 4.114019870758056641e-01 5.648759007453918457e-01 4.776582717895507812e-01 2.717573940753936768e-01
8.391679525375366211e-01 7.956258058547973633e-01 3.466499447822570801e-01 8.171024322509765625e-01 8.171024322509765625e-01 8.312177658081054688e-01 9.541523456573486328e-01 9.527859091758728027e-01 9.491679668426513672e-01 2.243564575910568237e-01
6.361304521560668945e-01 3.706565797328948975e-01 5.604172348976135254e-01 8.171024322509765625e-01 8.171024322509765625e-01 8.312177658081054688e-01 6.197140812873840332e-01 9.527859091758728027e-01 8.439271450042724609e-01 1.183769945055246353e-02
6.361304521560668945e-01 3.706565797328948975e-01 5.604172348976135254e-01 8.171024322509765625e-01 8.171024322509765625e-01 4.880028963088989258e-01 8.226658701896667480e-01 9.527859091758728027e-01 6.584407091140747070e-01 9.957262277603149414e-01
8.391679525375366211e-01 3.706565797328948975e-01 5.604172348976135254e-01 8.171024322509765625e-01 8.171024322509765625e-01 4.880028963088989258e-01 9.754101037979125977e-01 9.527859091758728027e-01 6.584407091140747070e-01 3.990715146064758301e-01
8.391679525375366211e-01 3.706565797328948975e-01 5.604172348976135254e-01 8.171024322509765625e-01 8.171024322509765625e-01 3.781598508358001709e-01 4.437182843685150146e-01 9.527859091758728027e-01 6.584407091140747070e-01 7.555764913558959961e-01
8.391679525375366211e-01 7.956258058547973633e-01 5.604172348976135254e-01 3.761342167854309082e-01 4.654420912265777588e-01 3.781598508358001709e-01 9.904819130897521973e-01 9.527859091758728027e-01 3.870880901813507080e-01 3.157888352870941162e-01
6.361304521560668945e-01 3.036906123161315918e-01 5.604172348976135254e-01 3.761342167854309082e-01 4.739370346069335938e-01 8.312177658081054688e-01 9.375883936882019043e-01 7.099422216415405273e-01 2.662480473518371582e-01 4.805379211902618408e-01
8.391679525375366211e-01 3.036906123161315918e-01 5.604172348976135254e-01 3.761342167854309082e-01 4.739370346069335938e-01 8.312177658081054688e-01 5.837588906288146973e-01 7.099422216415405273e-01 3.870880901813507080e-01 3.981950134038925171e-02
2.108196467161178589e-01 3.036906123161315918e-01 5.604172348976135254e-01 3.761342167854309082e-01 4.739370346069335938e-01 8.312177658081054688e-01 8.603663444519042969e-01 7.099422216415405273e-01 3.870880901813507080e-01 2.510904967784881592e-01
5.041791796684265137e-01 3.036906123161315918e-01 5.604172348976135254e-01 3.761342167854309082e-01 4.739370346069335938e-01 6.553961634635925293e-01 1.719466000795364380e-01 1.360350102186203003e-01 4.776582717895507812e-01 9.578967094421386719e-01
5.041791796684265137e-01 3.036906123161315918e-01 3.466499447822570801e-01 8.171024322509765625e-01 8.171024322509765625e-01 6.553961634635925293e-01 6.767860651016235352e-01 5.648759007453918457e-01 4.776582717895507812e-01 2.452156543731689453e-01
