2.580543234944343567e-02 3.793727457523345947e-01 5.000000000000000000e-01 5.402670502662658691e-01 3.437034487724304199e-01 2.963252961635589600e-01 3.590941727161407471e-01 5.008173584938049316e-01 4.976835250854492188e-01 4.634464085102081299e-01
2.580543234944343567e-02 3.793727457523345947e-01 5.000000000000000000e-01 5.402670502662658691e-01 3.437034487724304199e-01 2.963252961635589600e-01 3.590941727161407471e-01 5.008173584938049316e-01 4.976835250854492188e-01 4.634464085102081299e-01
2.580543234944343567e-02 6.204683780670166016e-01 5.000000000000000000e-01 5.402670502662658691e-01 3.437034487724304199e-01 2.963252961635589600e-01 3.590941727161407471e-01 5.008173584938049316e-01 4.976835250854492188e-01 4.634464085102081299e-01
2.580543234944343567e-02 6.204683780670166016e-01 5.000000000000000000e-01 5.402670502662658691e-01 3.437034487724304199e-01 2.963252961635589600e-01 3.590941727161407471e-01 5.008173584938049316e-01 4.976835250854492188e-01 4.634464085102081299e-01
2.580543234944343567e-02 3.376550972461700439e-01 2.814063429832458496e-01 5.402670502662658691e-01 3.437034487724304199e-01 2.963252961635589600e-01 4.312903583049774170e-01 5.008173584938049316e-01 4.976835250854492188e-01 4.634464085102081299e-01
6.864985823631286621e-02 3.793727457523345947e-01 2.814063429832458496e-01 5.402670502662658691e-01 3.437034487724304199e-01 2.963252961635589600e-01 2.756280004978179932e-01 5.008173584938049316e-01 4.976835250854492188e-01 2.253895998001098633e-01
1.136112287640571594e-01 3.793727457523345947e-01 2.814063429832458496e-01 5.402670502662658691e-01 3.437034487724304199e-01 2.963252961635589600e-01 2.756280004978179932e-01 5.008173584938049316e-01 4.976835250854492188e-01 2.977191507816314697e-01
1.668545752763748169e-01 6.164833903312683105e-01 2.814063429832458496e-01 4.636806547641754150e-01 3.250027000904083252e-01 2.963252961635589600e-01 2.756280004978179932e-01 5.008173584938049316e-01 3.861236870288848877e-01 2.977191507816314697e-01
1.585827022790908813e-01 6.164833903312683105e-01 2.814063429832458496e-01 4.636806547641754150e-01 3.250027000904083252e-01 2.963252961635589600e-01 2.756280004978179932e-01 5.008173584938049316e-01 3.861236870288848877e-01 3.727399408817291260e-01
2.580543234944343567e-02 3.793727457523345947e-01 2.814063429832458496e-01 5.402670502662658691e-01 3.437034487724304199e-01 2.963252961635589600e-01 2.756280004978179932e-01 5.008173584938049316e-01 4.976835250854492188e-01 4.634464085102081299e-01
3.974410146474838257e-02 6.164833903312683105e-01 5.000000000000000000e-01 4.636806547641754150e-01 3.250027000904083252e-01 2.963252961635589600e-01 6.239093467593193054e-02 5.008173584938049316e-01 4.976835250854492188e-01 3.727399408817291260e-01
3.974410146474838257e-02 6.164833903312683105e-01 5.000000000000000000e-01 4.636806547641754150e-01 3.250027000904083252e-01 2.963252961635589600e-01 6.239093467593193054e-02 5.008173584938049316e-01 3.861236870288848877e-01 3.727399408817291260e-01
3.974410146474838257e-02 6.164833903312683105e-01 5.000000000000000000e-01 4.636806547641754150e-01 3.250027000904083252e-01 2.963252961635589600e-01 6.239093467593193054e-02 5.008173584938049316e-01 3.861236870288848877e-01 3.727399408817291260e-01
3.974410146474838257e-02 6.164833903312683105e-01 2.814063429832458496e-01 4.636806547641754150e-01 3.250027000904083252e-01 2.963252961635589600e-01 6.239093467593193054e-02 5.008173584938049316e-01 3.861236870288848877e-01 3.727399408817291260e-01
3.974410146474838257e-02 6.164833903312683105e-01 2.814063429832458496e-01 4.636806547641754150e-01 3.250027000904083252e-01 2.963252961635589600e-01 2.756280004978179932e-01 5.008173584938049316e-01 3.861236870288848877e-01 3.727399408817291260e-01
3.974410146474838257e-02 6.164833903312683105e-01 2.814063429832458496e-01 4.636806547641754150e-01 3.250027000904083252e-01 2.963252961635589600e-01 3.173661828041076660e-01 5.008173584938049316e-01 3.861236870288848877e-01 2.977191507816314697e-01
3.974410146474838257e-02 6.164833903312683105e-01 2.814063429832458496e-01 4.636806547641754150e-01 3.250027000904083252e-01 2.963252961635589600e-01 7.519052177667617798e-02 5.008173584938049316e-01 3.861236870288848877e-01 3.727399408817291260e-01
3.974410146474838257e-02 6.164833903312683105e-01 5.000000000000000000e-01 4.636806547641754150e-01 5.197238326072692871e-01 2.963252961635589600e-01 1.069188341498374939e-01 5.008173584938049316e-01 4.976835250854492188e-01 3.727399408817291260e-01
3.974410146474838257e-02 6.164833903312683105e-01 5.000000000000000000e-01 4.636806547641754150e-01 3.250027000904083252e-01 2.963252961635589600e-01 7.519052177667617798e-02 5.008173584938049316e-01 4.976835250854492188e-01 3.727399408817291260e-01
3.974410146474838257e-02 1.105556339025497437e-01 2.814063429832458496e-01 4.636806547641754150e-01 3.250027000904083252e-01 2.963252961635589600e-01 7.519052177667617798e-02 5.008173584938049316e-01 3.861236870288848877e-01 2.977191507816314697e-01
3.974410146474838257e-02 6.164833903312683105e-01 2.814063429832458496e-01 4.636806547641754150e-01 3.250027000904083252e-01 2.963252961635589600e-01 7.519052177667617798e-02 5.008173584938049316e-01 3.861236870288848877e-01 2.253895998001098633e-01
3.974410146474838257e-02 6.164833903312683105e-01 2.814063429832458496e-01 4.636806547641754150e-01 3.250027000904083252e-01 2.963252961635589600e-01 7.519052177667617798e-02 5.008173584938049316e-01 3.861236870288848877e-01 2.253895998001098633e-01
3.974410146474838257e-02 6.164833903312683105e-01 2.814063429832458496e-01 4.636806547641754150e-01 3.250027000904083252e-01 2.963252961635589600e-01 7.519052177667617798e-02 5.008173584938049316e-01 3.861236870288848877e-01 3.727399408817291260e-01
3.974410146474838257e-02 6.164833903312683105e-01 2.814063429832458496e-01 4.636806547641754150e-01 3.250027000904083252e-01 2.963252961635589600e-01 7.519052177667617798e-02 5.008173584938049316e-01 3.861236870288848877e-01 2.253895998001098633e-01
3.974410146474838257e-02 6.164833903312683105e-01 2.814063429832458496e-01 4.636806547641754150e-01 3.250027000904083252e-01 2.963252961635589600e-01 3.173661828041076660e-01 5.008173584938049316e-01 3.861236870288848877e-01 2.253895998001098633e-01
3.915509209036827087e-02 1.122272387146949768e-01 5.000000000000000000e-01 5.402670502662658691e-01 5.406545400619506836e-01 2.963252961635589600e-01 1.069188341498374939e-01 5.008173584938049316e-01 4.976835250854492188e-01 4.634464085102081299e-01
1.159393340349197388e-01 2.501698136329650879e-01 5.000000000000000000e-01 5.402670502662658691e-01 5.406545400619506836e-01 2.963252961635589600e-01 5.777092278003692627e-02 5.008173584938049316e-01 4.976835250854492188e-01 2.404019236564636230e-01
3.128418922424316406e-01 1.177670359611511230e-01 5.000000000000000000e-01 5.402670502662658691e-01 5.406545400619506836e-01 2.963252961635589600e-01 1.735187470912933350e-01 5.008173584938049316e-01 4.976835250854492188e-01 2.404019236564636230e-01
5.330859422683715820e-01 1.177670359611511230e-01 4.553434252738952637e-01 5.402670502662658691e-01 4.814359843730926514e-01 4.769197404384613037e-01 1.892924755811691284e-01 5.008173584938049316e-01 4.976835250854492188e-01 4.873216152191162109e-01
5.330859422683715820e-01 3.369023203849792480e-01 4.553434252738952637e-01 5.402670502662658691e-01 5.837410688400268555e-01 4.769197404384613037e-01 1.892924755811691284e-01 5.008173584938049316e-01 4.976835250854492188e-01 4.873216152191162109e-01
3.835779130458831787e-01 1.153521537780761719e-01 4.553434252738952637e-01 5.402670502662658691e-01 5.837410688400268555e-01 4.769197404384613037e-01 3.177432119846343994e-01 5.008173584938049316e-01 4.976835250854492188e-01 4.873216152191162109e-01
2.337519824504852295e-01 3.586122021079063416e-02 4.013134539127349854e-01 3.041565418243408203e-01 2.032639086246490479e-01 2.299510240554809570e-01 1.917001008987426758e-01 3.492765426635742188e-01 3.323292732238769531e-01 4.427685439586639404e-01
3.875071704387664795e-01 2.600219547748565674e-01 2.894592881202697754e-01 3.041565418243408203e-01 2.032639086246490479e-01 2.299510240554809570e-01 1.921271979808807373e-01 3.492765426635742188e-01 3.323292732238769531e-01 4.427685439586639404e-01
2.853606045246124268e-01 2.149888724088668823e-01 2.894592881202697754e-01 3.041565418243408203e-01 2.999643385410308838e-01 2.955957651138305664e-01 2.616458833217620850e-01 3.492765426635742188e-01 3.323292732238769531e-01 1.375920027494430542e-01
2.853606045246124268e-01 2.149888724088668823e-01 2.894592881202697754e-01 3.041565418243408203e-01 2.999643385410308838e-01 2.955957651138305664e-01 1.934256702661514282e-01 3.492765426635742188e-01 3.323292732238769531e-01 2.236839532852172852e-01
2.853606045246124268e-01 2.600219547748565674e-01 2.894592881202697754e-01 3.041565418243408203e-01 2.999643385410308838e-01 2.955957651138305664e-01 3.038504719734191895e-01 3.492765426635742188e-01 3.323292732238769531e-01 2.236839532852172852e-01
1.623838543891906738e-01 6.567031890153884888e-02 2.894592881202697754e-01 3.041565418243408203e-01 2.999643385410308838e-01 2.955957651138305664e-01 1.934256702661514282e-01 3.492765426635742188e-01 3.323292732238769531e-01 2.236839532852172852e-01
3.915482014417648315e-02 2.737710475921630859e-01 2.894592881202697754e-01 3.041565418243408203e-01 2.999643385410308838e-01 2.955957651138305664e-01 1.722579449415206909e-01 3.492765426635742188e-01 3.323292732238769531e-01 1.267055720090866089e-01
2.623731195926666260e-01 2.737710475921630859e-01 2.894592881202697754e-01 3.041565418243408203e-01 2.999643385410308838e-01 2.955957651138305664e-01 2.616458833217620850e-01 3.492765426635742188e-01 3.323292732238769531e-01 1.375920027494430542e-01
1.623838543891906738e-01 1.844566315412521362e-01 2.894592881202697754e-01 3.041565418243408203e-01 2.999643385410308838e-01 2.955957651138305664e-01 1.237856075167655945e-01 3.492765426635742188e-01 3.323292732238769531e-01 1.375920027494430542e-01
2.172193080186843872e-01 1.844566315412521362e-01 2.894592881202697754e-01 3.041565418243408203e-01 2.999643385410308838e-01 2.955957651138305664e-01 1.934256702661514282e-01 3.492765426635742188e-01 3.323292732238769531e-01 2.236839532852172852e-01
2.222732901573181152e-01 1.844566315412521362e-01 2.894592881202697754e-01 3.041565418243408203e-01 2.999643385410308838e-01 2.955957651138305664e-01 2.693317234516143799e-01 3.492765426635742188e-01 3.323292732238769531e-01 2.236839532852172852e-01
2.222732901573181152e-01 1.844566315412521362e-01 2.894592881202697754e-01 3.041565418243408203e-01 2.999643385410308838e-01 2.955957651138305664e-01 2.045353353023529053e-01 3.492765426635742188e-01 3.323292732238769531e-01 1.375920027494430542e-01
2.222732901573181152e-01 8.821365237236022949e-02 2.894592881202697754e-01 3.041565418243408203e-01 2.999643385410308838e-01 2.955957651138305664e-01 2.045353353023529053e-01 3.492765426635742188e-01 3.323292732238769531e-01 1.375920027494430542e-01
2.222732901573181152e-01 1.844566315412521362e-01 2.894592881202697754e-01 3.041565418243408203e-01 2.999643385410308838e-01 2.955957651138305664e-01 1.237856075167655945e-01 3.492765426635742188e-01 3.323292732238769531e-01 1.375920027494430542e-01
2.222732901573181152e-01 1.844566315412521362e-01 2.894592881202697754e-01 3.041565418243408203e-01 2.999643385410308838e-01 2.955957651138305664e-01 2.049987763166427612e-01 3.492765426635742188e-01 3.323292732238769531e-01 1.375920027494430542e-01
3.614947199821472168e-02 1.844566315412521362e-01 2.894592881202697754e-01 3.041565418243408203e-01 2.999643385410308838e-01 2.955957651138305664e-01 1.726641356945037842e-01 3.492765426635742188e-01 3.323292732238769531e-01 1.267055720090866089e-01
5.947161838412284851e-02 1.844566315412521362e-01 2.894592881202697754e-01 3.041565418243408203e-01 2.999643385410308838e-01 2.955957651138305664e-01 1.726641356945037842e-01 3.492765426635742188e-01 3.323292732238769531e-01 1.267055720090866089e-01
6.024434790015220642e-02 1.844566315412521362e-01 2.894592881202697754e-01 3.041565418243408203e-01 2.999643385410308838e-01 2.955957651138305664e-01 2.258930206298828125e-01 3.492765426635742188e-01 3.323292732238769531e-01 1.267055720090866089e-01
7.161128520965576172e-02 1.844566315412521362e-01 2.894592881202697754e-01 3.041565418243408203e-01 2.999643385410308838e-01 2.955957651138305664e-01 2.258930206298828125e-01 3.492765426635742188e-01 3.323292732238769531e-01 1.267055720090866089e-01
9.103769809007644653e-02 1.844566315412521362e-01 2.894592881202697754e-01 3.041565418243408203e-01 2.999643385410308838e-01 2.955957651138305664e-01 3.704272210597991943e-01 3.492765426635742188e-01 3.323292732238769531e-01 1.375920027494430542e-01
9.218037128448486328e-02 1.844566315412521362e-01 2.894592881202697754e-01 3.041565418243408203e-01 2.999643385410308838e-01 2.955957651138305664e-01 2.650029361248016357e-01 3.492765426635742188e-01 3.323292732238769531e-01 1.375920027494430542e-01
1.367302238941192627e-01 1.844566315412521362e-01 2.894592881202697754e-01 3.041565418243408203e-01 3.929264247417449951e-01 2.955957651138305664e-01 2.650029361248016357e-01 3.492765426635742188e-01 3.323292732238769531e-01 1.375920027494430542e-01
8.295521885156631470e-02 3.084369599819183350e-01 2.894592881202697754e-01 3.041565418243408203e-01 3.929264247417449951e-01 2.955957651138305664e-01 2.258930206298828125e-01 3.492765426635742188e-01 3.323292732238769531e-01 1.267055720090866089e-01
8.295521885156631470e-02 1.844566315412521362e-01 2.894592881202697754e-01 3.041565418243408203e-01 3.929264247417449951e-01 2.955957651138305664e-01 3.312600553035736084e-01 3.492765426635742188e-01 3.323292732238769531e-01 2.076257616281509399e-01
1.316070258617401123e-01 1.844566315412521362e-01 2.894592881202697754e-01 6.456549167633056641e-01 3.929264247417449951e-01 2.955957651138305664e-01 6.011614203453063965e-01 3.492765426635742188e-01 3.323292732238769531e-01 4.491110742092132568e-01
1.935804337263107300e-01 1.844566315412521362e-01 2.894592881202697754e-01 6.456549167633056641e-01 2.999643385410308838e-01 2.955957651138305664e-01 6.157359480857849121e-01 3.492765426635742188e-01 3.323292732238769531e-01 4.727041721343994141e-01
5.001886934041976929e-02 1.844566315412521362e-01 2.894592881202697754e-01 3.041565418243408203e-01 2.999643385410308838e-01 2.955957651138305664e-01 8.806261420249938965e-02 5.000000000000000000e-01 3.323292732238769531e-01 1.375920027494430542e-01
5.001886934041976929e-02 1.844566315412521362e-01 2.894592881202697754e-01 3.041565418243408203e-01 3.929264247417449951e-01 2.955957651138305664e-01 1.578027904033660889e-01 5.000000000000000000e-01 3.323292732238769531e-01 1.375920027494430542e-01
5.001886934041976929e-02 1.844566315412521362e-01 2.894592881202697754e-01 3.041565418243408203e-01 3.929264247417449951e-01 2.955957651138305664e-01 2.075998336076736450e-01 5.000000000000000000e-01 3.323292732238769531e-01 1.375920027494430542e-01
1.600704342126846313e-01 1.844566315412521362e-01 2.894592881202697754e-01 3.041565418243408203e-01 3.929264247417449951e-01 2.955957651138305664e-01 2.075998336076736450e-01 5.000000000000000000e-01 3.323292732238769531e-01 1.375920027494430542e-01
2.252031415700912476e-01 1.844566315412521362e-01 2.894592881202697754e-01 3.041565418243408203e-01 3.929264247417449951e-01 2.955957651138305664e-01 1.749452054500579834e-01 7.464932203292846680e-01 3.323292732238769531e-01 1.267055720090866089e-01
2.252031415700912476e-01 1.844566315412521362e-01 2.894592881202697754e-01 3.041565418243408203e-01 3.929264247417449951e-01 2.955957651138305664e-01 1.749452054500579834e-01 7.464932203292846680e-01 3.323292732238769531e-01 1.267055720090866089e-01
2.252031415700912476e-01 3.084369599819183350e-01 2.894592881202697754e-01 3.041565418243408203e-01 3.929264247417449951e-01 2.955957651138305664e-01 2.499597072601318359e-01 7.464932203292846680e-01 3.323292732238769531e-01 1.267055720090866089e-01
2.153122872114181519e-01 3.084369599819183350e-01 2.894592881202697754e-01 3.041565418243408203e-01 3.929264247417449951e-01 2.955957651138305664e-01 2.499597072601318359e-01 7.464932203292846680e-01 6.547517180442810059e-01 1.267055720090866089e-01
1.856979876756668091e-01 1.844566315412521362e-01 2.894592881202697754e-01 3.041565418243408203e-01 3.929264247417449951e-01 2.955957651138305664e-01 1.391980648040771484e-01 7.464932203292846680e-01 3.323292732238769531e-01 1.267055720090866089e-01
3.967108950018882751e-02 1.844566315412521362e-01 2.894592881202697754e-01 3.041565418243408203e-01 3.929264247417449951e-01 2.955957651138305664e-01 1.749452054500579834e-01 5.000000000000000000e-01 3.323292732238769531e-01 1.267055720090866089e-01
3.967108950018882751e-02 1.844566315412521362e-01 2.894592881202697754e-01 3.041565418243408203e-01 3.929264247417449951e-01 2.955957651138305664e-01 1.316793859004974365e-01 5.000000000000000000e-01 3.323292732238769531e-01 1.267055720090866089e-01
1.856979876756668091e-01 1.844566315412521362e-01 2.894592881202697754e-01 3.041565418243408203e-01 3.929264247417449951e-01 2.955957651138305664e-01 1.036621257662773132e-01 7.464932203292846680e-01 3.323292732238769531e-01 1.267055720090866089e-01
1.300727427005767822e-01 1.844566315412521362e-01 2.894592881202697754e-01 3.041565418243408203e-01 3.929264247417449951e-01 2.955957651138305664e-01 1.036621257662773132e-01 5.000000000000000000e-01 3.323292732238769531e-01 1.267055720090866089e-01
1.300727427005767822e-01 1.844566315412521362e-01 2.894592881202697754e-01 3.041565418243408203e-01 3.929264247417449951e-01 2.955957651138305664e-01 1.036621257662773132e-01 5.000000000000000000e-01 3.323292732238769531e-01 1.267055720090866089e-01
1.856979876756668091e-01 1.844566315412521362e-01 2.894592881202697754e-01 4.684645235538482666e-01 3.929264247417449951e-01 2.955957651138305664e-01 1.036621257662773132e-01 7.464932203292846680e-01 3.323292732238769531e-01 1.267055720090866089e-01
1.141334325075149536e-01 1.844566315412521362e-01 2.894592881202697754e-01 4.684645235538482666e-01 3.929264247417449951e-01 2.955957651138305664e-01 1.340581327676773071e-01 7.464932203292846680e-01 3.323292732238769531e-01 1.277727931737899780e-01
1.300320327281951904e-01 1.844566315412521362e-01 2.894592881202697754e-01 2.547036707401275635e-01 3.929264247417449951e-01 2.955957651138305664e-01 1.541829705238342285e-01 7.464932203292846680e-01 3.323292732238769531e-01 1.749577373266220093e-01
1.300320327281951904e-01 1.844566315412521362e-01 2.894592881202697754e-01 2.547036707401275635e-01 3.929264247417449951e-01 2.955957651138305664e-01 1.541829705238342285e-01 7.464932203292846680e-01 3.323292732238769531e-01 1.749577373266220093e-01
1.300320327281951904e-01 1.844566315412521362e-01 2.894592881202697754e-01 2.547036707401275635e-01 3.929264247417449951e-01 2.955957651138305664e-01 1.541829705238342285e-01 7.464932203292846680e-01 3.323292732238769531e-01 1.749577373266220093e-01
1.300320327281951904e-01 3.084369599819183350e-01 2.894592881202697754e-01 2.547036707401275635e-01 3.929264247417449951e-01 2.955957651138305664e-01 1.541829705238342285e-01 5.789934396743774414e-01 6.547517180442810059e-01 1.749577373266220093e-01
1.300320327281951904e-01 1.844566315412521362e-01 2.894592881202697754e-01 2.547036707401275635e-01 3.929264247417449951e-01 2.955957651138305664e-01 1.541829705238342285e-01 7.464932203292846680e-01 3.323292732238769531e-01 1.277727931737899780e-01
1.300320327281951904e-01 1.844566315412521362e-01 2.894592881202697754e-01 2.547036707401275635e-01 3.929264247417449951e-01 2.955957651138305664e-01 1.541829705238342285e-01 7.464932203292846680e-01 3.323292732238769531e-01 1.749577373266220093e-01
1.300320327281951904e-01 1.844566315412521362e-01 2.894592881202697754e-01 2.547036707401275635e-01 3.929264247417449951e-01 2.955957651138305664e-01 1.541829705238342285e-01 5.789934396743774414e-01 6.547517180442810059e-01 1.749577373266220093e-01
1.734889894723892212e-01 1.844566315412521362e-01 2.894592881202697754e-01 2.547036707401275635e-01 2.781658172607421875e-01 2.299510240554809570e-01 1.541829705238342285e-01 7.464932203292846680e-01 3.323292732238769531e-01 1.277727931737899780e-01
2.315275222063064575e-01 1.844566315412521362e-01 2.894592881202697754e-01 2.547036707401275635e-01 2.781658172607421875e-01 2.299510240554809570e-01 1.541829705238342285e-01 5.000000000000000000e-01 3.323292732238769531e-01 1.277727931737899780e-01
2.687525153160095215e-01 1.844566315412521362e-01 2.894592881202697754e-01 3.041565418243408203e-01 2.781658172607421875e-01 2.299510240554809570e-01 1.440222263336181641e-01 5.000000000000000000e-01 3.323292732238769531e-01 1.375920027494430542e-01
3.784892559051513672e-01 1.844566315412521362e-01 2.894592881202697754e-01 4.684645235538482666e-01 3.929264247417449951e-01 2.955957651138305664e-01 1.198554784059524536e-01 7.464932203292846680e-01 3.323292732238769531e-01 1.267055720090866089e-01
1.418276578187942505e-01 1.844566315412521362e-01 2.894592881202697754e-01 4.684645235538482666e-01 3.929264247417449951e-01 2.955957651138305664e-01 1.541829705238342285e-01 5.000000000000000000e-01 3.323292732238769531e-01 1.749577373266220093e-01
2.013165205717086792e-01 1.844566315412521362e-01 2.894592881202697754e-01 2.547036707401275635e-01 3.929264247417449951e-01 2.955957651138305664e-01 1.541829705238342285e-01 5.789934396743774414e-01 3.323292732238769531e-01 1.749577373266220093e-01
1.246935501694679260e-01 1.844566315412521362e-01 2.894592881202697754e-01 2.547036707401275635e-01 3.929264247417449951e-01 2.955957651138305664e-01 1.541829705238342285e-01 5.000000000000000000e-01 3.323292732238769531e-01 1.277727931737899780e-01
2.145099192857742310e-01 1.844566315412521362e-01 2.894592881202697754e-01 2.547036707401275635e-01 3.929264247417449951e-01 2.955957651138305664e-01 1.541829705238342285e-01 5.000000000000000000e-01 3.323292732238769531e-01 1.749577373266220093e-01
8.627650141716003418e-02 1.844566315412521362e-01 2.894592881202697754e-01 3.041565418243408203e-01 3.929264247417449951e-01 2.955957651138305664e-01 1.198554784059524536e-01 5.000000000000000000e-01 3.323292732238769531e-01 1.267055720090866089e-01
7.996224611997604370e-02 1.844566315412521362e-01 2.894592881202697754e-01 4.684645235538482666e-01 3.929264247417449951e-01 2.955957651138305664e-01 1.198554784059524536e-01 5.000000000000000000e-01 3.323292732238769531e-01 1.267055720090866089e-01
1.252258121967315674e-01 4.118672907352447510e-01 2.894592881202697754e-01 2.547036707401275635e-01 3.929264247417449951e-01 2.955957651138305664e-01 1.541829705238342285e-01 5.789934396743774414e-01 2.470735311508178711e-01 1.749577373266220093e-01
1.990635246038436890e-01 4.118672907352447510e-01 2.894592881202697754e-01 2.547036707401275635e-01 3.929264247417449951e-01 2.955957651138305664e-01 2.005541324615478516e-01 5.789934396743774414e-01 2.470735311508178711e-01 1.749577373266220093e-01
7.873680442571640015e-02 3.372016251087188721e-01 2.894592881202697754e-01 2.547036707401275635e-01 3.929264247417449951e-01 2.955957651138305664e-01 5.335530042648315430e-01 5.789934396743774414e-01 2.470735311508178711e-01 1.749577373266220093e-01
7.873680442571640015e-02 3.372016251087188721e-01 2.894592881202697754e-01 2.547036707401275635e-01 3.929264247417449951e-01 2.955957651138305664e-01 1.521226763725280762e-01 5.789934396743774414e-01 2.470735311508178711e-01 1.749577373266220093e-01
8.230689167976379395e-02 3.372016251087188721e-01 2.894592881202697754e-01 4.073352217674255371e-01 3.929264247417449951e-01 2.955957651138305664e-01 2.513830363750457764e-01 5.789934396743774414e-01 2.470735311508178711e-01 2.641068696975708008e-01
1.594129204750061035e-01 3.372016251087188721e-01 2.894592881202697754e-01 4.073352217674255371e-01 3.929264247417449951e-01 2.955957651138305664e-01 3.012543916702270508e-01 3.492765426635742188e-01 2.470735311508178711e-01 2.641068696975708008e-01
1.594129204750061035e-01 3.372016251087188721e-01 2.894592881202697754e-01 4.073352217674255371e-01 3.929264247417449951e-01 2.955957651138305664e-01 2.513830363750457764e-01 3.492765426635742188e-01 2.470735311508178711e-01 2.641068696975708008e-01
1.594129204750061035e-01 2.111865431070327759e-01 2.894592881202697754e-01 4.073352217674255371e-01 3.929264247417449951e-01 2.955957651138305664e-01 3.012543916702270508e-01 3.492765426635742188e-01 2.470735311508178711e-01 2.641068696975708008e-01
1.594129204750061035e-01 2.111865431070327759e-01 2.894592881202697754e-01 4.073352217674255371e-01 3.929264247417449951e-01 2.955957651138305664e-01 2.513830363750457764e-01 3.492765426635742188e-01 2.470735311508178711e-01 2.641068696975708008e-01
2.541447579860687256e-01 1.822091341018676758e-01 2.894592881202697754e-01 4.073352217674255371e-01 5.631874799728393555e-01 2.955957651138305664e-01 3.012543916702270508e-01 3.492765426635742188e-01 4.654076397418975830e-01 2.641068696975708008e-01
1.922774612903594971e-01 1.822091341018676758e-01 2.894592881202697754e-01 4.073352217674255371e-01 5.631874799728393555e-01 2.955957651138305664e-01 3.012543916702270508e-01 3.492765426635742188e-01 2.470735311508178711e-01 2.977191507816314697e-01
7.090010493993759155e-02 2.111865431070327759e-01 2.894592881202697754e-01 4.073352217674255371e-01 3.929264247417449951e-01 2.955957651138305664e-01 2.513830363750457764e-01 3.492765426635742188e-01 2.470735311508178711e-01 2.641068696975708008e-01
7.414345443248748779e-02 2.111865431070327759e-01 2.894592881202697754e-01 4.073352217674255371e-01 2.781658172607421875e-01 2.299510240554809570e-01 2.513830363750457764e-01 3.492765426635742188e-01 2.470735311508178711e-01 2.641068696975708008e-01
1.010927855968475342e-01 1.404871195554733276e-01 2.894592881202697754e-01 4.073352217674255371e-01 2.781658172607421875e-01 2.299510240554809570e-01 4.809858202934265137e-01 3.492765426635742188e-01 6.547517180442810059e-01 2.641068696975708008e-01
1.010927855968475342e-01 1.733608543872833252e-01 2.894592881202697754e-01 4.073352217674255371e-01 2.781658172607421875e-01 2.299510240554809570e-01 4.809858202934265137e-01 3.492765426635742188e-01 6.547517180442810059e-01 2.641068696975708008e-01
7.090010493993759155e-02 1.404871195554733276e-01 2.894592881202697754e-01 4.073352217674255371e-01 3.929264247417449951e-01 2.955957651138305664e-01 2.415792047977447510e-01 3.492765426635742188e-01 2.470735311508178711e-01 2.641068696975708008e-01
1.169893220067024231e-01 1.404871195554733276e-01 2.894592881202697754e-01 4.073352217674255371e-01 3.929264247417449951e-01 2.955957651138305664e-01 3.191124498844146729e-01 3.492765426635742188e-01 2.470735311508178711e-01 2.977191507816314697e-01
3.537041246891021729e-01 1.404871195554733276e-01 4.013134539127349854e-01 4.073352217674255371e-01 3.929264247417449951e-01 2.955957651138305664e-01 3.844092190265655518e-01 3.492765426635742188e-01 2.470735311508178711e-01 4.574558734893798828e-01
1.169893220067024231e-01 1.404871195554733276e-01 2.894592881202697754e-01 4.073352217674255371e-01 3.929264247417449951e-01 2.955957651138305664e-01 6.094365119934082031e-01 3.492765426635742188e-01 2.470735311508178711e-01 2.977191507816314697e-01
1.169893220067024231e-01 1.404871195554733276e-01 2.894592881202697754e-01 4.073352217674255371e-01 3.929264247417449951e-01 2.955957651138305664e-01 6.094365119934082031e-01 3.492765426635742188e-01 2.470735311508178711e-01 2.977191507816314697e-01
3.161989450454711914e-01 1.404871195554733276e-01 4.013134539127349854e-01 4.073352217674255371e-01 3.929264247417449951e-01 2.955957651138305664e-01 6.094365119934082031e-01 3.492765426635742188e-01 2.470735311508178711e-01 4.574558734893798828e-01
5.937398076057434082e-01 1.651445925235748291e-01 4.013134539127349854e-01 4.073352217674255371e-01 3.929264247417449951e-01 3.017817139625549316e-01 7.225252985954284668e-01 3.492765426635742188e-01 2.470735311508178711e-01 4.574558734893798828e-01
8.916061520576477051e-01 4.309770464897155762e-01 5.589630007743835449e-01 5.402670502662658691e-01 5.837410688400268555e-01 4.842914640903472900e-01 2.937886118888854980e-01 5.008173584938049316e-01 4.976835250854492188e-01 2.248366773128509521e-01
8.624275922775268555e-01 6.970556974411010742e-01 5.589630007743835449e-01 5.402670502662658691e-01 5.837410688400268555e-01 4.769197404384613037e-01 5.625069737434387207e-01 5.008173584938049316e-01 4.976835250854492188e-01 4.679598510265350342e-01
8.916061520576477051e-01 4.309770464897155762e-01 5.589630007743835449e-01 5.402670502662658691e-01 5.837410688400268555e-01 4.769197404384613037e-01 3.691133260726928711e-01 5.008173584938049316e-01 4.976835250854492188e-01 4.679598510265350342e-01
8.823857307434082031e-01 4.309770464897155762e-01 5.589630007743835449e-01 5.402670502662658691e-01 5.837410688400268555e-01 4.981118440628051758e-01 3.691133260726928711e-01 5.008173584938049316e-01 4.976835250854492188e-01 4.679598510265350342e-01
8.718023896217346191e-01 4.600331187248229980e-01 5.589630007743835449e-01 4.636806547641754150e-01 5.631874799728393555e-01 4.981118440628051758e-01 3.691133260726928711e-01 5.008173584938049316e-01 3.861236870288848877e-01 4.679598510265350342e-01
3.216022253036499023e-01 2.447197735309600830e-01 4.013134539127349854e-01 4.073352217674255371e-01 2.781658172607421875e-01 2.299510240554809570e-01 4.988572001457214355e-01 3.492765426635742188e-01 2.470735311508178711e-01 4.679598510265350342e-01
3.118533790111541748e-01 2.936508655548095703e-01 2.894592881202697754e-01 4.073352217674255371e-01 2.781658172607421875e-01 2.299510240554809570e-01 4.988572001457214355e-01 3.492765426635742188e-01 2.470735311508178711e-01 4.679598510265350342e-01
1.952153146266937256e-01 2.936508655548095703e-01 2.894592881202697754e-01 4.073352217674255371e-01 2.781658172607421875e-01 2.299510240554809570e-01 2.846634984016418457e-01 3.492765426635742188e-01 2.470735311508178711e-01 2.418197691440582275e-01
1.952153146266937256e-01 2.024292498826980591e-01 2.894592881202697754e-01 4.073352217674255371e-01 2.781658172607421875e-01 2.299510240554809570e-01 2.846634984016418457e-01 3.492765426635742188e-01 2.470735311508178711e-01 2.418197691440582275e-01
8.381128311157226562e-02 2.024292498826980591e-01 2.894592881202697754e-01 4.073352217674255371e-01 2.781658172607421875e-01 2.299510240554809570e-01 4.212065041065216064e-01 3.492765426635742188e-01 2.470735311508178711e-01 2.126079201698303223e-01
8.381128311157226562e-02 2.024292498826980591e-01 2.894592881202697754e-01 4.073352217674255371e-01 2.781658172607421875e-01 2.299510240554809570e-01 6.675962805747985840e-01 3.492765426635742188e-01 2.470735311508178711e-01 2.126079201698303223e-01
3.520057350397109985e-02 1.140338331460952759e-01 2.894592881202697754e-01 4.073352217674255371e-01 3.929264247417449951e-01 2.955957651138305664e-01 5.285856127738952637e-01 3.492765426635742188e-01 3.323292732238769531e-01 2.126079201698303223e-01
5.190760642290115356e-02 1.140338331460952759e-01 2.894592881202697754e-01 3.041565418243408203e-01 2.999643385410308838e-01 2.955957651138305664e-01 2.045353353023529053e-01 3.492765426635742188e-01 3.323292732238769531e-01 1.375920027494430542e-01
3.167875111103057861e-01 2.645585238933563232e-01 2.894592881202697754e-01 3.041565418243408203e-01 2.999643385410308838e-01 2.955957651138305664e-01 1.722579449415206909e-01 3.492765426635742188e-01 3.323292732238769531e-01 1.267055720090866089e-01
2.886599488556385040e-02 1.741176098585128784e-01 2.894592881202697754e-01 3.041565418243408203e-01 2.999643385410308838e-01 2.955957651138305664e-01 1.722579449415206909e-01 3.492765426635742188e-01 3.323292732238769531e-01 1.267055720090866089e-01
