9.464750289916992188e-01 9.205424785614013672e-01 6.672194004058837891e-01 8.097645044326782227e-01 7.190763354301452637e-01 7.760494947433471680e-01 7.118749022483825684e-01 8.150266408920288086e-01 6.383305191993713379e-01 9.865391850471496582e-01
8.826731443405151367e-01 9.362429976463317871e-01 6.101358532905578613e-01 8.097645044326782227e-01 7.190763354301452637e-01 7.760494947433471680e-01 7.118749022483825684e-01 8.656594753265380859e-01 6.383305191993713379e-01 9.882633686065673828e-01
8.668988347053527832e-01 8.653162717819213867e-01 6.101358532905578613e-01 8.097645044326782227e-01 7.190763354301452637e-01 7.760494947433471680e-01 7.118749022483825684e-01 8.150266408920288086e-01 6.383305191993713379e-01 9.684035778045654297e-01
8.668988347053527832e-01 8.653162717819213867e-01 6.101358532905578613e-01 8.097645044326782227e-01 7.190763354301452637e-01 7.760494947433471680e-01 7.118749022483825684e-01 8.150266408920288086e-01 6.383305191993713379e-01 9.480518102645874023e-01
8.668988347053527832e-01 9.639205336570739746e-01 6.101358532905578613e-01 8.097645044326782227e-01 7.190763354301452637e-01 7.760494947433471680e-01 7.118749022483825684e-01 8.600733280181884766e-01 6.383305191993713379e-01 9.806025624275207520e-01
7.348183393478393555e-01 6.839262843132019043e-01 6.101358532905578613e-01 4.800861179828643799e-01 7.190763354301452637e-01 5.267422199249267578e-01 7.118749022483825684e-01 7.789099216461181641e-01 6.383305191993713379e-01 9.660368561744689941e-01
7.348183393478393555e-01 8.263378739356994629e-01 6.101358532905578613e-01 4.800861179828643799e-01 7.190763354301452637e-01 7.760494947433471680e-01 7.118749022483825684e-01 7.789099216461181641e-01 6.383305191993713379e-01 9.446802735328674316e-01
7.348183393478393555e-01 5.589479804039001465e-01 6.101358532905578613e-01 2.200967222452163696e-01 7.190763354301452637e-01 5.267422199249267578e-01 7.118749022483825684e-01 7.789099216461181641e-01 2.601492106914520264e-01 9.660368561744689941e-01
5.761244297027587891e-01 5.589479804039001465e-01 6.101358532905578613e-01 2.200967222452163696e-01 7.190763354301452637e-01 4.375980794429779053e-01 7.118749022483825684e-01 7.789099216461181641e-01 2.601492106914520264e-01 9.689953327178955078e-01
7.348183393478393555e-01 5.589479804039001465e-01 6.101358532905578613e-01 2.200967222452163696e-01 7.190763354301452637e-01 4.375980794429779053e-01 7.118749022483825684e-01 7.789099216461181641e-01 2.601492106914520264e-01 9.660368561744689941e-01
8.668988347053527832e-01 9.471119046211242676e-01 6.101358532905578613e-01 4.800861179828643799e-01 7.190763354301452637e-01 7.760494947433471680e-01 7.118749022483825684e-01 7.789099216461181641e-01 6.383305191993713379e-01 9.792975783348083496e-01
8.668988347053527832e-01 9.471119046211242676e-01 6.101358532905578613e-01 4.800861179828643799e-01 7.190763354301452637e-01 7.760494947433471680e-01 7.118749022483825684e-01 8.998900651931762695e-01 2.601492106914520264e-01 9.792975783348083496e-01
8.668988347053527832e-01 9.471119046211242676e-01 6.101358532905578613e-01 4.800861179828643799e-01 7.190763354301452637e-01 7.760494947433471680e-01 7.118749022483825684e-01 8.998900651931762695e-01 6.383305191993713379e-01 9.792975783348083496e-01
8.668988347053527832e-01 9.471119046211242676e-01 6.101358532905578613e-01 4.800861179828643799e-01 7.190763354301452637e-01 7.760494947433471680e-01 7.118749022483825684e-01 8.998900651931762695e-01 2.601492106914520264e-01 9.792975783348083496e-01
8.668988347053527832e-01 9.471119046211242676e-01 6.101358532905578613e-01 4.800861179828643799e-01 7.190763354301452637e-01 7.760494947433471680e-01 7.118749022483825684e-01 7.789099216461181641e-01 6.383305191993713379e-01 9.850688576698303223e-01
4.393716454505920410e-01 5.589479804039001465e-01 6.101358532905578613e-01 2.200967222452163696e-01 7.190763354301452637e-01 4.375980794429779053e-01 7.118749022483825684e-01 7.620341181755065918e-01 2.601492106914520264e-01 8.912556767463684082e-01
7.348183393478393555e-01 5.589479804039001465e-01 6.101358532905578613e-01 2.200967222452163696e-01 7.190763354301452637e-01 4.375980794429779053e-01 7.118749022483825684e-01 7.620341181755065918e-01 2.601492106914520264e-01 8.912556767463684082e-01
8.668988347053527832e-01 8.263378739356994629e-01 6.101358532905578613e-01 4.800861179828643799e-01 7.190763354301452637e-01 5.267422199249267578e-01 7.118749022483825684e-01 8.998900651931762695e-01 2.601492106914520264e-01 9.850688576698303223e-01
7.348183393478393555e-01 5.589479804039001465e-01 6.101358532905578613e-01 4.800861179828643799e-01 7.190763354301452637e-01 4.375980794429779053e-01 7.118749022483825684e-01 7.718080878257751465e-01 2.601492106914520264e-01 9.796202778816223145e-01
8.668988347053527832e-01 9.471119046211242676e-01 6.101358532905578613e-01 4.800861179828643799e-01 7.190763354301452637e-01 7.760494947433471680e-01 7.118749022483825684e-01 8.998900651931762695e-01 6.383305191993713379e-01 9.713825583457946777e-01
7.348183393478393555e-01 5.589479804039001465e-01 6.101358532905578613e-01 2.200967222452163696e-01 7.190763354301452637e-01 4.375980794429779053e-01 7.118749022483825684e-01 5.700047016143798828e-01 6.383305191993713379e-01 8.526713252067565918e-01
7.348183393478393555e-01 5.589479804039001465e-01 6.101358532905578613e-01 4.800861179828643799e-01 7.190763354301452637e-01 4.375980794429779053e-01 7.118749022483825684e-01 5.700047016143798828e-01 6.383305191993713379e-01 6.955240368843078613e-01
8.668988347053527832e-01 9.471119046211242676e-01 6.101358532905578613e-01 4.800861179828643799e-01 7.190763354301452637e-01 5.267422199249267578e-01 7.118749022483825684e-01 7.718080878257751465e-01 6.383305191993713379e-01 8.635314702987670898e-01
8.668988347053527832e-01 9.654663801193237305e-01 6.101358532905578613e-01 8.097645044326782227e-01 7.190763354301452637e-01 7.760494947433471680e-01 7.118749022483825684e-01 8.998900651931762695e-01 6.383305191993713379e-01 9.256358146667480469e-01
8.668988347053527832e-01 8.954443931579589844e-01 6.101358532905578613e-01 4.800861179828643799e-01 7.190763354301452637e-01 7.760494947433471680e-01 7.118749022483825684e-01 8.998900651931762695e-01 6.383305191993713379e-01 8.635314702987670898e-01
9.268056750297546387e-01 9.587695002555847168e-01 6.101358532905578613e-01 8.097645044326782227e-01 7.190763354301452637e-01 7.760494947433471680e-01 7.118749022483825684e-01 8.998900651931762695e-01 6.383305191993713379e-01 9.006862640380859375e-01
9.268056750297546387e-01 9.397112727165222168e-01 6.101358532905578613e-01 3.271449506282806396e-01 7.190763354301452637e-01 7.078168392181396484e-01 7.118749022483825684e-01 8.998900651931762695e-01 6.383305191993713379e-01 8.635314702987670898e-01
9.268056750297546387e-01 9.397112727165222168e-01 6.101358532905578613e-01 6.914809942245483398e-01 7.190763354301452637e-01 7.760494947433471680e-01 7.118749022483825684e-01 8.998900651931762695e-01 6.383305191993713379e-01 9.190735816955566406e-01
7.146998643875122070e-01 5.245007276535034180e-01 6.101358532905578613e-01 5.653922557830810547e-01 7.190763354301452637e-01 4.375980794429779053e-01 7.118749022483825684e-01 5.700047016143798828e-01 2.601492106914520264e-01 5.189762711524963379e-01
7.901794910430908203e-01 5.245007276535034180e-01 6.101358532905578613e-01 5.653922557830810547e-01 7.190763354301452637e-01 5.508484840393066406e-01 7.118749022483825684e-01 4.473193287849426270e-01 2.601492106914520264e-01 1.718098074197769165e-01
8.900945782661437988e-01 5.245007276535034180e-01 6.101358532905578613e-01 8.097645044326782227e-01 7.190763354301452637e-01 5.267422199249267578e-01 7.118749022483825684e-01 7.718080878257751465e-01 6.383305191993713379e-01 8.765101432800292969e-01
8.900945782661437988e-01 5.245007276535034180e-01 6.101358532905578613e-01 5.653922557830810547e-01 7.190763354301452637e-01 4.375980794429779053e-01 7.118749022483825684e-01 8.909558653831481934e-01 6.383305191993713379e-01 9.347478747367858887e-01
9.500889778137207031e-01 8.055077195167541504e-01 6.101358532905578613e-01 8.097645044326782227e-01 7.190763354301452637e-01 5.267422199249267578e-01 7.118749022483825684e-01 8.909558653831481934e-01 6.383305191993713379e-01 9.516003131866455078e-01
9.500889778137207031e-01 9.397112727165222168e-01 6.101358532905578613e-01 8.097645044326782227e-01 7.190763354301452637e-01 7.760494947433471680e-01 7.118749022483825684e-01 7.620341181755065918e-01 6.383305191993713379e-01 9.516003131866455078e-01
8.900945782661437988e-01 5.245007276535034180e-01 6.101358532905578613e-01 5.653922557830810547e-01 7.190763354301452637e-01 5.267422199249267578e-01 7.118749022483825684e-01 7.620341181755065918e-01 6.383305191993713379e-01 8.635314702987670898e-01
9.500889778137207031e-01 8.055077195167541504e-01 6.101358532905578613e-01 8.097645044326782227e-01 7.190763354301452637e-01 4.375980794429779053e-01 7.118749022483825684e-01 7.620341181755065918e-01 6.383305191993713379e-01 8.635314702987670898e-01
9.500889778137207031e-01 8.055077195167541504e-01 6.101358532905578613e-01 8.097645044326782227e-01 7.190763354301452637e-01 4.375980794429779053e-01 7.118749022483825684e-01 8.909558653831481934e-01 6.383305191993713379e-01 8.635314702987670898e-01
9.268056750297546387e-01 9.807253479957580566e-01 6.101358532905578613e-01 8.097645044326782227e-01 7.190763354301452637e-01 7.760494947433471680e-01 7.118749022483825684e-01 8.998900651931762695e-01 6.383305191993713379e-01 9.686518311500549316e-01
9.268056750297546387e-01 9.587695002555847168e-01 6.101358532905578613e-01 6.914809942245483398e-01 7.190763354301452637e-01 7.760494947433471680e-01 7.118749022483825684e-01 8.998900651931762695e-01 6.383305191993713379e-01 9.575400352478027344e-01
9.465513825416564941e-01 9.339549541473388672e-01 6.101358532905578613e-01 6.914809942245483398e-01 7.190763354301452637e-01 7.760494947433471680e-01 7.118749022483825684e-01 8.998900651931762695e-01 6.383305191993713379e-01 9.426310062408447266e-01
9.465513825416564941e-01 9.467269778251647949e-01 6.101358532905578613e-01 6.914809942245483398e-01 7.190763354301452637e-01 7.760494947433471680e-01 7.118749022483825684e-01 8.998900651931762695e-01 6.383305191993713379e-01 9.426310062408447266e-01
9.465513825416564941e-01 9.542273879051208496e-01 6.101358532905578613e-01 6.914809942245483398e-01 7.190763354301452637e-01 7.760494947433471680e-01 7.118749022483825684e-01 8.909558653831481934e-01 6.383305191993713379e-01 9.217591285705566406e-01
9.465513825416564941e-01 8.936229348182678223e-01 6.101358532905578613e-01 6.914809942245483398e-01 7.190763354301452637e-01 7.760494947433471680e-01 7.118749022483825684e-01 8.998900651931762695e-01 6.383305191993713379e-01 9.350134730339050293e-01
9.473369717597961426e-01 8.936229348182678223e-01 6.101358532905578613e-01 6.914809942245483398e-01 7.190763354301452637e-01 7.760494947433471680e-01 7.118749022483825684e-01 8.998900651931762695e-01 6.383305191993713379e-01 9.350134730339050293e-01
9.465513825416564941e-01 9.484033584594726562e-01 6.672194004058837891e-01 6.914809942245483398e-01 7.190763354301452637e-01 7.760494947433471680e-01 7.118749022483825684e-01 8.998900651931762695e-01 6.383305191993713379e-01 9.350134730339050293e-01
8.775169253349304199e-01 9.484033584594726562e-01 6.672194004058837891e-01 6.914809942245483398e-01 7.190763354301452637e-01 7.760494947433471680e-01 7.118749022483825684e-01 8.998900651931762695e-01 8.399860262870788574e-01 9.643191099166870117e-01
9.465513825416564941e-01 9.484033584594726562e-01 6.672194004058837891e-01 6.160204410552978516e-01 7.190763354301452637e-01 7.760494947433471680e-01 7.118749022483825684e-01 8.998900651931762695e-01 8.399860262870788574e-01 9.237289428710937500e-01
7.148973345756530762e-01 9.747788906097412109e-01 6.101358532905578613e-01 6.914809942245483398e-01 7.190763354301452637e-01 7.760494947433471680e-01 7.118749022483825684e-01 8.998900651931762695e-01 8.399860262870788574e-01 9.709474444389343262e-01
9.211538434028625488e-01 9.616798162460327148e-01 6.672194004058837891e-01 3.589564859867095947e-01 7.190763354301452637e-01 6.454994082450866699e-01 7.118749022483825684e-01 8.211870193481445312e-01 8.399860262870788574e-01 5.611721873283386230e-01
8.339470028877258301e-01 8.422272801399230957e-01 6.101358532905578613e-01 3.589564859867095947e-01 7.190763354301452637e-01 3.148534893989562988e-01 7.118749022483825684e-01 6.770267486572265625e-01 7.099781632423400879e-01 3.849616348743438721e-01
8.339470028877258301e-01 7.400751113891601562e-01 6.101358532905578613e-01 3.589564859867095947e-01 7.190763354301452637e-01 3.148534893989562988e-01 7.118749022483825684e-01 6.770267486572265625e-01 7.099781632423400879e-01 6.842522621154785156e-01
8.339470028877258301e-01 5.336222052574157715e-01 6.101358532905578613e-01 6.121627092361450195e-01 7.190763354301452637e-01 3.148534893989562988e-01 7.118749022483825684e-01 6.770267486572265625e-01 4.514731168746948242e-01 6.782518625259399414e-01
8.339470028877258301e-01 6.820539832115173340e-01 6.101358532905578613e-01 6.121627092361450195e-01 7.190763354301452637e-01 2.431452721357345581e-01 7.118749022483825684e-01 6.770267486572265625e-01 5.270541906356811523e-01 7.783294916152954102e-01
7.821748852729797363e-01 6.529597043991088867e-01 6.101358532905578613e-01 6.121627092361450195e-01 7.190763354301452637e-01 2.431452721357345581e-01 7.118749022483825684e-01 6.770267486572265625e-01 5.270541906356811523e-01 7.461967468261718750e-01
8.339470028877258301e-01 5.336222052574157715e-01 6.101358532905578613e-01 6.121627092361450195e-01 7.190763354301452637e-01 2.431452721357345581e-01 7.118749022483825684e-01 6.770267486572265625e-01 5.270541906356811523e-01 6.371607184410095215e-01
8.339470028877258301e-01 6.805863976478576660e-01 6.101358532905578613e-01 3.589564859867095947e-01 7.190763354301452637e-01 3.148534893989562988e-01 7.118749022483825684e-01 6.770267486572265625e-01 5.270541906356811523e-01 7.977735996246337891e-01
8.339470028877258301e-01 6.805863976478576660e-01 7.646860480308532715e-01 6.121627092361450195e-01 7.190763354301452637e-01 3.148534893989562988e-01 7.118749022483825684e-01 6.770267486572265625e-01 5.270541906356811523e-01 6.291432976722717285e-01
7.821748852729797363e-01 4.925480782985687256e-01 7.646860480308532715e-01 3.899728655815124512e-01 7.190763354301452637e-01 6.454994082450866699e-01 7.118749022483825684e-01 6.770267486572265625e-01 5.270541906356811523e-01 6.395690441131591797e-01
7.821748852729797363e-01 4.925480782985687256e-01 7.646860480308532715e-01 3.899728655815124512e-01 7.190763354301452637e-01 5.600406527519226074e-01 7.118749022483825684e-01 6.770267486572265625e-01 5.270541906356811523e-01 3.763950467109680176e-01
7.821748852729797363e-01 7.249194383621215820e-01 7.646860480308532715e-01 3.589564859867095947e-01 7.190763354301452637e-01 6.454994082450866699e-01 7.118749022483825684e-01 6.770267486572265625e-01 5.270541906356811523e-01 3.763950467109680176e-01
7.821748852729797363e-01 3.426322937011718750e-01 7.646860480308532715e-01 3.899728655815124512e-01 7.190763354301452637e-01 2.431452721357345581e-01 7.118749022483825684e-01 6.770267486572265625e-01 5.270541906356811523e-01 3.870031833648681641e-01
7.821748852729797363e-01 6.529597043991088867e-01 7.646860480308532715e-01 3.899728655815124512e-01 7.190763354301452637e-01 2.431452721357345581e-01 7.118749022483825684e-01 6.770267486572265625e-01 5.270541906356811523e-01 4.285741150379180908e-01
7.821748852729797363e-01 6.529597043991088867e-01 7.646860480308532715e-01 3.899728655815124512e-01 7.190763354301452637e-01 2.431452721357345581e-01 7.118749022483825684e-01 6.770267486572265625e-01 5.270541906356811523e-01 4.224177300930023193e-01
7.821748852729797363e-01 5.675947070121765137e-01 7.646860480308532715e-01 3.899728655815124512e-01 6.368217468261718750e-01 2.431452721357345581e-01 7.118749022483825684e-01 6.770267486572265625e-01 5.270541906356811523e-01 5.474439263343811035e-01
8.361011743545532227e-01 8.616890311241149902e-01 7.646860480308532715e-01 3.589564859867095947e-01 6.368217468261718750e-01 5.808943510055541992e-01 7.118749022483825684e-01 6.770267486572265625e-01 5.270541906356811523e-01 2.990791201591491699e-01
7.821748852729797363e-01 7.249194383621215820e-01 7.646860480308532715e-01 3.899728655815124512e-01 6.368217468261718750e-01 5.808943510055541992e-01 7.118749022483825684e-01 6.770267486572265625e-01 5.270541906356811523e-01 2.990791201591491699e-01
7.821748852729797363e-01 3.426322937011718750e-01 7.646860480308532715e-01 6.121627092361450195e-01 6.368217468261718750e-01 4.921154081821441650e-01 7.118749022483825684e-01 6.770267486572265625e-01 5.270541906356811523e-01 5.474439263343811035e-01
7.821748852729797363e-01 3.426322937011718750e-01 7.646860480308532715e-01 3.899728655815124512e-01 6.368217468261718750e-01 4.921154081821441650e-01 7.118749022483825684e-01 6.770267486572265625e-01 5.270541906356811523e-01 5.019150972366333008e-01
8.361011743545532227e-01 7.194491028785705566e-01 7.646860480308532715e-01 6.121627092361450195e-01 6.368217468261718750e-01 4.921154081821441650e-01 7.118749022483825684e-01 6.770267486572265625e-01 5.270541906356811523e-01 5.019150972366333008e-01
8.843520283699035645e-01 8.193919062614440918e-01 7.646860480308532715e-01 4.336653649806976318e-01 6.368217468261718750e-01 5.808943510055541992e-01 7.118749022483825684e-01 6.770267486572265625e-01 5.270541906356811523e-01 2.622368335723876953e-01
8.843520283699035645e-01 6.805863976478576660e-01 7.646860480308532715e-01 4.336653649806976318e-01 6.368217468261718750e-01 5.808943510055541992e-01 7.118749022483825684e-01 6.770267486572265625e-01 5.270541906356811523e-01 2.326754778623580933e-01
8.253679871559143066e-01 9.290767312049865723e-01 6.563975214958190918e-01 3.540524840354919434e-01 6.368217468261718750e-01 5.808943510055541992e-01 7.118749022483825684e-01 7.964645028114318848e-01 5.270541906356811523e-01 4.035766124725341797e-01
8.345646262168884277e-01 8.948029875755310059e-01 8.063237071037292480e-01 4.336653649806976318e-01 6.368217468261718750e-01 5.808943510055541992e-01 7.118749022483825684e-01 6.770267486572265625e-01 5.270541906356811523e-01 2.735896706581115723e-01
7.148973345756530762e-01 9.290767312049865723e-01 6.563975214958190918e-01 6.476973295211791992e-01 6.368217468261718750e-01 5.808943510055541992e-01 7.118749022483825684e-01 7.964645028114318848e-01 5.270541906356811523e-01 8.795256018638610840e-01
9.293276071548461914e-01 8.816659450531005859e-01 6.563975214958190918e-01 4.336653649806976318e-01 6.368217468261718750e-01 5.808943510055541992e-01 7.118749022483825684e-01 7.964645028114318848e-01 5.270541906356811523e-01 7.912879586219787598e-01
8.345646262168884277e-01 7.953916788101196289e-01 7.646860480308532715e-01 4.336653649806976318e-01 6.368217468261718750e-01 5.808943510055541992e-01 7.118749022483825684e-01 7.964645028114318848e-01 5.270541906356811523e-01 5.086038112640380859e-01
8.345646262168884277e-01 6.746301054954528809e-01 8.063237071037292480e-01 4.336653649806976318e-01 6.368217468261718750e-01 5.808943510055541992e-01 7.118749022483825684e-01 5.890493988990783691e-01 5.270541906356811523e-01 6.489712595939636230e-01
8.345646262168884277e-01 6.746301054954528809e-01 8.063237071037292480e-01 5.925499796867370605e-01 6.368217468261718750e-01 5.808943510055541992e-01 7.118749022483825684e-01 6.770267486572265625e-01 5.270541906356811523e-01 5.899794101715087891e-01
8.345646262168884277e-01 7.953916788101196289e-01 7.646860480308532715e-01 5.925499796867370605e-01 6.368217468261718750e-01 5.808943510055541992e-01 7.118749022483825684e-01 6.770267486572265625e-01 5.270541906356811523e-01 6.008076071739196777e-01
8.345646262168884277e-01 6.805863976478576660e-01 7.646860480308532715e-01 5.925499796867370605e-01 6.368217468261718750e-01 5.808943510055541992e-01 7.118749022483825684e-01 6.770267486572265625e-01 5.270541906356811523e-01 6.008076071739196777e-01
8.345646262168884277e-01 6.805863976478576660e-01 7.646860480308532715e-01 5.925499796867370605e-01 6.368217468261718750e-01 5.808943510055541992e-01 7.118749022483825684e-01 6.770267486572265625e-01 5.270541906356811523e-01 6.008076071739196777e-01
8.345646262168884277e-01 7.997933626174926758e-01 7.646860480308532715e-01 5.925499796867370605e-01 6.368217468261718750e-01 4.921154081821441650e-01 7.118749022483825684e-01 6.770267486572265625e-01 5.270541906356811523e-01 6.008076071739196777e-01
8.345646262168884277e-01 7.997933626174926758e-01 7.646860480308532715e-01 4.336653649806976318e-01 6.368217468261718750e-01 4.921154081821441650e-01 7.118749022483825684e-01 6.770267486572265625e-01 5.270541906356811523e-01 6.008076071739196777e-01
8.345646262168884277e-01 8.233919143676757812e-01 7.646860480308532715e-01 4.336653649806976318e-01 6.368217468261718750e-01 5.808943510055541992e-01 7.118749022483825684e-01 5.890493988990783691e-01 5.270541906356811523e-01 5.899794101715087891e-01
4.676828384399414062e-01 9.068813323974609375e-01 7.646860480308532715e-01 5.925499796867370605e-01 6.368217468261718750e-01 5.808943510055541992e-01 7.118749022483825684e-01 5.937124490737915039e-01 5.270541906356811523e-01 7.217449545860290527e-01
4.839385449886322021e-01 8.973420858383178711e-01 7.646860480308532715e-01 5.925499796867370605e-01 6.368217468261718750e-01 5.808943510055541992e-01 7.118749022483825684e-01 5.890493988990783691e-01 5.270541906356811523e-01 4.561122655868530273e-01
9.301481246948242188e-01 9.538052082061767578e-01 6.002252101898193359e-01 7.773624658584594727e-01 6.368217468261718750e-01 5.808943510055541992e-01 7.118749022483825684e-01 5.937124490737915039e-01 5.270541906356811523e-01 9.468274116516113281e-01
4.839385449886322021e-01 9.202184081077575684e-01 6.002252101898193359e-01 7.773624658584594727e-01 6.368217468261718750e-01 5.808943510055541992e-01 7.118749022483825684e-01 5.937124490737915039e-01 5.270541906356811523e-01 8.786508440971374512e-01
4.839385449886322021e-01 9.221974611282348633e-01 8.063237071037292480e-01 5.925499796867370605e-01 6.368217468261718750e-01 5.808943510055541992e-01 7.118749022483825684e-01 5.937124490737915039e-01 5.270541906356811523e-01 8.130341172218322754e-01
4.839385449886322021e-01 6.805863976478576660e-01 4.196384549140930176e-01 5.925499796867370605e-01 6.368217468261718750e-01 5.808943510055541992e-01 7.118749022483825684e-01 5.890493988990783691e-01 5.270541906356811523e-01 4.965163469314575195e-01
4.839385449886322021e-01 4.284093379974365234e-01 2.450584024190902710e-01 4.057722687721252441e-01 4.707288742065429688e-01 5.808943510055541992e-01 4.327351748943328857e-01 3.064220845699310303e-01 3.482972383499145508e-01 4.482662975788116455e-01
4.839385449886322021e-01 7.997933626174926758e-01 4.196384549140930176e-01 5.925499796867370605e-01 6.368217468261718750e-01 4.921154081821441650e-01 7.118749022483825684e-01 5.890493988990783691e-01 5.270541906356811523e-01 6.000360846519470215e-01
4.839385449886322021e-01 6.805863976478576660e-01 6.672194004058837891e-01 5.925499796867370605e-01 6.368217468261718750e-01 4.921154081821441650e-01 7.118749022483825684e-01 5.890493988990783691e-01 5.270541906356811523e-01 8.072434663772583008e-01
7.304745912551879883e-01 6.805863976478576660e-01 6.002252101898193359e-01 5.925499796867370605e-01 6.368217468261718750e-01 4.921154081821441650e-01 7.118749022483825684e-01 5.890493988990783691e-01 5.270541906356811523e-01 6.000360846519470215e-01
7.304745912551879883e-01 6.805863976478576660e-01 4.196384549140930176e-01 5.925499796867370605e-01 6.368217468261718750e-01 4.921154081821441650e-01 7.118749022483825684e-01 5.890493988990783691e-01 5.270541906356811523e-01 6.789428591728210449e-01
6.943553090095520020e-01 7.997933626174926758e-01 6.002252101898193359e-01 5.925499796867370605e-01 6.368217468261718750e-01 4.921154081821441650e-01 7.118749022483825684e-01 6.397315859794616699e-01 5.270541906356811523e-01 6.789428591728210449e-01
8.141648173332214355e-01 6.805863976478576660e-01 6.002252101898193359e-01 5.925499796867370605e-01 6.368217468261718750e-01 4.921154081821441650e-01 7.118749022483825684e-01 6.397315859794616699e-01 5.270541906356811523e-01 6.789428591728210449e-01
8.345646262168884277e-01 6.805863976478576660e-01 6.002252101898193359e-01 4.336653649806976318e-01 6.368217468261718750e-01 4.921154081821441650e-01 7.118749022483825684e-01 6.397315859794616699e-01 5.270541906356811523e-01 7.467962503433227539e-01
8.345646262168884277e-01 6.805863976478576660e-01 6.002252101898193359e-01 4.938372671604156494e-01 6.368217468261718750e-01 4.921154081821441650e-01 7.118749022483825684e-01 6.397315859794616699e-01 5.270541906356811523e-01 6.000360846519470215e-01
8.345646262168884277e-01 5.842369794845581055e-01 4.026386737823486328e-01 3.141820132732391357e-01 4.707288742065429688e-01 4.921154081821441650e-01 4.327351748943328857e-01 6.057946681976318359e-01 3.482972383499145508e-01 8.280332684516906738e-01
3.606031835079193115e-01 3.238742053508758545e-01 4.026386737823486328e-01 3.141820132732391357e-01 4.707288742065429688e-01 4.921154081821441650e-01 4.327351748943328857e-01 3.537175953388214111e-01 3.482972383499145508e-01 4.925906658172607422e-01
2.262707948684692383e-01 3.238742053508758545e-01 4.026386737823486328e-01 3.141820132732391357e-01 4.707288742065429688e-01 4.921154081821441650e-01 4.327351748943328857e-01 6.057946681976318359e-01 3.482972383499145508e-01 5.054680705070495605e-01
3.606031835079193115e-01 3.238742053508758545e-01 5.267955660820007324e-01 3.141820132732391357e-01 4.707288742065429688e-01 4.921154081821441650e-01 4.327351748943328857e-01 6.057946681976318359e-01 5.756082534790039062e-01 3.939741551876068115e-01
8.345646262168884277e-01 7.265735268592834473e-01 7.126258611679077148e-01 6.226837635040283203e-01 4.707288742065429688e-01 6.676911115646362305e-01 4.327351748943328857e-01 5.526937842369079590e-01 7.387776970863342285e-01 5.796727538108825684e-01
2.262707948684692383e-01 3.799584209918975830e-01 5.267955660820007324e-01 3.141820132732391357e-01 4.707288742065429688e-01 4.921154081821441650e-01 4.327351748943328857e-01 5.526937842369079590e-01 5.756082534790039062e-01 3.513010740280151367e-01
2.262707948684692383e-01 3.799584209918975830e-01 5.267955660820007324e-01 3.141820132732391357e-01 4.707288742065429688e-01 4.921154081821441650e-01 4.327351748943328857e-01 5.526937842369079590e-01 5.756082534790039062e-01 3.513010740280151367e-01
2.586459219455718994e-01 3.799584209918975830e-01 5.267955660820007324e-01 3.141820132732391357e-01 4.707288742065429688e-01 4.921154081821441650e-01 4.327351748943328857e-01 5.526937842369079590e-01 5.756082534790039062e-01 3.939741551876068115e-01
1.077129617333412170e-01 4.422132670879364014e-01 3.941611647605895996e-01 3.268402218818664551e-01 4.707288742065429688e-01 7.763708829879760742e-01 4.327351748943328857e-01 5.526937842369079590e-01 5.756082534790039062e-01 4.175066947937011719e-01
3.606031835079193115e-01 5.978106260299682617e-01 5.267955660820007324e-01 3.141820132732391357e-01 4.707288742065429688e-01 7.763708829879760742e-01 4.327351748943328857e-01 5.526937842369079590e-01 5.756082534790039062e-01 3.738570809364318848e-01
8.345646262168884277e-01 8.328333497047424316e-01 7.126258611679077148e-01 4.938372671604156494e-01 4.707288742065429688e-01 6.676911115646362305e-01 6.874995827674865723e-01 5.526937842369079590e-01 7.387776970863342285e-01 6.414210200309753418e-01
8.843520283699035645e-01 7.265735268592834473e-01 7.126258611679077148e-01 4.938372671604156494e-01 4.707288742065429688e-01 7.763708829879760742e-01 6.874995827674865723e-01 5.526937842369079590e-01 5.756082534790039062e-01 7.496797442436218262e-01
6.764284372329711914e-01 5.536663532257080078e-01 5.267955660820007324e-01 3.141820132732391357e-01 4.707288742065429688e-01 7.763708829879760742e-01 4.327351748943328857e-01 5.526937842369079590e-01 3.615550100803375244e-01 3.104802072048187256e-01
9.350982904434204102e-01 5.536663532257080078e-01 5.267955660820007324e-01 2.086546123027801514e-01 4.707288742065429688e-01 7.763708829879760742e-01 4.327351748943328857e-01 5.526937842369079590e-01 3.615550100803375244e-01 5.150514245033264160e-01
9.048059582710266113e-01 4.341807365417480469e-01 3.008429706096649170e-01 2.086546123027801514e-01 4.707288742065429688e-01 7.763708829879760742e-01 6.874995827674865723e-01 5.526937842369079590e-01 3.615550100803375244e-01 5.150514245033264160e-01
9.048059582710266113e-01 4.341807365417480469e-01 3.008429706096649170e-01 3.824836611747741699e-01 5.879192948341369629e-01 7.763708829879760742e-01 6.874995827674865723e-01 5.526937842369079590e-01 3.615550100803375244e-01 7.732411623001098633e-01
9.048059582710266113e-01 7.550135254859924316e-01 4.894014000892639160e-01 4.871380627155303955e-01 3.038958311080932617e-01 7.763708829879760742e-01 6.874995827674865723e-01 5.526937842369079590e-01 5.414630174636840820e-01 7.874675393104553223e-01
9.048059582710266113e-01 6.217534542083740234e-01 4.894014000892639160e-01 5.688027143478393555e-01 5.879192948341369629e-01 7.763708829879760742e-01 6.874995827674865723e-01 5.526937842369079590e-01 5.414630174636840820e-01 7.732411623001098633e-01
9.048059582710266113e-01 8.975546956062316895e-01 4.894014000892639160e-01 3.596078157424926758e-01 4.625701606273651123e-01 7.763708829879760742e-01 7.118749022483825684e-01 5.880937576293945312e-01 5.414630174636840820e-01 9.170772433280944824e-01
9.048059582710266113e-01 8.237276077270507812e-01 4.894014000892639160e-01 3.596078157424926758e-01 4.625701606273651123e-01 7.763708829879760742e-01 7.118749022483825684e-01 5.880937576293945312e-01 5.414630174636840820e-01 7.220457792282104492e-01
9.048059582710266113e-01 8.975546956062316895e-01 4.894014000892639160e-01 3.596078157424926758e-01 4.625701606273651123e-01 7.763708829879760742e-01 7.118749022483825684e-01 5.880937576293945312e-01 5.414630174636840820e-01 8.529735207557678223e-01
9.350982904434204102e-01 8.237276077270507812e-01 4.894014000892639160e-01 4.589055478572845459e-01 5.568256378173828125e-01 6.676911115646362305e-01 7.118749022483825684e-01 7.397940754890441895e-01 5.414630174636840820e-01 8.939011693000793457e-01
9.350982904434204102e-01 9.154907464981079102e-01 7.126258611679077148e-01 5.892481803894042969e-01 5.568256378173828125e-01 7.597338557243347168e-01 7.118749022483825684e-01 7.397940754890441895e-01 5.414630174636840820e-01 7.637373208999633789e-01
9.350982904434204102e-01 8.524646162986755371e-01 7.126258611679077148e-01 5.892481803894042969e-01 5.568256378173828125e-01 6.232764720916748047e-01 7.118749022483825684e-01 7.397940754890441895e-01 5.414630174636840820e-01 8.440462946891784668e-01
9.350982904434204102e-01 9.154907464981079102e-01 7.126258611679077148e-01 5.892481803894042969e-01 5.568256378173828125e-01 6.232764720916748047e-01 7.118749022483825684e-01 7.397940754890441895e-01 5.414630174636840820e-01 7.834719419479370117e-01
8.718832731246948242e-01 8.524646162986755371e-01 7.126258611679077148e-01 5.892481803894042969e-01 5.568256378173828125e-01 6.795935034751892090e-01 7.118749022483825684e-01 7.397940754890441895e-01 5.414630174636840820e-01 9.223296046257019043e-01
