4.916799664497375488e-01 2.436930239200592041e-01 4.703524410724639893e-01 7.621093988418579102e-01 8.243100643157958984e-01 4.105432033538818359e-01 4.804987013339996338e-01 8.454275727272033691e-01 1.866397708654403687e-01 4.518361687660217285e-01
4.916799664497375488e-01 5.264225006103515625e-01 2.251885384321212769e-01 9.113064408302307129e-02 1.517871674150228500e-02 1.409846693277359009e-01 2.708190381526947021e-01 9.198623299598693848e-01 1.866397708654403687e-01 7.750108838081359863e-01
5.845644474029541016e-01 1.364517211914062500e-01 7.378470301628112793e-01 9.468896389007568359e-01 1.676573902368545532e-01 8.340656161308288574e-01 4.804987013339996338e-01 8.258290290832519531e-01 3.793529868125915527e-01 9.340712428092956543e-01
5.825337171554565430e-01 9.622449278831481934e-01 2.223851531744003296e-01 9.938905239105224609e-01 9.640603065490722656e-01 1.135614216327667236e-01 2.708190381526947021e-01 6.439314484596252441e-01 1.866397708654403687e-01 7.679289579391479492e-01
5.825337171554565430e-01 6.395518779754638672e-01 8.466442823410034180e-01 9.799348711967468262e-01 4.153874218463897705e-01 4.591352120041847229e-02 4.804987013339996338e-01 3.870853483676910400e-01 7.572707533836364746e-01 5.838752985000610352e-01
5.825337171554565430e-01 5.120326876640319824e-01 6.987338662147521973e-01 2.883391678333282471e-01 9.706643223762512207e-01 6.221998333930969238e-01 2.708190381526947021e-01 7.971782982349395752e-02 7.931448817253112793e-01 2.822945415973663330e-01
8.077754974365234375e-01 9.189481846988201141e-03 5.464058518409729004e-01 5.226147770881652832e-01 6.093301773071289062e-01 8.328825235366821289e-01 4.804987013339996338e-01 9.696499109268188477e-01 3.554795682430267334e-01 3.252976536750793457e-01
3.810233175754547119e-01 3.861416578292846680e-01 4.812966585159301758e-01 9.432474374771118164e-01 8.202329874038696289e-01 9.354351162910461426e-01 4.804987013339996338e-01 9.681077599525451660e-01 4.851924777030944824e-01 5.387573242187500000e-01
5.825337171554565430e-01 5.947738885879516602e-01 4.868258833885192871e-01 7.954888939857482910e-01 5.561028718948364258e-01 4.337111860513687134e-02 7.824488878250122070e-01 8.257657885551452637e-01 3.554795682430267334e-01 9.559960365295410156e-01
5.825337171554565430e-01 4.396302700042724609e-01 9.352610707283020020e-01 5.451165437698364258e-01 5.535528063774108887e-01 1.372737586498260498e-01 3.028818666934967041e-01 2.781838476657867432e-01 3.554795682430267334e-01 7.794147133827209473e-01
4.916799664497375488e-01 5.104815959930419922e-01 7.268577814102172852e-01 7.407485246658325195e-01 1.587010324001312256e-01 4.154121875762939453e-02 4.804987013339996338e-01 2.414871901273727417e-01 7.572707533836364746e-01 4.996595382690429688e-01
5.825337171554565430e-01 4.858567416667938232e-01 2.161871939897537231e-01 9.677387475967407227e-01 7.626682519912719727e-01 8.912743330001831055e-01 3.028818666934967041e-01 3.142999708652496338e-01 7.572707533836364746e-01 7.884404063224792480e-01
4.829179942607879639e-01 7.742044925689697266e-01 5.980776548385620117e-01 5.893409252166748047e-01 4.569695889949798584e-01 8.044377565383911133e-01 3.028818666934967041e-01 4.394609928131103516e-01 6.216460466384887695e-01 5.100076198577880859e-01
4.352455735206604004e-01 6.458001136779785156e-01 9.487724900245666504e-01 6.545364260673522949e-01 8.027675747871398926e-01 9.355364441871643066e-01 7.824488878250122070e-01 3.142999708652496338e-01 7.931448817253112793e-01 6.036617755889892578e-01
5.285544395446777344e-01 7.042756676673889160e-01 9.962195754051208496e-01 8.139526844024658203e-01 6.385157108306884766e-01 7.500675916671752930e-01 6.589946746826171875e-01 9.361644387245178223e-01 7.572707533836364746e-01 2.705332636833190918e-01
2.174668908119201660e-01 2.167243324220180511e-02 7.489551305770874023e-01 5.997125506401062012e-01 5.832754373550415039e-01 7.298069447278976440e-02 3.028818666934967041e-01 1.708806157112121582e-01 6.236934065818786621e-01 3.539599180221557617e-01
7.823961973190307617e-02 6.831684708595275879e-01 9.214904904365539551e-01 5.348101258277893066e-01 8.013628125190734863e-01 2.228336334228515625e-01 7.824488878250122070e-01 9.300116896629333496e-01 3.554795682430267334e-01 1.971969902515411377e-01
2.174668908119201660e-01 1.620796024799346924e-01 2.067830115556716919e-01 4.101502597332000732e-01 6.148568987846374512e-01 5.398617312312126160e-02 7.824488878250122070e-01 7.256207466125488281e-01 5.285375118255615234e-01 2.348332405090332031e-01
5.170127153396606445e-01 7.143010497093200684e-01 2.140486091375350952e-01 3.431393802165985107e-01 2.748642265796661377e-01 6.253966689109802246e-01 7.824488878250122070e-01 8.381088078022003174e-02 3.554795682430267334e-01 3.154482841491699219e-01
4.352455735206604004e-01 8.272185325622558594e-01 9.157533943653106689e-02 9.520335197448730469e-01 7.931234240531921387e-01 2.149052768945693970e-01 7.824488878250122070e-01 2.876000106334686279e-01 7.572707533836364746e-01 6.955708265304565430e-01
4.352455735206604004e-01 5.286192893981933594e-01 9.984632730484008789e-01 9.755975008010864258e-01 8.300621509552001953e-01 5.337578058242797852e-01 7.824488878250122070e-01 5.333331227302551270e-02 3.554795682430267334e-01 4.980199337005615234e-01
2.784964740276336670e-01 6.894047856330871582e-01 5.839148163795471191e-01 9.864765405654907227e-01 9.753770232200622559e-01 7.931218743324279785e-01 3.028818666934967041e-01 2.596677541732788086e-01 4.206779599189758301e-01 3.551718294620513916e-01
4.352455735206604004e-01 6.548302173614501953e-01 8.802821040153503418e-01 7.212010622024536133e-01 6.891724467277526855e-01 6.831318140029907227e-02 7.824488878250122070e-01 7.675746828317642212e-02 7.572707533836364746e-01 3.266158103942871094e-01
2.174668908119201660e-01 2.335274815559387207e-01 1.423255056142807007e-01 2.243992872536182404e-02 2.692069672048091888e-02 3.154112994670867920e-01 7.824488878250122070e-01 2.095420099794864655e-02 3.554795682430267334e-01 2.745653688907623291e-01
4.352455735206604004e-01 6.153904199600219727e-01 8.028610944747924805e-01 2.827445864677429199e-01 9.004997611045837402e-01 7.284806370735168457e-01 6.589946746826171875e-01 1.373085379600524902e-01 3.554795682430267334e-01 2.417765557765960693e-02
2.174668908119201660e-01 8.297337889671325684e-01 8.693245649337768555e-01 1.274228543043136597e-01 5.533286929130554199e-01 3.139517307281494141e-01 4.501672387123107910e-01 2.132111042737960815e-02 1.866397708654403687e-01 4.179140031337738037e-01
4.352455735206604004e-01 4.643329381942749023e-01 8.432734608650207520e-01 1.081861332058906555e-01 1.580270677804946899e-01 7.439195513725280762e-01 4.501672387123107910e-01 1.221734844148159027e-02 2.628692090511322021e-01 3.389176726341247559e-01
2.174668908119201660e-01 1.871729344129562378e-01 7.396926879882812500e-01 7.419063150882720947e-02 7.342580705881118774e-02 1.123653203248977661e-01 3.028818666934967041e-01 6.517013907432556152e-01 3.554795682430267334e-01 7.518135756254196167e-02
7.823961973190307617e-02 6.285979151725769043e-01 8.665031790733337402e-01 4.741956293582916260e-02 7.465516328811645508e-01 3.283963501453399658e-01 7.123165130615234375e-01 2.275238558650016785e-02 3.554795682430267334e-01 5.326402187347412109e-01
2.174668908119201660e-01 9.236493110656738281e-01 9.697485566139221191e-01 5.760435461997985840e-01 5.211843252182006836e-01 3.146888911724090576e-01 2.708190381526947021e-01 6.522300839424133301e-01 3.554795682430267334e-01 3.019290566444396973e-01
5.469645857810974121e-01 5.939167141914367676e-01 7.297734916210174561e-02 7.680910229682922363e-01 3.780877292156219482e-01 5.117869973182678223e-01 3.028818666934967041e-01 6.783788651227951050e-02 3.554795682430267334e-01 8.145103454589843750e-01
4.352455735206604004e-01 8.753417134284973145e-01 2.898252606391906738e-01 9.633492231369018555e-01 8.314945548772811890e-02 8.155426979064941406e-01 3.028818666934967041e-01 1.940295659005641937e-02 3.554795682430267334e-01 1.309044007211923599e-02
4.352455735206604004e-01 6.070927903056144714e-02 4.192013442516326904e-01 7.063246332108974457e-03 5.659930706024169922e-01 2.016594111919403076e-01 6.589946746826171875e-01 3.267384469509124756e-01 6.236934065818786621e-01 6.416100859642028809e-01
7.982954382896423340e-01 9.931879118084907532e-03 8.062439560890197754e-01 9.560912847518920898e-01 9.799802899360656738e-01 6.337566375732421875e-01 4.501672387123107910e-01 5.005679130554199219e-01 3.554795682430267334e-01 9.613357186317443848e-01
4.352455735206604004e-01 5.807164311408996582e-01 9.730379581451416016e-01 4.912326931953430176e-01 2.785100340843200684e-01 9.787948727607727051e-01 7.123165130615234375e-01 2.757257223129272461e-01 3.554795682430267334e-01 7.770864963531494141e-01
4.352455735206604004e-01 6.150943040847778320e-01 9.718019366264343262e-01 9.373323321342468262e-01 9.047635197639465332e-01 7.091001272201538086e-01 4.501672387123107910e-01 2.549691796302795410e-01 3.554795682430267334e-01 9.204756021499633789e-01
2.174668908119201660e-01 8.442934751510620117e-01 8.398075699806213379e-01 4.178262948989868164e-01 8.724165558815002441e-01 3.513815701007843018e-01 4.501672387123107910e-01 3.267384469509124756e-01 3.554795682430267334e-01 7.120201587677001953e-01
2.174668908119201660e-01 7.379747629165649414e-01 9.739244580268859863e-01 3.482340872287750244e-01 9.713824391365051270e-01 4.573796391487121582e-01 4.501672387123107910e-01 3.325180411338806152e-01 7.572707533836364746e-01 8.569929003715515137e-01
4.768211543560028076e-01 4.774467647075653076e-01 9.914532899856567383e-01 4.696423411369323730e-01 6.227514743804931641e-01 8.795750737190246582e-01 7.123165130615234375e-01 6.701965928077697754e-01 7.572707533836364746e-01 2.223124504089355469e-01
4.352455735206604004e-01 1.407624781131744385e-01 8.636475801467895508e-01 4.891653060913085938e-01 8.210847377777099609e-01 5.638859868049621582e-01 4.468706846237182617e-01 8.224996328353881836e-01 3.554795682430267334e-01 3.161329329013824463e-01
4.352455735206604004e-01 2.709008194506168365e-02 8.614478707313537598e-01 9.094374179840087891e-01 2.279775291681289673e-01 2.801728546619415283e-01 2.708190381526947021e-01 6.767297983169555664e-01 3.554795682430267334e-01 2.055435031652450562e-01
4.352455735206604004e-01 1.735434681177139282e-02 8.008857369422912598e-01 4.666708409786224365e-01 2.252776920795440674e-01 6.482692360877990723e-01 4.501672387123107910e-01 5.489950776100158691e-01 2.628692090511322021e-01 4.986157715320587158e-01
4.352455735206604004e-01 5.527728796005249023e-02 4.510912299156188965e-01 7.754222154617309570e-01 7.937684655189514160e-02 7.431489229202270508e-02 4.501672387123107910e-01 3.372771143913269043e-01 3.554795682430267334e-01 8.992473483085632324e-01
4.352455735206604004e-01 2.607177793979644775e-01 2.510205097496509552e-02 2.473369985818862915e-02 2.460589408874511719e-01 8.293539285659790039e-01 4.501672387123107910e-01 2.897397577762603760e-01 3.554795682430267334e-01 3.179846107959747314e-01
4.352455735206604004e-01 8.765989542007446289e-02 2.742707729339599609e-01 1.366549581289291382e-01 4.834664613008499146e-02 4.305164515972137451e-01 2.708190381526947021e-01 8.189740777015686035e-01 2.628692090511322021e-01 6.079979613423347473e-02
4.352455735206604004e-01 9.574311971664428711e-01 7.617791295051574707e-01 8.208801746368408203e-01 4.156770706176757812e-01 2.369887381792068481e-01 2.708190381526947021e-01 5.088464617729187012e-01 7.572707533836364746e-01 6.384517550468444824e-01
2.174668908119201660e-01 1.636589765548706055e-01 7.585949301719665527e-01 9.228867888450622559e-01 8.611159324645996094e-01 4.656205773353576660e-01 2.708190381526947021e-01 1.459191590547561646e-01 7.572707533836364746e-01 8.150874972343444824e-01
4.352455735206604004e-01 7.693909406661987305e-01 4.724611341953277588e-01 9.822606444358825684e-01 9.354493021965026855e-01 7.807838320732116699e-01 2.708190381526947021e-01 5.516177415847778320e-01 4.851924777030944824e-01 3.287600278854370117e-01
5.879907608032226562e-01 3.237955272197723389e-01 4.336992800235748291e-01 9.934309124946594238e-01 1.572603732347488403e-01 2.857894301414489746e-01 4.501672387123107910e-01 4.696432128548622131e-02 3.554795682430267334e-01 6.397153735160827637e-01
4.352455735206604004e-01 6.831122040748596191e-01 7.759252786636352539e-01 7.142865657806396484e-01 9.095851182937622070e-01 4.729508459568023682e-01 7.824488878250122070e-01 7.899115085601806641e-01 6.236934065818786621e-01 8.120632767677307129e-01
7.700197696685791016e-01 7.459004521369934082e-01 5.477367043495178223e-01 1.313013881444931030e-01 1.415927708148956299e-01 1.135933473706245422e-01 7.824488878250122070e-01 3.111193478107452393e-01 7.572707533836364746e-01 6.692327857017517090e-01
4.352455735206604004e-01 1.618984900414943695e-02 2.692242562770843506e-01 9.846420884132385254e-01 8.847419023513793945e-01 7.907001972198486328e-01 7.824488878250122070e-01 1.632000058889389038e-01 2.628692090511322021e-01 6.491072773933410645e-01
4.352455735206604004e-01 1.771283596754074097e-01 3.541425466537475586e-01 2.502806186676025391e-01 5.757343769073486328e-01 1.349783390760421753e-01 2.708190381526947021e-01 4.696432128548622131e-02 1.866397708654403687e-01 2.036377936601638794e-01
4.352455735206604004e-01 7.316890358924865723e-01 7.888146676123142242e-03 6.826658844947814941e-01 2.946610450744628906e-01 1.360563933849334717e-01 7.824488878250122070e-01 2.757257223129272461e-01 2.628692090511322021e-01 2.030364722013473511e-01
4.352455735206604004e-01 3.555694222450256348e-01 5.247485637664794922e-01 7.664241790771484375e-01 9.267922639846801758e-01 9.190903306007385254e-01 7.824488878250122070e-01 1.671054214239120483e-01 3.554795682430267334e-01 5.942947864532470703e-01
4.352455735206604004e-01 9.213559627532958984e-01 1.654217243194580078e-01 3.094078600406646729e-01 6.705083847045898438e-01 1.287497282028198242e-01 2.708190381526947021e-01 2.418999671936035156e-01 7.572707533836364746e-01 1.003129631280899048e-01
2.174668908119201660e-01 4.434501528739929199e-01 2.471226453781127930e-01 9.950174689292907715e-01 9.598857760429382324e-01 9.085078239440917969e-01 2.708190381526947021e-01 1.597991585731506348e-01 7.572707533836364746e-01 1.607032120227813721e-01
4.352455735206604004e-01 6.576462388038635254e-01 5.131436586380004883e-01 3.131207227706909180e-01 3.069372773170471191e-01 6.307422518730163574e-01 3.028818666934967041e-01 3.781066536903381348e-01 2.628692090511322021e-01 1.407518535852432251e-01
4.352455735206604004e-01 8.719025254249572754e-01 9.673947691917419434e-01 6.862285137176513672e-01 1.630588024854660034e-01 7.093774080276489258e-01 7.824488878250122070e-01 2.882088422775268555e-01 6.236934065818786621e-01 4.638236165046691895e-01
5.285544395446777344e-01 3.777030482888221741e-02 6.465718746185302734e-01 4.346977174282073975e-01 5.563765764236450195e-01 9.731526374816894531e-01 7.824488878250122070e-01 1.671054214239120483e-01 6.236934065818786621e-01 7.605761885643005371e-01
2.878873348236083984e-01 3.929466381669044495e-02 1.493038088083267212e-01 3.725514411926269531e-01 7.239723801612854004e-01 5.280379652976989746e-01 7.824488878250122070e-01 8.682164549827575684e-02 3.554795682430267334e-01 8.671051263809204102e-01
2.174668908119201660e-01 3.265724182128906250e-01 1.416286919265985489e-02 4.843025654554367065e-02 8.058246374130249023e-01 5.742344260215759277e-01 7.824488878250122070e-01 3.684542775154113770e-01 3.554795682430267334e-01 1.105865240097045898e-01
4.352455735206604004e-01 7.482998371124267578e-01 1.311661303043365479e-01 8.157413601875305176e-01 5.643138289451599121e-01 1.633800119161605835e-01 7.824488878250122070e-01 1.955529302358627319e-01 2.628692090511322021e-01 2.478444576263427734e-01
2.174668908119201660e-01 7.367032170295715332e-01 1.187701970338821411e-01 4.197228699922561646e-03 5.698078870773315430e-01 2.608325779438018799e-01 7.824488878250122070e-01 3.139646649360656738e-01 3.554795682430267334e-01 6.340070366859436035e-01
4.352455735206604004e-01 1.105814129114151001e-01 2.944613061845302582e-02 8.020870089530944824e-01 8.940764665603637695e-01 5.701670050621032715e-01 4.501672387123107910e-01 6.056753396987915039e-01 4.851924777030944824e-01 1.824072003364562988e-01
4.352455735206604004e-01 8.517059683799743652e-01 2.282734587788581848e-02 9.123129248619079590e-01 2.464190721511840820e-01 8.655417561531066895e-01 7.123165130615234375e-01 4.876181483268737793e-01 4.851924777030944824e-01 1.917200088500976562e-01
2.174668908119201660e-01 8.318724632263183594e-01 9.596290588378906250e-01 1.271319836378097534e-01 6.045240759849548340e-01 2.122783064842224121e-01 4.501672387123107910e-01 2.607178092002868652e-01 6.236934065818786621e-01 4.163956940174102783e-01
4.352455735206604004e-01 8.026606440544128418e-01 3.041675090789794922e-01 5.653564333915710449e-01 7.738091945648193359e-01 5.280379652976989746e-01 2.708190381526947021e-01 3.119292259216308594e-01 6.236934065818786621e-01 1.387263536453247070e-01
7.700197696685791016e-01 5.893421769142150879e-01 8.441264033317565918e-01 5.758567452430725098e-01 5.722586512565612793e-01 8.445394039154052734e-01 3.028818666934967041e-01 1.866371780633926392e-01 6.236934065818786621e-01 2.812376022338867188e-01
4.352455735206604004e-01 4.909898042678833008e-01 7.747813463211059570e-01 3.365709483623504639e-01 8.113795518875122070e-01 8.042679429054260254e-01 3.028818666934967041e-01 3.076073527336120605e-01 4.851924777030944824e-01 4.770578444004058838e-01
4.352455735206604004e-01 8.907494544982910156e-01 6.156686693429946899e-02 2.197151780128479004e-01 2.799955904483795166e-01 8.383646607398986816e-01 3.028818666934967041e-01 8.207416534423828125e-02 6.236934065818786621e-01 2.254663258790969849e-01
7.982954382896423340e-01 1.549473702907562256e-01 1.784076392650604248e-01 4.353310465812683105e-01 9.797018766403198242e-01 1.208436563611030579e-01 4.501672387123107910e-01 5.828587710857391357e-02 4.851924777030944824e-01 3.226911127567291260e-01
4.352455735206604004e-01 1.794484443962574005e-02 3.010624945163726807e-01 3.488195538520812988e-01 2.526394128799438477e-01 6.530263423919677734e-01 3.028818666934967041e-01 5.444579720497131348e-01 7.572707533836364746e-01 9.037540107965469360e-02
4.352455735206604004e-01 6.590112298727035522e-02 2.098094820976257324e-01 5.210939645767211914e-01 6.773090362548828125e-01 2.790718972682952881e-01 2.708190381526947021e-01 6.977958083152770996e-01 4.851924777030944824e-01 3.739955425262451172e-01
2.174668908119201660e-01 5.362662076950073242e-01 2.164454571902751923e-02 9.131155610084533691e-01 4.028380513191223145e-01 6.641971468925476074e-01 7.123165130615234375e-01 5.006508827209472656e-01 3.554795682430267334e-01 7.468645572662353516e-01
4.352455735206604004e-01 6.072120368480682373e-02 6.618194580078125000e-01 9.186287522315979004e-01 5.827745795249938965e-01 2.005498260259628296e-01 7.123165130615234375e-01 5.611224174499511719e-01 1.866397708654403687e-01 9.219756126403808594e-01
7.982954382896423340e-01 1.953039914369583130e-01 5.469598770141601562e-01 2.725722193717956543e-01 2.596607804298400879e-01 2.595780789852142334e-01 7.123165130615234375e-01 4.964015185832977295e-01 5.285375118255615234e-01 5.915748476982116699e-01
7.700197696685791016e-01 6.510105133056640625e-01 1.234194412827491760e-01 1.454992294311523438e-01 9.287561178207397461e-01 5.441871285438537598e-01 7.123165130615234375e-01 9.401294589042663574e-01 2.628692090511322021e-01 1.542693972587585449e-01
7.823961973190307617e-02 4.827269017696380615e-01 4.989005029201507568e-01 4.843547474592924118e-03 2.738618291914463043e-02 7.069701552391052246e-01 4.501672387123107910e-01 3.267384469509124756e-01 2.628692090511322021e-01 1.243687719106674194e-01
7.823961973190307617e-02 7.436982989311218262e-01 1.446272898465394974e-02 1.512859016656875610e-02 3.544351458549499512e-01 9.391957521438598633e-01 4.501672387123107910e-01 3.409434556961059570e-01 2.628692090511322021e-01 1.256912201642990112e-01
4.352455735206604004e-01 8.367158174514770508e-01 2.126923799514770508e-01 2.912402711808681488e-02 6.931400299072265625e-02 6.437820792198181152e-01 4.501672387123107910e-01 9.579645842313766479e-02 4.851924777030944824e-01 2.484353929758071899e-01
7.700197696685791016e-01 4.884624481201171875e-01 3.920929729938507080e-01 1.717337220907211304e-01 8.581311702728271484e-01 9.701045751571655273e-01 7.123165130615234375e-01 8.762677907943725586e-01 6.236934065818786621e-01 4.333239793777465820e-01
4.352455735206604004e-01 9.628498554229736328e-01 6.770450621843338013e-02 1.881904751062393188e-01 7.851017713546752930e-01 9.462166428565979004e-01 7.123165130615234375e-01 8.391780406236648560e-02 1.866397708654403687e-01 9.470536112785339355e-01
2.174668908119201660e-01 3.633095622062683105e-01 9.747461415827274323e-03 7.530625909566879272e-02 1.933217644691467285e-01 7.978157997131347656e-01 6.216460466384887695e-01 8.391780406236648560e-02 4.851924777030944824e-01 9.033646434545516968e-02
2.174668908119201660e-01 4.654303789138793945e-01 3.554853796958923340e-01 3.424696624279022217e-02 4.213686287403106689e-02 2.496721893548965454e-01 3.028818666934967041e-01 4.610314965248107910e-01 3.554795682430267334e-01 9.431464672088623047e-01
2.174668908119201660e-01 5.910801291465759277e-01 1.147826784290373325e-03 9.049707092344760895e-03 9.705828428268432617e-01 1.343540102243423462e-01 2.708190381526947021e-01 4.610314965248107910e-01 7.572707533836364746e-01 5.016649141907691956e-02
1.905407756567001343e-01 3.400002047419548035e-02 6.758295465260744095e-03 2.162827365100383759e-02 2.057440131902694702e-01 7.771624922752380371e-01 2.708190381526947021e-01 5.947740674018859863e-01 2.628692090511322021e-01 8.154407739639282227e-01
4.352455735206604004e-01 9.747518301010131836e-01 3.236358985304832458e-02 2.269321382045745850e-01 4.902404248714447021e-01 4.506520330905914307e-01 2.708190381526947021e-01 4.328512251377105713e-01 1.866397708654403687e-01 5.362795591354370117e-01
1.905407756567001343e-01 1.936293691396713257e-01 2.620196938514709473e-01 3.828269243240356445e-01 1.162576377391815186e-01 1.293483525514602661e-01 2.708190381526947021e-01 2.376506105065345764e-02 4.851924777030944824e-01 5.682522058486938477e-01
4.352455735206604004e-01 6.349700093269348145e-01 4.188683256506919861e-02 1.143269091844558716e-01 7.658138126134872437e-02 7.428287267684936523e-01 2.708190381526947021e-01 1.671054214239120483e-01 5.285375118255615234e-01 1.695255190134048462e-01
5.170127153396606445e-01 4.504666626453399658e-01 4.767012968659400940e-02 4.558812379837036133e-01 4.286539927124977112e-02 5.707647800445556641e-01 7.123165130615234375e-01 3.773926943540573120e-02 3.554795682430267334e-01 8.372959494590759277e-01
2.174668908119201660e-01 8.497253060340881348e-01 2.652599290013313293e-02 8.661323785781860352e-02 8.036563396453857422e-01 1.833577454090118408e-01 7.824488878250122070e-01 3.734402656555175781e-01 3.554795682430267334e-01 1.757554560899734497e-01
4.768211543560028076e-01 7.719570994377136230e-01 7.600164413452148438e-02 3.362911045551300049e-01 2.930293381214141846e-01 4.391682147979736328e-01 3.028818666934967041e-01 1.238158643245697021e-01 6.236934065818786621e-01 5.404392480850219727e-01
7.982954382896423340e-01 4.732267260551452637e-01 1.640501320362091064e-01 2.363848499953746796e-02 7.690349221229553223e-02 9.824189543724060059e-01 3.028818666934967041e-01 3.819246962666511536e-02 7.572707533836364746e-01 1.239859238266944885e-01
1.463430970907211304e-01 1.900818645954132080e-01 8.465288877487182617e-01 8.216500282287597656e-02 7.517282962799072266e-01 5.243966579437255859e-01 4.804987013339996338e-01 6.660575866699218750e-01 3.554795682430267334e-01 8.217314258217811584e-03
1.463430970907211304e-01 2.972299046814441681e-02 5.141705870628356934e-01 9.086567163467407227e-02 9.033785462379455566e-01 7.206845283508300781e-01 4.804987013339996338e-01 1.500305831432342529e-01 3.554795682430267334e-01 5.828972160816192627e-02
1.463430970907211304e-01 9.126277565956115723e-01 2.943629398941993713e-02 9.363203048706054688e-01 2.317894101142883301e-01 4.115034341812133789e-01 6.589946746826171875e-01 2.952840030193328857e-01 3.554795682430267334e-01 8.572363257408142090e-01
3.704627156257629395e-01 3.673469275236129761e-02 4.065732285380363464e-02 1.910642534494400024e-01 1.861481517553329468e-01 2.472561597824096680e-02 4.804987013339996338e-01 5.044741556048393250e-02 3.554795682430267334e-01 8.448875546455383301e-01
1.463430970907211304e-01 3.091027438640594482e-01 9.039663672447204590e-01 1.044539064168930054e-01 9.421521797776222229e-03 8.116994798183441162e-02 4.804987013339996338e-01 6.439986824989318848e-02 2.628692090511322021e-01 5.634857416152954102e-01
4.268604218959808350e-01 6.883514523506164551e-01 4.474665911402553320e-04 1.614608019590377808e-01 7.353010177612304688e-01 9.393364936113357544e-02 4.468706846237182617e-01 4.443049058318138123e-02 6.236934065818786621e-01 5.241892337799072266e-01
4.681879580020904541e-01 2.353131473064422607e-01 1.999786049127578735e-01 4.733085334300994873e-01 3.043067753314971924e-01 1.266187895089387894e-02 4.468706846237182617e-01 6.819207966327667236e-02 7.572707533836364746e-01 8.812842369079589844e-01
1.463430970907211304e-01 9.108079075813293457e-01 7.892132997512817383e-01 1.681798696517944336e-01 3.521220088005065918e-01 1.962987184524536133e-01 7.824488878250122070e-01 1.325174123048782349e-01 3.554795682430267334e-01 4.923126697540283203e-01
1.463430970907211304e-01 4.880971908569335938e-01 9.917119741439819336e-01 4.284196197986602783e-01 5.821835398674011230e-01 1.448640692979097366e-02 7.824488878250122070e-01 4.342487454414367676e-02 2.628692090511322021e-01 8.922994732856750488e-01
3.704627156257629395e-01 9.795672297477722168e-01 7.091819494962692261e-02 7.658518552780151367e-01 4.923772811889648438e-01 1.551919579505920410e-01 4.468706846237182617e-01 1.093365028500556946e-01 7.572707533836364746e-01 6.159404516220092773e-01
4.681879580020904541e-01 3.866952657699584961e-01 1.957185119390487671e-01 6.291575431823730469e-01 7.767571806907653809e-01 4.193187132477760315e-02 3.028818666934967041e-01 4.785083830356597900e-01 3.554795682430267334e-01 4.491282999515533447e-01
1.463430970907211304e-01 7.407403588294982910e-01 9.785388112068176270e-01 5.295165777206420898e-01 1.021682024002075195e-01 5.864563584327697754e-01 7.824488878250122070e-01 3.808578848838806152e-01 3.554795682430267334e-01 5.431904792785644531e-01
5.825337171554565430e-01 8.635089993476867676e-01 8.344035744667053223e-01 1.750164628028869629e-01 9.464243054389953613e-01 8.150137215852737427e-02 6.589946746826171875e-01 4.399218037724494934e-02 3.554795682430267334e-01 2.089094817638397217e-01
1.463430970907211304e-01 5.919110774993896484e-01 1.026547998189926147e-01 7.207289338111877441e-01 8.607431054115295410e-01 3.580547869205474854e-02 6.589946746826171875e-01 1.212040986865758896e-02 7.572707533836364746e-01 6.159585714340209961e-01
1.463430970907211304e-01 3.259349465370178223e-01 1.568532437086105347e-01 7.227787375450134277e-01 3.134463727474212646e-01 7.796549052000045776e-02 3.028818666934967041e-01 6.960061937570571899e-02 2.628692090511322021e-01 2.758227288722991943e-01
1.463430970907211304e-01 9.079796671867370605e-01 1.754458695650100708e-01 9.050437808036804199e-02 6.966716647148132324e-01 4.951789975166320801e-02 7.123165130615234375e-01 2.232225239276885986e-02 3.554795682430267334e-01 3.166351616382598877e-01
3.704627156257629395e-01 2.125819474458694458e-01 5.305632352828979492e-01 5.276305973529815674e-02 1.931485533714294434e-01 2.672818303108215332e-01 7.123165130615234375e-01 6.995841860771179199e-02 4.851924777030944824e-01 9.681540131568908691e-01
1.463430970907211304e-01 7.958623766899108887e-01 7.534794211387634277e-01 5.944966673851013184e-01 2.276624888181686401e-01 5.502659454941749573e-02 4.501672387123107910e-01 2.587085664272308350e-01 3.554795682430267334e-01 2.495098263025283813e-01
1.463430970907211304e-01 3.172612488269805908e-01 1.590926945209503174e-01 7.272220253944396973e-01 7.877472043037414551e-01 7.016992568969726562e-01 6.589946746826171875e-01 6.528694033622741699e-01 3.554795682430267334e-01 4.841181635856628418e-01
1.463430970907211304e-01 2.928020060062408447e-01 5.187388658523559570e-01 6.838743686676025391e-01 6.209437847137451172e-01 6.313476562500000000e-01 4.501672387123107910e-01 3.177695721387863159e-02 3.554795682430267334e-01 8.652185797691345215e-01
1.463430970907211304e-01 1.481303870677947998e-01 4.952960908412933350e-01 6.921887863427400589e-03 6.693847477436065674e-02 3.761224448680877686e-01 7.123165130615234375e-01 3.259161487221717834e-02 3.554795682430267334e-01 2.188818901777267456e-01
1.463430970907211304e-01 3.080202341079711914e-01 2.114245295524597168e-01 4.596116486936807632e-03 9.994878619909286499e-02 4.405964538455009460e-02 7.123165130615234375e-01 1.319123990833759308e-02 3.554795682430267334e-01 3.492589294910430908e-01
1.463430970907211304e-01 3.256064355373382568e-01 9.935972690582275391e-01 6.599374115467071533e-03 1.228896528482437134e-01 5.892264191061258316e-03 4.501672387123107910e-01 1.285506691783666611e-02 2.628692090511322021e-01 1.256392002105712891e-01
1.463430970907211304e-01 7.823915481567382812e-01 1.689344528131186962e-03 4.272712469100952148e-01 2.016538083553314209e-01 1.578564643859863281e-01 4.501672387123107910e-01 6.528694033622741699e-01 3.554795682430267334e-01 6.387718915939331055e-01
1.463430970907211304e-01 3.790628015995025635e-01 2.028138935565948486e-01 2.203509956598281860e-02 6.732005476951599121e-01 3.763781487941741943e-02 4.501672387123107910e-01 2.677837014198303223e-01 3.554795682430267334e-01 8.465799093246459961e-01
7.864571213722229004e-01 3.781155124306678772e-02 7.311633825302124023e-01 4.484304226934909821e-03 3.834432065486907959e-01 1.826656311750411987e-01 7.123165130615234375e-01 6.746811270713806152e-01 1.866397708654403687e-01 1.927017420530319214e-01
3.704627156257629395e-01 4.120223522186279297e-01 7.667840123176574707e-01 5.864880979061126709e-02 7.536733746528625488e-01 1.974802650511264801e-02 7.123165130615234375e-01 2.063425332307815552e-01 7.099023461341857910e-01 6.766847968101501465e-01
1.463430970907211304e-01 1.131949499249458313e-01 7.115013599395751953e-01 6.056459993124008179e-02 6.480721235275268555e-01 3.375589251518249512e-01 4.501672387123107910e-01 5.507195591926574707e-01 2.628692090511322021e-01 1.872029453516006470e-01
4.681879580020904541e-01 5.085709095001220703e-01 1.233560368418693542e-01 4.531135782599449158e-02 6.492993235588073730e-01 2.739113867282867432e-01 4.501672387123107910e-01 4.637545645236968994e-01 3.554795682430267334e-01 5.857254266738891602e-01
1.463430970907211304e-01 2.863792143762111664e-02 6.328663975000381470e-02 7.271719574928283691e-01 4.481798410415649414e-01 1.414826661348342896e-01 7.123165130615234375e-01 8.479503393173217773e-01 6.206470131874084473e-01 6.892424225807189941e-01
