9.394964575767517090e-01 7.798954248428344727e-01 9.964305758476257324e-01 7.551805973052978516e-01 7.737898826599121094e-01 7.576971054077148438e-01 7.864988446235656738e-01 9.630272984504699707e-01 8.792728185653686523e-01 9.536014795303344727e-01
8.703361749649047852e-01 7.798954248428344727e-01 9.991800189018249512e-01 7.551805973052978516e-01 7.737898826599121094e-01 8.260668516159057617e-01 7.864988446235656738e-01 9.360594153404235840e-01 8.084048628807067871e-01 9.760787487030029297e-01
8.581038713455200195e-01 7.798954248428344727e-01 9.983793497085571289e-01 7.551805973052978516e-01 7.737898826599121094e-01 8.260668516159057617e-01 7.864988446235656738e-01 9.630272984504699707e-01 8.084048628807067871e-01 9.655240178108215332e-01
8.581038713455200195e-01 7.798954248428344727e-01 9.983793497085571289e-01 7.551805973052978516e-01 7.737898826599121094e-01 8.260668516159057617e-01 7.864988446235656738e-01 9.360594153404235840e-01 8.084048628807067871e-01 9.655240178108215332e-01
5.065051913261413574e-01 7.798954248428344727e-01 9.895365238189697266e-01 7.551805973052978516e-01 5.884910225868225098e-01 8.260668516159057617e-01 7.864988446235656738e-01 8.889580368995666504e-01 5.159130692481994629e-01 9.446204900741577148e-01
5.065051913261413574e-01 7.798954248428344727e-01 9.310587048530578613e-01 4.359427690505981445e-01 5.884910225868225098e-01 8.260668516159057617e-01 7.864988446235656738e-01 6.708835363388061523e-01 7.221462130546569824e-01 9.844919443130493164e-01
5.065051913261413574e-01 3.472000062465667725e-01 9.763727188110351562e-01 4.359427690505981445e-01 5.884910225868225098e-01 8.260668516159057617e-01 7.864988446235656738e-01 8.889580368995666504e-01 7.221462130546569824e-01 9.838874936103820801e-01
5.065051913261413574e-01 3.472000062465667725e-01 9.310587048530578613e-01 4.359427690505981445e-01 5.884910225868225098e-01 8.260668516159057617e-01 3.623329699039459229e-01 6.708835363388061523e-01 5.186367034912109375e-01 8.666113615036010742e-01
3.746446967124938965e-01 3.472000062465667725e-01 2.108323574066162109e-01 2.762267291545867920e-01 5.884910225868225098e-01 8.260668516159057617e-01 3.623329699039459229e-01 5.207880735397338867e-01 1.937239766120910645e-01 3.459602296352386475e-01
2.726271152496337891e-01 3.472000062465667725e-01 9.824554920196533203e-01 2.762267291545867920e-01 3.489186167716979980e-01 6.266436576843261719e-01 7.864988446235656738e-01 2.143851965665817261e-01 3.798421025276184082e-01 7.174135446548461914e-01
2.726271152496337891e-01 3.472000062465667725e-01 3.212592303752899170e-01 2.762267291545867920e-01 3.489186167716979980e-01 8.260668516159057617e-01 4.785038530826568604e-01 5.207880735397338867e-01 3.798421025276184082e-01 3.459602296352386475e-01
2.726271152496337891e-01 3.472000062465667725e-01 2.012238353490829468e-01 2.762267291545867920e-01 3.489186167716979980e-01 6.266436576843261719e-01 4.785038530826568604e-01 2.143851965665817261e-01 3.669229149818420410e-01 2.166578918695449829e-01
1.409482657909393311e-01 3.472000062465667725e-01 4.803698360919952393e-01 2.762267291545867920e-01 3.489186167716979980e-01 6.266436576843261719e-01 4.785038530826568604e-01 2.143851965665817261e-01 5.799888372421264648e-01 2.328377664089202881e-01
2.726271152496337891e-01 3.472000062465667725e-01 4.803698360919952393e-01 2.762267291545867920e-01 3.489186167716979980e-01 6.266436576843261719e-01 3.623329699039459229e-01 2.143851965665817261e-01 5.592098832130432129e-02 2.166578918695449829e-01
1.409482657909393311e-01 3.472000062465667725e-01 3.297683298587799072e-01 2.762267291545867920e-01 3.489186167716979980e-01 3.570678532123565674e-01 4.785038530826568604e-01 2.143851965665817261e-01 3.669229149818420410e-01 2.166578918695449829e-01
1.409482657909393311e-01 4.255599081516265869e-01 3.297683298587799072e-01 2.762267291545867920e-01 3.489186167716979980e-01 3.570678532123565674e-01 4.785038530826568604e-01 2.143851965665817261e-01 1.255875676870346069e-01 2.077446430921554565e-01
1.409482657909393311e-01 4.255599081516265869e-01 3.297683298587799072e-01 2.762267291545867920e-01 3.489186167716979980e-01 3.570678532123565674e-01 4.785038530826568604e-01 1.023144945502281189e-01 1.749440133571624756e-01 2.077446430921554565e-01
1.409482657909393311e-01 4.255599081516265869e-01 3.954012989997863770e-01 2.960807979106903076e-01 3.489186167716979980e-01 6.266436576843261719e-01 4.785038530826568604e-01 2.143851965665817261e-01 4.611095488071441650e-01 3.830418884754180908e-01
2.077660858631134033e-01 2.448420524597167969e-01 9.597778320312500000e-01 2.960807979106903076e-01 3.489186167716979980e-01 6.266436576843261719e-01 5.582217574119567871e-01 1.161802709102630615e-01 8.041612058877944946e-02 2.555813193321228027e-01
2.077660858631134033e-01 2.448420524597167969e-01 1.761622875928878784e-01 2.960807979106903076e-01 3.489186167716979980e-01 6.266436576843261719e-01 5.582217574119567871e-01 1.161802709102630615e-01 8.041612058877944946e-02 2.355631142854690552e-01
2.077660858631134033e-01 2.448420524597167969e-01 1.761622875928878784e-01 2.960807979106903076e-01 3.489186167716979980e-01 6.266436576843261719e-01 5.582217574119567871e-01 7.958909124135971069e-02 4.039251804351806641e-02 1.387673169374465942e-01
2.077660858631134033e-01 2.448420524597167969e-01 8.112151622772216797e-01 2.960807979106903076e-01 3.489186167716979980e-01 6.266436576843261719e-01 5.582217574119567871e-01 7.958909124135971069e-02 4.039251804351806641e-02 2.355631142854690552e-01
2.077660858631134033e-01 2.448420524597167969e-01 3.790141642093658447e-01 2.960807979106903076e-01 3.489186167716979980e-01 6.266436576843261719e-01 5.582217574119567871e-01 7.958909124135971069e-02 4.039251804351806641e-02 2.355631142854690552e-01
4.267297089099884033e-01 2.448420524597167969e-01 8.648262619972229004e-01 2.960807979106903076e-01 3.489186167716979980e-01 6.266436576843261719e-01 5.582217574119567871e-01 7.958909124135971069e-02 4.039251804351806641e-02 1.616014838218688965e-01
4.267297089099884033e-01 2.448420524597167969e-01 5.644447803497314453e-01 2.960807979106903076e-01 3.489186167716979980e-01 6.266436576843261719e-01 5.582217574119567871e-01 7.958909124135971069e-02 4.039251804351806641e-02 2.355631142854690552e-01
3.786659538745880127e-01 2.448420524597167969e-01 9.327074885368347168e-01 2.960807979106903076e-01 3.489186167716979980e-01 6.266436576843261719e-01 5.582217574119567871e-01 7.958909124135971069e-02 4.039251804351806641e-02 2.355631142854690552e-01
3.786659538745880127e-01 2.448420524597167969e-01 3.430710732936859131e-01 2.960807979106903076e-01 3.489186167716979980e-01 6.266436576843261719e-01 5.582217574119567871e-01 1.647151261568069458e-02 4.039251804351806641e-02 3.202063441276550293e-01
3.786659538745880127e-01 2.448420524597167969e-01 9.327074885368347168e-01 2.960807979106903076e-01 3.489186167716979980e-01 6.266436576843261719e-01 5.582217574119567871e-01 1.794094592332839966e-02 4.039251804351806641e-02 5.345340371131896973e-01
3.786659538745880127e-01 2.448420524597167969e-01 3.430710732936859131e-01 2.960807979106903076e-01 3.489186167716979980e-01 6.266436576843261719e-01 5.582217574119567871e-01 1.794094592332839966e-02 4.039251804351806641e-02 3.202063441276550293e-01
3.786659538745880127e-01 2.448420524597167969e-01 3.430710732936859131e-01 2.960807979106903076e-01 3.489186167716979980e-01 3.570678532123565674e-01 5.582217574119567871e-01 1.647151261568069458e-02 4.039251804351806641e-02 3.202063441276550293e-01
3.786659538745880127e-01 2.448420524597167969e-01 9.778128862380981445e-01 2.960807979106903076e-01 3.489186167716979980e-01 6.266436576843261719e-01 5.582217574119567871e-01 5.253528431057929993e-02 4.039251804351806641e-02 6.370754837989807129e-01
3.786659538745880127e-01 2.448420524597167969e-01 9.418607950210571289e-01 2.960807979106903076e-01 3.489186167716979980e-01 6.266436576843261719e-01 5.582217574119567871e-01 6.932590603828430176e-01 2.008614242076873779e-01 5.320802927017211914e-01
3.786659538745880127e-01 2.448420524597167969e-01 9.958961009979248047e-01 8.344287872314453125e-01 3.489186167716979980e-01 6.266436576843261719e-01 5.582217574119567871e-01 9.884700775146484375e-01 4.406445622444152832e-01 9.294921159744262695e-01
7.045899629592895508e-01 2.448420524597167969e-01 9.950293898582458496e-01 8.344287872314453125e-01 3.489186167716979980e-01 6.266436576843261719e-01 5.582217574119567871e-01 9.908874034881591797e-01 4.406445622444152832e-01 9.972717165946960449e-01
7.045899629592895508e-01 2.448420524597167969e-01 9.853308200836181641e-01 4.599808454513549805e-01 3.489186167716979980e-01 6.266436576843261719e-01 5.582217574119567871e-01 9.579148888587951660e-01 2.008614242076873779e-01 3.231272399425506592e-01
7.045899629592895508e-01 2.448420524597167969e-01 9.972183704376220703e-01 8.344287872314453125e-01 3.489186167716979980e-01 6.266436576843261719e-01 5.582217574119567871e-01 9.884700775146484375e-01 4.406445622444152832e-01 8.031247258186340332e-01
7.045899629592895508e-01 2.448420524597167969e-01 9.930966496467590332e-01 8.344287872314453125e-01 3.489186167716979980e-01 6.266436576843261719e-01 5.582217574119567871e-01 9.876273870468139648e-01 4.406445622444152832e-01 9.457603693008422852e-01
7.045899629592895508e-01 2.448420524597167969e-01 9.898347258567810059e-01 8.344287872314453125e-01 3.489186167716979980e-01 8.260668516159057617e-01 5.582217574119567871e-01 9.630616903305053711e-01 7.616472840309143066e-01 9.731690287590026855e-01
7.045899629592895508e-01 2.448420524597167969e-01 9.898502826690673828e-01 8.344287872314453125e-01 3.489186167716979980e-01 8.260668516159057617e-01 5.582217574119567871e-01 9.620102047920227051e-01 7.616472840309143066e-01 9.451851248741149902e-01
7.045899629592895508e-01 2.448420524597167969e-01 9.858142733573913574e-01 8.344287872314453125e-01 3.489186167716979980e-01 8.260668516159057617e-01 5.582217574119567871e-01 9.823260903358459473e-01 7.616472840309143066e-01 9.655256867408752441e-01
7.045899629592895508e-01 2.448420524597167969e-01 9.723243713378906250e-01 8.344287872314453125e-01 3.489186167716979980e-01 6.266436576843261719e-01 5.582217574119567871e-01 9.943247437477111816e-01 4.406445622444152832e-01 9.451851248741149902e-01
7.045899629592895508e-01 2.448420524597167969e-01 9.016477465629577637e-01 4.599808454513549805e-01 3.489186167716979980e-01 6.266436576843261719e-01 5.582217574119567871e-01 9.777272939682006836e-01 4.406445622444152832e-01 1.460552960634231567e-01
7.045899629592895508e-01 2.448420524597167969e-01 9.735066890716552734e-01 8.344287872314453125e-01 7.668880224227905273e-01 8.260668516159057617e-01 5.582217574119567871e-01 9.823946356773376465e-01 7.616472840309143066e-01 8.770732879638671875e-01
7.045899629592895508e-01 2.448420524597167969e-01 9.575797319412231445e-01 8.344287872314453125e-01 3.489186167716979980e-01 6.266436576843261719e-01 5.582217574119567871e-01 9.853177666664123535e-01 7.616472840309143066e-01 9.494346380233764648e-01
7.045899629592895508e-01 2.448420524597167969e-01 9.887075424194335938e-01 8.344287872314453125e-01 3.489186167716979980e-01 8.260668516159057617e-01 5.582217574119567871e-01 9.853177666664123535e-01 7.616472840309143066e-01 9.303227066993713379e-01
7.045899629592895508e-01 2.448420524597167969e-01 9.887075424194335938e-01 8.344287872314453125e-01 3.489186167716979980e-01 8.260668516159057617e-01 5.582217574119567871e-01 9.304556846618652344e-01 7.616472840309143066e-01 9.303227066993713379e-01
7.045899629592895508e-01 2.448420524597167969e-01 9.905915856361389160e-01 8.344287872314453125e-01 3.489186167716979980e-01 8.260668516159057617e-01 5.582217574119567871e-01 9.853177666664123535e-01 7.616472840309143066e-01 9.778265953063964844e-01
7.045899629592895508e-01 2.448420524597167969e-01 9.965901374816894531e-01 8.344287872314453125e-01 3.489186167716979980e-01 8.260668516159057617e-01 5.582217574119567871e-01 9.853177666664123535e-01 7.616472840309143066e-01 9.494346380233764648e-01
7.045899629592895508e-01 2.448420524597167969e-01 9.933609962463378906e-01 8.344287872314453125e-01 3.489186167716979980e-01 8.260668516159057617e-01 5.582217574119567871e-01 9.585222601890563965e-01 7.616472840309143066e-01 9.063721299171447754e-01
3.786659538745880127e-01 5.546648502349853516e-01 9.920016527175903320e-01 7.279871702194213867e-01 3.489186167716979980e-01 6.266436576843261719e-01 5.973781347274780273e-01 9.795809388160705566e-01 4.406445622444152832e-01 9.787201881408691406e-01
7.045899629592895508e-01 2.448420524597167969e-01 9.904803633689880371e-01 8.344287872314453125e-01 6.217944025993347168e-01 8.260668516159057617e-01 5.582217574119567871e-01 4.874696731567382812e-01 5.671599507331848145e-01 8.073197007179260254e-01
7.045899629592895508e-01 2.448420524597167969e-01 9.044092297554016113e-01 3.586244583129882812e-01 7.668880224227905273e-01 8.260668516159057617e-01 3.008635640144348145e-01 5.888093113899230957e-01 7.616472840309143066e-01 9.128205180168151855e-01
7.045899629592895508e-01 2.448420524597167969e-01 9.465458393096923828e-01 3.586244583129882812e-01 7.668880224227905273e-01 8.260668516159057617e-01 3.008635640144348145e-01 4.142712056636810303e-01 7.616472840309143066e-01 8.167874217033386230e-01
7.045899629592895508e-01 5.546648502349853516e-01 9.056623578071594238e-01 7.279871702194213867e-01 7.668880224227905273e-01 6.266436576843261719e-01 5.973781347274780273e-01 9.612759351730346680e-01 4.406445622444152832e-01 5.305867195129394531e-01
7.045899629592895508e-01 5.546648502349853516e-01 9.795986413955688477e-01 7.279871702194213867e-01 2.606646120548248291e-01 6.266436576843261719e-01 5.973781347274780273e-01 8.995790481567382812e-01 4.406445622444152832e-01 8.606068491935729980e-01
7.045899629592895508e-01 5.546648502349853516e-01 9.795986413955688477e-01 7.279871702194213867e-01 2.606646120548248291e-01 6.266436576843261719e-01 5.973781347274780273e-01 9.727334380149841309e-01 4.406445622444152832e-01 8.191638588905334473e-01
7.045899629592895508e-01 5.546648502349853516e-01 8.952175974845886230e-01 7.279871702194213867e-01 2.606646120548248291e-01 6.266436576843261719e-01 5.973781347274780273e-01 9.067891240119934082e-01 8.041612058877944946e-02 5.633271932601928711e-01
3.786659538745880127e-01 5.546648502349853516e-01 2.101381719112396240e-01 5.692576169967651367e-01 2.606646120548248291e-01 6.266436576843261719e-01 5.973781347274780273e-01 2.079096138477325439e-01 8.041612058877944946e-02 3.295032978057861328e-01
3.786659538745880127e-01 2.448420524597167969e-01 5.223307013511657715e-01 2.163693755865097046e-01 2.606646120548248291e-01 6.266436576843261719e-01 3.008635640144348145e-01 6.296008825302124023e-01 8.041612058877944946e-02 5.220834538340568542e-02
3.786659538745880127e-01 2.448420524597167969e-01 8.936764001846313477e-01 3.586244583129882812e-01 2.606646120548248291e-01 6.266436576843261719e-01 3.008635640144348145e-01 7.386276125907897949e-01 4.406445622444152832e-01 2.623273730278015137e-01
3.786659538745880127e-01 2.448420524597167969e-01 4.157438278198242188e-01 2.163693755865097046e-01 2.606646120548248291e-01 6.266436576843261719e-01 3.008635640144348145e-01 4.918954074382781982e-01 8.041612058877944946e-02 2.001777738332748413e-01
3.786659538745880127e-01 2.448420524597167969e-01 6.799212098121643066e-02 2.163693755865097046e-01 2.606646120548248291e-01 6.266436576843261719e-01 3.008635640144348145e-01 2.163309454917907715e-01 8.041612058877944946e-02 3.473706543445587158e-01
3.786659538745880127e-01 2.448420524597167969e-01 6.799212098121643066e-02 2.163693755865097046e-01 2.606646120548248291e-01 6.266436576843261719e-01 3.008635640144348145e-01 2.163309454917907715e-01 8.041612058877944946e-02 1.574954837560653687e-01
1.856793314218521118e-01 2.448420524597167969e-01 6.799212098121643066e-02 2.163693755865097046e-01 2.606646120548248291e-01 6.266436576843261719e-01 3.008635640144348145e-01 2.163309454917907715e-01 8.041612058877944946e-02 1.157211139798164368e-01
1.856793314218521118e-01 2.448420524597167969e-01 2.067556232213973999e-01 2.163693755865097046e-01 4.401040673255920410e-01 6.266436576843261719e-01 3.008635640144348145e-01 8.684892058372497559e-01 4.406445622444152832e-01 4.137353003025054932e-01
1.856793314218521118e-01 2.448420524597167969e-01 2.067556232213973999e-01 2.163693755865097046e-01 2.606646120548248291e-01 6.266436576843261719e-01 3.008635640144348145e-01 4.918954074382781982e-01 4.406445622444152832e-01 3.083410859107971191e-01
1.856793314218521118e-01 2.448420524597167969e-01 2.831516265869140625e-01 2.163693755865097046e-01 2.606646120548248291e-01 6.266436576843261719e-01 3.008635640144348145e-01 4.918954074382781982e-01 4.406445622444152832e-01 1.743554770946502686e-01
2.760367393493652344e-01 2.448420524597167969e-01 7.631226181983947754e-01 2.163693755865097046e-01 2.606646120548248291e-01 6.266436576843261719e-01 3.008635640144348145e-01 8.244532942771911621e-01 4.406445622444152832e-01 2.139851003885269165e-01
5.987499952316284180e-01 2.448420524597167969e-01 9.548497200012207031e-01 2.163693755865097046e-01 4.401040673255920410e-01 8.260668516159057617e-01 3.008635640144348145e-01 8.674932122230529785e-01 5.671599507331848145e-01 3.201551139354705811e-01
5.987499952316284180e-01 2.448420524597167969e-01 8.381713032722473145e-01 2.163693755865097046e-01 4.401040673255920410e-01 8.260668516159057617e-01 3.008635640144348145e-01 8.277620673179626465e-01 4.990171492099761963e-01 5.829024314880371094e-01
5.987499952316284180e-01 2.448420524597167969e-01 9.488644599914550781e-01 3.586244583129882812e-01 4.401040673255920410e-01 8.260668516159057617e-01 3.008635640144348145e-01 8.590694665908813477e-01 4.990171492099761963e-01 6.034545898437500000e-01
5.987499952316284180e-01 2.448420524597167969e-01 8.764567375183105469e-01 3.586244583129882812e-01 4.401040673255920410e-01 8.260668516159057617e-01 3.008635640144348145e-01 8.590694665908813477e-01 4.990171492099761963e-01 6.034545898437500000e-01
5.987499952316284180e-01 2.448420524597167969e-01 8.764567375183105469e-01 3.586244583129882812e-01 4.401040673255920410e-01 8.260668516159057617e-01 3.008635640144348145e-01 8.590694665908813477e-01 4.990171492099761963e-01 6.034545898437500000e-01
5.987499952316284180e-01 2.448420524597167969e-01 9.980462789535522461e-01 3.586244583129882812e-01 3.036513030529022217e-01 8.260668516159057617e-01 3.008635640144348145e-01 9.904228448867797852e-01 6.241316795349121094e-01 8.265483975410461426e-01
6.457174420356750488e-01 2.448420524597167969e-01 9.863053560256958008e-01 3.586244583129882812e-01 3.036513030529022217e-01 8.260668516159057617e-01 3.008635640144348145e-01 9.617371559143066406e-01 4.990171492099761963e-01 7.795081138610839844e-01
6.457174420356750488e-01 2.448420524597167969e-01 9.863053560256958008e-01 3.586244583129882812e-01 3.036513030529022217e-01 8.260668516159057617e-01 3.008635640144348145e-01 9.472252726554870605e-01 4.990171492099761963e-01 5.885726213455200195e-01
6.457174420356750488e-01 2.448420524597167969e-01 9.835482239723205566e-01 3.586244583129882812e-01 3.036513030529022217e-01 8.260668516159057617e-01 3.008635640144348145e-01 9.657521247863769531e-01 4.990171492099761963e-01 3.259941935539245605e-01
6.457174420356750488e-01 2.448420524597167969e-01 8.731566667556762695e-01 3.586244583129882812e-01 3.036513030529022217e-01 8.260668516159057617e-01 3.008635640144348145e-01 8.075582385063171387e-01 4.990171492099761963e-01 6.694183349609375000e-01
6.457174420356750488e-01 2.448420524597167969e-01 9.180689454078674316e-01 3.586244583129882812e-01 3.036513030529022217e-01 8.260668516159057617e-01 3.008635640144348145e-01 7.997897267341613770e-01 4.990171492099761963e-01 6.694183349609375000e-01
6.457174420356750488e-01 2.448420524597167969e-01 8.207015991210937500e-01 3.586244583129882812e-01 3.036513030529022217e-01 8.260668516159057617e-01 3.008635640144348145e-01 9.319955706596374512e-01 4.990171492099761963e-01 5.527993440628051758e-01
6.457174420356750488e-01 2.448420524597167969e-01 9.157075285911560059e-01 3.586244583129882812e-01 3.036513030529022217e-01 4.361855089664459229e-01 3.008635640144348145e-01 9.704135656356811523e-01 4.990171492099761963e-01 5.482745170593261719e-01
6.457174420356750488e-01 5.546648502349853516e-01 9.692914485931396484e-01 7.279871702194213867e-01 2.606646120548248291e-01 5.920825004577636719e-01 5.973781347274780273e-01 9.858019948005676270e-01 7.083796858787536621e-01 8.993543386459350586e-01
6.457174420356750488e-01 5.546648502349853516e-01 9.454098343849182129e-01 7.279871702194213867e-01 2.606646120548248291e-01 5.920825004577636719e-01 5.973781347274780273e-01 9.607924818992614746e-01 7.083796858787536621e-01 5.139335989952087402e-01
6.457174420356750488e-01 5.546648502349853516e-01 9.483579397201538086e-01 7.279871702194213867e-01 3.036513030529022217e-01 5.920825004577636719e-01 5.973781347274780273e-01 9.470331072807312012e-01 4.990171492099761963e-01 8.288399577140808105e-01
6.457174420356750488e-01 5.546648502349853516e-01 9.653761386871337891e-01 7.279871702194213867e-01 3.036513030529022217e-01 5.920825004577636719e-01 5.973781347274780273e-01 9.236854910850524902e-01 4.990171492099761963e-01 8.459182381629943848e-01
6.457174420356750488e-01 5.546648502349853516e-01 9.014753103256225586e-01 7.279871702194213867e-01 3.036513030529022217e-01 5.920825004577636719e-01 5.973781347274780273e-01 7.696592211723327637e-01 2.932275533676147461e-01 7.167067527770996094e-01
6.457174420356750488e-01 5.546648502349853516e-01 6.897074580192565918e-01 4.083295166492462158e-01 3.036513030529022217e-01 3.700693547725677490e-01 5.973781347274780273e-01 6.035456061363220215e-01 2.932275533676147461e-01 7.167067527770996094e-01
6.457174420356750488e-01 5.546648502349853516e-01 9.014753103256225586e-01 4.083295166492462158e-01 3.036513030529022217e-01 5.920825004577636719e-01 5.973781347274780273e-01 5.629125833511352539e-01 2.932275533676147461e-01 7.167067527770996094e-01
6.457174420356750488e-01 5.546648502349853516e-01 9.112105369567871094e-01 7.279871702194213867e-01 3.036513030529022217e-01 2.602504491806030273e-01 5.973781347274780273e-01 7.227958440780639648e-01 2.932275533676147461e-01 9.340466856956481934e-01
2.062386423349380493e-01 5.546648502349853516e-01 6.897074580192565918e-01 2.399101406335830688e-01 2.296673655509948730e-01 3.700693547725677490e-01 4.958538115024566650e-01 6.035456061363220215e-01 2.932275533676147461e-01 5.785803198814392090e-01
2.062386423349380493e-01 2.448420524597167969e-01 8.187605738639831543e-01 5.486077070236206055e-01 2.296673655509948730e-01 4.594748616218566895e-01 2.219521254301071167e-01 4.227495789527893066e-01 1.937251240015029907e-01 5.440983772277832031e-01
2.062386423349380493e-01 2.448420524597167969e-01 8.187605738639831543e-01 2.036499530076980591e-01 2.296673655509948730e-01 2.384569942951202393e-01 2.219521254301071167e-01 3.825437128543853760e-01 2.932275533676147461e-01 2.726984620094299316e-01
2.062386423349380493e-01 2.876383066177368164e-01 9.489378929138183594e-01 2.644007503986358643e-01 2.296673655509948730e-01 3.686471581459045410e-01 2.506097555160522461e-01 6.577835083007812500e-01 1.937251240015029907e-01 7.057763934135437012e-01
2.967336177825927734e-01 2.876383066177368164e-01 5.991488099098205566e-01 2.644007503986358643e-01 2.296673655509948730e-01 3.686471581459045410e-01 2.506097555160522461e-01 3.825437128543853760e-01 1.937251240015029907e-01 8.367054462432861328e-01
2.967336177825927734e-01 2.876383066177368164e-01 4.418943524360656738e-01 2.644007503986358643e-01 2.296673655509948730e-01 5.116187930107116699e-01 2.506097555160522461e-01 6.577835083007812500e-01 1.937251240015029907e-01 9.482172727584838867e-01
2.062386423349380493e-01 2.876383066177368164e-01 9.315712451934814453e-01 2.644007503986358643e-01 2.296673655509948730e-01 4.594748616218566895e-01 2.506097555160522461e-01 6.800516247749328613e-01 1.937251240015029907e-01 4.735333919525146484e-01
2.062386423349380493e-01 2.876383066177368164e-01 6.285517811775207520e-01 2.644007503986358643e-01 2.296673655509948730e-01 4.594748616218566895e-01 2.506097555160522461e-01 6.800516247749328613e-01 1.937251240015029907e-01 2.916263937950134277e-01
2.062386423349380493e-01 2.876383066177368164e-01 1.566786468029022217e-01 2.644007503986358643e-01 2.296673655509948730e-01 4.594748616218566895e-01 2.506097555160522461e-01 8.234845995903015137e-01 1.937251240015029907e-01 3.917062282562255859e-01
2.062386423349380493e-01 2.876383066177368164e-01 4.716604650020599365e-01 2.644007503986358643e-01 2.296673655509948730e-01 2.875142991542816162e-01 2.506097555160522461e-01 9.353743195533752441e-01 1.937251240015029907e-01 3.629321753978729248e-01
2.062386423349380493e-01 2.876383066177368164e-01 5.923654437065124512e-01 2.644007503986358643e-01 2.296673655509948730e-01 2.875142991542816162e-01 2.506097555160522461e-01 8.234845995903015137e-01 1.937251240015029907e-01 3.629321753978729248e-01
2.062386423349380493e-01 2.876383066177368164e-01 3.466613888740539551e-01 2.644007503986358643e-01 2.296673655509948730e-01 2.875142991542816162e-01 2.506097555160522461e-01 8.512577414512634277e-01 1.937251240015029907e-01 4.133130311965942383e-01
2.062386423349380493e-01 2.876383066177368164e-01 1.375953406095504761e-01 2.644007503986358643e-01 2.296673655509948730e-01 2.875142991542816162e-01 2.506097555160522461e-01 5.208995938301086426e-01 1.937251240015029907e-01 4.958327710628509521e-01
2.062386423349380493e-01 2.876383066177368164e-01 1.647062301635742188e-01 2.644007503986358643e-01 2.296673655509948730e-01 2.875142991542816162e-01 2.506097555160522461e-01 2.732634842395782471e-01 1.937251240015029907e-01 1.324740201234817505e-01
2.062386423349380493e-01 2.876383066177368164e-01 1.837211996316909790e-01 2.644007503986358643e-01 2.296673655509948730e-01 2.875142991542816162e-01 2.506097555160522461e-01 3.879814147949218750e-01 1.937251240015029907e-01 3.815634176135063171e-02
2.062386423349380493e-01 2.876383066177368164e-01 5.283873677253723145e-01 2.644007503986358643e-01 2.296673655509948730e-01 2.875142991542816162e-01 2.506097555160522461e-01 3.879814147949218750e-01 1.937251240015029907e-01 4.782311990857124329e-02
2.062386423349380493e-01 2.876383066177368164e-01 2.864459529519081116e-02 2.644007503986358643e-01 2.296673655509948730e-01 2.875142991542816162e-01 2.506097555160522461e-01 3.879814147949218750e-01 1.937251240015029907e-01 3.665103390812873840e-02
2.062386423349380493e-01 2.876383066177368164e-01 2.117235660552978516e-01 2.644007503986358643e-01 2.296673655509948730e-01 2.875142991542816162e-01 2.506097555160522461e-01 6.158638596534729004e-01 1.937251240015029907e-01 4.508660361170768738e-02
2.062386423349380493e-01 2.876383066177368164e-01 2.117235660552978516e-01 2.644007503986358643e-01 2.296673655509948730e-01 2.875142991542816162e-01 2.506097555160522461e-01 6.158638596534729004e-01 1.937251240015029907e-01 4.508660361170768738e-02
2.062386423349380493e-01 2.876383066177368164e-01 2.017354667186737061e-01 2.644007503986358643e-01 2.296673655509948730e-01 2.875142991542816162e-01 2.506097555160522461e-01 3.879814147949218750e-01 1.937251240015029907e-01 1.272455155849456787e-01
2.062386423349380493e-01 2.876383066177368164e-01 3.098948001861572266e-01 2.644007503986358643e-01 2.296673655509948730e-01 2.875142991542816162e-01 2.506097555160522461e-01 2.202776521444320679e-01 1.937251240015029907e-01 7.719752192497253418e-02
2.062386423349380493e-01 2.876383066177368164e-01 3.161912262439727783e-01 2.644007503986358643e-01 2.296673655509948730e-01 2.875142991542816162e-01 2.506097555160522461e-01 4.167292416095733643e-01 1.937251240015029907e-01 1.177952140569686890e-01
2.062386423349380493e-01 2.876383066177368164e-01 3.161912262439727783e-01 2.644007503986358643e-01 2.296673655509948730e-01 2.875142991542816162e-01 2.506097555160522461e-01 4.167292416095733643e-01 1.937251240015029907e-01 1.177952140569686890e-01
2.062386423349380493e-01 2.876383066177368164e-01 2.914709746837615967e-01 2.644007503986358643e-01 2.296673655509948730e-01 2.875142991542816162e-01 2.506097555160522461e-01 2.202776521444320679e-01 1.937251240015029907e-01 1.855360716581344604e-01
2.062386423349380493e-01 2.876383066177368164e-01 2.608838081359863281e-01 2.644007503986358643e-01 2.296673655509948730e-01 2.875142991542816162e-01 2.506097555160522461e-01 2.981903254985809326e-01 1.937251240015029907e-01 1.137847155332565308e-01
2.062386423349380493e-01 2.876383066177368164e-01 2.608838081359863281e-01 2.644007503986358643e-01 2.296673655509948730e-01 2.875142991542816162e-01 2.506097555160522461e-01 2.981903254985809326e-01 1.937251240015029907e-01 3.871500119566917419e-02
2.062386423349380493e-01 2.876383066177368164e-01 1.419022381305694580e-01 2.644007503986358643e-01 2.296673655509948730e-01 2.875142991542816162e-01 2.506097555160522461e-01 4.669628143310546875e-01 1.937251240015029907e-01 7.049953192472457886e-02
2.062386423349380493e-01 2.876383066177368164e-01 1.419022381305694580e-01 2.644007503986358643e-01 2.296673655509948730e-01 2.875142991542816162e-01 2.506097555160522461e-01 5.547944903373718262e-01 1.937251240015029907e-01 2.637946978211402893e-02
2.062386423349380493e-01 5.546648502349853516e-01 6.200843453407287598e-01 5.503629446029663086e-01 2.296673655509948730e-01 3.700693547725677490e-01 4.958538115024566650e-01 6.142067313194274902e-01 1.952629983425140381e-01 5.777378100901842117e-03
2.062386423349380493e-01 5.546648502349853516e-01 4.227852523326873779e-01 5.503629446029663086e-01 4.943780004978179932e-01 2.602504491806030273e-01 4.958538115024566650e-01 6.530106067657470703e-01 1.213320121169090271e-01 1.371000520884990692e-02
2.062386423349380493e-01 5.546648502349853516e-01 5.840242505073547363e-01 5.503629446029663086e-01 4.943780004978179932e-01 2.602504491806030273e-01 4.958538115024566650e-01 6.530106067657470703e-01 1.925303041934967041e-01 7.732519414275884628e-03
6.457174420356750488e-01 5.546648502349853516e-01 6.701547503471374512e-01 7.279871702194213867e-01 3.245592713356018066e-01 5.920825004577636719e-01 5.973781347274780273e-01 2.745818793773651123e-01 3.640511631965637207e-01 7.908854633569717407e-03
6.457174420356750488e-01 5.546648502349853516e-01 6.274611353874206543e-01 7.279871702194213867e-01 3.245592713356018066e-01 3.390391767024993896e-01 5.973781347274780273e-01 6.430296301841735840e-01 1.236725747585296631e-01 1.843264512717723846e-02
3.177353441715240479e-01 5.546648502349853516e-01 6.274611353874206543e-01 7.279871702194213867e-01 3.245592713356018066e-01 3.390391767024993896e-01 5.749140381813049316e-01 5.600488781929016113e-01 1.236725747585296631e-01 2.161711826920509338e-02
3.177353441715240479e-01 5.546648502349853516e-01 7.103027105331420898e-01 7.925526499748229980e-01 3.245592713356018066e-01 3.390391767024993896e-01 5.749140381813049316e-01 5.600488781929016113e-01 1.236725747585296631e-01 2.671575844287872314e-01
3.177353441715240479e-01 5.546648502349853516e-01 6.691240668296813965e-01 6.472549438476562500e-01 3.245592713356018066e-01 3.390391767024993896e-01 5.749140381813049316e-01 5.600488781929016113e-01 9.114681929349899292e-02 1.663198769092559814e-01
