4.667176306247711182e-01 4.963966012001037598e-01 7.307198643684387207e-01 4.060658514499664307e-01 4.744514524936676025e-01 4.099630415439605713e-01 6.366740465164184570e-01 5.475105047225952148e-01 4.750233292579650879e-01 6.932029724121093750e-01
6.927261948585510254e-01 5.986855030059814453e-01 7.307198643684387207e-01 5.001713633537292480e-01 4.744514524936676025e-01 5.680910944938659668e-01 6.366740465164184570e-01 5.475105047225952148e-01 6.118663549423217773e-01 8.825646042823791504e-01
6.927261948585510254e-01 5.986855030059814453e-01 7.307198643684387207e-01 5.468560457229614258e-01 4.744514524936676025e-01 5.680910944938659668e-01 6.366740465164184570e-01 5.475105047225952148e-01 4.750233292579650879e-01 8.089913129806518555e-01
7.231212258338928223e-01 5.986855030059814453e-01 8.345496654510498047e-01 5.383446216583251953e-01 4.744514524936676025e-01 7.152309417724609375e-01 6.366740465164184570e-01 5.475105047225952148e-01 4.750233292579650879e-01 8.089913129806518555e-01
7.231212258338928223e-01 5.986855030059814453e-01 7.484514713287353516e-01 5.383446216583251953e-01 5.967584848403930664e-01 7.152309417724609375e-01 6.366740465164184570e-01 5.475105047225952148e-01 4.750233292579650879e-01 8.089913129806518555e-01
6.927261948585510254e-01 5.986855030059814453e-01 7.091075778007507324e-01 4.604350924491882324e-01 4.974032342433929443e-01 5.680910944938659668e-01 6.366740465164184570e-01 5.475105047225952148e-01 5.028900504112243652e-01 8.884416818618774414e-01
5.744400620460510254e-01 5.986855030059814453e-01 7.091075778007507324e-01 4.604350924491882324e-01 4.974032342433929443e-01 7.152309417724609375e-01 5.058195590972900391e-01 7.115904092788696289e-01 5.028900504112243652e-01 8.884416818618774414e-01
7.231212258338928223e-01 5.986855030059814453e-01 8.145480155944824219e-01 9.224260449409484863e-01 7.709541320800781250e-01 7.152309417724609375e-01 6.602018475532531738e-01 5.475105047225952148e-01 6.118663549423217773e-01 8.983066678047180176e-01
7.231212258338928223e-01 5.986855030059814453e-01 8.145480155944824219e-01 8.601431250572204590e-01 7.744650840759277344e-01 8.919440507888793945e-01 6.602018475532531738e-01 7.072215080261230469e-01 6.118663549423217773e-01 8.983066678047180176e-01
7.231212258338928223e-01 7.498602867126464844e-01 8.674318194389343262e-01 8.077632188796997070e-01 7.744650840759277344e-01 8.919440507888793945e-01 6.602018475532531738e-01 7.072215080261230469e-01 6.118663549423217773e-01 8.983066678047180176e-01
6.927261948585510254e-01 7.498602867126464844e-01 7.840889692306518555e-01 5.412276387214660645e-01 4.974032342433929443e-01 5.680910944938659668e-01 6.366740465164184570e-01 7.115904092788696289e-01 3.997634053230285645e-01 7.276028990745544434e-01
6.752882003784179688e-01 7.498602867126464844e-01 7.840889692306518555e-01 7.851886153221130371e-01 4.974032342433929443e-01 6.250041127204895020e-01 6.366740465164184570e-01 7.115904092788696289e-01 3.997634053230285645e-01 4.189092814922332764e-01
3.826865851879119873e-01 4.963966012001037598e-01 7.198073863983154297e-01 5.564379692077636719e-01 8.330644965171813965e-01 4.682073593139648438e-01 4.785283207893371582e-01 3.627082109451293945e-01 3.997634053230285645e-01 8.029977083206176758e-01
3.826865851879119873e-01 4.963966012001037598e-01 7.840889692306518555e-01 2.266383767127990723e-01 4.974032342433929443e-01 4.682073593139648438e-01 5.058195590972900391e-01 4.584678411483764648e-01 3.997634053230285645e-01 8.842666745185852051e-01
6.752882003784179688e-01 7.498602867126464844e-01 7.840889692306518555e-01 5.583291053771972656e-01 4.974032342433929443e-01 6.250041127204895020e-01 5.058195590972900391e-01 4.584678411483764648e-01 7.450842857360839844e-01 9.599593877792358398e-01
5.744400620460510254e-01 7.498602867126464844e-01 8.674318194389343262e-01 8.438617587089538574e-01 6.445862054824829102e-01 7.818807959556579590e-01 7.615008354187011719e-01 7.072215080261230469e-01 7.450842857360839844e-01 9.768851995468139648e-01
6.752882003784179688e-01 7.498602867126464844e-01 8.674318194389343262e-01 8.396048545837402344e-01 6.445862054824829102e-01 6.250041127204895020e-01 7.615008354187011719e-01 7.072215080261230469e-01 7.450842857360839844e-01 9.193946123123168945e-01
6.752882003784179688e-01 7.498602867126464844e-01 8.674318194389343262e-01 8.307703137397766113e-01 8.009797930717468262e-01 6.250041127204895020e-01 7.615008354187011719e-01 7.072215080261230469e-01 7.450842857360839844e-01 9.193946123123168945e-01
6.752882003784179688e-01 7.498602867126464844e-01 7.840889692306518555e-01 4.648353159427642822e-01 6.871258616447448730e-01 4.682073593139648438e-01 6.366740465164184570e-01 7.115904092788696289e-01 3.997634053230285645e-01 8.029977083206176758e-01
6.752882003784179688e-01 7.498602867126464844e-01 7.840889692306518555e-01 8.754873275756835938e-01 6.871258616447448730e-01 6.250041127204895020e-01 6.366740465164184570e-01 7.115904092788696289e-01 3.997634053230285645e-01 9.193946123123168945e-01
6.752882003784179688e-01 7.498602867126464844e-01 9.342365264892578125e-01 8.307703137397766113e-01 6.445862054824829102e-01 6.810734868049621582e-01 7.615008354187011719e-01 7.072215080261230469e-01 7.450842857360839844e-01 9.193946123123168945e-01
6.752882003784179688e-01 7.498602867126464844e-01 9.342365264892578125e-01 8.208433985710144043e-01 8.009797930717468262e-01 6.250041127204895020e-01 7.615008354187011719e-01 7.072215080261230469e-01 7.450842857360839844e-01 9.193946123123168945e-01
6.752882003784179688e-01 7.498602867126464844e-01 9.342365264892578125e-01 8.307703137397766113e-01 6.445862054824829102e-01 6.250041127204895020e-01 7.615008354187011719e-01 7.072215080261230469e-01 7.450842857360839844e-01 9.193946123123168945e-01
6.752882003784179688e-01 7.498602867126464844e-01 9.342365264892578125e-01 8.919818997383117676e-01 6.445862054824829102e-01 6.250041127204895020e-01 7.615008354187011719e-01 7.072215080261230469e-01 7.450842857360839844e-01 9.599593877792358398e-01
6.752882003784179688e-01 7.498602867126464844e-01 9.342365264892578125e-01 8.476315140724182129e-01 6.445862054824829102e-01 6.250041127204895020e-01 7.615008354187011719e-01 7.072215080261230469e-01 7.450842857360839844e-01 9.193946123123168945e-01
6.752882003784179688e-01 7.498602867126464844e-01 9.342365264892578125e-01 6.823191046714782715e-01 6.445862054824829102e-01 6.810734868049621582e-01 7.615008354187011719e-01 7.072215080261230469e-01 7.450842857360839844e-01 9.193946123123168945e-01
6.752882003784179688e-01 7.498602867126464844e-01 9.342365264892578125e-01 6.111953854560852051e-01 6.445862054824829102e-01 6.810734868049621582e-01 7.615008354187011719e-01 7.072215080261230469e-01 7.450842857360839844e-01 9.599593877792358398e-01
6.752882003784179688e-01 7.498602867126464844e-01 9.418997168540954590e-01 8.574932813644409180e-01 7.918104529380798340e-01 4.682073593139648438e-01 7.615008354187011719e-01 7.072215080261230469e-01 7.450842857360839844e-01 8.357757925987243652e-01
7.231212258338928223e-01 7.498602867126464844e-01 8.818953633308410645e-01 8.182011246681213379e-01 7.599700689315795898e-01 6.810734868049621582e-01 6.602018475532531738e-01 7.072215080261230469e-01 6.118663549423217773e-01 8.500976562500000000e-01
6.752882003784179688e-01 7.498602867126464844e-01 8.674318194389343262e-01 4.519084692001342773e-01 7.918104529380798340e-01 4.682073593139648438e-01 6.602018475532531738e-01 7.072215080261230469e-01 7.450842857360839844e-01 9.328114986419677734e-01
6.752882003784179688e-01 7.498602867126464844e-01 5.561016201972961426e-01 5.140579938888549805e-01 6.748404502868652344e-01 4.682073593139648438e-01 6.366740465164184570e-01 7.115904092788696289e-01 7.450842857360839844e-01 9.328114986419677734e-01
6.752882003784179688e-01 7.498602867126464844e-01 6.929907798767089844e-01 8.475864529609680176e-01 6.792116165161132812e-01 4.682073593139648438e-01 7.615008354187011719e-01 7.072215080261230469e-01 7.450842857360839844e-01 9.328114986419677734e-01
6.927261948585510254e-01 7.498602867126464844e-01 6.929907798767089844e-01 6.330552101135253906e-01 6.015596389770507812e-01 6.544085741043090820e-01 6.602018475532531738e-01 7.072215080261230469e-01 6.118663549423217773e-01 7.838684916496276855e-01
6.927261948585510254e-01 7.498602867126464844e-01 6.929907798767089844e-01 5.761740803718566895e-01 5.024008750915527344e-01 6.544085741043090820e-01 6.602018475532531738e-01 7.072215080261230469e-01 6.118663549423217773e-01 6.479545831680297852e-01
6.927261948585510254e-01 7.498602867126464844e-01 6.929907798767089844e-01 7.407069802284240723e-01 6.914075016975402832e-01 6.544085741043090820e-01 6.602018475532531738e-01 7.072215080261230469e-01 6.118663549423217773e-01 7.838684916496276855e-01
6.927261948585510254e-01 7.498602867126464844e-01 6.929907798767089844e-01 6.330552101135253906e-01 7.744650840759277344e-01 6.544085741043090820e-01 6.602018475532531738e-01 7.072215080261230469e-01 6.118663549423217773e-01 7.838684916496276855e-01
6.927261948585510254e-01 7.498602867126464844e-01 6.929907798767089844e-01 5.410095453262329102e-01 7.744650840759277344e-01 8.797981739044189453e-01 6.602018475532531738e-01 7.072215080261230469e-01 6.118663549423217773e-01 8.714741468429565430e-01
6.927261948585510254e-01 7.498602867126464844e-01 6.929907798767089844e-01 6.547295451164245605e-01 7.744650840759277344e-01 6.544085741043090820e-01 6.602018475532531738e-01 7.072215080261230469e-01 6.118663549423217773e-01 8.714741468429565430e-01
6.927261948585510254e-01 5.986855030059814453e-01 8.145480155944824219e-01 7.021626830101013184e-01 7.744650840759277344e-01 8.797981739044189453e-01 6.602018475532531738e-01 7.072215080261230469e-01 6.118663549423217773e-01 8.983066678047180176e-01
6.927261948585510254e-01 5.986855030059814453e-01 6.024147272109985352e-01 6.547295451164245605e-01 7.744650840759277344e-01 8.797981739044189453e-01 6.602018475532531738e-01 7.072215080261230469e-01 6.118663549423217773e-01 8.003703355789184570e-01
6.927261948585510254e-01 5.986855030059814453e-01 8.145480155944824219e-01 7.612501382827758789e-01 7.744650840759277344e-01 9.326863288879394531e-01 6.602018475532531738e-01 7.072215080261230469e-01 6.118663549423217773e-01 8.825646042823791504e-01
6.927261948585510254e-01 5.986855030059814453e-01 6.024147272109985352e-01 6.547295451164245605e-01 7.744650840759277344e-01 8.797981739044189453e-01 6.602018475532531738e-01 7.072215080261230469e-01 6.118663549423217773e-01 8.522614836692810059e-01
6.927261948585510254e-01 5.986855030059814453e-01 6.024147272109985352e-01 6.547295451164245605e-01 7.744650840759277344e-01 8.797981739044189453e-01 6.602018475532531738e-01 7.072215080261230469e-01 6.118663549423217773e-01 8.003703355789184570e-01
6.927261948585510254e-01 5.986855030059814453e-01 6.024147272109985352e-01 7.691563367843627930e-01 5.024008750915527344e-01 6.544085741043090820e-01 5.315868258476257324e-01 7.072215080261230469e-01 6.118663549423217773e-01 7.453863620758056641e-01
6.752882003784179688e-01 5.986855030059814453e-01 3.369848728179931641e-01 6.479842066764831543e-01 5.024008750915527344e-01 4.682073593139648438e-01 6.509568095207214355e-01 7.072215080261230469e-01 6.118663549423217773e-01 7.453863620758056641e-01
4.860502481460571289e-01 3.537340760231018066e-01 2.200210690498352051e-01 7.576024532318115234e-01 3.764491081237792969e-01 4.682073593139648438e-01 5.058195590972900391e-01 4.584678411483764648e-01 5.028900504112243652e-01 6.226193904876708984e-01
4.860502481460571289e-01 3.537340760231018066e-01 2.348672002553939819e-01 7.599107027053833008e-01 5.850900411605834961e-01 5.156372785568237305e-01 5.120676159858703613e-01 2.464666217565536499e-01 5.028900504112243652e-01 5.605738162994384766e-01
4.860502481460571289e-01 4.963966012001037598e-01 5.561016201972961426e-01 7.283220291137695312e-01 3.764491081237792969e-01 4.682073593139648438e-01 5.058195590972900391e-01 4.584678411483764648e-01 5.028900504112243652e-01 6.226193904876708984e-01
4.860502481460571289e-01 4.963966012001037598e-01 5.561016201972961426e-01 6.468421816825866699e-01 3.764491081237792969e-01 4.682073593139648438e-01 5.058195590972900391e-01 4.584678411483764648e-01 5.028900504112243652e-01 6.226193904876708984e-01
4.860502481460571289e-01 3.537340760231018066e-01 2.348672002553939819e-01 3.678358197212219238e-01 3.764491081237792969e-01 5.156372785568237305e-01 5.120676159858703613e-01 3.627082109451293945e-01 5.028900504112243652e-01 6.408850550651550293e-01
6.752882003784179688e-01 7.498602867126464844e-01 6.854894161224365234e-01 8.201553821563720703e-01 5.725973844528198242e-01 4.682073593139648438e-01 6.366740465164184570e-01 5.475105047225952148e-01 3.997634053230285645e-01 4.687854945659637451e-01
6.927261948585510254e-01 7.498602867126464844e-01 6.929907798767089844e-01 5.273057818412780762e-01 7.744650840759277344e-01 4.510614573955535889e-01 6.602018475532531738e-01 7.072215080261230469e-01 6.118663549423217773e-01 7.552381753921508789e-01
7.231212258338928223e-01 7.498602867126464844e-01 9.342365264892578125e-01 8.182011246681213379e-01 7.744650840759277344e-01 9.066136479377746582e-01 6.602018475532531738e-01 7.072215080261230469e-01 6.118663549423217773e-01 8.825646042823791504e-01
7.231212258338928223e-01 5.986855030059814453e-01 9.050863385200500488e-01 8.926793932914733887e-01 7.744650840759277344e-01 8.919440507888793945e-01 6.602018475532531738e-01 7.072215080261230469e-01 6.118663549423217773e-01 8.825646042823791504e-01
6.927261948585510254e-01 5.986855030059814453e-01 9.050863385200500488e-01 5.179648995399475098e-01 6.724851131439208984e-01 8.356363177299499512e-01 6.602018475532531738e-01 5.475105047225952148e-01 6.118663549423217773e-01 9.153501391410827637e-01
3.826865851879119873e-01 4.963966012001037598e-01 2.200210690498352051e-01 6.060354113578796387e-01 3.764491081237792969e-01 4.682073593139648438e-01 5.120676159858703613e-01 7.115904092788696289e-01 3.997634053230285645e-01 7.761778235435485840e-01
3.826865851879119873e-01 3.537340760231018066e-01 7.352368235588073730e-01 6.119687557220458984e-01 4.930136799812316895e-01 3.536636829376220703e-01 4.785283207893371582e-01 2.464666217565536499e-01 3.997634053230285645e-01 5.605738162994384766e-01
4.371761679649353027e-01 5.560847520828247070e-01 7.352368235588073730e-01 7.093589305877685547e-01 4.930136799812316895e-01 3.536636829376220703e-01 4.934474229812622070e-01 4.038113057613372803e-01 5.056958198547363281e-01 5.605738162994384766e-01
3.826865851879119873e-01 3.537340760231018066e-01 5.360565185546875000e-01 4.710390865802764893e-01 4.930136799812316895e-01 3.536636829376220703e-01 4.785283207893371582e-01 2.464666217565536499e-01 5.056958198547363281e-01 5.605738162994384766e-01
5.932709574699401855e-01 3.537340760231018066e-01 5.360565185546875000e-01 7.093589305877685547e-01 4.930136799812316895e-01 4.714120030403137207e-01 4.934474229812622070e-01 4.038113057613372803e-01 5.056958198547363281e-01 5.605738162994384766e-01
3.826865851879119873e-01 3.537340760231018066e-01 5.360565185546875000e-01 4.494554996490478516e-01 4.930136799812316895e-01 4.714120030403137207e-01 4.785283207893371582e-01 2.464666217565536499e-01 3.997634053230285645e-01 5.605738162994384766e-01
3.826865851879119873e-01 3.537340760231018066e-01 5.360565185546875000e-01 4.812601506710052490e-01 4.930136799812316895e-01 4.714120030403137207e-01 4.785283207893371582e-01 2.464666217565536499e-01 3.997634053230285645e-01 5.605738162994384766e-01
5.932709574699401855e-01 5.560847520828247070e-01 5.360565185546875000e-01 8.702440857887268066e-01 4.930136799812316895e-01 4.714120030403137207e-01 4.934474229812622070e-01 4.038113057613372803e-01 5.056958198547363281e-01 5.605738162994384766e-01
3.826865851879119873e-01 3.537340760231018066e-01 5.360565185546875000e-01 7.182608842849731445e-01 4.930136799812316895e-01 4.714120030403137207e-01 4.785283207893371582e-01 2.464666217565536499e-01 5.056958198547363281e-01 5.605738162994384766e-01
5.932709574699401855e-01 5.560847520828247070e-01 5.360565185546875000e-01 9.146987199783325195e-01 4.930136799812316895e-01 4.714120030403137207e-01 4.934474229812622070e-01 2.845269739627838135e-01 5.056958198547363281e-01 5.605738162994384766e-01
4.371761679649353027e-01 5.560847520828247070e-01 4.614247977733612061e-01 9.530006647109985352e-01 4.930136799812316895e-01 3.536636829376220703e-01 4.934474229812622070e-01 3.711663782596588135e-01 5.056958198547363281e-01 5.605738162994384766e-01
4.371761679649353027e-01 5.560847520828247070e-01 3.754159510135650635e-01 9.326749444007873535e-01 5.918152332305908203e-01 3.637280166149139404e-01 3.090243637561798096e-01 3.711663782596588135e-01 5.056958198547363281e-01 5.605738162994384766e-01
4.371761679649353027e-01 5.560847520828247070e-01 2.061024308204650879e-01 6.604876518249511719e-01 4.766123890876770020e-01 3.848482370376586914e-01 4.934356212615966797e-01 3.711663782596588135e-01 5.056958198547363281e-01 6.062983274459838867e-01
4.371761679649353027e-01 5.560847520828247070e-01 2.061024308204650879e-01 6.604876518249511719e-01 4.766123890876770020e-01 3.848482370376586914e-01 3.942685723304748535e-01 3.711663782596588135e-01 5.056958198547363281e-01 6.062983274459838867e-01
4.371761679649353027e-01 5.560847520828247070e-01 2.061024308204650879e-01 5.731292963027954102e-01 3.791776001453399658e-01 3.848482370376586914e-01 3.942685723304748535e-01 3.711663782596588135e-01 5.056958198547363281e-01 6.062983274459838867e-01
4.371761679649353027e-01 5.560847520828247070e-01 2.061024308204650879e-01 5.415921211242675781e-01 3.791776001453399658e-01 3.848482370376586914e-01 3.942685723304748535e-01 3.711663782596588135e-01 5.056958198547363281e-01 3.887642025947570801e-01
4.371761679649353027e-01 5.560847520828247070e-01 2.061024308204650879e-01 6.749467253684997559e-01 3.791776001453399658e-01 3.848482370376586914e-01 3.942685723304748535e-01 3.711663782596588135e-01 5.056958198547363281e-01 2.479593604803085327e-01
4.371761679649353027e-01 5.560847520828247070e-01 3.741615712642669678e-01 3.384037613868713379e-01 3.791776001453399658e-01 3.848482370376586914e-01 3.942685723304748535e-01 3.711663782596588135e-01 5.056958198547363281e-01 6.062983274459838867e-01
4.371761679649353027e-01 5.560847520828247070e-01 2.061024308204650879e-01 5.095130801200866699e-01 5.003049373626708984e-01 3.848482370376586914e-01 3.942685723304748535e-01 3.711663782596588135e-01 5.056958198547363281e-01 3.976276814937591553e-01
4.371761679649353027e-01 5.560847520828247070e-01 2.061024308204650879e-01 6.462894082069396973e-01 5.003049373626708984e-01 3.848482370376586914e-01 3.942685723304748535e-01 3.711663782596588135e-01 5.056958198547363281e-01 2.479593604803085327e-01
4.371761679649353027e-01 5.560847520828247070e-01 3.133607804775238037e-01 2.252852916717529297e-01 5.003049373626708984e-01 2.218960523605346680e-01 3.942685723304748535e-01 3.711663782596588135e-01 5.056958198547363281e-01 2.479593604803085327e-01
4.371761679649353027e-01 5.560847520828247070e-01 3.133607804775238037e-01 3.029320538043975830e-01 5.003049373626708984e-01 2.218960523605346680e-01 3.942685723304748535e-01 3.711663782596588135e-01 5.056958198547363281e-01 2.479593604803085327e-01
4.371761679649353027e-01 5.560847520828247070e-01 3.133607804775238037e-01 2.766278684139251709e-01 5.003049373626708984e-01 3.848482370376586914e-01 3.942685723304748535e-01 3.711663782596588135e-01 5.056958198547363281e-01 2.479593604803085327e-01
4.371761679649353027e-01 5.560847520828247070e-01 5.124281048774719238e-01 3.029320538043975830e-01 5.003049373626708984e-01 2.218960523605346680e-01 3.942685723304748535e-01 3.711663782596588135e-01 5.056958198547363281e-01 2.479593604803085327e-01
4.371761679649353027e-01 5.560847520828247070e-01 5.124281048774719238e-01 5.400326251983642578e-01 5.988417863845825195e-01 2.218960523605346680e-01 3.942685723304748535e-01 3.711663782596588135e-01 5.056958198547363281e-01 2.479593604803085327e-01
4.371761679649353027e-01 5.560847520828247070e-01 3.133607804775238037e-01 2.766278684139251709e-01 5.003049373626708984e-01 2.218960523605346680e-01 3.942685723304748535e-01 3.711663782596588135e-01 5.056958198547363281e-01 2.479593604803085327e-01
4.371761679649353027e-01 5.560847520828247070e-01 4.684430956840515137e-01 3.029320538043975830e-01 5.003049373626708984e-01 2.218960523605346680e-01 3.942685723304748535e-01 3.711663782596588135e-01 5.056958198547363281e-01 2.479593604803085327e-01
4.371761679649353027e-01 5.560847520828247070e-01 6.699106097221374512e-01 3.382214605808258057e-01 5.003049373626708984e-01 2.218960523605346680e-01 3.942685723304748535e-01 3.711663782596588135e-01 5.056958198547363281e-01 2.479593604803085327e-01
4.371761679649353027e-01 5.560847520828247070e-01 6.699106097221374512e-01 3.382214605808258057e-01 5.003049373626708984e-01 2.218960523605346680e-01 3.942685723304748535e-01 3.711663782596588135e-01 5.056958198547363281e-01 1.672181934118270874e-01
4.371761679649353027e-01 5.560847520828247070e-01 6.699106097221374512e-01 3.382214605808258057e-01 5.003049373626708984e-01 2.218960523605346680e-01 3.942685723304748535e-01 2.081842124462127686e-01 5.056958198547363281e-01 4.890518784523010254e-01
4.952634572982788086e-01 4.336168766021728516e-01 7.538932561874389648e-01 2.190192043781280518e-01 3.212616443634033203e-01 3.848482370376586914e-01 5.213267207145690918e-01 2.166721522808074951e-01 3.073747158050537109e-01 4.822207391262054443e-01
4.952634572982788086e-01 4.336168766021728516e-01 7.538932561874389648e-01 9.056349992752075195e-01 4.228448867797851562e-01 5.048691034317016602e-01 5.213267207145690918e-01 3.830844461917877197e-01 3.073747158050537109e-01 6.046311855316162109e-01
4.952634572982788086e-01 4.336168766021728516e-01 5.708472728729248047e-01 4.015624821186065674e-01 4.228448867797851562e-01 5.048691034317016602e-01 2.463708817958831787e-01 3.830844461917877197e-01 3.073747158050537109e-01 4.964013397693634033e-01
5.932709574699401855e-01 5.560847520828247070e-01 6.420777440071105957e-01 4.015624821186065674e-01 6.078047752380371094e-01 5.048691034317016602e-01 5.863916277885437012e-01 3.711663782596588135e-01 3.938716053962707520e-01 3.251733183860778809e-01
5.932709574699401855e-01 5.560847520828247070e-01 5.708472728729248047e-01 4.326412677764892578e-01 6.078047752380371094e-01 5.048691034317016602e-01 5.863916277885437012e-01 3.711663782596588135e-01 3.938716053962707520e-01 3.251733183860778809e-01
5.932709574699401855e-01 5.560847520828247070e-01 6.420777440071105957e-01 4.015624821186065674e-01 6.078047752380371094e-01 5.048691034317016602e-01 5.863916277885437012e-01 3.711663782596588135e-01 5.056958198547363281e-01 3.251733183860778809e-01
5.932709574699401855e-01 5.560847520828247070e-01 6.673090457916259766e-01 5.856654644012451172e-01 6.145107150077819824e-01 4.823266565799713135e-01 6.796608567237854004e-01 5.013225078582763672e-01 5.056958198547363281e-01 2.516269683837890625e-01
5.932709574699401855e-01 5.560847520828247070e-01 6.420777440071105957e-01 1.432483643293380737e-01 6.078047752380371094e-01 5.048691034317016602e-01 6.796608567237854004e-01 5.013225078582763672e-01 5.056958198547363281e-01 3.251733183860778809e-01
5.932709574699401855e-01 5.560847520828247070e-01 8.657329082489013672e-01 3.178849816322326660e-01 6.145107150077819824e-01 4.823266565799713135e-01 6.796608567237854004e-01 5.013225078582763672e-01 5.056958198547363281e-01 2.516269683837890625e-01
5.932709574699401855e-01 5.560847520828247070e-01 8.657329082489013672e-01 8.827747106552124023e-01 7.950525879859924316e-01 5.568198561668395996e-01 6.796608567237854004e-01 7.241880893707275391e-01 5.056958198547363281e-01 9.192892313003540039e-01
5.932709574699401855e-01 5.560847520828247070e-01 8.189577460289001465e-01 8.621595501899719238e-01 7.950525879859924316e-01 5.568198561668395996e-01 4.934356212615966797e-01 7.241880893707275391e-01 5.056958198547363281e-01 9.192892313003540039e-01
5.932709574699401855e-01 5.560847520828247070e-01 6.182985901832580566e-01 6.085112094879150391e-01 7.950525879859924316e-01 5.048691034317016602e-01 4.934356212615966797e-01 5.013225078582763672e-01 5.056958198547363281e-01 2.516269683837890625e-01
5.932709574699401855e-01 5.560847520828247070e-01 7.206760048866271973e-01 8.609459400177001953e-01 7.950525879859924316e-01 5.568198561668395996e-01 4.934356212615966797e-01 7.241880893707275391e-01 5.056958198547363281e-01 9.192892313003540039e-01
5.932709574699401855e-01 5.560847520828247070e-01 7.206760048866271973e-01 8.326762914657592773e-01 7.950525879859924316e-01 5.568198561668395996e-01 4.934356212615966797e-01 7.241880893707275391e-01 5.056958198547363281e-01 9.192892313003540039e-01
5.932709574699401855e-01 5.560847520828247070e-01 7.206760048866271973e-01 8.371999859809875488e-01 7.950525879859924316e-01 5.568198561668395996e-01 4.934356212615966797e-01 7.241880893707275391e-01 5.056958198547363281e-01 9.192892313003540039e-01
5.932709574699401855e-01 5.560847520828247070e-01 3.133607804775238037e-01 8.019496798515319824e-01 5.003049373626708984e-01 5.048691034317016602e-01 3.942685723304748535e-01 7.241880893707275391e-01 5.056958198547363281e-01 6.160104870796203613e-01
5.932709574699401855e-01 5.560847520828247070e-01 6.182985901832580566e-01 8.609459400177001953e-01 7.950525879859924316e-01 5.568198561668395996e-01 4.934356212615966797e-01 7.241880893707275391e-01 5.056958198547363281e-01 9.192892313003540039e-01
5.932709574699401855e-01 5.560847520828247070e-01 7.206760048866271973e-01 8.569693565368652344e-01 7.950525879859924316e-01 5.568198561668395996e-01 4.934356212615966797e-01 7.241880893707275391e-01 5.056958198547363281e-01 9.192892313003540039e-01
5.932709574699401855e-01 5.560847520828247070e-01 8.189577460289001465e-01 8.326762914657592773e-01 7.950525879859924316e-01 5.568198561668395996e-01 4.934356212615966797e-01 7.241880893707275391e-01 5.056958198547363281e-01 9.192892313003540039e-01
5.932709574699401855e-01 5.560847520828247070e-01 8.657329082489013672e-01 6.843102574348449707e-01 7.950525879859924316e-01 5.568198561668395996e-01 6.796608567237854004e-01 7.241880893707275391e-01 5.056958198547363281e-01 8.631317019462585449e-01
5.932709574699401855e-01 5.560847520828247070e-01 8.657329082489013672e-01 8.738775849342346191e-01 7.950525879859924316e-01 5.568198561668395996e-01 6.796608567237854004e-01 7.241880893707275391e-01 5.056958198547363281e-01 8.878425359725952148e-01
5.932709574699401855e-01 5.560847520828247070e-01 8.657329082489013672e-01 8.738775849342346191e-01 7.950525879859924316e-01 5.568198561668395996e-01 6.796608567237854004e-01 7.241880893707275391e-01 5.056958198547363281e-01 8.878425359725952148e-01
5.932709574699401855e-01 5.560847520828247070e-01 8.657329082489013672e-01 8.519601821899414062e-01 7.950525879859924316e-01 5.568198561668395996e-01 6.796608567237854004e-01 7.241880893707275391e-01 5.056958198547363281e-01 8.878425359725952148e-01
5.932709574699401855e-01 5.560847520828247070e-01 8.657329082489013672e-01 8.519601821899414062e-01 7.950525879859924316e-01 5.568198561668395996e-01 6.796608567237854004e-01 7.241880893707275391e-01 5.056958198547363281e-01 8.878425359725952148e-01
5.932709574699401855e-01 5.560847520828247070e-01 8.657329082489013672e-01 8.519601821899414062e-01 7.950525879859924316e-01 5.568198561668395996e-01 6.796608567237854004e-01 7.241880893707275391e-01 5.056958198547363281e-01 8.878425359725952148e-01
5.932709574699401855e-01 5.560847520828247070e-01 8.657329082489013672e-01 9.731158614158630371e-01 8.985587954521179199e-01 5.568198561668395996e-01 7.549815773963928223e-01 7.241880893707275391e-01 5.056958198547363281e-01 8.878425359725952148e-01
5.932709574699401855e-01 5.560847520828247070e-01 8.657329082489013672e-01 9.459915161132812500e-01 8.985587954521179199e-01 3.237736821174621582e-01 5.858740806579589844e-01 7.241880893707275391e-01 5.056958198547363281e-01 8.878425359725952148e-01
5.932709574699401855e-01 5.560847520828247070e-01 8.657329082489013672e-01 9.892268180847167969e-01 8.985587954521179199e-01 5.875771045684814453e-01 5.858740806579589844e-01 7.241880893707275391e-01 5.056958198547363281e-01 8.878425359725952148e-01
5.932709574699401855e-01 5.560847520828247070e-01 8.657329082489013672e-01 9.456270933151245117e-01 8.985587954521179199e-01 5.875771045684814453e-01 5.858740806579589844e-01 7.241880893707275391e-01 5.056958198547363281e-01 7.437052130699157715e-01
5.932709574699401855e-01 5.560847520828247070e-01 7.723745107650756836e-01 9.223735928535461426e-01 8.985587954521179199e-01 5.875771045684814453e-01 5.858740806579589844e-01 7.241880893707275391e-01 5.056958198547363281e-01 7.437052130699157715e-01
5.932709574699401855e-01 5.560847520828247070e-01 8.657329082489013672e-01 9.604218602180480957e-01 8.985587954521179199e-01 7.340528964996337891e-01 3.937591910362243652e-01 7.241880893707275391e-01 5.056958198547363281e-01 8.667286634445190430e-01
5.932709574699401855e-01 5.560847520828247070e-01 8.189577460289001465e-01 9.726161360740661621e-01 8.985587954521179199e-01 5.977967381477355957e-01 3.937591910362243652e-01 7.241880893707275391e-01 5.056958198547363281e-01 8.667286634445190430e-01
5.932709574699401855e-01 5.560847520828247070e-01 7.206760048866271973e-01 9.286282062530517578e-01 8.152784705162048340e-01 7.340528964996337891e-01 3.937591910362243652e-01 7.241880893707275391e-01 5.056958198547363281e-01 8.667286634445190430e-01
5.932709574699401855e-01 5.560847520828247070e-01 7.206760048866271973e-01 9.052895903587341309e-01 8.985587954521179199e-01 5.977967381477355957e-01 3.937591910362243652e-01 7.241880893707275391e-01 5.056958198547363281e-01 8.667286634445190430e-01
5.932709574699401855e-01 5.560847520828247070e-01 7.206760048866271973e-01 9.223735928535461426e-01 8.985587954521179199e-01 5.977967381477355957e-01 3.937591910362243652e-01 7.241880893707275391e-01 5.056958198547363281e-01 8.667286634445190430e-01
5.932709574699401855e-01 5.560847520828247070e-01 7.206760048866271973e-01 7.632764577865600586e-01 8.985587954521179199e-01 5.977967381477355957e-01 3.937591910362243652e-01 7.241880893707275391e-01 5.056958198547363281e-01 5.842231512069702148e-01
3.826865851879119873e-01 4.963966012001037598e-01 6.152120828628540039e-01 8.165146112442016602e-01 8.985587954521179199e-01 5.977967381477355957e-01 3.760991394519805908e-01 5.590715408325195312e-01 3.997634053230285645e-01 7.321010231971740723e-01
3.826865851879119873e-01 4.963966012001037598e-01 6.152120828628540039e-01 5.425498485565185547e-01 8.330644965171813965e-01 4.642750024795532227e-01 3.760991394519805908e-01 5.590715408325195312e-01 3.997634053230285645e-01 3.712412714958190918e-01
5.744400620460510254e-01 4.963966012001037598e-01 5.895363688468933105e-01 8.381435275077819824e-01 4.410161077976226807e-01 8.323554396629333496e-01 3.218973875045776367e-01 3.177184462547302246e-01 3.997634053230285645e-01 7.321010231971740723e-01
