3.782258033752441406e-01 5.821457505226135254e-01 4.462125301361083984e-01 3.197703957557678223e-01 6.855126023292541504e-01 1.473707854747772217e-01 5.442507266998291016e-01 9.028314948081970215e-01 2.978305518627166748e-01 5.500086545944213867e-01
4.185330495238304138e-02 1.247149631381034851e-01 4.462125301361083984e-01 3.197703957557678223e-01 8.292238116264343262e-01 8.339180946350097656e-01 5.442507266998291016e-01 3.715056478977203369e-01 2.143266499042510986e-01 7.788565754890441895e-01
7.995468378067016602e-01 6.296160817146301270e-02 4.462125301361083984e-01 3.197703957557678223e-01 7.288232445716857910e-01 3.507581949234008789e-01 5.277862548828125000e-01 9.447835087776184082e-01 1.565319597721099854e-01 4.612720012664794922e-01
1.049813404679298401e-01 6.810952723026275635e-02 4.462125301361083984e-01 3.197703957557678223e-01 7.753426432609558105e-01 9.918494224548339844e-01 5.442507266998291016e-01 8.286154866218566895e-01 3.509868383407592773e-01 7.833008170127868652e-01
7.164900898933410645e-01 9.278147667646408081e-02 4.462125301361083984e-01 3.197703957557678223e-01 5.398926734924316406e-01 9.962503314018249512e-01 5.442507266998291016e-01 6.199193000793457031e-01 1.292309015989303589e-01 6.707958579063415527e-01
8.246877789497375488e-01 2.426321357488632202e-01 4.462125301361083984e-01 3.197703957557678223e-01 7.311769723892211914e-01 3.271824419498443604e-01 5.442507266998291016e-01 4.169035851955413818e-01 4.147655367851257324e-01 9.069610834121704102e-01
7.155286669731140137e-01 5.251564383506774902e-01 4.462125301361083984e-01 7.040488123893737793e-01 9.860724210739135742e-01 9.882202148437500000e-01 5.442507266998291016e-01 8.624595999717712402e-01 5.065255761146545410e-01 7.822107672691345215e-01
1.736803948879241943e-01 6.926265358924865723e-01 4.462125301361083984e-01 3.197703957557678223e-01 8.159043788909912109e-01 9.928752183914184570e-01 5.442507266998291016e-01 3.875068128108978271e-01 2.905427217483520508e-01 9.280064105987548828e-01
5.893338918685913086e-01 1.371802985668182373e-01 4.462125301361083984e-01 3.197703957557678223e-01 7.317683696746826172e-01 5.380781292915344238e-01 5.442507266998291016e-01 7.448740005493164062e-01 2.723493427038192749e-02 5.877169370651245117e-01
6.903194785118103027e-01 5.943582057952880859e-01 4.462125301361083984e-01 3.197703957557678223e-01 4.466997087001800537e-01 9.928071498870849609e-01 5.442507266998291016e-01 8.624595999717712402e-01 4.422940015792846680e-01 9.309160113334655762e-01
5.961964130401611328e-01 6.746883392333984375e-01 4.462125301361083984e-01 3.197703957557678223e-01 3.373034000396728516e-01 9.072936177253723145e-01 5.442507266998291016e-01 5.924678444862365723e-01 8.447455763816833496e-01 5.012656450271606445e-01
8.843545913696289062e-01 3.859269917011260986e-01 4.462125301361083984e-01 3.197703957557678223e-01 3.373034000396728516e-01 9.787451028823852539e-01 6.519149541854858398e-01 8.286154866218566895e-01 1.660688817501068115e-01 3.870235979557037354e-01
4.572598636150360107e-01 6.675425767898559570e-01 4.462125301361083984e-01 3.197703957557678223e-01 5.896672010421752930e-01 3.522569239139556885e-01 3.687330782413482666e-01 7.985055446624755859e-01 3.787975013256072998e-01 8.967558145523071289e-01
1.941346824169158936e-01 3.500916659832000732e-01 4.462125301361083984e-01 3.197703957557678223e-01 7.185980081558227539e-01 6.063249707221984863e-01 3.687330782413482666e-01 5.924678444862365723e-01 7.222317904233932495e-02 2.195132374763488770e-01
3.716017305850982666e-01 5.631341338157653809e-01 4.462125301361083984e-01 7.040488123893737793e-01 6.606852412223815918e-01 1.628780215978622437e-01 2.986659705638885498e-01 2.284186631441116333e-01 2.905427217483520508e-01 2.924193143844604492e-01
1.947754025459289551e-01 7.068444043397903442e-02 5.537892580032348633e-01 3.197703957557678223e-01 7.659391164779663086e-01 2.419837564229965210e-02 6.367440223693847656e-01 7.484917640686035156e-01 4.147655367851257324e-01 1.751905828714370728e-01
5.254884958267211914e-01 2.928885072469711304e-02 5.537892580032348633e-01 3.197703957557678223e-01 1.119797602295875549e-01 1.240769773721694946e-01 1.172450855374336243e-01 9.207596778869628906e-01 2.179882675409317017e-01 7.711312174797058105e-01
7.400351762771606445e-01 2.078799307346343994e-01 5.537892580032348633e-01 7.040488123893737793e-01 6.438678503036499023e-01 6.360418200492858887e-01 1.466835588216781616e-01 9.438233971595764160e-01 4.959011375904083252e-01 4.749304354190826416e-01
8.135283589363098145e-01 1.710326373577117920e-01 1.708543300628662109e-01 3.197703957557678223e-01 4.065175056457519531e-01 2.812278270721435547e-01 1.466835588216781616e-01 6.456470489501953125e-01 4.959011375904083252e-01 3.733013570308685303e-01
7.660847902297973633e-01 6.276254355907440186e-02 5.537892580032348633e-01 3.197703957557678223e-01 6.605980545282363892e-02 6.313526630401611328e-01 1.466835588216781616e-01 8.483311533927917480e-01 4.147655367851257324e-01 2.481789737939834595e-01
7.256602644920349121e-01 7.756587266921997070e-01 5.537892580032348633e-01 3.197703957557678223e-01 1.173261180520057678e-01 1.784575432538986206e-01 1.172450855374336243e-01 9.538713693618774414e-01 9.257679432630538940e-02 6.028202921152114868e-02
2.594891935586929321e-02 4.543771222233772278e-02 1.708543300628662109e-01 3.197703957557678223e-01 8.573065996170043945e-01 9.919182658195495605e-01 1.172450855374336243e-01 6.132165193557739258e-01 7.494463324546813965e-01 8.074852824211120605e-01
2.892368137836456299e-01 5.413451790809631348e-02 1.708543300628662109e-01 3.197703957557678223e-01 6.326826810836791992e-01 7.127751708030700684e-01 2.986659705638885498e-01 8.487331867218017578e-01 5.444967150688171387e-01 9.985988587141036987e-02
4.832181334495544434e-01 6.060672998428344727e-01 1.708543300628662109e-01 3.197703957557678223e-01 7.609071135520935059e-01 7.038266062736511230e-01 5.088432505726814270e-02 8.899930119514465332e-01 7.494463324546813965e-01 5.517815947532653809e-01
1.391847580671310425e-01 2.119742482900619507e-01 5.537892580032348633e-01 3.197703957557678223e-01 2.986781299114227295e-01 8.899914026260375977e-01 3.035002648830413818e-01 7.905309200286865234e-01 6.929881572723388672e-01 4.559838473796844482e-01
1.546406298875808716e-01 2.401609867811203003e-01 5.537892580032348633e-01 2.248718589544296265e-01 1.522519718855619431e-02 1.289168298244476318e-01 3.035002648830413818e-01 3.281778395175933838e-01 9.381586909294128418e-01 5.883925408124923706e-02
4.880543053150177002e-02 8.164765685796737671e-02 5.537892580032348633e-01 2.248718589544296265e-01 1.193044632673263550e-01 1.258536577224731445e-01 5.088432505726814270e-02 8.239849209785461426e-01 7.286257147789001465e-01 4.511203244328498840e-02
8.513480424880981445e-01 4.082017540931701660e-01 5.537892580032348633e-01 8.134711384773254395e-01 7.980177998542785645e-01 1.032856777310371399e-01 3.035002648830413818e-01 9.672109484672546387e-01 8.953025341033935547e-01 2.180781960487365723e-01
7.217680811882019043e-01 7.716783285140991211e-01 5.537892580032348633e-01 8.134711384773254395e-01 8.551217317581176758e-01 9.229960441589355469e-01 2.184582948684692383e-01 3.718595802783966064e-01 3.598959147930145264e-01 1.608493030071258545e-01
9.416807293891906738e-01 9.572377800941467285e-01 5.537892580032348633e-01 8.134711384773254395e-01 9.776395559310913086e-01 2.134623825550079346e-01 6.943673491477966309e-01 9.012181758880615234e-01 9.274529814720153809e-01 6.794514060020446777e-01
7.217857241630554199e-01 4.462468922138214111e-01 6.130350828170776367e-01 8.134711384773254395e-01 9.541233777999877930e-01 8.864234685897827148e-01 2.184582948684692383e-01 9.012181758880615234e-01 7.024519443511962891e-01 3.796725273132324219e-01
3.989262282848358154e-01 9.505580067634582520e-01 5.537892580032348633e-01 8.134711384773254395e-01 5.160243511199951172e-01 8.538647294044494629e-01 6.943673491477966309e-01 7.995161414146423340e-01 7.686464190483093262e-01 8.543921709060668945e-01
9.477170109748840332e-01 7.147789001464843750e-01 5.537892580032348633e-01 8.134711384773254395e-01 9.287788271903991699e-01 8.457899093627929688e-01 8.851960301399230957e-01 2.459674030542373657e-01 5.210238695144653320e-01 7.809718847274780273e-01
9.839839935302734375e-01 5.461843609809875488e-01 5.537892580032348633e-01 8.134711384773254395e-01 8.899815082550048828e-01 4.591185450553894043e-01 8.851960301399230957e-01 2.459674030542373657e-01 6.104059219360351562e-01 1.942549645900726318e-01
7.360522150993347168e-01 4.444490671157836914e-01 5.537892580032348633e-01 8.134711384773254395e-01 9.656318426132202148e-01 4.475245177745819092e-01 6.943673491477966309e-01 5.743178129196166992e-01 6.104059219360351562e-01 9.565500020980834961e-01
8.510522842407226562e-01 9.138845205307006836e-01 5.537892580032348633e-01 8.134711384773254395e-01 9.579903483390808105e-01 3.311275541782379150e-01 6.943673491477966309e-01 9.402298927307128906e-01 4.109547138214111328e-01 2.230366468429565430e-01
5.776948928833007812e-01 2.955524325370788574e-01 5.537892580032348633e-01 8.134711384773254395e-01 8.421027064323425293e-01 8.458654284477233887e-01 2.184582948684692383e-01 7.820423841476440430e-01 1.384232938289642334e-01 2.788156569004058838e-01
5.482943654060363770e-01 4.212343692779541016e-01 5.537892580032348633e-01 5.000000000000000000e-01 3.037610054016113281e-01 5.415127873420715332e-01 4.091503322124481201e-01 5.315836071968078613e-01 6.164034008979797363e-01 1.105752214789390564e-01
2.787986695766448975e-01 8.199067115783691406e-01 5.537892580032348633e-01 8.134711384773254395e-01 8.436169624328613281e-01 1.462029814720153809e-01 3.687330782413482666e-01 7.976400256156921387e-01 3.216111660003662109e-01 9.280332922935485840e-02
4.236544072628021240e-01 8.353970646858215332e-01 5.537892580032348633e-01 8.134711384773254395e-01 8.938967585563659668e-01 4.895357489585876465e-01 7.528083324432373047e-01 9.758716225624084473e-01 9.438392519950866699e-01 2.362605035305023193e-01
6.500661373138427734e-02 8.392047286033630371e-01 5.537892580032348633e-01 8.134711384773254395e-01 9.714463353157043457e-01 9.835587143898010254e-01 7.528083324432373047e-01 6.956828832626342773e-01 8.478304147720336914e-01 4.668061733245849609e-01
1.540725678205490112e-01 5.374993085861206055e-01 6.130350828170776367e-01 8.134711384773254395e-01 5.196884274482727051e-01 5.966155529022216797e-01 6.943673491477966309e-01 6.971334218978881836e-01 7.904301285743713379e-01 3.395149707794189453e-01
7.750877141952514648e-01 7.843433022499084473e-01 5.537892580032348633e-01 8.134711384773254395e-01 9.247823357582092285e-01 9.845981597900390625e-01 9.063112735748291016e-01 1.561629474163055420e-01 2.454474419355392456e-01 9.101251363754272461e-01
7.384233474731445312e-01 3.575924038887023926e-01 5.537892580032348633e-01 8.134711384773254395e-01 6.274979114532470703e-01 8.452010750770568848e-01 8.851960301399230957e-01 5.070819854736328125e-01 7.661395072937011719e-01 1.484554111957550049e-01
9.216897487640380859e-01 8.196195960044860840e-01 5.537892580032348633e-01 8.134711384773254395e-01 8.759509325027465820e-01 6.569774150848388672e-01 2.184582948684692383e-01 3.752797842025756836e-01 7.884427905082702637e-01 4.505997300148010254e-01
1.454648524522781372e-01 8.829666376113891602e-01 5.537892580032348633e-01 8.134711384773254395e-01 9.727108478546142578e-01 4.412404894828796387e-01 2.184582948684692383e-01 8.175155520439147949e-01 4.092830047011375427e-02 8.168607950210571289e-01
6.051489710807800293e-01 2.623226940631866455e-01 5.537892580032348633e-01 8.134711384773254395e-01 9.291424155235290527e-01 5.967656373977661133e-01 4.091503322124481201e-01 9.438233971595764160e-01 4.128615260124206543e-01 4.576488733291625977e-01
9.106693267822265625e-01 1.523989289999008179e-01 5.537892580032348633e-01 3.197703957557678223e-01 2.233524471521377563e-01 2.152578234672546387e-01 1.172450855374336243e-01 9.538814425468444824e-01 4.650464355945587158e-01 3.395149707794189453e-01
7.773339748382568359e-01 6.393969058990478516e-01 5.537892580032348633e-01 5.000000000000000000e-01 6.615928411483764648e-01 8.295339345932006836e-01 2.986659705638885498e-01 8.347631692886352539e-01 6.217534542083740234e-01 3.937558531761169434e-01
4.535592794418334961e-01 7.290842384099960327e-02 5.537892580032348633e-01 8.134711384773254395e-01 9.198017716407775879e-01 4.135320186614990234e-01 7.015075683593750000e-01 7.130194306373596191e-01 7.538730502128601074e-01 2.514995038509368896e-01
7.773339748382568359e-01 5.992280840873718262e-01 5.537892580032348633e-01 8.134711384773254395e-01 8.166840672492980957e-01 5.821183323860168457e-01 4.868263006210327148e-01 9.666321873664855957e-01 4.746938943862915039e-01 3.912412375211715698e-02
5.371984243392944336e-01 6.991969347000122070e-01 5.537892580032348633e-01 8.134711384773254395e-01 6.222219467163085938e-01 9.266934394836425781e-01 7.015075683593750000e-01 9.431555867195129395e-01 8.766012191772460938e-01 4.978365600109100342e-01
7.413658499717712402e-01 3.938077390193939209e-01 5.537892580032348633e-01 8.134711384773254395e-01 9.353626370429992676e-01 8.404206037521362305e-01 4.868263006210327148e-01 9.728766083717346191e-01 8.766012191772460938e-01 1.350555866956710815e-01
2.453609406948089600e-01 3.816236257553100586e-01 5.537892580032348633e-01 8.134711384773254395e-01 5.787898302078247070e-01 7.567800283432006836e-01 7.015075683593750000e-01 7.736940979957580566e-01 6.609563231468200684e-01 9.425513744354248047e-01
7.860167622566223145e-01 6.665686368942260742e-01 5.537892580032348633e-01 8.134711384773254395e-01 8.899815082550048828e-01 8.552483916282653809e-01 7.015075683593750000e-01 8.080559968948364258e-01 8.766012191772460938e-01 1.775682121515274048e-01
4.699962735176086426e-01 4.974766075611114502e-01 5.537892580032348633e-01 8.134711384773254395e-01 2.764390408992767334e-01 8.362416625022888184e-01 4.868263006210327148e-01 9.371017813682556152e-01 9.281718134880065918e-01 3.152221143245697021e-01
2.311144620180130005e-01 8.043420314788818359e-01 5.537892580032348633e-01 8.134711384773254395e-01 7.892602682113647461e-01 6.106893420219421387e-01 4.868263006210327148e-01 9.371017813682556152e-01 6.609563231468200684e-01 2.158241271972656250e-01
8.874208331108093262e-01 6.699695587158203125e-01 5.537892580032348633e-01 8.134711384773254395e-01 8.518860340118408203e-01 8.435440063476562500e-01 9.117838144302368164e-01 8.084422945976257324e-01 3.470896780490875244e-01 8.816384077072143555e-01
2.840794324874877930e-01 7.798370122909545898e-01 5.537892580032348633e-01 8.134711384773254395e-01 4.986203908920288086e-01 9.276413917541503906e-01 9.117838144302368164e-01 9.371017813682556152e-01 8.367603421211242676e-01 6.543546319007873535e-01
8.480504155158996582e-01 8.783681392669677734e-01 5.537892580032348633e-01 8.134711384773254395e-01 9.378195405006408691e-01 9.424592256546020508e-01 9.117838144302368164e-01 9.438233971595764160e-01 6.374364495277404785e-01 6.650294065475463867e-01
8.135841488838195801e-01 5.992280840873718262e-01 5.537892580032348633e-01 5.000000000000000000e-01 1.570768505334854126e-01 9.005503058433532715e-01 7.015075683593750000e-01 8.025101423263549805e-01 5.588143467903137207e-01 8.266524076461791992e-01
8.146759271621704102e-01 6.991969347000122070e-01 5.537892580032348633e-01 8.134711384773254395e-01 3.696631789207458496e-01 9.976939558982849121e-01 4.868263006210327148e-01 9.330439567565917969e-01 7.380793094635009766e-01 8.321951031684875488e-01
6.784887313842773438e-01 9.328015446662902832e-01 5.537892580032348633e-01 8.134711384773254395e-01 1.213485822081565857e-01 8.607740402221679688e-01 4.868263006210327148e-01 8.500250577926635742e-01 6.374364495277404785e-01 7.377787828445434570e-01
5.898406505584716797e-01 8.992859721183776855e-01 5.537892580032348633e-01 8.134711384773254395e-01 8.989961147308349609e-01 5.312588214874267578e-01 7.015075683593750000e-01 9.000976085662841797e-01 6.374364495277404785e-01 9.377999901771545410e-01
8.463453054428100586e-01 8.992859721183776855e-01 5.537892580032348633e-01 8.134711384773254395e-01 3.776861727237701416e-01 8.475219607353210449e-01 4.868263006210327148e-01 9.699586629867553711e-01 8.367603421211242676e-01 8.072859644889831543e-01
8.170974999666213989e-02 9.115681052207946777e-01 5.537892580032348633e-01 8.134711384773254395e-01 9.296875596046447754e-01 2.630394995212554932e-01 4.868263006210327148e-01 9.012181758880615234e-01 9.140472412109375000e-01 9.705355018377304077e-02
1.294851750135421753e-01 8.651091456413269043e-01 5.537892580032348633e-01 8.134711384773254395e-01 9.344282150268554688e-01 7.832563519477844238e-01 9.117838144302368164e-01 9.438233971595764160e-01 9.140472412109375000e-01 1.357722729444503784e-01
2.163497172296047211e-02 4.375171959400177002e-01 5.537892580032348633e-01 8.134711384773254395e-01 1.948298364877700806e-01 2.521352469921112061e-01 7.015075683593750000e-01 8.084422945976257324e-01 8.357965946197509766e-01 2.491833567619323730e-01
7.456144690513610840e-01 8.992859721183776855e-01 5.537892580032348633e-01 8.134711384773254395e-01 3.250394761562347412e-01 3.888078331947326660e-01 4.868263006210327148e-01 8.681411147117614746e-01 8.539316058158874512e-01 5.968857407569885254e-01
1.123113781213760376e-01 7.519218921661376953e-01 5.537892580032348633e-01 5.000000000000000000e-01 2.025241404771804810e-01 7.141042500734329224e-02 7.015075683593750000e-01 1.352360695600509644e-01 6.374364495277404785e-01 3.729895055294036865e-01
2.086195349693298340e-01 5.914806723594665527e-01 5.537892580032348633e-01 8.134711384773254395e-01 7.046836018562316895e-01 4.078341275453567505e-02 8.851960301399230957e-01 6.608318686485290527e-01 9.211301803588867188e-01 3.291496932506561279e-01
3.421669900417327881e-01 6.350554823875427246e-01 5.537892580032348633e-01 8.134711384773254395e-01 4.669635593891143799e-01 2.032851129770278931e-01 7.015075683593750000e-01 9.012181758880615234e-01 8.539316058158874512e-01 6.549552679061889648e-01
7.761717438697814941e-01 4.484758079051971436e-01 5.537892580032348633e-01 5.000000000000000000e-01 5.062935948371887207e-01 6.338768601417541504e-01 8.851960301399230957e-01 9.012181758880615234e-01 9.132003188133239746e-01 9.242358803749084473e-01
3.779409686103463173e-03 4.166129827499389648e-01 5.537892580032348633e-01 2.248718589544296265e-01 6.542037129402160645e-01 6.866511702537536621e-01 9.117838144302368164e-01 1.290155351161956787e-01 8.539316058158874512e-01 9.246322512626647949e-01
2.846378982067108154e-01 9.255437254905700684e-01 5.537892580032348633e-01 5.000000000000000000e-01 9.052851051092147827e-02 5.122389197349548340e-01 8.851960301399230957e-01 9.548878669738769531e-01 9.771197438240051270e-01 6.873418092727661133e-01
8.924747705459594727e-01 9.903085827827453613e-01 5.537892580032348633e-01 5.000000000000000000e-01 1.777160167694091797e-01 2.621997594833374023e-01 8.851960301399230957e-01 9.298862218856811523e-01 9.423989653587341309e-01 9.109910726547241211e-01
2.821842133998870850e-01 3.965807557106018066e-01 5.537892580032348633e-01 8.134711384773254395e-01 5.677443742752075195e-01 6.842445135116577148e-01 8.851960301399230957e-01 5.613558888435363770e-01 8.902187943458557129e-01 7.741552591323852539e-01
7.643860578536987305e-01 1.303163617849349976e-01 5.537892580032348633e-01 8.134711384773254395e-01 7.881921529769897461e-01 4.215552806854248047e-01 4.868263006210327148e-01 9.699586629867553711e-01 6.374364495277404785e-01 2.422614544630050659e-01
1.851617991924285889e-01 8.026171922683715820e-01 5.537892580032348633e-01 5.000000000000000000e-01 8.211304247379302979e-02 5.890220031142234802e-02 7.015075683593750000e-01 4.429647624492645264e-01 5.749662518501281738e-01 5.740761160850524902e-01
1.378679275512695312e-01 7.282361388206481934e-01 5.537892580032348633e-01 8.134711384773254395e-01 7.571837902069091797e-01 2.564707696437835693e-01 4.868263006210327148e-01 9.699586629867553711e-01 8.357965946197509766e-01 9.544667601585388184e-01
4.499700367450714111e-01 2.605784237384796143e-01 5.537892580032348633e-01 8.134711384773254395e-01 5.034932494163513184e-01 4.558370634913444519e-02 4.868263006210327148e-01 9.066169857978820801e-01 5.749662518501281738e-01 4.265044331550598145e-01
1.954325884580612183e-01 6.875126361846923828e-01 5.537892580032348633e-01 8.134711384773254395e-01 6.244621276855468750e-01 5.833377689123153687e-02 7.015075683593750000e-01 9.216354489326477051e-01 4.088914394378662109e-01 2.722483277320861816e-01
5.182271599769592285e-01 7.507350444793701172e-01 5.537892580032348633e-01 8.134711384773254395e-01 4.221874475479125977e-01 2.887443900108337402e-01 8.851960301399230957e-01 8.084422945976257324e-01 9.211301803588867188e-01 7.536999583244323730e-01
5.634847879409790039e-01 3.891274034976959229e-01 5.537892580032348633e-01 8.134711384773254395e-01 7.321942448616027832e-01 1.210036799311637878e-01 4.868263006210327148e-01 9.372485876083374023e-01 5.749662518501281738e-01 6.107466295361518860e-02
3.567378520965576172e-01 5.964626073837280273e-01 5.537892580032348633e-01 8.134711384773254395e-01 2.073199152946472168e-01 4.797573983669281006e-01 4.868263006210327148e-01 5.874124169349670410e-01 8.209548592567443848e-01 2.521079778671264648e-01
7.996901869773864746e-01 8.783681392669677734e-01 5.537892580032348633e-01 5.000000000000000000e-01 2.314767427742481232e-02 6.481881737709045410e-01 7.015075683593750000e-01 9.298862218856811523e-01 7.159625291824340820e-01 5.443180799484252930e-01
5.708191394805908203e-01 4.703310430049896240e-01 5.537892580032348633e-01 5.000000000000000000e-01 6.711509823799133301e-01 1.372799929231405258e-02 7.015075683593750000e-01 9.470305442810058594e-01 7.159625291824340820e-01 4.272568523883819580e-01
1.013652756810188293e-01 9.379563331604003906e-01 5.537892580032348633e-01 8.134711384773254395e-01 4.987256824970245361e-01 7.665771842002868652e-01 4.868263006210327148e-01 9.834598898887634277e-01 7.159625291824340820e-01 2.441414445638656616e-01
7.112261652946472168e-01 3.723029792308807373e-01 5.537892580032348633e-01 8.134711384773254395e-01 7.832155227661132812e-01 1.105128973722457886e-02 7.015075683593750000e-01 9.357059001922607422e-01 4.746938943862915039e-01 2.101991027593612671e-01
4.979897737503051758e-01 9.062162041664123535e-01 5.537892580032348633e-01 8.134711384773254395e-01 9.078587889671325684e-01 6.216584444046020508e-01 4.868263006210327148e-01 7.130194306373596191e-01 9.438392519950866699e-01 2.322641462087631226e-01
5.698087215423583984e-01 2.466216981410980225e-01 5.537892580032348633e-01 8.134711384773254395e-01 5.359531641006469727e-01 7.520229369401931763e-02 7.015075683593750000e-01 8.347631692886352539e-01 8.478304147720336914e-01 7.747330516576766968e-02
8.979249596595764160e-01 5.992280840873718262e-01 5.537892580032348633e-01 8.134711384773254395e-01 9.471008777618408203e-01 1.380549464374780655e-02 7.015075683593750000e-01 8.614860177040100098e-01 9.281718134880065918e-01 4.408361017704010010e-02
6.303129792213439941e-01 6.192463040351867676e-01 5.537892580032348633e-01 8.134711384773254395e-01 5.778324007987976074e-01 1.753622889518737793e-01 7.015075683593750000e-01 7.995161414146423340e-01 6.790656447410583496e-01 4.105137884616851807e-01
8.091921210289001465e-01 7.857126593589782715e-01 5.537892580032348633e-01 5.000000000000000000e-01 3.475499153137207031e-01 1.139873489737510681e-01 4.868263006210327148e-01 9.470305442810058594e-01 3.520583212375640869e-01 2.603636980056762695e-01
6.347034573554992676e-01 9.067547917366027832e-01 5.537892580032348633e-01 8.134711384773254395e-01 8.815561532974243164e-01 2.581446766853332520e-01 4.868263006210327148e-01 8.175155520439147949e-01 6.790656447410583496e-01 5.398179292678833008e-01
8.561514019966125488e-01 7.798370122909545898e-01 5.537892580032348633e-01 8.134711384773254395e-01 8.405238389968872070e-01 1.065038591623306274e-01 4.868263006210327148e-01 6.302122473716735840e-01 5.377213358879089355e-01 5.082111358642578125e-01
8.783889412879943848e-01 8.883377313613891602e-01 5.537892580032348633e-01 8.134711384773254395e-01 8.643061518669128418e-01 6.648075580596923828e-01 4.868263006210327148e-01 9.438233971595764160e-01 6.790656447410583496e-01 4.421624243259429932e-01
8.085876107215881348e-01 9.349355101585388184e-01 5.537892580032348633e-01 8.134711384773254395e-01 8.542957305908203125e-01 8.781175613403320312e-01 4.868263006210327148e-01 9.298862218856811523e-01 8.539316058158874512e-01 4.678423404693603516e-01
9.768289923667907715e-01 9.809211492538452148e-01 5.537892580032348633e-01 8.134711384773254395e-01 9.672391414642333984e-01 5.386858582496643066e-01 7.015075683593750000e-01 9.834598898887634277e-01 8.766012191772460938e-01 6.537223458290100098e-01
7.501059174537658691e-01 9.705200791358947754e-01 5.537892580032348633e-01 8.134711384773254395e-01 9.499440193176269531e-01 5.710650682449340820e-01 9.117838144302368164e-01 2.521122395992279053e-01 8.766012191772460938e-01 2.302238196134567261e-01
8.151851892471313477e-01 7.143269181251525879e-01 5.537892580032348633e-01 5.000000000000000000e-01 6.041188240051269531e-01 1.995259076356887817e-01 5.442507266998291016e-01 5.592823624610900879e-01 8.432466387748718262e-01 3.895363211631774902e-01
9.080346226692199707e-01 9.450704455375671387e-01 5.537892580032348633e-01 8.134711384773254395e-01 9.899410605430603027e-01 7.916015386581420898e-01 9.098704457283020020e-01 9.470305442810058594e-01 8.539316058158874512e-01 9.456247687339782715e-01
6.179232001304626465e-01 1.198758780956268311e-01 5.537892580032348633e-01 8.134711384773254395e-01 9.494552612304687500e-01 5.845534801483154297e-01 5.442507266998291016e-01 8.347631692886352539e-01 8.539316058158874512e-01 7.721541523933410645e-01
5.845911502838134766e-01 1.773437112569808960e-01 5.537892580032348633e-01 8.134711384773254395e-01 9.451211690902709961e-01 8.999839425086975098e-01 9.098704457283020020e-01 7.328565716743469238e-01 8.539316058158874512e-01 8.256767988204956055e-01
5.262231230735778809e-01 7.936351895332336426e-01 5.537892580032348633e-01 5.000000000000000000e-01 9.654150009155273438e-01 7.189065814018249512e-01 9.098704457283020020e-01 4.073705077171325684e-01 7.131152749061584473e-01 3.828884363174438477e-01
4.972134828567504883e-01 2.620950937271118164e-01 5.537892580032348633e-01 8.134711384773254395e-01 6.681731939315795898e-01 8.259013891220092773e-01 5.442507266998291016e-01 6.881431341171264648e-01 8.539316058158874512e-01 7.679601311683654785e-01
5.956784486770629883e-01 1.564597636461257935e-01 5.537892580032348633e-01 8.134711384773254395e-01 9.632353782653808594e-01 7.103165388107299805e-01 9.098704457283020020e-01 7.328565716743469238e-01 7.131152749061584473e-01 6.884643435478210449e-01
3.761621713638305664e-01 6.296160817146301270e-02 5.537892580032348633e-01 8.134711384773254395e-01 7.034950852394104004e-01 4.486025869846343994e-01 5.442507266998291016e-01 3.981828093528747559e-01 7.131152749061584473e-01 6.645591259002685547e-01
2.625074684619903564e-01 1.049374267458915710e-01 5.537892580032348633e-01 8.134711384773254395e-01 9.227809906005859375e-01 5.406817793846130371e-01 9.098704457283020020e-01 9.699586629867553711e-01 4.055218100547790527e-01 3.759036064147949219e-01
9.855023622512817383e-01 8.228591680526733398e-01 5.537892580032348633e-01 8.134711384773254395e-01 9.856168627738952637e-01 8.362457156181335449e-01 9.098704457283020020e-01 9.240204691886901855e-01 9.673735499382019043e-01 6.075343489646911621e-01
3.625734448432922363e-01 6.296160817146301270e-02 5.537892580032348633e-01 8.134711384773254395e-01 8.407715559005737305e-01 3.296907842159271240e-01 5.442507266998291016e-01 7.292893528938293457e-01 8.766012191772460938e-01 3.947422802448272705e-01
8.310546875000000000e-01 4.534898400306701660e-01 5.537892580032348633e-01 8.134711384773254395e-01 6.507614254951477051e-01 8.539087176322937012e-01 5.442507266998291016e-01 9.330439567565917969e-01 1.094866320490837097e-01 9.223881959915161133e-01
5.753949284553527832e-01 4.950709044933319092e-01 5.537892580032348633e-01 5.000000000000000000e-01 6.110793948173522949e-01 9.803071618080139160e-01 5.442507266998291016e-01 9.834598898887634277e-01 9.132003188133239746e-01 9.021455645561218262e-01
5.597107410430908203e-01 9.115681052207946777e-01 5.537892580032348633e-01 8.134711384773254395e-01 8.841642141342163086e-01 8.516764044761657715e-01 5.442507266998291016e-01 9.834598898887634277e-01 9.606308341026306152e-01 8.321645259857177734e-01
5.299308896064758301e-01 7.988464832305908203e-01 5.537892580032348633e-01 8.134711384773254395e-01 9.414124488830566406e-01 2.734968960285186768e-01 9.098704457283020020e-01 8.084422945976257324e-01 7.159625291824340820e-01 7.058115005493164062e-01
8.091462850570678711e-01 6.828917264938354492e-01 5.537892580032348633e-01 8.134711384773254395e-01 6.846093535423278809e-01 9.077935814857482910e-01 9.098704457283020020e-01 7.715498805046081543e-01 9.606308341026306152e-01 8.818775415420532227e-01
3.860250413417816162e-01 9.412534832954406738e-01 5.537892580032348633e-01 8.134711384773254395e-01 9.856168627738952637e-01 9.498549699783325195e-01 9.098704457283020020e-01 7.130194306373596191e-01 7.159625291824340820e-01 9.890899062156677246e-01
5.010430216789245605e-01 9.819789528846740723e-01 5.537892580032348633e-01 8.134711384773254395e-01 4.445356428623199463e-01 8.959827423095703125e-01 9.117838144302368164e-01 9.699586629867553711e-01 9.132003188133239746e-01 7.616416215896606445e-01
9.187386035919189453e-01 8.883377313613891602e-01 5.537892580032348633e-01 8.134711384773254395e-01 6.003652215003967285e-01 8.885944485664367676e-01 9.117838144302368164e-01 9.758716225624084473e-01 9.325717687606811523e-01 1.997960060834884644e-01
5.842599272727966309e-01 8.118755817413330078e-01 5.537892580032348633e-01 8.134711384773254395e-01 8.822110891342163086e-01 3.965059220790863037e-01 9.117838144302368164e-01 9.012181758880615234e-01 8.209548592567443848e-01 3.741677105426788330e-01
4.728367924690246582e-01 6.586851477622985840e-01 5.537892580032348633e-01 8.134711384773254395e-01 8.712299466133117676e-01 9.757295250892639160e-01 9.117838144302368164e-01 9.699586629867553711e-01 9.140472412109375000e-01 9.782038927078247070e-01
8.291580677032470703e-01 7.423315644264221191e-01 5.537892580032348633e-01 8.134711384773254395e-01 9.523906111717224121e-01 8.998929858207702637e-01 9.117838144302368164e-01 9.606273174285888672e-01 8.157374262809753418e-01 1.192695051431655884e-01
8.535506725311279297e-01 7.356666326522827148e-01 5.537892580032348633e-01 8.134711384773254395e-01 7.573724985122680664e-01 7.553545832633972168e-01 9.117838144302368164e-01 9.012181758880615234e-01 9.325717687606811523e-01 5.768783688545227051e-01
9.708232283592224121e-01 7.356666326522827148e-01 5.537892580032348633e-01 8.134711384773254395e-01 1.184342801570892334e-01 9.837203025817871094e-01 9.117838144302368164e-01 6.930249333381652832e-01 9.325717687606811523e-01 7.636190056800842285e-01
9.107854366302490234e-01 7.356666326522827148e-01 5.537892580032348633e-01 8.134711384773254395e-01 9.762559533119201660e-01 8.940185308456420898e-01 9.117838144302368164e-01 9.298862218856811523e-01 9.281718134880065918e-01 2.225479334592819214e-01
