4.587260782718658447e-01 8.028414249420166016e-01 5.204616785049438477e-01 9.189966917037963867e-01 8.028414249420166016e-01 8.028414249420166016e-01 4.304877221584320068e-01 5.116321444511413574e-01 7.526062726974487305e-01 7.025389671325683594e-01
3.403672575950622559e-01 5.516734719276428223e-01 2.142292074859142303e-02 5.716527700424194336e-01 6.363937258720397949e-01 3.648371994495391846e-01 4.304877221584320068e-01 5.116321444511413574e-01 3.691470623016357422e-01 4.943764209747314453e-01
8.020433187484741211e-01 8.028414249420166016e-01 3.564338088035583496e-01 9.189966917037963867e-01 8.028414249420166016e-01 8.028414249420166016e-01 4.304877221584320068e-01 5.116321444511413574e-01 7.526062726974487305e-01 8.159562349319458008e-01
8.020433187484741211e-01 8.028414249420166016e-01 9.104486703872680664e-01 9.189966917037963867e-01 8.028414249420166016e-01 8.028414249420166016e-01 4.304877221584320068e-01 8.072733283042907715e-01 7.526062726974487305e-01 8.159562349319458008e-01
8.020433187484741211e-01 8.028414249420166016e-01 8.830292820930480957e-01 9.189966917037963867e-01 8.028414249420166016e-01 8.028414249420166016e-01 6.462804079055786133e-01 8.072733283042907715e-01 7.526062726974487305e-01 8.159562349319458008e-01
8.020433187484741211e-01 8.028414249420166016e-01 6.753712296485900879e-01 9.189966917037963867e-01 8.028414249420166016e-01 8.028414249420166016e-01 6.462804079055786133e-01 8.072733283042907715e-01 7.526062726974487305e-01 8.159562349319458008e-01
8.020433187484741211e-01 8.028414249420166016e-01 9.104486703872680664e-01 9.189966917037963867e-01 8.028414249420166016e-01 8.028414249420166016e-01 6.462804079055786133e-01 8.072733283042907715e-01 7.526062726974487305e-01 8.159562349319458008e-01
8.020433187484741211e-01 8.028414249420166016e-01 9.124763607978820801e-01 9.189966917037963867e-01 8.028414249420166016e-01 8.028414249420166016e-01 4.304877221584320068e-01 5.116321444511413574e-01 7.526062726974487305e-01 7.025389671325683594e-01
4.587260782718658447e-01 8.028414249420166016e-01 7.738010287284851074e-01 9.189966917037963867e-01 8.028414249420166016e-01 8.028414249420166016e-01 4.304877221584320068e-01 5.116321444511413574e-01 3.691470623016357422e-01 4.373256266117095947e-01
9.741833806037902832e-02 5.516734719276428223e-01 3.317230045795440674e-01 5.716527700424194336e-01 6.363937258720397949e-01 3.648371994495391846e-01 4.304877221584320068e-01 5.116321444511413574e-01 3.691470623016357422e-01 4.943764209747314453e-01
9.741833806037902832e-02 5.516734719276428223e-01 1.484195590019226074e-01 5.716527700424194336e-01 6.363937258720397949e-01 3.648371994495391846e-01 4.304877221584320068e-01 5.116321444511413574e-01 3.691470623016357422e-01 2.434355467557907104e-01
4.587260782718658447e-01 8.028414249420166016e-01 5.456850528717041016e-01 9.189966917037963867e-01 8.028414249420166016e-01 8.028414249420166016e-01 4.304877221584320068e-01 5.116321444511413574e-01 7.526062726974487305e-01 4.943764209747314453e-01
1.595439463853836060e-01 5.516734719276428223e-01 1.268169730901718140e-01 5.716527700424194336e-01 6.363937258720397949e-01 3.648371994495391846e-01 4.304877221584320068e-01 5.116321444511413574e-01 3.691470623016357422e-01 2.434355467557907104e-01
1.595439463853836060e-01 5.516734719276428223e-01 5.869075283408164978e-02 5.716527700424194336e-01 6.363937258720397949e-01 3.648371994495391846e-01 6.424095034599304199e-01 5.116321444511413574e-01 3.691470623016357422e-01 2.434355467557907104e-01
1.595439463853836060e-01 5.516734719276428223e-01 2.142292074859142303e-02 5.716527700424194336e-01 6.363937258720397949e-01 3.648371994495391846e-01 6.424095034599304199e-01 5.116321444511413574e-01 3.691470623016357422e-01 2.434355467557907104e-01
1.595439463853836060e-01 5.516734719276428223e-01 5.521751567721366882e-02 5.716527700424194336e-01 6.363937258720397949e-01 3.648371994495391846e-01 6.424095034599304199e-01 8.072733283042907715e-01 3.691470623016357422e-01 2.434355467557907104e-01
1.595439463853836060e-01 5.516734719276428223e-01 6.040095165371894836e-02 5.716527700424194336e-01 6.363937258720397949e-01 3.648371994495391846e-01 6.424095034599304199e-01 8.072733283042907715e-01 7.526062726974487305e-01 4.943764209747314453e-01
5.984827876091003418e-01 8.028414249420166016e-01 3.070076406002044678e-01 9.189966917037963867e-01 8.028414249420166016e-01 8.028414249420166016e-01 6.424095034599304199e-01 8.072733283042907715e-01 7.526062726974487305e-01 7.025389671325683594e-01
4.757594764232635498e-01 5.516734719276428223e-01 9.198981523513793945e-02 5.716527700424194336e-01 6.363937258720397949e-01 3.648371994495391846e-01 6.424095034599304199e-01 8.072733283042907715e-01 7.526062726974487305e-01 4.943764209747314453e-01
8.769364953041076660e-01 8.028414249420166016e-01 5.744931101799011230e-01 9.189966917037963867e-01 8.028414249420166016e-01 8.028414249420166016e-01 6.424095034599304199e-01 8.072733283042907715e-01 7.526062726974487305e-01 7.025389671325683594e-01
8.769364953041076660e-01 8.028414249420166016e-01 7.322834134101867676e-01 9.189966917037963867e-01 8.028414249420166016e-01 8.028414249420166016e-01 6.424095034599304199e-01 8.072733283042907715e-01 7.526062726974487305e-01 7.025389671325683594e-01
8.769364953041076660e-01 8.028414249420166016e-01 4.111348986625671387e-01 9.189966917037963867e-01 8.028414249420166016e-01 8.028414249420166016e-01 6.424095034599304199e-01 8.072733283042907715e-01 3.691470623016357422e-01 7.025389671325683594e-01
8.769364953041076660e-01 8.028414249420166016e-01 5.744931101799011230e-01 9.189966917037963867e-01 8.028414249420166016e-01 8.028414249420166016e-01 6.424095034599304199e-01 8.072733283042907715e-01 3.691470623016357422e-01 7.025389671325683594e-01
8.769364953041076660e-01 8.028414249420166016e-01 8.163935542106628418e-01 9.189966917037963867e-01 8.028414249420166016e-01 8.028414249420166016e-01 6.424095034599304199e-01 8.072733283042907715e-01 7.526062726974487305e-01 7.025389671325683594e-01
8.769364953041076660e-01 8.028414249420166016e-01 8.163935542106628418e-01 9.189966917037963867e-01 8.028414249420166016e-01 8.028414249420166016e-01 6.424095034599304199e-01 8.072733283042907715e-01 7.526062726974487305e-01 7.025389671325683594e-01
8.769364953041076660e-01 8.028414249420166016e-01 8.163935542106628418e-01 9.189966917037963867e-01 8.028414249420166016e-01 8.028414249420166016e-01 6.424095034599304199e-01 8.072733283042907715e-01 7.526062726974487305e-01 8.159562349319458008e-01
8.769364953041076660e-01 8.028414249420166016e-01 8.163935542106628418e-01 9.189966917037963867e-01 8.028414249420166016e-01 8.028414249420166016e-01 6.424095034599304199e-01 8.072733283042907715e-01 7.526062726974487305e-01 8.159562349319458008e-01
8.769364953041076660e-01 8.028414249420166016e-01 8.163935542106628418e-01 9.189966917037963867e-01 8.028414249420166016e-01 8.028414249420166016e-01 8.128183484077453613e-01 8.072733283042907715e-01 7.526062726974487305e-01 8.159562349319458008e-01
8.769364953041076660e-01 8.028414249420166016e-01 9.268140792846679688e-01 9.189966917037963867e-01 8.028414249420166016e-01 8.028414249420166016e-01 6.424095034599304199e-01 8.072733283042907715e-01 7.526062726974487305e-01 8.159562349319458008e-01
8.769364953041076660e-01 8.028414249420166016e-01 8.011351227760314941e-01 9.189966917037963867e-01 8.028414249420166016e-01 8.028414249420166016e-01 6.424095034599304199e-01 8.072733283042907715e-01 7.526062726974487305e-01 7.025389671325683594e-01
8.769364953041076660e-01 8.028414249420166016e-01 8.466964960098266602e-01 9.189966917037963867e-01 8.028414249420166016e-01 8.028414249420166016e-01 6.424095034599304199e-01 8.072733283042907715e-01 7.526062726974487305e-01 8.159562349319458008e-01
8.769364953041076660e-01 8.028414249420166016e-01 9.341439604759216309e-01 9.189966917037963867e-01 8.028414249420166016e-01 8.028414249420166016e-01 8.128183484077453613e-01 8.072733283042907715e-01 7.526062726974487305e-01 8.159562349319458008e-01
8.769364953041076660e-01 8.028414249420166016e-01 9.268140792846679688e-01 9.189966917037963867e-01 8.028414249420166016e-01 8.028414249420166016e-01 8.128183484077453613e-01 8.072733283042907715e-01 7.526062726974487305e-01 8.159562349319458008e-01
8.769364953041076660e-01 8.028414249420166016e-01 8.466964960098266602e-01 9.189966917037963867e-01 8.028414249420166016e-01 8.028414249420166016e-01 8.128183484077453613e-01 8.072733283042907715e-01 7.526062726974487305e-01 8.159562349319458008e-01
8.769364953041076660e-01 8.028414249420166016e-01 9.268140792846679688e-01 9.189966917037963867e-01 8.028414249420166016e-01 8.028414249420166016e-01 6.424095034599304199e-01 8.072733283042907715e-01 7.526062726974487305e-01 8.159562349319458008e-01
8.769364953041076660e-01 8.028414249420166016e-01 9.268140792846679688e-01 9.189966917037963867e-01 8.028414249420166016e-01 8.028414249420166016e-01 8.128183484077453613e-01 8.072733283042907715e-01 7.526062726974487305e-01 9.361931681632995605e-01
8.769364953041076660e-01 8.028414249420166016e-01 8.466964960098266602e-01 9.189966917037963867e-01 8.028414249420166016e-01 8.028414249420166016e-01 8.128183484077453613e-01 8.072733283042907715e-01 7.526062726974487305e-01 9.361931681632995605e-01
8.769364953041076660e-01 8.028414249420166016e-01 9.341439604759216309e-01 9.189966917037963867e-01 8.028414249420166016e-01 8.028414249420166016e-01 8.128183484077453613e-01 8.072733283042907715e-01 7.526062726974487305e-01 6.670221686363220215e-01
8.769364953041076660e-01 8.028414249420166016e-01 6.055763959884643555e-01 9.189966917037963867e-01 8.028414249420166016e-01 8.028414249420166016e-01 6.462804079055786133e-01 8.072733283042907715e-01 7.526062726974487305e-01 7.999328374862670898e-01
8.020433187484741211e-01 8.028414249420166016e-01 6.055763959884643555e-01 9.189966917037963867e-01 8.028414249420166016e-01 8.028414249420166016e-01 6.462804079055786133e-01 8.072733283042907715e-01 7.526062726974487305e-01 9.165759682655334473e-01
8.020433187484741211e-01 8.028414249420166016e-01 8.889666795730590820e-01 9.189966917037963867e-01 8.028414249420166016e-01 8.028414249420166016e-01 9.328138828277587891e-01 8.072733283042907715e-01 7.526062726974487305e-01 9.732336997985839844e-01
9.255974292755126953e-01 8.028414249420166016e-01 9.643002748489379883e-01 9.189966917037963867e-01 8.028414249420166016e-01 8.028414249420166016e-01 9.328138828277587891e-01 8.072733283042907715e-01 7.526062726974487305e-01 9.732336997985839844e-01
9.255974292755126953e-01 8.028414249420166016e-01 6.869266629219055176e-01 9.189966917037963867e-01 8.028414249420166016e-01 8.028414249420166016e-01 6.462804079055786133e-01 8.072733283042907715e-01 7.526062726974487305e-01 9.732336997985839844e-01
8.572810888290405273e-01 8.028414249420166016e-01 6.174988150596618652e-01 8.188380599021911621e-01 8.028414249420166016e-01 8.028414249420166016e-01 6.462804079055786133e-01 8.072733283042907715e-01 7.526062726974487305e-01 9.427939057350158691e-01
9.694561362266540527e-01 8.028414249420166016e-01 6.174988150596618652e-01 9.462390542030334473e-01 8.028414249420166016e-01 8.028414249420166016e-01 6.462804079055786133e-01 8.072733283042907715e-01 7.526062726974487305e-01 9.233343601226806641e-01
9.694561362266540527e-01 8.028414249420166016e-01 7.291240096092224121e-01 9.462390542030334473e-01 8.028414249420166016e-01 8.028414249420166016e-01 6.462804079055786133e-01 8.072733283042907715e-01 7.526062726974487305e-01 9.427939057350158691e-01
8.572810888290405273e-01 8.028414249420166016e-01 9.609372019767761230e-01 8.188380599021911621e-01 8.028414249420166016e-01 8.028414249420166016e-01 9.328138828277587891e-01 8.072733283042907715e-01 7.526062726974487305e-01 9.427939057350158691e-01
9.694561362266540527e-01 8.028414249420166016e-01 9.180528521537780762e-01 8.188380599021911621e-01 8.028414249420166016e-01 8.028414249420166016e-01 8.878485560417175293e-01 8.072733283042907715e-01 7.526062726974487305e-01 9.303351640701293945e-01
8.572810888290405273e-01 8.028414249420166016e-01 9.180528521537780762e-01 8.188380599021911621e-01 8.028414249420166016e-01 8.028414249420166016e-01 8.878485560417175293e-01 8.072733283042907715e-01 7.526062726974487305e-01 9.303351640701293945e-01
9.694561362266540527e-01 8.028414249420166016e-01 9.180528521537780762e-01 9.462390542030334473e-01 8.028414249420166016e-01 8.028414249420166016e-01 8.878485560417175293e-01 8.072733283042907715e-01 7.526062726974487305e-01 9.733155965805053711e-01
9.694561362266540527e-01 8.028414249420166016e-01 9.616559743881225586e-01 8.188380599021911621e-01 8.028414249420166016e-01 8.028414249420166016e-01 8.878485560417175293e-01 8.072733283042907715e-01 7.526062726974487305e-01 9.303351640701293945e-01
9.694561362266540527e-01 8.028414249420166016e-01 9.716370701789855957e-01 8.188380599021911621e-01 8.028414249420166016e-01 8.028414249420166016e-01 8.878485560417175293e-01 8.072733283042907715e-01 7.526062726974487305e-01 9.303351640701293945e-01
8.135179281234741211e-01 8.028414249420166016e-01 9.716370701789855957e-01 8.188380599021911621e-01 8.028414249420166016e-01 8.028414249420166016e-01 8.878485560417175293e-01 8.072733283042907715e-01 7.526062726974487305e-01 9.303351640701293945e-01
8.755477666854858398e-01 8.028414249420166016e-01 9.657875895500183105e-01 8.188380599021911621e-01 8.028414249420166016e-01 8.028414249420166016e-01 8.878485560417175293e-01 8.072733283042907715e-01 7.526062726974487305e-01 9.303351640701293945e-01
8.135179281234741211e-01 8.028414249420166016e-01 9.657875895500183105e-01 8.188380599021911621e-01 8.028414249420166016e-01 8.028414249420166016e-01 8.878485560417175293e-01 8.072733283042907715e-01 7.526062726974487305e-01 9.303351640701293945e-01
8.755477666854858398e-01 8.028414249420166016e-01 9.716370701789855957e-01 8.188380599021911621e-01 8.028414249420166016e-01 8.028414249420166016e-01 8.878485560417175293e-01 8.072733283042907715e-01 7.526062726974487305e-01 9.303351640701293945e-01
8.755477666854858398e-01 8.028414249420166016e-01 9.657875895500183105e-01 8.188380599021911621e-01 8.028414249420166016e-01 8.028414249420166016e-01 8.878485560417175293e-01 8.072733283042907715e-01 7.526062726974487305e-01 9.303351640701293945e-01
8.135179281234741211e-01 8.028414249420166016e-01 9.248765110969543457e-01 8.188380599021911621e-01 8.028414249420166016e-01 8.028414249420166016e-01 8.878485560417175293e-01 8.072733283042907715e-01 7.526062726974487305e-01 9.303351640701293945e-01
8.135179281234741211e-01 8.028414249420166016e-01 9.712160825729370117e-01 8.188380599021911621e-01 8.028414249420166016e-01 8.028414249420166016e-01 7.660894393920898438e-01 8.072733283042907715e-01 7.526062726974487305e-01 8.767578601837158203e-01
8.135179281234741211e-01 8.028414249420166016e-01 7.740830779075622559e-01 8.188380599021911621e-01 8.028414249420166016e-01 8.028414249420166016e-01 7.660894393920898438e-01 8.072733283042907715e-01 7.526062726974487305e-01 8.767578601837158203e-01
8.135179281234741211e-01 8.028414249420166016e-01 9.684311747550964355e-01 8.188380599021911621e-01 8.028414249420166016e-01 8.028414249420166016e-01 7.660894393920898438e-01 8.072733283042907715e-01 7.526062726974487305e-01 8.767578601837158203e-01
8.135179281234741211e-01 8.028414249420166016e-01 9.221615195274353027e-01 8.188380599021911621e-01 8.028414249420166016e-01 8.028414249420166016e-01 7.660894393920898438e-01 8.072733283042907715e-01 7.526062726974487305e-01 9.303351640701293945e-01
8.135179281234741211e-01 8.028414249420166016e-01 7.903005480766296387e-01 8.188380599021911621e-01 8.028414249420166016e-01 8.028414249420166016e-01 8.878485560417175293e-01 8.072733283042907715e-01 7.526062726974487305e-01 9.303351640701293945e-01
8.135179281234741211e-01 8.028414249420166016e-01 6.825804710388183594e-01 8.188380599021911621e-01 8.028414249420166016e-01 8.028414249420166016e-01 4.304877221584320068e-01 8.072733283042907715e-01 7.526062726974487305e-01 7.798679471015930176e-01
4.771274626255035400e-01 8.028414249420166016e-01 6.825804710388183594e-01 8.188380599021911621e-01 8.028414249420166016e-01 8.028414249420166016e-01 4.304877221584320068e-01 8.072733283042907715e-01 7.526062726974487305e-01 5.731589198112487793e-01
9.465951323509216309e-01 8.028414249420166016e-01 6.098310351371765137e-01 9.189966917037963867e-01 8.028414249420166016e-01 8.028414249420166016e-01 4.304877221584320068e-01 8.072733283042907715e-01 7.526062726974487305e-01 9.158545732498168945e-01
9.465951323509216309e-01 8.028414249420166016e-01 6.098310351371765137e-01 9.189966917037963867e-01 8.028414249420166016e-01 8.028414249420166016e-01 4.304877221584320068e-01 8.072733283042907715e-01 7.526062726974487305e-01 9.158545732498168945e-01
9.465951323509216309e-01 8.028414249420166016e-01 7.599915862083435059e-01 9.189966917037963867e-01 8.028414249420166016e-01 8.028414249420166016e-01 6.462804079055786133e-01 8.072733283042907715e-01 7.526062726974487305e-01 9.158545732498168945e-01
9.893113970756530762e-01 8.028414249420166016e-01 5.800077319145202637e-01 9.189966917037963867e-01 8.028414249420166016e-01 8.028414249420166016e-01 6.462804079055786133e-01 8.072733283042907715e-01 7.526062726974487305e-01 9.158545732498168945e-01
9.893113970756530762e-01 8.028414249420166016e-01 7.972919344902038574e-01 9.189966917037963867e-01 8.028414249420166016e-01 8.028414249420166016e-01 6.462804079055786133e-01 8.072733283042907715e-01 7.526062726974487305e-01 9.562485218048095703e-01
7.875773310661315918e-01 8.028414249420166016e-01 9.001849889755249023e-01 9.189966917037963867e-01 8.028414249420166016e-01 8.028414249420166016e-01 4.304877221584320068e-01 8.072733283042907715e-01 7.526062726974487305e-01 9.209062457084655762e-01
9.465951323509216309e-01 8.028414249420166016e-01 7.599915862083435059e-01 9.189966917037963867e-01 8.028414249420166016e-01 8.028414249420166016e-01 4.304877221584320068e-01 8.072733283042907715e-01 7.526062726974487305e-01 9.562485218048095703e-01
9.465951323509216309e-01 8.028414249420166016e-01 7.599915862083435059e-01 9.189966917037963867e-01 8.028414249420166016e-01 8.028414249420166016e-01 4.304877221584320068e-01 8.072733283042907715e-01 7.526062726974487305e-01 9.562485218048095703e-01
9.893113970756530762e-01 8.028414249420166016e-01 6.969477534294128418e-01 9.189966917037963867e-01 8.028414249420166016e-01 8.028414249420166016e-01 6.462804079055786133e-01 8.072733283042907715e-01 7.526062726974487305e-01 9.671735763549804688e-01
9.893113970756530762e-01 8.028414249420166016e-01 9.637243747711181641e-01 9.189966917037963867e-01 8.028414249420166016e-01 8.028414249420166016e-01 6.462804079055786133e-01 8.072733283042907715e-01 7.526062726974487305e-01 9.671735763549804688e-01
9.979594945907592773e-01 8.028414249420166016e-01 9.637243747711181641e-01 9.189966917037963867e-01 8.028414249420166016e-01 8.028414249420166016e-01 6.462804079055786133e-01 8.072733283042907715e-01 7.526062726974487305e-01 9.562485218048095703e-01
9.979594945907592773e-01 8.028414249420166016e-01 9.789738655090332031e-01 9.778656959533691406e-01 8.028414249420166016e-01 8.028414249420166016e-01 8.878485560417175293e-01 8.072733283042907715e-01 7.526062726974487305e-01 9.562485218048095703e-01
9.979594945907592773e-01 8.028414249420166016e-01 9.789738655090332031e-01 9.778656959533691406e-01 8.028414249420166016e-01 8.028414249420166016e-01 8.878485560417175293e-01 8.072733283042907715e-01 7.526062726974487305e-01 9.562485218048095703e-01
9.979594945907592773e-01 8.028414249420166016e-01 9.789738655090332031e-01 9.778656959533691406e-01 8.028414249420166016e-01 8.028414249420166016e-01 8.878485560417175293e-01 8.072733283042907715e-01 7.526062726974487305e-01 9.562485218048095703e-01
9.979594945907592773e-01 8.028414249420166016e-01 9.714990854263305664e-01 9.778656959533691406e-01 8.028414249420166016e-01 8.028414249420166016e-01 8.878485560417175293e-01 8.072733283042907715e-01 7.526062726974487305e-01 9.775907993316650391e-01
9.893113970756530762e-01 8.028414249420166016e-01 9.839707016944885254e-01 9.189966917037963867e-01 8.028414249420166016e-01 8.028414249420166016e-01 8.878485560417175293e-01 8.072733283042907715e-01 7.526062726974487305e-01 9.835245609283447266e-01
9.893113970756530762e-01 8.028414249420166016e-01 9.789738655090332031e-01 9.189966917037963867e-01 8.028414249420166016e-01 8.028414249420166016e-01 8.878485560417175293e-01 8.072733283042907715e-01 7.526062726974487305e-01 9.562485218048095703e-01
9.933451414108276367e-01 8.028414249420166016e-01 9.882142543792724609e-01 9.189966917037963867e-01 8.028414249420166016e-01 8.028414249420166016e-01 8.878485560417175293e-01 8.072733283042907715e-01 7.526062726974487305e-01 9.562485218048095703e-01
9.465951323509216309e-01 8.028414249420166016e-01 9.943733215332031250e-01 9.189966917037963867e-01 8.028414249420166016e-01 8.028414249420166016e-01 8.878485560417175293e-01 8.072733283042907715e-01 7.526062726974487305e-01 9.562485218048095703e-01
9.465951323509216309e-01 8.028414249420166016e-01 9.691514968872070312e-01 9.189966917037963867e-01 8.028414249420166016e-01 8.028414249420166016e-01 7.660894393920898438e-01 8.072733283042907715e-01 7.526062726974487305e-01 9.209062457084655762e-01
9.465951323509216309e-01 8.028414249420166016e-01 9.115718603134155273e-01 9.189966917037963867e-01 8.028414249420166016e-01 8.028414249420166016e-01 7.660894393920898438e-01 8.072733283042907715e-01 7.526062726974487305e-01 8.529014587402343750e-01
8.953796625137329102e-01 8.028414249420166016e-01 2.050075232982635498e-01 8.188380599021911621e-01 8.028414249420166016e-01 8.028414249420166016e-01 7.660894393920898438e-01 5.116321444511413574e-01 7.526062726974487305e-01 6.673358082771301270e-01
8.953796625137329102e-01 8.028414249420166016e-01 2.050075232982635498e-01 8.188380599021911621e-01 8.028414249420166016e-01 8.028414249420166016e-01 7.660894393920898438e-01 5.116321444511413574e-01 7.526062726974487305e-01 4.536947906017303467e-01
8.953796625137329102e-01 8.028414249420166016e-01 2.953128218650817871e-01 8.188380599021911621e-01 8.028414249420166016e-01 8.028414249420166016e-01 4.304877221584320068e-01 5.116321444511413574e-01 3.691470623016357422e-01 6.673358082771301270e-01
5.215210318565368652e-01 5.516734719276428223e-01 1.763761043548583984e-01 3.471252024173736572e-01 6.363937258720397949e-01 3.648371994495391846e-01 4.304877221584320068e-01 5.116321444511413574e-01 3.691470623016357422e-01 2.146377414464950562e-01
4.185584485530853271e-01 5.516734719276428223e-01 1.763761043548583984e-01 3.471252024173736572e-01 6.363937258720397949e-01 3.648371994495391846e-01 4.304877221584320068e-01 5.116321444511413574e-01 3.691470623016357422e-01 2.146377414464950562e-01
5.587093830108642578e-01 5.516734719276428223e-01 8.031052537262439728e-03 3.471252024173736572e-01 6.363937258720397949e-01 3.648371994495391846e-01 4.304877221584320068e-01 5.116321444511413574e-01 3.691470623016357422e-01 2.146377414464950562e-01
5.587093830108642578e-01 5.516734719276428223e-01 8.031052537262439728e-03 3.471252024173736572e-01 6.363937258720397949e-01 3.648371994495391846e-01 6.424095034599304199e-01 5.116321444511413574e-01 3.691470623016357422e-01 2.146377414464950562e-01
6.542262434959411621e-01 5.516734719276428223e-01 8.031052537262439728e-03 3.508498370647430420e-01 6.363937258720397949e-01 3.648371994495391846e-01 6.424095034599304199e-01 5.116321444511413574e-01 3.691470623016357422e-01 2.146377414464950562e-01
2.032358348369598389e-01 3.197093009948730469e-01 6.467674393206834793e-03 3.471252024173736572e-01 2.915994524955749512e-01 3.648371994495391846e-01 3.792789578437805176e-01 1.755864918231964111e-01 3.691470623016357422e-01 7.628223299980163574e-02
2.032358348369598389e-01 3.197093009948730469e-01 6.467674393206834793e-03 3.471252024173736572e-01 2.915994524955749512e-01 3.648371994495391846e-01 3.792789578437805176e-01 1.755864918231964111e-01 3.691470623016357422e-01 7.628223299980163574e-02
1.795625537633895874e-01 3.197093009948730469e-01 4.618334397673606873e-02 3.471252024173736572e-01 2.915994524955749512e-01 3.648371994495391846e-01 3.792789578437805176e-01 3.801059424877166748e-01 3.691470623016357422e-01 3.194385766983032227e-02
2.315716296434402466e-01 3.197093009948730469e-01 4.618334397673606873e-02 2.413016110658645630e-01 2.915994524955749512e-01 3.648371994495391846e-01 3.792789578437805176e-01 3.801059424877166748e-01 3.691470623016357422e-01 3.194385766983032227e-02
2.315716296434402466e-01 3.197093009948730469e-01 4.618334397673606873e-02 2.413016110658645630e-01 2.915994524955749512e-01 3.648371994495391846e-01 3.792789578437805176e-01 3.801059424877166748e-01 3.691470623016357422e-01 3.194385766983032227e-02
2.315716296434402466e-01 3.197093009948730469e-01 2.286817319691181183e-02 2.413016110658645630e-01 2.915994524955749512e-01 3.648371994495391846e-01 3.792789578437805176e-01 3.801059424877166748e-01 3.691470623016357422e-01 8.909489959478378296e-02
1.389868706464767456e-01 3.197093009948730469e-01 2.286817319691181183e-02 2.413016110658645630e-01 2.915994524955749512e-01 3.648371994495391846e-01 3.792789578437805176e-01 3.801059424877166748e-01 3.691470623016357422e-01 1.695968657732009888e-01
1.389868706464767456e-01 3.197093009948730469e-01 2.286817319691181183e-02 2.413016110658645630e-01 2.915994524955749512e-01 3.648371994495391846e-01 3.792789578437805176e-01 3.801059424877166748e-01 3.691470623016357422e-01 1.695968657732009888e-01
8.309208750724792480e-01 3.197093009948730469e-01 5.418279394507408142e-02 5.619360804557800293e-01 2.915994524955749512e-01 3.648371994495391846e-01 8.478037118911743164e-01 8.511178493499755859e-01 3.691470623016357422e-01 1.695968657732009888e-01
7.811381816864013672e-01 3.197093009948730469e-01 5.418279394507408142e-02 5.619360804557800293e-01 2.915994524955749512e-01 3.648371994495391846e-01 8.478037118911743164e-01 4.321197569370269775e-01 3.691470623016357422e-01 1.695968657732009888e-01
7.811381816864013672e-01 3.197093009948730469e-01 5.418279394507408142e-02 5.619360804557800293e-01 2.915994524955749512e-01 3.648371994495391846e-01 8.478037118911743164e-01 4.321197569370269775e-01 3.691470623016357422e-01 1.146297380328178406e-01
8.309208750724792480e-01 3.197093009948730469e-01 1.178603321313858032e-01 5.619360804557800293e-01 2.915994524955749512e-01 3.648371994495391846e-01 8.478037118911743164e-01 4.321197569370269775e-01 3.691470623016357422e-01 3.216002583503723145e-01
8.309208750724792480e-01 3.197093009948730469e-01 4.428437352180480957e-01 5.619360804557800293e-01 2.915994524955749512e-01 3.648371994495391846e-01 8.478037118911743164e-01 8.662437796592712402e-01 3.691470623016357422e-01 3.216002583503723145e-01
8.309208750724792480e-01 3.197093009948730469e-01 4.194929897785186768e-01 5.619360804557800293e-01 2.915994524955749512e-01 3.648371994495391846e-01 8.478037118911743164e-01 8.662437796592712402e-01 3.691470623016357422e-01 3.216002583503723145e-01
8.309208750724792480e-01 3.197093009948730469e-01 7.491954565048217773e-01 5.940021872520446777e-01 2.915994524955749512e-01 3.648371994495391846e-01 8.478037118911743164e-01 8.662437796592712402e-01 3.691470623016357422e-01 6.487624049186706543e-01
8.309208750724792480e-01 3.197093009948730469e-01 7.491954565048217773e-01 5.940021872520446777e-01 2.915994524955749512e-01 3.648371994495391846e-01 8.478037118911743164e-01 8.662437796592712402e-01 3.691470623016357422e-01 6.487624049186706543e-01
8.309208750724792480e-01 3.197093009948730469e-01 7.491954565048217773e-01 5.940021872520446777e-01 2.915994524955749512e-01 3.648371994495391846e-01 8.478037118911743164e-01 8.662437796592712402e-01 3.691470623016357422e-01 6.487624049186706543e-01
8.309208750724792480e-01 3.197093009948730469e-01 7.491954565048217773e-01 5.940021872520446777e-01 2.915994524955749512e-01 3.648371994495391846e-01 8.478037118911743164e-01 8.662437796592712402e-01 3.691470623016357422e-01 6.487624049186706543e-01
8.309208750724792480e-01 3.197093009948730469e-01 7.666609883308410645e-01 5.940021872520446777e-01 2.915994524955749512e-01 3.648371994495391846e-01 8.478037118911743164e-01 8.662437796592712402e-01 3.691470623016357422e-01 6.487624049186706543e-01
8.309208750724792480e-01 3.197093009948730469e-01 7.666609883308410645e-01 5.940021872520446777e-01 2.915994524955749512e-01 3.648371994495391846e-01 8.478037118911743164e-01 8.662437796592712402e-01 3.691470623016357422e-01 6.487624049186706543e-01
8.309208750724792480e-01 3.197093009948730469e-01 7.666609883308410645e-01 5.940021872520446777e-01 2.915994524955749512e-01 3.648371994495391846e-01 8.478037118911743164e-01 8.662437796592712402e-01 3.691470623016357422e-01 6.487624049186706543e-01
8.309208750724792480e-01 3.197093009948730469e-01 7.666609883308410645e-01 5.940021872520446777e-01 2.915994524955749512e-01 3.648371994495391846e-01 8.478037118911743164e-01 8.662437796592712402e-01 3.691470623016357422e-01 6.487624049186706543e-01
8.309208750724792480e-01 3.197093009948730469e-01 6.302598714828491211e-01 5.940021872520446777e-01 2.915994524955749512e-01 3.648371994495391846e-01 8.478037118911743164e-01 8.662437796592712402e-01 3.691470623016357422e-01 1.736670583486557007e-01
8.309208750724792480e-01 3.197093009948730469e-01 7.666609883308410645e-01 5.940021872520446777e-01 2.915994524955749512e-01 3.648371994495391846e-01 8.478037118911743164e-01 8.662437796592712402e-01 3.691470623016357422e-01 1.736670583486557007e-01
8.309208750724792480e-01 3.197093009948730469e-01 7.666609883308410645e-01 5.940021872520446777e-01 2.915994524955749512e-01 3.648371994495391846e-01 8.478037118911743164e-01 8.511178493499755859e-01 3.691470623016357422e-01 1.736670583486557007e-01
8.309208750724792480e-01 3.197093009948730469e-01 7.238784432411193848e-01 5.940021872520446777e-01 2.915994524955749512e-01 3.648371994495391846e-01 8.478037118911743164e-01 8.511178493499755859e-01 3.691470623016357422e-01 1.736670583486557007e-01
8.309208750724792480e-01 3.197093009948730469e-01 8.045590519905090332e-01 5.940021872520446777e-01 2.915994524955749512e-01 3.648371994495391846e-01 8.478037118911743164e-01 8.511178493499755859e-01 3.691470623016357422e-01 1.102633699774742126e-01
8.309208750724792480e-01 3.197093009948730469e-01 8.880779147148132324e-01 5.940021872520446777e-01 2.915994524955749512e-01 3.648371994495391846e-01 8.478037118911743164e-01 8.511178493499755859e-01 3.691470623016357422e-01 1.736670583486557007e-01
8.309208750724792480e-01 3.197093009948730469e-01 8.880779147148132324e-01 5.940021872520446777e-01 2.915994524955749512e-01 3.648371994495391846e-01 8.478037118911743164e-01 8.511178493499755859e-01 3.691470623016357422e-01 1.102633699774742126e-01
8.309208750724792480e-01 3.197093009948730469e-01 8.880779147148132324e-01 5.940021872520446777e-01 2.915994524955749512e-01 3.648371994495391846e-01 8.478037118911743164e-01 8.511178493499755859e-01 3.691470623016357422e-01 1.102633699774742126e-01
8.309208750724792480e-01 3.197093009948730469e-01 8.880779147148132324e-01 5.940021872520446777e-01 2.915994524955749512e-01 3.648371994495391846e-01 8.478037118911743164e-01 8.511178493499755859e-01 3.691470623016357422e-01 1.102633699774742126e-01
8.309208750724792480e-01 3.197093009948730469e-01 8.880779147148132324e-01 5.940021872520446777e-01 2.915994524955749512e-01 3.648371994495391846e-01 8.478037118911743164e-01 8.511178493499755859e-01 3.691470623016357422e-01 1.102633699774742126e-01
8.309208750724792480e-01 3.197093009948730469e-01 8.880779147148132324e-01 5.940021872520446777e-01 2.915994524955749512e-01 3.648371994495391846e-01 8.478037118911743164e-01 8.511178493499755859e-01 3.691470623016357422e-01 1.102633699774742126e-01
8.309208750724792480e-01 3.197093009948730469e-01 8.880779147148132324e-01 5.940021872520446777e-01 2.915994524955749512e-01 3.648371994495391846e-01 8.478037118911743164e-01 8.511178493499755859e-01 3.691470623016357422e-01 1.736670583486557007e-01
