7.182042598724365234e-01 6.687240600585937500e-01 4.098211526870727539e-01 2.792873084545135498e-01 7.049463987350463867e-01 3.655948340892791748e-01 3.184096813201904297e-01 4.066391587257385254e-01 4.134816527366638184e-01 3.458876907825469971e-01
7.182042598724365234e-01 9.762318730354309082e-01 4.098211526870727539e-01 5.288925170898437500e-01 7.049463987350463867e-01 3.655948340892791748e-01 1.420841962099075317e-01 9.363351464271545410e-01 4.134816527366638184e-01 3.458876907825469971e-01
7.182042598724365234e-01 9.846864938735961914e-01 4.098211526870727539e-01 5.288925170898437500e-01 7.049463987350463867e-01 3.655948340892791748e-01 9.693011045455932617e-01 9.363351464271545410e-01 4.134816527366638184e-01 3.458876907825469971e-01
7.182042598724365234e-01 9.846864938735961914e-01 4.098211526870727539e-01 5.288925170898437500e-01 7.049463987350463867e-01 3.655948340892791748e-01 7.901641130447387695e-01 9.363351464271545410e-01 4.134816527366638184e-01 3.458876907825469971e-01
7.182042598724365234e-01 9.690041542053222656e-01 4.098211526870727539e-01 9.473463296890258789e-01 7.049463987350463867e-01 3.655948340892791748e-01 9.477846622467041016e-01 5.824900269508361816e-01 2.188334614038467407e-01 3.458876907825469971e-01
7.182042598724365234e-01 9.846864938735961914e-01 4.098211526870727539e-01 8.970947265625000000e-01 7.049463987350463867e-01 3.655948340892791748e-01 4.555948972702026367e-01 5.824900269508361816e-01 4.134816527366638184e-01 3.458876907825469971e-01
7.521560788154602051e-01 9.762318730354309082e-01 4.098211526870727539e-01 7.505698204040527344e-01 7.049463987350463867e-01 3.655948340892791748e-01 4.555948972702026367e-01 9.363351464271545410e-01 4.134816527366638184e-01 3.458876907825469971e-01
7.182042598724365234e-01 8.907283544540405273e-01 4.098211526870727539e-01 8.557599782943725586e-01 7.049463987350463867e-01 3.655948340892791748e-01 8.907694220542907715e-01 5.824900269508361816e-01 2.188334614038467407e-01 3.458876907825469971e-01
7.182042598724365234e-01 9.846864938735961914e-01 4.098211526870727539e-01 5.288925170898437500e-01 7.049463987350463867e-01 3.655948340892791748e-01 7.591850161552429199e-01 9.363351464271545410e-01 4.134816527366638184e-01 3.458876907825469971e-01
3.484476804733276367e-01 8.907283544540405273e-01 4.098211526870727539e-01 7.101787328720092773e-01 7.049463987350463867e-01 3.655948340892791748e-01 5.747028589248657227e-01 5.824900269508361816e-01 2.188334614038467407e-01 3.458876907825469971e-01
3.484476804733276367e-01 6.307401061058044434e-01 4.098211526870727539e-01 9.516607522964477539e-01 7.049463987350463867e-01 3.655948340892791748e-01 4.522647261619567871e-01 5.824900269508361816e-01 2.188334614038467407e-01 6.682490557432174683e-02
3.484476804733276367e-01 5.567733645439147949e-01 4.098211526870727539e-01 4.802230894565582275e-01 7.049463987350463867e-01 3.655948340892791748e-01 6.476218104362487793e-01 8.997723460197448730e-02 2.188334614038467407e-01 6.682490557432174683e-02
8.107571303844451904e-02 3.229295089840888977e-02 4.098211526870727539e-01 5.841299891471862793e-01 1.685775518417358398e-01 3.655948340892791748e-01 6.476218104362487793e-01 8.997723460197448730e-02 2.188334614038467407e-01 6.682490557432174683e-02
3.204479813575744629e-01 8.037605881690979004e-02 4.098211526870727539e-01 4.802230894565582275e-01 3.629718124866485596e-01 3.655948340892791748e-01 3.001747429370880127e-01 8.997723460197448730e-02 6.481362134218215942e-02 3.191339671611785889e-01
8.107571303844451904e-02 8.037605881690979004e-02 4.098211526870727539e-01 4.802230894565582275e-01 1.685775518417358398e-01 3.655948340892791748e-01 4.772408902645111084e-01 8.997723460197448730e-02 1.293603777885437012e-01 6.682490557432174683e-02
8.107571303844451904e-02 8.037605881690979004e-02 4.098211526870727539e-01 2.761171758174896240e-01 1.685775518417358398e-01 3.655948340892791748e-01 3.001747429370880127e-01 8.997723460197448730e-02 1.293603777885437012e-01 6.682490557432174683e-02
8.107571303844451904e-02 8.037605881690979004e-02 4.098211526870727539e-01 1.630516499280929565e-01 1.685775518417358398e-01 3.655948340892791748e-01 4.772408902645111084e-01 8.997723460197448730e-02 6.481362134218215942e-02 6.682490557432174683e-02
8.107571303844451904e-02 8.037605881690979004e-02 4.098211526870727539e-01 1.908372938632965088e-01 1.685775518417358398e-01 3.655948340892791748e-01 9.359440207481384277e-01 8.997723460197448730e-02 6.481362134218215942e-02 6.682490557432174683e-02
1.470040678977966309e-01 3.441985547542572021e-01 4.098211526870727539e-01 6.987828016281127930e-02 7.049463987350463867e-01 3.655948340892791748e-01 7.403820753097534180e-01 5.824900269508361816e-01 3.379123806953430176e-01 6.682490557432174683e-02
1.470040678977966309e-01 5.881183147430419922e-01 4.098211526870727539e-01 9.195222705602645874e-02 7.049463987350463867e-01 3.655948340892791748e-01 9.367448091506958008e-01 5.824900269508361816e-01 3.379123806953430176e-01 6.682490557432174683e-02
1.470040678977966309e-01 5.881183147430419922e-01 4.098211526870727539e-01 9.195222705602645874e-02 7.049463987350463867e-01 3.655948340892791748e-01 8.781740069389343262e-01 5.824900269508361816e-01 3.379123806953430176e-01 4.034113883972167969e-01
1.470040678977966309e-01 6.490139365196228027e-01 4.098211526870727539e-01 7.558726072311401367e-01 7.049463987350463867e-01 3.655948340892791748e-01 9.131469726562500000e-01 5.824900269508361816e-01 4.466245174407958984e-01 8.331447839736938477e-01
1.470040678977966309e-01 4.617485404014587402e-01 4.098211526870727539e-01 1.908372938632965088e-01 7.049463987350463867e-01 3.655948340892791748e-01 9.359440207481384277e-01 5.824900269508361816e-01 3.379123806953430176e-01 4.034113883972167969e-01
3.484476804733276367e-01 4.617485404014587402e-01 4.098211526870727539e-01 6.044625118374824524e-02 7.147078514099121094e-01 3.655948340892791748e-01 8.728539347648620605e-01 5.824900269508361816e-01 3.379123806953430176e-01 4.034113883972167969e-01
1.470040678977966309e-01 4.617485404014587402e-01 4.098211526870727539e-01 6.044625118374824524e-02 7.147078514099121094e-01 3.655948340892791748e-01 9.359440207481384277e-01 8.997723460197448730e-02 6.481362134218215942e-02 4.034113883972167969e-01
1.470040678977966309e-01 6.799762845039367676e-01 4.098211526870727539e-01 6.987828016281127930e-02 7.147078514099121094e-01 3.655948340892791748e-01 9.359440207481384277e-01 5.824900269508361816e-01 3.379123806953430176e-01 4.034113883972167969e-01
1.470040678977966309e-01 7.432515621185302734e-01 4.098211526870727539e-01 2.434930354356765747e-01 7.147078514099121094e-01 3.655948340892791748e-01 8.549636006355285645e-01 5.824900269508361816e-01 3.379123806953430176e-01 4.034113883972167969e-01
1.470040678977966309e-01 6.490139365196228027e-01 4.098211526870727539e-01 9.104781150817871094e-01 7.147078514099121094e-01 3.655948340892791748e-01 8.505528569221496582e-01 5.824900269508361816e-01 3.379123806953430176e-01 5.296196937561035156e-01
1.470040678977966309e-01 7.878353595733642578e-01 4.098211526870727539e-01 2.704459428787231445e-01 7.147078514099121094e-01 3.655948340892791748e-01 7.415599822998046875e-01 5.824900269508361816e-01 3.379123806953430176e-01 4.034113883972167969e-01
1.470040678977966309e-01 7.878353595733642578e-01 4.098211526870727539e-01 2.704459428787231445e-01 7.147078514099121094e-01 3.655948340892791748e-01 6.506899595260620117e-01 5.824900269508361816e-01 3.379123806953430176e-01 4.034113883972167969e-01
1.470040678977966309e-01 5.249600410461425781e-01 4.098211526870727539e-01 7.963632792234420776e-02 1.685775518417358398e-01 3.655948340892791748e-01 9.359440207481384277e-01 1.443232148885726929e-01 6.481362134218215942e-02 4.034113883972167969e-01
8.107571303844451904e-02 6.709145009517669678e-02 8.317034840583801270e-01 7.899062335491180420e-02 1.685775518417358398e-01 3.655948340892791748e-01 9.275861978530883789e-01 6.098670512437820435e-02 6.481362134218215942e-02 6.726390868425369263e-02
3.204479813575744629e-01 7.360018491744995117e-01 8.317034840583801270e-01 2.755834162235260010e-01 3.629718124866485596e-01 3.655948340892791748e-01 4.764208197593688965e-01 1.448324471712112427e-01 6.481362134218215942e-02 1.432146430015563965e-01
3.204479813575744629e-01 1.339139342308044434e-01 8.317034840583801270e-01 2.755834162235260010e-01 1.685775518417358398e-01 3.655948340892791748e-01 7.127281427383422852e-01 8.997723460197448730e-02 6.481362134218215942e-02 6.726390868425369263e-02
8.107571303844451904e-02 8.037605881690979004e-02 8.317034840583801270e-01 2.399051040410995483e-01 1.685775518417358398e-01 3.655948340892791748e-01 8.575174808502197266e-01 8.997723460197448730e-02 6.481362134218215942e-02 6.726390868425369263e-02
8.107571303844451904e-02 2.768468260765075684e-01 8.317034840583801270e-01 2.399051040410995483e-01 1.685775518417358398e-01 3.655948340892791748e-01 9.851890802383422852e-01 8.997723460197448730e-02 6.481362134218215942e-02 6.726390868425369263e-02
6.628293395042419434e-01 1.493091732263565063e-01 8.317034840583801270e-01 2.399051040410995483e-01 1.685775518417358398e-01 8.175721764564514160e-01 9.851890802383422852e-01 8.997723460197448730e-02 6.481362134218215942e-02 6.726390868425369263e-02
6.628293395042419434e-01 4.155350476503372192e-02 8.317034840583801270e-01 2.399051040410995483e-01 1.685775518417358398e-01 8.175721764564514160e-01 9.851890802383422852e-01 6.098670512437820435e-02 6.481362134218215942e-02 6.726390868425369263e-02
6.628293395042419434e-01 3.130888938903808594e-01 8.317034840583801270e-01 2.755834162235260010e-01 1.685775518417358398e-01 8.175721764564514160e-01 8.575174808502197266e-01 8.997723460197448730e-02 6.481362134218215942e-02 6.726390868425369263e-02
6.628293395042419434e-01 1.011947095394134521e-01 8.317034840583801270e-01 2.399051040410995483e-01 1.685775518417358398e-01 8.175721764564514160e-01 8.575174808502197266e-01 6.098670512437820435e-02 6.481362134218215942e-02 6.726390868425369263e-02
6.628293395042419434e-01 2.744787335395812988e-01 8.317034840583801270e-01 2.668755948543548584e-01 1.685775518417358398e-01 8.175721764564514160e-01 7.999869585037231445e-01 6.098670512437820435e-02 6.481362134218215942e-02 6.726390868425369263e-02
6.628293395042419434e-01 2.694711089134216309e-02 8.317034840583801270e-01 9.033064544200897217e-02 1.685775518417358398e-01 8.175721764564514160e-01 9.851890802383422852e-01 6.098670512437820435e-02 6.481362134218215942e-02 6.726390868425369263e-02
6.628293395042419434e-01 4.144274592399597168e-01 8.317034840583801270e-01 9.033064544200897217e-02 5.874825716018676758e-01 8.175721764564514160e-01 8.575174808502197266e-01 6.098670512437820435e-02 1.293603777885437012e-01 6.726390868425369263e-02
6.628293395042419434e-01 5.399445891380310059e-01 8.317034840583801270e-01 2.755834162235260010e-01 5.874825716018676758e-01 8.175721764564514160e-01 8.575174808502197266e-01 1.448324471712112427e-01 1.293603777885437012e-01 1.432146430015563965e-01
9.130958318710327148e-01 2.092732787132263184e-01 8.317034840583801270e-01 1.242831721901893616e-01 5.874825716018676758e-01 8.175721764564514160e-01 8.575174808502197266e-01 2.981903553009033203e-01 1.293603777885437012e-01 1.432146430015563965e-01
9.130958318710327148e-01 5.399445891380310059e-01 8.317034840583801270e-01 5.977867841720581055e-01 5.874825716018676758e-01 8.175721764564514160e-01 7.985001802444458008e-01 6.595277786254882812e-01 6.037073135375976562e-01 5.988660454750061035e-01
9.130958318710327148e-01 2.092732787132263184e-01 8.317034840583801270e-01 8.975350856781005859e-01 5.874825716018676758e-01 8.175721764564514160e-01 7.985001802444458008e-01 6.595277786254882812e-01 6.037073135375976562e-01 5.988660454750061035e-01
9.130958318710327148e-01 2.092732787132263184e-01 8.317034840583801270e-01 8.975350856781005859e-01 5.874825716018676758e-01 8.175721764564514160e-01 9.306149482727050781e-01 2.981903553009033203e-01 6.037073135375976562e-01 5.988660454750061035e-01
6.628293395042419434e-01 2.092732787132263184e-01 8.317034840583801270e-01 7.934645414352416992e-01 5.874825716018676758e-01 8.175721764564514160e-01 9.306149482727050781e-01 2.981903553009033203e-01 6.037073135375976562e-01 5.988660454750061035e-01
6.628293395042419434e-01 2.092732787132263184e-01 8.317034840583801270e-01 2.509761452674865723e-01 5.874825716018676758e-01 8.175721764564514160e-01 9.306149482727050781e-01 2.981903553009033203e-01 6.037073135375976562e-01 5.988660454750061035e-01
6.628293395042419434e-01 7.389360070228576660e-01 8.317034840583801270e-01 7.397440075874328613e-01 5.874825716018676758e-01 8.175721764564514160e-01 9.306149482727050781e-01 2.981903553009033203e-01 6.037073135375976562e-01 5.988660454750061035e-01
6.628293395042419434e-01 8.416137099266052246e-01 8.317034840583801270e-01 6.697959303855895996e-01 5.874825716018676758e-01 8.175721764564514160e-01 3.427181541919708252e-01 2.981903553009033203e-01 6.037073135375976562e-01 1.432146430015563965e-01
8.107571303844451904e-02 5.675793886184692383e-01 8.317034840583801270e-01 3.138023018836975098e-01 5.874825716018676758e-01 5.639331340789794922e-01 5.584679841995239258e-01 2.981903553009033203e-01 6.037073135375976562e-01 1.432146430015563965e-01
8.107571303844451904e-02 5.675793886184692383e-01 8.317034840583801270e-01 1.689448356628417969e-01 5.874825716018676758e-01 5.639331340789794922e-01 5.584679841995239258e-01 2.981903553009033203e-01 8.714471757411956787e-02 1.432146430015563965e-01
4.100750982761383057e-01 6.498354673385620117e-01 8.317034840583801270e-01 6.462623476982116699e-01 5.874825716018676758e-01 5.639331340789794922e-01 9.306149482727050781e-01 2.981903553009033203e-01 6.037073135375976562e-01 5.988660454750061035e-01
8.107571303844451904e-02 8.416137099266052246e-01 8.317034840583801270e-01 6.462623476982116699e-01 5.874825716018676758e-01 5.639331340789794922e-01 9.306149482727050781e-01 2.981903553009033203e-01 6.037073135375976562e-01 7.632235884666442871e-01
8.107571303844451904e-02 5.675793886184692383e-01 8.317034840583801270e-01 1.689448356628417969e-01 5.874825716018676758e-01 5.639331340789794922e-01 5.584679841995239258e-01 1.001119986176490784e-01 6.037073135375976562e-01 2.651928663253784180e-01
8.107571303844451904e-02 1.709520667791366577e-01 8.317034840583801270e-01 1.814277619123458862e-01 5.874825716018676758e-01 5.639331340789794922e-01 8.575174808502197266e-01 1.987503468990325928e-01 8.714471757411956787e-02 1.347256302833557129e-01
8.107571303844451904e-02 3.780517876148223877e-01 8.317034840583801270e-01 6.763865053653717041e-02 5.874825716018676758e-01 3.655948340892791748e-01 8.552544713020324707e-01 6.098670512437820435e-02 8.714471757411956787e-02 1.347256302833557129e-01
8.107571303844451904e-02 2.440385371446609497e-01 8.317034840583801270e-01 3.925229609012603760e-01 5.874825716018676758e-01 5.639331340789794922e-01 9.347817301750183105e-01 6.098670512437820435e-02 8.714471757411956787e-02 1.347256302833557129e-01
8.107571303844451904e-02 2.440385371446609497e-01 8.317034840583801270e-01 3.925229609012603760e-01 5.874825716018676758e-01 3.655948340892791748e-01 9.741207957267761230e-01 6.098670512437820435e-02 8.714471757411956787e-02 1.347256302833557129e-01
8.107571303844451904e-02 2.440385371446609497e-01 8.317034840583801270e-01 3.925229609012603760e-01 5.874825716018676758e-01 3.655948340892791748e-01 8.575174808502197266e-01 6.098670512437820435e-02 8.714471757411956787e-02 6.726390868425369263e-02
6.628293395042419434e-01 5.665128827095031738e-01 8.317034840583801270e-01 4.976954460144042969e-01 5.874825716018676758e-01 8.175721764564514160e-01 8.575174808502197266e-01 2.428728342056274414e-01 6.037073135375976562e-01 6.726390868425369263e-02
9.130958318710327148e-01 1.936038583517074585e-01 8.317034840583801270e-01 4.976954460144042969e-01 5.874825716018676758e-01 8.175721764564514160e-01 5.584679841995239258e-01 6.098670512437820435e-02 8.714471757411956787e-02 6.726390868425369263e-02
6.628293395042419434e-01 1.936038583517074585e-01 8.317034840583801270e-01 2.755834162235260010e-01 5.874825716018676758e-01 8.175721764564514160e-01 8.575174808502197266e-01 1.987503468990325928e-01 8.714471757411956787e-02 6.726390868425369263e-02
6.628293395042419434e-01 1.936038583517074585e-01 8.317034840583801270e-01 9.033064544200897217e-02 5.874825716018676758e-01 8.175721764564514160e-01 5.584679841995239258e-01 6.098670512437820435e-02 8.714471757411956787e-02 6.726390868425369263e-02
6.628293395042419434e-01 8.462741225957870483e-02 8.317034840583801270e-01 1.067944094538688660e-01 5.874825716018676758e-01 8.175721764564514160e-01 8.575174808502197266e-01 6.098670512437820435e-02 8.714471757411956787e-02 6.726390868425369263e-02
6.628293395042419434e-01 1.339139342308044434e-01 8.317034840583801270e-01 1.067944094538688660e-01 1.685775518417358398e-01 8.175721764564514160e-01 2.250655293464660645e-01 5.307107567787170410e-01 6.037073135375976562e-01 6.726390868425369263e-02
6.628293395042419434e-01 1.149419918656349182e-01 8.317034840583801270e-01 4.389071837067604065e-02 1.685775518417358398e-01 8.175721764564514160e-01 2.250655293464660645e-01 2.428728342056274414e-01 6.037073135375976562e-01 6.726390868425369263e-02
6.628293395042419434e-01 1.149419918656349182e-01 8.317034840583801270e-01 4.389071837067604065e-02 1.685775518417358398e-01 8.175721764564514160e-01 2.250655293464660645e-01 2.428728342056274414e-01 8.714471757411956787e-02 6.726390868425369263e-02
6.628293395042419434e-01 4.155350476503372192e-02 8.317034840583801270e-01 1.913906335830688477e-01 1.685775518417358398e-01 8.175721764564514160e-01 8.542863130569458008e-01 2.101369202136993408e-02 8.714471757411956787e-02 6.726390868425369263e-02
6.628293395042419434e-01 5.619462579488754272e-02 8.317034840583801270e-01 2.661049664020538330e-01 1.685775518417358398e-01 8.175721764564514160e-01 2.250655293464660645e-01 2.428728342056274414e-01 8.714471757411956787e-02 6.726390868425369263e-02
6.628293395042419434e-01 1.149419918656349182e-01 8.317034840583801270e-01 2.661049664020538330e-01 1.685775518417358398e-01 8.175721764564514160e-01 2.250655293464660645e-01 2.428728342056274414e-01 8.714471757411956787e-02 6.726390868425369263e-02
6.628293395042419434e-01 5.619462579488754272e-02 8.317034840583801270e-01 2.661049664020538330e-01 1.685775518417358398e-01 5.890361070632934570e-01 2.250655293464660645e-01 2.428728342056274414e-01 8.714471757411956787e-02 6.726390868425369263e-02
6.628293395042419434e-01 1.449427288025617599e-02 8.317034840583801270e-01 2.661049664020538330e-01 1.685775518417358398e-01 8.251608014106750488e-01 4.449972882866859436e-02 6.098670512437820435e-02 8.714471757411956787e-02 6.726390868425369263e-02
6.628293395042419434e-01 2.178827524185180664e-01 8.317034840583801270e-01 3.672567382454872131e-02 1.685775518417358398e-01 8.327711820602416992e-01 4.449972882866859436e-02 2.268622666597366333e-01 8.714471757411956787e-02 6.726390868425369263e-02
6.628293395042419434e-01 4.197655916213989258e-01 8.317034840583801270e-01 3.672567382454872131e-02 1.685775518417358398e-01 8.327711820602416992e-01 1.295390725135803223e-01 2.268622666597366333e-01 8.714471757411956787e-02 1.720565259456634521e-01
6.628293395042419434e-01 4.197655916213989258e-01 8.317034840583801270e-01 3.672567382454872131e-02 1.685775518417358398e-01 8.327711820602416992e-01 1.295390725135803223e-01 2.268622666597366333e-01 8.714471757411956787e-02 1.720565259456634521e-01
6.628293395042419434e-01 3.160539567470550537e-01 8.317034840583801270e-01 3.672567382454872131e-02 1.685775518417358398e-01 8.327711820602416992e-01 2.250655293464660645e-01 2.268622666597366333e-01 8.714471757411956787e-02 1.720565259456634521e-01
6.628293395042419434e-01 1.510642915964126587e-01 8.317034840583801270e-01 9.033064544200897217e-02 1.685775518417358398e-01 8.327711820602416992e-01 2.250655293464660645e-01 2.268622666597366333e-01 8.714471757411956787e-02 1.720565259456634521e-01
6.628293395042419434e-01 3.160539567470550537e-01 8.317034840583801270e-01 7.899062335491180420e-02 1.685775518417358398e-01 8.327711820602416992e-01 1.295390725135803223e-01 2.268622666597366333e-01 8.714471757411956787e-02 1.720565259456634521e-01
6.628293395042419434e-01 3.160539567470550537e-01 8.317034840583801270e-01 7.899062335491180420e-02 1.685775518417358398e-01 8.327711820602416992e-01 2.250655293464660645e-01 2.268622666597366333e-01 8.714471757411956787e-02 1.720565259456634521e-01
6.628293395042419434e-01 3.160539567470550537e-01 8.317034840583801270e-01 7.899062335491180420e-02 5.874825716018676758e-01 8.327711820602416992e-01 2.250655293464660645e-01 2.268622666597366333e-01 8.714471757411956787e-02 1.720565259456634521e-01
9.130958318710327148e-01 7.462877631187438965e-01 8.317034840583801270e-01 5.424934625625610352e-01 5.874825716018676758e-01 8.327711820602416992e-01 6.700239777565002441e-01 3.344956636428833008e-01 6.037073135375976562e-01 1.843289285898208618e-01
9.130958318710327148e-01 7.462877631187438965e-01 8.317034840583801270e-01 5.424934625625610352e-01 5.874825716018676758e-01 8.327711820602416992e-01 6.700239777565002441e-01 7.776879668235778809e-01 6.037073135375976562e-01 1.843289285898208618e-01
9.130958318710327148e-01 6.526436805725097656e-01 8.317034840583801270e-01 1.674936562776565552e-01 5.874825716018676758e-01 8.327711820602416992e-01 6.700239777565002441e-01 3.344956636428833008e-01 6.037073135375976562e-01 1.843289285898208618e-01
9.130958318710327148e-01 7.462877631187438965e-01 8.317034840583801270e-01 1.674936562776565552e-01 5.874825716018676758e-01 8.327711820602416992e-01 6.700239777565002441e-01 9.303639531135559082e-01 6.037073135375976562e-01 1.843289285898208618e-01
6.628293395042419434e-01 6.526436805725097656e-01 8.317034840583801270e-01 5.424934625625610352e-01 5.874825716018676758e-01 8.327711820602416992e-01 8.729747533798217773e-01 7.776879668235778809e-01 6.037073135375976562e-01 1.843289285898208618e-01
6.628293395042419434e-01 6.526436805725097656e-01 8.317034840583801270e-01 1.825921684503555298e-01 1.685775518417358398e-01 8.327711820602416992e-01 1.295390725135803223e-01 3.344956636428833008e-01 8.714471757411956787e-02 3.250924348831176758e-01
6.628293395042419434e-01 6.526436805725097656e-01 8.317034840583801270e-01 1.825921684503555298e-01 5.874825716018676758e-01 8.327711820602416992e-01 8.729747533798217773e-01 7.776879668235778809e-01 6.037073135375976562e-01 8.499871492385864258e-01
6.628293395042419434e-01 6.526436805725097656e-01 8.317034840583801270e-01 1.825921684503555298e-01 5.874825716018676758e-01 8.327711820602416992e-01 3.932416141033172607e-01 7.776879668235778809e-01 8.714471757411956787e-02 8.499871492385864258e-01
6.628293395042419434e-01 3.840613067150115967e-01 8.317034840583801270e-01 9.033064544200897217e-02 5.874825716018676758e-01 8.175721764564514160e-01 3.932416141033172607e-01 4.363924562931060791e-01 8.714471757411956787e-02 8.499871492385864258e-01
6.628293395042419434e-01 3.840613067150115967e-01 8.317034840583801270e-01 3.672567382454872131e-02 5.874825716018676758e-01 8.175721764564514160e-01 3.932416141033172607e-01 7.472944855690002441e-01 8.714471757411956787e-02 8.499871492385864258e-01
6.628293395042419434e-01 1.788272708654403687e-01 8.317034840583801270e-01 1.674936562776565552e-01 5.874825716018676758e-01 8.175721764564514160e-01 6.700239777565002441e-01 7.472944855690002441e-01 6.037073135375976562e-01 8.499871492385864258e-01
6.628293395042419434e-01 4.269172847270965576e-01 8.317034840583801270e-01 8.209500461816787720e-02 5.874825716018676758e-01 8.175721764564514160e-01 6.700239777565002441e-01 7.472944855690002441e-01 8.695327043533325195e-01 8.499871492385864258e-01
6.628293395042419434e-01 4.269172847270965576e-01 8.317034840583801270e-01 1.674936562776565552e-01 5.874825716018676758e-01 8.175721764564514160e-01 6.700239777565002441e-01 9.055539369583129883e-01 8.695327043533325195e-01 8.499871492385864258e-01
9.130958318710327148e-01 4.269172847270965576e-01 8.317034840583801270e-01 3.451704978942871094e-01 5.874825716018676758e-01 8.175721764564514160e-01 6.700239777565002441e-01 9.055539369583129883e-01 8.695327043533325195e-01 8.499871492385864258e-01
9.130958318710327148e-01 4.269172847270965576e-01 8.317034840583801270e-01 4.360958933830261230e-01 5.874825716018676758e-01 8.175721764564514160e-01 6.121091842651367188e-01 7.151374220848083496e-01 8.695327043533325195e-01 8.499871492385864258e-01
6.628293395042419434e-01 6.808168292045593262e-01 8.317034840583801270e-01 5.424934625625610352e-01 5.874825716018676758e-01 8.175721764564514160e-01 8.729747533798217773e-01 7.151374220848083496e-01 8.695327043533325195e-01 8.499871492385864258e-01
6.628293395042419434e-01 4.269172847270965576e-01 8.317034840583801270e-01 4.360958933830261230e-01 5.874825716018676758e-01 8.175721764564514160e-01 8.729747533798217773e-01 9.055539369583129883e-01 8.695327043533325195e-01 8.499871492385864258e-01
6.628293395042419434e-01 4.269172847270965576e-01 8.317034840583801270e-01 4.360958933830261230e-01 5.874825716018676758e-01 8.175721764564514160e-01 8.729747533798217773e-01 9.055539369583129883e-01 8.695327043533325195e-01 8.499871492385864258e-01
6.628293395042419434e-01 4.269172847270965576e-01 8.317034840583801270e-01 4.360958933830261230e-01 5.874825716018676758e-01 8.175721764564514160e-01 6.700239777565002441e-01 9.055539369583129883e-01 8.695327043533325195e-01 8.499871492385864258e-01
6.628293395042419434e-01 4.269172847270965576e-01 8.317034840583801270e-01 4.360958933830261230e-01 5.874825716018676758e-01 8.175721764564514160e-01 6.700239777565002441e-01 9.055539369583129883e-01 8.695327043533325195e-01 8.499871492385864258e-01
6.628293395042419434e-01 4.269172847270965576e-01 8.317034840583801270e-01 1.159963607788085938e-01 5.874825716018676758e-01 8.175721764564514160e-01 6.700239777565002441e-01 9.055539369583129883e-01 8.695327043533325195e-01 8.499871492385864258e-01
6.628293395042419434e-01 4.269172847270965576e-01 8.317034840583801270e-01 4.360958933830261230e-01 5.874825716018676758e-01 8.175721764564514160e-01 6.700239777565002441e-01 9.055539369583129883e-01 8.695327043533325195e-01 8.499871492385864258e-01
6.628293395042419434e-01 4.269172847270965576e-01 8.317034840583801270e-01 1.159963607788085938e-01 5.874825716018676758e-01 8.175721764564514160e-01 8.905932307243347168e-01 9.055539369583129883e-01 8.695327043533325195e-01 8.499871492385864258e-01
4.100750982761383057e-01 1.249933838844299316e-01 8.317034840583801270e-01 1.159963607788085938e-01 5.874825716018676758e-01 5.639331340789794922e-01 9.649749994277954102e-01 9.055539369583129883e-01 8.695327043533325195e-01 9.274300932884216309e-01
8.107571303844451904e-02 6.808168292045593262e-01 8.317034840583801270e-01 4.724066555500030518e-01 5.874825716018676758e-01 5.639331340789794922e-01 9.649749994277954102e-01 9.055539369583129883e-01 2.946075797080993652e-01 8.093536496162414551e-01
8.107571303844451904e-02 6.808168292045593262e-01 8.317034840583801270e-01 6.082440540194511414e-02 5.874825716018676758e-01 5.639331340789794922e-01 4.484594464302062988e-01 7.151374220848083496e-01 2.946075797080993652e-01 8.093536496162414551e-01
8.107571303844451904e-02 6.808168292045593262e-01 8.317034840583801270e-01 6.082440540194511414e-02 5.874825716018676758e-01 3.655948340892791748e-01 4.484594464302062988e-01 7.151374220848083496e-01 2.946075797080993652e-01 8.499871492385864258e-01
8.107571303844451904e-02 6.808168292045593262e-01 8.317034840583801270e-01 6.082440540194511414e-02 5.874825716018676758e-01 3.655948340892791748e-01 8.960726857185363770e-01 7.151374220848083496e-01 2.946075797080993652e-01 8.499871492385864258e-01
8.107571303844451904e-02 4.509622156620025635e-01 8.317034840583801270e-01 6.082440540194511414e-02 5.874825716018676758e-01 3.655948340892791748e-01 4.484594464302062988e-01 7.151374220848083496e-01 2.946075797080993652e-01 8.499871492385864258e-01
8.107571303844451904e-02 6.808168292045593262e-01 8.317034840583801270e-01 4.724066555500030518e-01 5.874825716018676758e-01 3.655948340892791748e-01 8.729747533798217773e-01 7.151374220848083496e-01 2.946075797080993652e-01 8.499871492385864258e-01
8.107571303844451904e-02 6.808168292045593262e-01 8.317034840583801270e-01 4.724066555500030518e-01 5.874825716018676758e-01 3.655948340892791748e-01 6.121091842651367188e-01 7.151374220848083496e-01 2.946075797080993652e-01 8.499871492385864258e-01
3.204479813575744629e-01 6.808168292045593262e-01 8.317034840583801270e-01 2.558324337005615234e-01 5.874825716018676758e-01 5.639331340789794922e-01 8.729747533798217773e-01 7.151374220848083496e-01 2.946075797080993652e-01 8.499871492385864258e-01
8.107571303844451904e-02 6.808168292045593262e-01 8.317034840583801270e-01 2.558324337005615234e-01 5.874825716018676758e-01 3.655948340892791748e-01 8.729747533798217773e-01 7.151374220848083496e-01 2.946075797080993652e-01 8.499871492385864258e-01
8.107571303844451904e-02 6.808168292045593262e-01 8.317034840583801270e-01 2.558324337005615234e-01 5.874825716018676758e-01 5.639331340789794922e-01 9.649749994277954102e-01 7.151374220848083496e-01 2.946075797080993652e-01 8.499871492385864258e-01
8.107571303844451904e-02 6.808168292045593262e-01 8.317034840583801270e-01 2.558324337005615234e-01 5.874825716018676758e-01 5.639331340789794922e-01 8.960726857185363770e-01 7.151374220848083496e-01 2.946075797080993652e-01 8.499871492385864258e-01
8.107571303844451904e-02 1.680612862110137939e-01 8.317034840583801270e-01 6.082440540194511414e-02 5.874825716018676758e-01 5.639331340789794922e-01 4.484594464302062988e-01 1.739497035741806030e-01 2.946075797080993652e-01 8.499871492385864258e-01
8.107571303844451904e-02 4.509622156620025635e-01 8.317034840583801270e-01 6.082440540194511414e-02 5.874825716018676758e-01 3.655948340892791748e-01 4.484594464302062988e-01 7.151374220848083496e-01 2.946075797080993652e-01 8.499871492385864258e-01
8.107571303844451904e-02 6.808168292045593262e-01 8.317034840583801270e-01 4.724066555500030518e-01 5.874825716018676758e-01 5.639331340789794922e-01 8.960726857185363770e-01 7.151374220848083496e-01 2.946075797080993652e-01 8.499871492385864258e-01
8.107571303844451904e-02 4.509622156620025635e-01 8.317034840583801270e-01 6.082440540194511414e-02 5.874825716018676758e-01 5.639331340789794922e-01 4.484594464302062988e-01 7.151374220848083496e-01 2.946075797080993652e-01 8.499871492385864258e-01
8.107571303844451904e-02 6.808168292045593262e-01 8.317034840583801270e-01 6.082440540194511414e-02 5.874825716018676758e-01 5.639331340789794922e-01 4.484594464302062988e-01 7.151374220848083496e-01 2.946075797080993652e-01 8.499871492385864258e-01
8.107571303844451904e-02 6.808168292045593262e-01 8.317034840583801270e-01 6.082440540194511414e-02 5.874825716018676758e-01 5.639331340789794922e-01 4.484594464302062988e-01 9.055539369583129883e-01 2.946075797080993652e-01 8.499871492385864258e-01
8.107571303844451904e-02 6.808168292045593262e-01 8.317034840583801270e-01 6.082440540194511414e-02 5.874825716018676758e-01 5.639331340789794922e-01 4.484594464302062988e-01 9.055539369583129883e-01 2.946075797080993652e-01 8.499871492385864258e-01
8.107571303844451904e-02 6.808168292045593262e-01 8.317034840583801270e-01 2.426231652498245239e-02 5.874825716018676758e-01 5.639331340789794922e-01 8.905932307243347168e-01 9.055539369583129883e-01 2.946075797080993652e-01 8.499871492385864258e-01
8.107571303844451904e-02 6.808168292045593262e-01 8.317034840583801270e-01 2.426231652498245239e-02 5.874825716018676758e-01 5.639331340789794922e-01 8.905932307243347168e-01 9.055539369583129883e-01 2.946075797080993652e-01 8.499871492385864258e-01
8.107571303844451904e-02 6.808168292045593262e-01 8.317034840583801270e-01 2.426231652498245239e-02 5.874825716018676758e-01 5.639331340789794922e-01 9.649749994277954102e-01 7.151374220848083496e-01 2.946075797080993652e-01 8.499871492385864258e-01
