2.005360126495361328e-01 3.508346378803253174e-01 1.357397437095642090e-01 3.607160747051239014e-01 6.719369888305664062e-01 2.565956115722656250e-01 3.055063784122467041e-01 4.386416673660278320e-01 4.341726005077362061e-02 7.307943701744079590e-01
6.806184053421020508e-01 3.508346378803253174e-01 5.674313902854919434e-01 5.310066938400268555e-01 6.719369888305664062e-01 6.865939497947692871e-01 5.925711393356323242e-01 9.442752599716186523e-01 5.227779150009155273e-01 7.307943701744079590e-01
6.806184053421020508e-01 3.508346378803253174e-01 5.674313902854919434e-01 5.310066938400268555e-01 6.719369888305664062e-01 4.198078811168670654e-01 5.925711393356323242e-01 8.419659137725830078e-01 5.278766155242919922e-01 7.307943701744079590e-01
9.585288166999816895e-01 3.508346378803253174e-01 8.550207018852233887e-01 7.891389131546020508e-01 6.719369888305664062e-01 4.224125444889068604e-01 5.925711393356323242e-01 8.419659137725830078e-01 8.729054927825927734e-01 7.307943701744079590e-01
9.585288166999816895e-01 3.508346378803253174e-01 8.997744321823120117e-01 7.891389131546020508e-01 4.634965956211090088e-01 6.704292297363281250e-01 8.245573043823242188e-01 8.419659137725830078e-01 8.729054927825927734e-01 7.307943701744079590e-01
9.585288166999816895e-01 3.508346378803253174e-01 8.663308620452880859e-01 6.611183285713195801e-01 4.634965956211090088e-01 3.837602734565734863e-01 5.925711393356323242e-01 8.419659137725830078e-01 8.729054927825927734e-01 7.307943701744079590e-01
9.585288166999816895e-01 3.508346378803253174e-01 8.997744321823120117e-01 7.891389131546020508e-01 8.253763914108276367e-01 6.804234981536865234e-01 3.358146846294403076e-01 6.511765122413635254e-01 9.115195870399475098e-01 8.146286010742187500e-01
5.831310153007507324e-01 3.508346378803253174e-01 5.855214595794677734e-01 7.208672165870666504e-01 8.253763914108276367e-01 6.804234981536865234e-01 5.869817733764648438e-01 8.287994861602783203e-01 9.747619032859802246e-01 7.795663475990295410e-01
6.559246182441711426e-01 3.508346378803253174e-01 9.248837828636169434e-01 9.026415348052978516e-01 8.253763914108276367e-01 9.743657708168029785e-01 7.910268306732177734e-01 8.287994861602783203e-01 9.983800649642944336e-01 7.795663475990295410e-01
6.559246182441711426e-01 3.508346378803253174e-01 9.248837828636169434e-01 9.026415348052978516e-01 8.253763914108276367e-01 9.868905544281005859e-01 9.207113981246948242e-01 8.495397567749023438e-01 9.966123700141906738e-01 7.795663475990295410e-01
8.579454421997070312e-01 3.508346378803253174e-01 9.248837828636169434e-01 9.026415348052978516e-01 8.253763914108276367e-01 9.891355037689208984e-01 9.207113981246948242e-01 8.495397567749023438e-01 9.966123700141906738e-01 7.795663475990295410e-01
6.559246182441711426e-01 3.508346378803253174e-01 9.248837828636169434e-01 9.026415348052978516e-01 8.253763914108276367e-01 9.941768646240234375e-01 9.207113981246948242e-01 8.495397567749023438e-01 9.912464022636413574e-01 7.795663475990295410e-01
8.475357294082641602e-01 3.508346378803253174e-01 9.248837828636169434e-01 9.026415348052978516e-01 8.253763914108276367e-01 9.682868719100952148e-01 9.207113981246948242e-01 8.495397567749023438e-01 9.850401878356933594e-01 7.795663475990295410e-01
8.475357294082641602e-01 3.508346378803253174e-01 9.248837828636169434e-01 9.026415348052978516e-01 8.253763914108276367e-01 9.161700606346130371e-01 9.207113981246948242e-01 8.495397567749023438e-01 9.923155307769775391e-01 7.795663475990295410e-01
6.369750499725341797e-01 3.508346378803253174e-01 9.881289601325988770e-01 9.026415348052978516e-01 8.253763914108276367e-01 9.051976799964904785e-01 9.207113981246948242e-01 8.495397567749023438e-01 9.947291016578674316e-01 7.795663475990295410e-01
6.559246182441711426e-01 3.508346378803253174e-01 9.881289601325988770e-01 9.026415348052978516e-01 8.253763914108276367e-01 9.660688042640686035e-01 9.207113981246948242e-01 9.472530484199523926e-01 9.912464022636413574e-01 7.795663475990295410e-01
8.579454421997070312e-01 3.508346378803253174e-01 9.881289601325988770e-01 9.026415348052978516e-01 8.253763914108276367e-01 9.732021093368530273e-01 9.207113981246948242e-01 8.495397567749023438e-01 9.966123700141906738e-01 7.795663475990295410e-01
6.559246182441711426e-01 3.508346378803253174e-01 9.881289601325988770e-01 9.026415348052978516e-01 8.253763914108276367e-01 9.660688042640686035e-01 9.207113981246948242e-01 9.472530484199523926e-01 9.912464022636413574e-01 7.795663475990295410e-01
8.579454421997070312e-01 3.508346378803253174e-01 9.881289601325988770e-01 9.026415348052978516e-01 8.253763914108276367e-01 9.732021093368530273e-01 9.207113981246948242e-01 8.495397567749023438e-01 9.975259900093078613e-01 7.795663475990295410e-01
6.559246182441711426e-01 3.508346378803253174e-01 9.881289601325988770e-01 9.026415348052978516e-01 8.253763914108276367e-01 9.660688042640686035e-01 9.207113981246948242e-01 8.495397567749023438e-01 9.912464022636413574e-01 7.795663475990295410e-01
6.559246182441711426e-01 3.508346378803253174e-01 9.881289601325988770e-01 9.567005634307861328e-01 8.253763914108276367e-01 9.732021093368530273e-01 9.207113981246948242e-01 8.495397567749023438e-01 9.966123700141906738e-01 7.795663475990295410e-01
6.559246182441711426e-01 3.508346378803253174e-01 9.881289601325988770e-01 9.567005634307861328e-01 8.253763914108276367e-01 9.732021093368530273e-01 9.207113981246948242e-01 8.495397567749023438e-01 9.975259900093078613e-01 7.795663475990295410e-01
8.579454421997070312e-01 3.508346378803253174e-01 9.641380906105041504e-01 9.127773046493530273e-01 9.330185055732727051e-01 9.841131567955017090e-01 9.207113981246948242e-01 8.495397567749023438e-01 9.983577132225036621e-01 5.000000000000000000e-01
9.296503663063049316e-01 3.508346378803253174e-01 9.866610169410705566e-01 7.166803479194641113e-01 6.265174746513366699e-01 9.281508326530456543e-01 9.207113981246948242e-01 8.495397567749023438e-01 9.965286850929260254e-01 5.000000000000000000e-01
9.296503663063049316e-01 3.508346378803253174e-01 9.641380906105041504e-01 7.166803479194641113e-01 8.317537903785705566e-01 9.682036042213439941e-01 9.207113981246948242e-01 8.495397567749023438e-01 9.977311491966247559e-01 5.000000000000000000e-01
8.579454421997070312e-01 3.508346378803253174e-01 9.247289299964904785e-01 7.166803479194641113e-01 8.317537903785705566e-01 9.914736747741699219e-01 9.207113981246948242e-01 8.495397567749023438e-01 9.946618676185607910e-01 5.000000000000000000e-01
8.579454421997070312e-01 3.508346378803253174e-01 9.247289299964904785e-01 7.166803479194641113e-01 8.317537903785705566e-01 9.914736747741699219e-01 9.207113981246948242e-01 8.495397567749023438e-01 9.955739974975585938e-01 5.000000000000000000e-01
8.579454421997070312e-01 3.508346378803253174e-01 9.641380906105041504e-01 8.422913551330566406e-01 9.213368296623229980e-01 9.926909804344177246e-01 9.207113981246948242e-01 8.495397567749023438e-01 9.851415157318115234e-01 5.000000000000000000e-01
8.579454421997070312e-01 3.508346378803253174e-01 9.785111546516418457e-01 9.567005634307861328e-01 9.781122803688049316e-01 9.969311952590942383e-01 9.207113981246948242e-01 8.495397567749023438e-01 9.968876242637634277e-01 5.000000000000000000e-01
9.240299463272094727e-01 3.508346378803253174e-01 9.785111546516418457e-01 7.166803479194641113e-01 8.317537903785705566e-01 9.596488475799560547e-01 9.207113981246948242e-01 8.495397567749023438e-01 9.991313815116882324e-01 5.000000000000000000e-01
9.296503663063049316e-01 3.508346378803253174e-01 8.957962393760681152e-01 7.166803479194641113e-01 8.317537903785705566e-01 9.836471676826477051e-01 7.910268306732177734e-01 8.495397567749023438e-01 9.987558126449584961e-01 5.000000000000000000e-01
8.281628489494323730e-01 3.508346378803253174e-01 8.957962393760681152e-01 7.166803479194641113e-01 8.317537903785705566e-01 9.240854978561401367e-01 7.910268306732177734e-01 8.495397567749023438e-01 9.982979893684387207e-01 5.000000000000000000e-01
9.296503663063049316e-01 3.508346378803253174e-01 8.957962393760681152e-01 7.166803479194641113e-01 8.317537903785705566e-01 9.432418346405029297e-01 7.910268306732177734e-01 8.495397567749023438e-01 9.978813529014587402e-01 5.000000000000000000e-01
9.655742645263671875e-01 3.508346378803253174e-01 8.957962393760681152e-01 7.166803479194641113e-01 8.317537903785705566e-01 9.820221662521362305e-01 7.910268306732177734e-01 8.495397567749023438e-01 9.991313815116882324e-01 5.000000000000000000e-01
5.259778499603271484e-01 3.508346378803253174e-01 8.052336573600769043e-01 7.166803479194641113e-01 8.317537903785705566e-01 9.714882969856262207e-01 5.874720215797424316e-01 8.495397567749023438e-01 9.879826307296752930e-01 5.000000000000000000e-01
7.136785984039306641e-01 3.508346378803253174e-01 8.052336573600769043e-01 7.166803479194641113e-01 8.317537903785705566e-01 8.854188919067382812e-01 5.874720215797424316e-01 8.495397567749023438e-01 9.959924817085266113e-01 5.000000000000000000e-01
9.296503663063049316e-01 3.508346378803253174e-01 8.052336573600769043e-01 7.166803479194641113e-01 8.317537903785705566e-01 8.994556665420532227e-01 7.910268306732177734e-01 8.495397567749023438e-01 9.959924817085266113e-01 5.000000000000000000e-01
5.316293239593505859e-01 3.508346378803253174e-01 9.563309550285339355e-01 7.166803479194641113e-01 8.317537903785705566e-01 9.569399952888488770e-01 5.874720215797424316e-01 8.495397567749023438e-01 9.974083304405212402e-01 5.000000000000000000e-01
5.807960629463195801e-01 3.508346378803253174e-01 9.563309550285339355e-01 7.166803479194641113e-01 8.317537903785705566e-01 9.792796969413757324e-01 5.874720215797424316e-01 8.495397567749023438e-01 9.425391554832458496e-01 5.000000000000000000e-01
6.902567744255065918e-01 3.508346378803253174e-01 9.589648246765136719e-01 7.166803479194641113e-01 6.583210825920104980e-01 9.151880145072937012e-01 5.930593013763427734e-01 8.495397567749023438e-01 9.835340380668640137e-01 5.000000000000000000e-01
8.886842727661132812e-01 3.508346378803253174e-01 9.589648246765136719e-01 7.166803479194641113e-01 6.583210825920104980e-01 8.932943940162658691e-01 7.566291093826293945e-01 8.495397567749023438e-01 9.317516088485717773e-01 5.000000000000000000e-01
8.886842727661132812e-01 3.508346378803253174e-01 9.589648246765136719e-01 7.166803479194641113e-01 6.583210825920104980e-01 5.403298735618591309e-01 7.566291093826293945e-01 4.221135079860687256e-01 8.411320447921752930e-01 5.000000000000000000e-01
5.316293239593505859e-01 3.508346378803253174e-01 8.559806942939758301e-01 7.166803479194641113e-01 6.583210825920104980e-01 9.674116373062133789e-01 5.930593013763427734e-01 8.495397567749023438e-01 7.157937884330749512e-01 5.000000000000000000e-01
7.457531690597534180e-01 3.508346378803253174e-01 9.191277623176574707e-01 9.381387829780578613e-01 9.052507281303405762e-01 8.302838802337646484e-01 7.566291093826293945e-01 8.495397567749023438e-01 8.832668662071228027e-01 8.146286010742187500e-01
7.457531690597534180e-01 3.508346378803253174e-01 9.836603403091430664e-01 9.381387829780578613e-01 6.583210825920104980e-01 8.302838802337646484e-01 7.566291093826293945e-01 8.495397567749023438e-01 7.034994363784790039e-01 8.146286010742187500e-01
3.415678143501281738e-01 3.508346378803253174e-01 9.692142009735107422e-01 8.422913551330566406e-01 8.202973604202270508e-01 8.682749271392822266e-01 7.566291093826293945e-01 8.495397567749023438e-01 1.662039607763290405e-01 5.000000000000000000e-01
7.457531690597534180e-01 3.508346378803253174e-01 9.836603403091430664e-01 9.381387829780578613e-01 9.052507281303405762e-01 7.803565263748168945e-01 7.566291093826293945e-01 6.511765122413635254e-01 6.793378591537475586e-01 8.146286010742187500e-01
6.399582028388977051e-01 3.508346378803253174e-01 9.692142009735107422e-01 8.422913551330566406e-01 8.202973604202270508e-01 3.523009419441223145e-01 7.566291093826293945e-01 8.495397567749023438e-01 5.684361457824707031e-01 5.000000000000000000e-01
4.482314288616180420e-01 3.508346378803253174e-01 9.692142009735107422e-01 7.540297508239746094e-01 8.202973604202270508e-01 3.523009419441223145e-01 7.948201298713684082e-01 8.495397567749023438e-01 7.581283450126647949e-01 5.000000000000000000e-01
8.212125897407531738e-01 3.508346378803253174e-01 9.836603403091430664e-01 8.969557285308837891e-01 6.583210825920104980e-01 2.794297933578491211e-01 7.566291093826293945e-01 8.495397567749023438e-01 9.695746898651123047e-01 8.146286010742187500e-01
8.212125897407531738e-01 3.508346378803253174e-01 9.191277623176574707e-01 8.969557285308837891e-01 6.583210825920104980e-01 8.328176140785217285e-01 7.566291093826293945e-01 8.495397567749023438e-01 9.487679004669189453e-01 8.146286010742187500e-01
8.212125897407531738e-01 3.508346378803253174e-01 9.191277623176574707e-01 8.969557285308837891e-01 6.583210825920104980e-01 7.803565263748168945e-01 7.566291093826293945e-01 8.495397567749023438e-01 6.933430433273315430e-01 8.146286010742187500e-01
4.482314288616180420e-01 3.508346378803253174e-01 9.692142009735107422e-01 6.349260807037353516e-01 6.583210825920104980e-01 3.523009419441223145e-01 7.566291093826293945e-01 8.495397567749023438e-01 6.805443167686462402e-01 5.000000000000000000e-01
4.482314288616180420e-01 3.508346378803253174e-01 9.563309550285339355e-01 8.422913551330566406e-01 7.989665865898132324e-01 1.686712354421615601e-01 5.874720215797424316e-01 8.817738890647888184e-01 8.514016270637512207e-01 5.000000000000000000e-01
6.773419976234436035e-01 3.508346378803253174e-01 9.215263128280639648e-01 8.194146156311035156e-01 7.279626727104187012e-01 7.803565263748168945e-01 7.566291093826293945e-01 8.419659137725830078e-01 8.034312725067138672e-01 7.307943701744079590e-01
5.355678200721740723e-01 3.508346378803253174e-01 7.202742099761962891e-01 7.247787714004516602e-01 8.848114609718322754e-01 8.800705671310424805e-01 7.142409682273864746e-01 4.386416673660278320e-01 8.493219614028930664e-01 4.058990180492401123e-01
8.051130175590515137e-01 3.508346378803253174e-01 6.596881747245788574e-01 7.247787714004516602e-01 8.019036054611206055e-01 9.554795622825622559e-01 7.142409682273864746e-01 4.386416673660278320e-01 8.505566120147705078e-01 4.058990180492401123e-01
8.051130175590515137e-01 3.508346378803253174e-01 5.740396380424499512e-01 7.247787714004516602e-01 8.019036054611206055e-01 9.257678985595703125e-01 7.142409682273864746e-01 7.156426310539245605e-01 7.744362950325012207e-01 4.058990180492401123e-01
6.778544783592224121e-01 3.508346378803253174e-01 7.464680671691894531e-01 7.247787714004516602e-01 8.019036054611206055e-01 9.554824233055114746e-01 7.142409682273864746e-01 7.156426310539245605e-01 6.195529699325561523e-01 4.058990180492401123e-01
6.778544783592224121e-01 3.508346378803253174e-01 4.836910367012023926e-01 7.247787714004516602e-01 8.019036054611206055e-01 9.051573276519775391e-01 7.142409682273864746e-01 7.156426310539245605e-01 3.295083940029144287e-01 4.058990180492401123e-01
3.700221776962280273e-01 3.508346378803253174e-01 4.035364389419555664e-01 7.247787714004516602e-01 5.793679952621459961e-01 9.386788010597229004e-01 7.142409682273864746e-01 7.687542438507080078e-01 7.842137813568115234e-01 4.058990180492401123e-01
3.700221776962280273e-01 3.508346378803253174e-01 2.364463657140731812e-01 7.247787714004516602e-01 5.793679952621459961e-01 9.386788010597229004e-01 7.142409682273864746e-01 7.156426310539245605e-01 7.147234678268432617e-01 4.058990180492401123e-01
3.700221776962280273e-01 3.508346378803253174e-01 4.035364389419555664e-01 7.247787714004516602e-01 5.793679952621459961e-01 8.985819220542907715e-01 7.142409682273864746e-01 7.156426310539245605e-01 6.192152500152587891e-01 7.307943701744079590e-01
3.700221776962280273e-01 3.508346378803253174e-01 4.035364389419555664e-01 4.922670125961303711e-01 5.793679952621459961e-01 8.985819220542907715e-01 7.142409682273864746e-01 7.156426310539245605e-01 7.147234678268432617e-01 7.307943701744079590e-01
3.700221776962280273e-01 3.508346378803253174e-01 7.818331122398376465e-01 3.944786787033081055e-01 8.609606027603149414e-01 5.872526168823242188e-01 7.142409682273864746e-01 7.156426310539245605e-01 6.307908892631530762e-02 7.307943701744079590e-01
3.700221776962280273e-01 3.508346378803253174e-01 3.019672930240631104e-01 4.922670125961303711e-01 5.793679952621459961e-01 9.264721870422363281e-01 7.142409682273864746e-01 7.156426310539245605e-01 8.806339502334594727e-01 7.307943701744079590e-01
4.534101486206054688e-01 3.508346378803253174e-01 7.672408819198608398e-01 5.732190608978271484e-01 6.947103142738342285e-01 9.264721870422363281e-01 8.605312108993530273e-01 8.693989515304565430e-01 6.093667745590209961e-01 7.307943701744079590e-01
3.521902859210968018e-01 3.508346378803253174e-01 3.835904896259307861e-01 4.413688480854034424e-01 5.452914834022521973e-01 7.496789693832397461e-01 7.142409682273864746e-01 7.156426310539245605e-01 2.947519421577453613e-01 7.307943701744079590e-01
3.521902859210968018e-01 3.508346378803253174e-01 1.771359741687774658e-01 3.598720729351043701e-01 5.452914834022521973e-01 9.264721870422363281e-01 8.605312108993530273e-01 7.601218819618225098e-01 6.905205845832824707e-01 4.058990180492401123e-01
4.534101486206054688e-01 3.508346378803253174e-01 7.672408819198608398e-01 5.732190608978271484e-01 6.947103142738342285e-01 9.264721870422363281e-01 8.605312108993530273e-01 7.601218819618225098e-01 6.648988723754882812e-01 7.307943701744079590e-01
2.748998105525970459e-01 3.508346378803253174e-01 9.822612404823303223e-01 6.667832732200622559e-01 8.435359001159667969e-01 8.065823912620544434e-01 8.605312108993530273e-01 9.449325203895568848e-01 2.839778959751129150e-01 7.307943701744079590e-01
2.748998105525970459e-01 3.508346378803253174e-01 6.212531328201293945e-01 6.637791991233825684e-01 8.435359001159667969e-01 8.065823912620544434e-01 8.848637938499450684e-01 7.601218819618225098e-01 7.473186850547790527e-01 7.307943701744079590e-01
2.748998105525970459e-01 3.508346378803253174e-01 6.961826682090759277e-01 4.082401394844055176e-01 8.848114609718322754e-01 9.264721870422363281e-01 8.605312108993530273e-01 7.601218819618225098e-01 7.978327274322509766e-01 7.307943701744079590e-01
2.748998105525970459e-01 3.508346378803253174e-01 6.212531328201293945e-01 4.082401394844055176e-01 7.232718467712402344e-01 9.320903420448303223e-01 8.605312108993530273e-01 7.601218819618225098e-01 5.663713216781616211e-01 7.307943701744079590e-01
2.748998105525970459e-01 3.508346378803253174e-01 6.212531328201293945e-01 8.596177101135253906e-01 7.232718467712402344e-01 9.264721870422363281e-01 8.605312108993530273e-01 7.601218819618225098e-01 8.646384477615356445e-01 7.307943701744079590e-01
2.748998105525970459e-01 3.508346378803253174e-01 7.672408819198608398e-01 8.596177101135253906e-01 8.435359001159667969e-01 8.065823912620544434e-01 8.605312108993530273e-01 8.693989515304565430e-01 8.044007420539855957e-01 7.307943701744079590e-01
6.053742766380310059e-01 3.508346378803253174e-01 7.672408819198608398e-01 8.596177101135253906e-01 8.435359001159667969e-01 8.569673299789428711e-01 8.605312108993530273e-01 8.693989515304565430e-01 9.930221438407897949e-01 7.307943701744079590e-01
6.053742766380310059e-01 3.508346378803253174e-01 7.672408819198608398e-01 4.385547041893005371e-01 8.609606027603149414e-01 8.536547422409057617e-01 8.848637938499450684e-01 8.693989515304565430e-01 9.817627668380737305e-01 7.307943701744079590e-01
6.053742766380310059e-01 3.508346378803253174e-01 5.327677726745605469e-01 4.082401394844055176e-01 7.232718467712402344e-01 8.072910904884338379e-01 8.605312108993530273e-01 7.601218819618225098e-01 9.876711368560791016e-01 7.307943701744079590e-01
7.704601287841796875e-01 3.508346378803253174e-01 6.212531328201293945e-01 4.082401394844055176e-01 8.848114609718322754e-01 9.611082673072814941e-01 8.848637938499450684e-01 7.601218819618225098e-01 9.540188908576965332e-01 7.307943701744079590e-01
7.704601287841796875e-01 3.508346378803253174e-01 2.824023663997650146e-01 4.082401394844055176e-01 8.848114609718322754e-01 9.865065813064575195e-01 8.605312108993530273e-01 7.601218819618225098e-01 6.430584192276000977e-01 7.307943701744079590e-01
7.704601287841796875e-01 3.508346378803253174e-01 5.321957468986511230e-01 4.082401394844055176e-01 8.848114609718322754e-01 9.715461134910583496e-01 8.605312108993530273e-01 8.693989515304565430e-01 7.823834419250488281e-01 7.307943701744079590e-01
8.827027082443237305e-01 3.508346378803253174e-01 1.118607297539710999e-01 4.082401394844055176e-01 2.408252954483032227e-01 9.437960982322692871e-01 5.831763744354248047e-01 7.601218819618225098e-01 9.364502429962158203e-01 4.058990180492401123e-01
8.827027082443237305e-01 3.508346378803253174e-01 2.893009781837463379e-02 4.082401394844055176e-01 2.408252954483032227e-01 9.437960982322692871e-01 5.831763744354248047e-01 7.601218819618225098e-01 9.668521881103515625e-01 4.058990180492401123e-01
8.079734444618225098e-01 4.298793077468872070e-01 5.269886553287506104e-02 4.082401394844055176e-01 2.408252954483032227e-01 9.776172637939453125e-01 5.831763744354248047e-01 7.601218819618225098e-01 3.899263143539428711e-01 4.058990180492401123e-01
5.543171763420104980e-01 4.298793077468872070e-01 3.723444789648056030e-02 4.082401394844055176e-01 2.408252954483032227e-01 9.278005957603454590e-01 5.831763744354248047e-01 7.601218819618225098e-01 1.869738399982452393e-01 4.058990180492401123e-01
5.543171763420104980e-01 4.298793077468872070e-01 8.293900638818740845e-02 4.082401394844055176e-01 2.408252954483032227e-01 8.579003810882568359e-01 5.831763744354248047e-01 7.601218819618225098e-01 5.396507382392883301e-01 4.058990180492401123e-01
2.577068507671356201e-01 4.298793077468872070e-01 7.553917914628982544e-02 4.082401394844055176e-01 2.408252954483032227e-01 8.115289211273193359e-01 5.831763744354248047e-01 7.601218819618225098e-01 7.495547533035278320e-01 4.058990180492401123e-01
2.577068507671356201e-01 4.298793077468872070e-01 7.553917914628982544e-02 4.082401394844055176e-01 2.189874500036239624e-01 8.115289211273193359e-01 5.831763744354248047e-01 7.601218819618225098e-01 7.531026005744934082e-01 4.058990180492401123e-01
7.973110079765319824e-01 4.298793077468872070e-01 5.374962836503982544e-02 4.082401394844055176e-01 2.189874500036239624e-01 6.658694744110107422e-01 5.831763744354248047e-01 7.601218819618225098e-01 8.025572299957275391e-01 4.058990180492401123e-01
7.973110079765319824e-01 4.298793077468872070e-01 7.553917914628982544e-02 4.082401394844055176e-01 2.189874500036239624e-01 8.134472966194152832e-01 5.831763744354248047e-01 7.601218819618225098e-01 7.465703487396240234e-01 4.058990180492401123e-01
7.973110079765319824e-01 4.298793077468872070e-01 7.553917914628982544e-02 4.082401394844055176e-01 2.189874500036239624e-01 6.267150044441223145e-01 8.298686742782592773e-01 7.601218819618225098e-01 7.801403403282165527e-01 4.058990180492401123e-01
7.973110079765319824e-01 4.298793077468872070e-01 7.553917914628982544e-02 4.082401394844055176e-01 2.189874500036239624e-01 3.620412647724151611e-01 8.298686742782592773e-01 7.601218819618225098e-01 7.168546915054321289e-01 4.058990180492401123e-01
7.973110079765319824e-01 4.298793077468872070e-01 7.553917914628982544e-02 4.082401394844055176e-01 5.793679952621459961e-01 3.620412647724151611e-01 8.298686742782592773e-01 7.601218819618225098e-01 5.861498713493347168e-01 4.058990180492401123e-01
3.462876081466674805e-01 3.508346378803253174e-01 6.799308657646179199e-01 4.524602591991424561e-01 8.435359001159667969e-01 9.515028595924377441e-01 5.831763744354248047e-01 8.071643710136413574e-01 3.911072015762329102e-01 7.307943701744079590e-01
6.407438516616821289e-01 3.508346378803253174e-01 3.614757061004638672e-01 4.524602591991424561e-01 8.435359001159667969e-01 4.609158635139465332e-01 8.848637938499450684e-01 7.601218819618225098e-01 3.911072015762329102e-01 7.307943701744079590e-01
6.407438516616821289e-01 3.508346378803253174e-01 3.614757061004638672e-01 4.524602591991424561e-01 8.435359001159667969e-01 4.609158635139465332e-01 5.749396681785583496e-01 7.601218819618225098e-01 6.810164451599121094e-01 7.307943701744079590e-01
4.490753412246704102e-01 3.508346378803253174e-01 3.614757061004638672e-01 5.901101231575012207e-01 8.435359001159667969e-01 6.310605406761169434e-01 8.848637938499450684e-01 7.601218819618225098e-01 4.182907938957214355e-01 7.307943701744079590e-01
4.490753412246704102e-01 3.508346378803253174e-01 5.321957468986511230e-01 3.466865718364715576e-01 8.435359001159667969e-01 7.367138266563415527e-01 8.848637938499450684e-01 8.693989515304565430e-01 2.394697517156600952e-01 7.307943701744079590e-01
4.490753412246704102e-01 3.508346378803253174e-01 5.321957468986511230e-01 8.170306682586669922e-01 8.435359001159667969e-01 5.381708741188049316e-01 8.848637938499450684e-01 8.693989515304565430e-01 1.809109598398208618e-01 7.307943701744079590e-01
4.490753412246704102e-01 3.508346378803253174e-01 5.321957468986511230e-01 8.170306682586669922e-01 8.435359001159667969e-01 8.355039954185485840e-01 9.017288088798522949e-01 8.693989515304565430e-01 3.969185054302215576e-01 7.307943701744079590e-01
4.490753412246704102e-01 3.508346378803253174e-01 5.321957468986511230e-01 9.142974615097045898e-01 9.578406214714050293e-01 7.707008719444274902e-01 8.848637938499450684e-01 8.693989515304565430e-01 6.059264540672302246e-01 7.307943701744079590e-01
4.490753412246704102e-01 3.508346378803253174e-01 5.321957468986511230e-01 9.142974615097045898e-01 9.578406214714050293e-01 4.861816763877868652e-01 9.017288088798522949e-01 8.693989515304565430e-01 6.553381085395812988e-01 7.307943701744079590e-01
4.490753412246704102e-01 3.508346378803253174e-01 7.114892601966857910e-01 9.142974615097045898e-01 9.578406214714050293e-01 6.566542387008666992e-01 9.017288088798522949e-01 8.693989515304565430e-01 8.955117464065551758e-01 7.307943701744079590e-01
4.490753412246704102e-01 3.508346378803253174e-01 8.290214538574218750e-01 9.142974615097045898e-01 9.578406214714050293e-01 7.070187330245971680e-01 9.017288088798522949e-01 8.693989515304565430e-01 9.614078998565673828e-01 7.307943701744079590e-01
4.490753412246704102e-01 3.508346378803253174e-01 7.114892601966857910e-01 9.142974615097045898e-01 9.578406214714050293e-01 5.191446542739868164e-01 5.749396681785583496e-01 8.693989515304565430e-01 7.435348629951477051e-01 7.307943701744079590e-01
4.490753412246704102e-01 3.508346378803253174e-01 7.114892601966857910e-01 9.142974615097045898e-01 9.578406214714050293e-01 5.191446542739868164e-01 5.749396681785583496e-01 8.693989515304565430e-01 7.934139966964721680e-01 7.307943701744079590e-01
4.490753412246704102e-01 3.508346378803253174e-01 8.290214538574218750e-01 8.094591498374938965e-01 9.578406214714050293e-01 4.177241623401641846e-01 5.749396681785583496e-01 8.693989515304565430e-01 7.819571495056152344e-01 7.307943701744079590e-01
4.490753412246704102e-01 3.508346378803253174e-01 8.290214538574218750e-01 8.094591498374938965e-01 9.578406214714050293e-01 6.175640225410461426e-01 5.749396681785583496e-01 8.693989515304565430e-01 9.535555243492126465e-01 7.307943701744079590e-01
4.490753412246704102e-01 3.508346378803253174e-01 7.711995244026184082e-01 8.094591498374938965e-01 9.167660474777221680e-01 9.704325199127197266e-01 5.749396681785583496e-01 8.693989515304565430e-01 9.607905149459838867e-01 7.307943701744079590e-01
4.490753412246704102e-01 3.508346378803253174e-01 7.114892601966857910e-01 8.094591498374938965e-01 9.578406214714050293e-01 6.175640225410461426e-01 5.749396681785583496e-01 9.548997282981872559e-01 9.832271337509155273e-01 7.307943701744079590e-01
4.490753412246704102e-01 3.508346378803253174e-01 7.114892601966857910e-01 8.094591498374938965e-01 9.578406214714050293e-01 6.175640225410461426e-01 5.749396681785583496e-01 8.693989515304565430e-01 9.116837382316589355e-01 7.307943701744079590e-01
4.490753412246704102e-01 3.508346378803253174e-01 7.114892601966857910e-01 8.094591498374938965e-01 9.578406214714050293e-01 7.622799277305603027e-01 8.848637938499450684e-01 8.693989515304565430e-01 7.564403414726257324e-01 7.307943701744079590e-01
4.490753412246704102e-01 3.508346378803253174e-01 8.841961026191711426e-01 8.094591498374938965e-01 9.578406214714050293e-01 8.506717681884765625e-01 8.848637938499450684e-01 8.419659137725830078e-01 9.037491083145141602e-01 7.307943701744079590e-01
4.490753412246704102e-01 3.508346378803253174e-01 8.841961026191711426e-01 8.094591498374938965e-01 9.578406214714050293e-01 6.029713153839111328e-01 5.749396681785583496e-01 6.739332675933837891e-01 7.435348629951477051e-01 7.307943701744079590e-01
4.490753412246704102e-01 3.508346378803253174e-01 8.841961026191711426e-01 8.094591498374938965e-01 9.578406214714050293e-01 6.660885214805603027e-01 5.749396681785583496e-01 6.739332675933837891e-01 9.116837382316589355e-01 7.307943701744079590e-01
3.659508526325225830e-01 3.508346378803253174e-01 8.841961026191711426e-01 7.142047882080078125e-01 9.578406214714050293e-01 5.315548181533813477e-01 7.142409682273864746e-01 4.386416673660278320e-01 8.537955880165100098e-01 7.307943701744079590e-01
4.490753412246704102e-01 3.508346378803253174e-01 8.841961026191711426e-01 8.094591498374938965e-01 9.578406214714050293e-01 2.372196316719055176e-01 5.749396681785583496e-01 6.739332675933837891e-01 7.623522281646728516e-01 7.307943701744079590e-01
4.490753412246704102e-01 3.508346378803253174e-01 8.414650559425354004e-01 8.094591498374938965e-01 9.578406214714050293e-01 5.301356315612792969e-01 5.749396681785583496e-01 6.739332675933837891e-01 9.482837319374084473e-01 7.307943701744079590e-01
4.490753412246704102e-01 3.508346378803253174e-01 8.841961026191711426e-01 8.094591498374938965e-01 9.578406214714050293e-01 7.622799277305603027e-01 5.749396681785583496e-01 6.739332675933837891e-01 8.701348304748535156e-01 7.307943701744079590e-01
3.659508526325225830e-01 3.508346378803253174e-01 7.759900689125061035e-01 7.142047882080078125e-01 9.055678248405456543e-01 5.301356315612792969e-01 3.055063784122467041e-01 4.386416673660278320e-01 8.115764260292053223e-01 7.307943701744079590e-01
3.659508526325225830e-01 3.508346378803253174e-01 5.280448198318481445e-01 6.267510056495666504e-01 8.466205000877380371e-01 1.068255528807640076e-01 3.055063784122467041e-01 4.386416673660278320e-01 7.365412116050720215e-01 7.307943701744079590e-01
3.659508526325225830e-01 3.508346378803253174e-01 6.046231985092163086e-01 6.267510056495666504e-01 8.728722929954528809e-01 7.378385663032531738e-01 3.055063784122467041e-01 4.386416673660278320e-01 9.033020734786987305e-01 7.307943701744079590e-01
4.026452600955963135e-01 3.508346378803253174e-01 5.280448198318481445e-01 6.267510056495666504e-01 8.728722929954528809e-01 5.502195954322814941e-01 3.055063784122467041e-01 4.386416673660278320e-01 9.477034807205200195e-01 7.307943701744079590e-01
