1.998025178909301758e-01 6.975432634353637695e-01 4.461138546466827393e-01 3.510366082191467285e-01 7.805050015449523926e-01 8.073535561561584473e-01 3.055063784122467041e-01 4.386416673660278320e-01 1.477919071912765503e-01 7.307943701744079590e-01
2.141496241092681885e-01 6.975432634353637695e-01 4.461138546466827393e-01 6.692360043525695801e-01 8.033124804496765137e-01 8.561173677444458008e-01 3.617421388626098633e-01 4.386416673660278320e-01 1.453047394752502441e-01 7.307943701744079590e-01
7.822069525718688965e-01 3.794481158256530762e-01 4.461138546466827393e-01 4.307478368282318115e-01 6.247870922088623047e-01 6.661887764930725098e-01 3.617421388626098633e-01 3.552831411361694336e-01 2.290423363447189331e-01 7.307943701744079590e-01
5.329304933547973633e-01 6.975432634353637695e-01 4.461138546466827393e-01 4.307478368282318115e-01 7.401475906372070312e-01 8.458003401756286621e-01 3.617421388626098633e-01 4.386416673660278320e-01 1.191240921616554260e-01 7.307943701744079590e-01
5.317714810371398926e-01 3.794481158256530762e-01 4.461138546466827393e-01 4.307478368282318115e-01 6.247870922088623047e-01 6.661887764930725098e-01 7.490095496177673340e-01 3.552831411361694336e-01 4.380160272121429443e-01 7.307943701744079590e-01
3.948633074760437012e-01 6.975432634353637695e-01 4.461138546466827393e-01 6.281343102455139160e-01 8.033124804496765137e-01 8.279505372047424316e-01 7.490095496177673340e-01 4.386416673660278320e-01 5.111014842987060547e-01 7.307943701744079590e-01
8.871120810508728027e-01 5.163462758064270020e-01 3.135326802730560303e-01 7.417007088661193848e-01 6.247870922088623047e-01 6.661887764930725098e-01 6.353957653045654297e-01 5.931033492088317871e-01 4.541062712669372559e-01 7.307943701744079590e-01
8.389090299606323242e-01 6.975432634353637695e-01 4.461138546466827393e-01 7.142047882080078125e-01 8.033124804496765137e-01 7.382102608680725098e-01 3.617421388626098633e-01 4.386416673660278320e-01 2.307119220495223999e-01 7.307943701744079590e-01
7.041484713554382324e-01 6.975432634353637695e-01 4.423594772815704346e-01 7.142047882080078125e-01 8.033124804496765137e-01 7.612158656120300293e-01 3.617421388626098633e-01 4.386416673660278320e-01 3.509563505649566650e-01 7.307943701744079590e-01
8.389090299606323242e-01 6.975432634353637695e-01 4.423594772815704346e-01 8.625543117523193359e-01 8.033124804496765137e-01 8.275119662284851074e-01 3.617421388626098633e-01 4.386416673660278320e-01 3.540910482406616211e-01 7.307943701744079590e-01
8.306422829627990723e-01 6.975432634353637695e-01 3.569487929344177246e-01 8.094591498374938965e-01 6.520453691482543945e-01 6.397872567176818848e-01 6.353957653045654297e-01 6.739332675933837891e-01 4.121139049530029297e-01 7.307943701744079590e-01
8.306422829627990723e-01 6.975432634353637695e-01 4.423594772815704346e-01 8.094591498374938965e-01 8.033124804496765137e-01 7.612158656120300293e-01 6.353957653045654297e-01 6.739332675933837891e-01 9.420194625854492188e-01 7.307943701744079590e-01
6.725511550903320312e-01 6.975432634353637695e-01 6.453557610511779785e-01 4.790421724319458008e-01 7.805050015449523926e-01 8.279505372047424316e-01 9.017288088798522949e-01 6.739332675933837891e-01 9.487632513046264648e-01 7.307943701744079590e-01
6.915091276168823242e-01 6.975432634353637695e-01 4.423594772815704346e-01 8.094591498374938965e-01 7.805050015449523926e-01 8.170457482337951660e-01 9.017288088798522949e-01 6.739332675933837891e-01 9.487632513046264648e-01 7.307943701744079590e-01
6.725511550903320312e-01 6.975432634353637695e-01 6.453557610511779785e-01 7.417007088661193848e-01 4.576430320739746094e-01 8.172812461853027344e-01 9.017288088798522949e-01 6.739332675933837891e-01 8.755854964256286621e-01 7.307943701744079590e-01
6.725511550903320312e-01 6.975432634353637695e-01 7.815576791763305664e-01 7.417007088661193848e-01 8.033124804496765137e-01 8.172812461853027344e-01 9.017288088798522949e-01 6.739332675933837891e-01 8.557524085044860840e-01 7.307943701744079590e-01
6.725511550903320312e-01 6.975432634353637695e-01 7.815576791763305664e-01 6.530199646949768066e-01 7.126357555389404297e-01 8.138653039932250977e-01 9.017288088798522949e-01 6.739332675933837891e-01 8.755854964256286621e-01 7.307943701744079590e-01
6.139979958534240723e-01 6.975432634353637695e-01 4.423594772815704346e-01 5.764278173446655273e-01 8.033124804496765137e-01 8.752066493034362793e-01 9.017288088798522949e-01 6.739332675933837891e-01 9.487632513046264648e-01 7.307943701744079590e-01
6.139979958534240723e-01 6.975432634353637695e-01 4.423594772815704346e-01 5.764278173446655273e-01 8.033124804496765137e-01 9.070004820823669434e-01 9.017288088798522949e-01 6.739332675933837891e-01 9.600783586502075195e-01 7.307943701744079590e-01
6.139979958534240723e-01 6.975432634353637695e-01 6.093280315399169922e-01 8.281829357147216797e-01 8.033124804496765137e-01 8.130949735641479492e-01 9.017288088798522949e-01 6.739332675933837891e-01 9.264921545982360840e-01 7.307943701744079590e-01
5.856601595878601074e-01 6.975432634353637695e-01 6.461570262908935547e-01 7.392740249633789062e-01 7.805050015449523926e-01 5.683037638664245605e-01 7.490095496177673340e-01 4.386416673660278320e-01 7.723279595375061035e-01 7.307943701744079590e-01
5.856601595878601074e-01 6.975432634353637695e-01 6.461570262908935547e-01 7.392740249633789062e-01 7.805050015449523926e-01 6.470867991447448730e-01 7.490095496177673340e-01 4.386416673660278320e-01 5.358651876449584961e-01 7.307943701744079590e-01
5.856601595878601074e-01 6.975432634353637695e-01 6.461570262908935547e-01 7.392740249633789062e-01 7.805050015449523926e-01 5.736590027809143066e-01 7.490095496177673340e-01 4.386416673660278320e-01 8.660867810249328613e-01 7.307943701744079590e-01
6.657640337944030762e-01 6.975432634353637695e-01 6.461570262908935547e-01 7.392740249633789062e-01 7.805050015449523926e-01 7.187262773513793945e-01 7.490095496177673340e-01 4.386416673660278320e-01 8.583184480667114258e-01 7.307943701744079590e-01
6.657640337944030762e-01 6.975432634353637695e-01 4.859934151172637939e-01 7.392740249633789062e-01 7.805050015449523926e-01 7.135586738586425781e-01 7.490095496177673340e-01 4.386416673660278320e-01 8.583184480667114258e-01 7.307943701744079590e-01
6.657640337944030762e-01 3.508346378803253174e-01 5.380183458328247070e-01 7.392740249633789062e-01 7.805050015449523926e-01 9.021083116531372070e-01 9.079747200012207031e-01 8.419659137725830078e-01 9.875451922416687012e-01 7.307943701744079590e-01
8.477716445922851562e-01 3.508346378803253174e-01 8.261882066726684570e-01 8.300940990447998047e-01 7.805050015449523926e-01 9.221100807189941406e-01 9.079747200012207031e-01 8.419659137725830078e-01 9.763550162315368652e-01 7.307943701744079590e-01
8.477716445922851562e-01 3.508346378803253174e-01 8.527939319610595703e-01 7.431488037109375000e-01 6.719369888305664062e-01 9.338389635086059570e-01 8.920533061027526855e-01 8.419659137725830078e-01 9.720295071601867676e-01 7.307943701744079590e-01
8.709657192230224609e-01 3.508346378803253174e-01 8.527939319610595703e-01 8.473363518714904785e-01 8.490951061248779297e-01 9.208540320396423340e-01 8.920533061027526855e-01 8.495397567749023438e-01 9.913451671600341797e-01 8.146286010742187500e-01
8.709657192230224609e-01 3.508346378803253174e-01 8.527939319610595703e-01 8.473363518714904785e-01 6.719369888305664062e-01 9.200718402862548828e-01 8.920533061027526855e-01 8.419659137725830078e-01 9.400389790534973145e-01 7.307943701744079590e-01
8.709657192230224609e-01 3.508346378803253174e-01 8.527939319610595703e-01 6.267510056495666504e-01 4.634965956211090088e-01 9.329825043678283691e-01 8.920533061027526855e-01 8.419659137725830078e-01 9.866231083869934082e-01 7.307943701744079590e-01
8.454530239105224609e-01 3.508346378803253174e-01 8.527939319610595703e-01 7.431488037109375000e-01 4.634965956211090088e-01 8.541702032089233398e-01 8.920533061027526855e-01 8.419659137725830078e-01 5.183670520782470703e-01 7.307943701744079590e-01
8.186280131340026855e-01 3.508346378803253174e-01 8.527939319610595703e-01 7.431488037109375000e-01 4.634965956211090088e-01 8.541702032089233398e-01 8.920533061027526855e-01 8.419659137725830078e-01 5.183670520782470703e-01 7.307943701744079590e-01
8.186280131340026855e-01 3.508346378803253174e-01 8.527939319610595703e-01 6.267510056495666504e-01 4.634965956211090088e-01 9.767207503318786621e-01 8.920533061027526855e-01 4.221135079860687256e-01 6.620647311210632324e-01 7.307943701744079590e-01
8.186280131340026855e-01 3.508346378803253174e-01 2.564273774623870850e-01 6.267510056495666504e-01 7.805050015449523926e-01 8.009949922561645508e-01 8.920533061027526855e-01 8.419659137725830078e-01 6.620647311210632324e-01 7.307943701744079590e-01
8.454530239105224609e-01 3.508346378803253174e-01 8.527939319610595703e-01 7.064426541328430176e-01 4.634965956211090088e-01 6.455956697463989258e-01 8.920533061027526855e-01 8.419659137725830078e-01 6.620647311210632324e-01 7.307943701744079590e-01
3.659508526325225830e-01 3.508346378803253174e-01 1.325642317533493042e-01 2.789593636989593506e-01 4.634965956211090088e-01 5.587853193283081055e-01 7.142409682273864746e-01 4.386416673660278320e-01 6.620647311210632324e-01 7.307943701744079590e-01
3.659508526325225830e-01 3.508346378803253174e-01 1.325642317533493042e-01 3.338294625282287598e-01 4.980604946613311768e-01 7.490774393081665039e-01 3.055063784122467041e-01 4.386416673660278320e-01 8.194882869720458984e-01 7.307943701744079590e-01
3.659508526325225830e-01 3.508346378803253174e-01 2.310495972633361816e-01 3.338294625282287598e-01 4.980604946613311768e-01 7.989950180053710938e-01 3.055063784122467041e-01 4.386416673660278320e-01 7.466201186180114746e-01 7.307943701744079590e-01
3.659508526325225830e-01 3.508346378803253174e-01 2.310495972633361816e-01 3.338294625282287598e-01 4.980604946613311768e-01 7.989950180053710938e-01 3.055063784122467041e-01 4.386416673660278320e-01 6.351151466369628906e-01 7.307943701744079590e-01
3.659508526325225830e-01 3.508346378803253174e-01 1.325642317533493042e-01 2.789593636989593506e-01 4.634965956211090088e-01 7.506300806999206543e-01 3.055063784122467041e-01 4.386416673660278320e-01 9.133173823356628418e-01 7.307943701744079590e-01
3.659508526325225830e-01 3.508346378803253174e-01 1.325642317533493042e-01 2.789593636989593506e-01 4.634965956211090088e-01 7.506300806999206543e-01 3.055063784122467041e-01 4.386416673660278320e-01 8.994985222816467285e-01 7.307943701744079590e-01
3.659508526325225830e-01 3.508346378803253174e-01 2.310495972633361816e-01 2.789593636989593506e-01 4.980604946613311768e-01 8.764723539352416992e-01 3.055063784122467041e-01 4.386416673660278320e-01 9.428204298019409180e-01 7.307943701744079590e-01
3.659508526325225830e-01 3.508346378803253174e-01 2.310495972633361816e-01 2.789593636989593506e-01 4.634965956211090088e-01 7.506300806999206543e-01 3.055063784122467041e-01 4.386416673660278320e-01 9.411191344261169434e-01 7.307943701744079590e-01
3.459102809429168701e-01 3.508346378803253174e-01 2.310495972633361816e-01 5.316154956817626953e-01 4.980604946613311768e-01 2.871618270874023438e-01 3.055063784122467041e-01 4.386416673660278320e-01 6.388874650001525879e-01 7.307943701744079590e-01
1.998025178909301758e-01 3.508346378803253174e-01 2.310495972633361816e-01 5.316154956817626953e-01 4.980604946613311768e-01 6.980759501457214355e-01 3.055063784122467041e-01 4.386416673660278320e-01 5.345251560211181641e-01 7.307943701744079590e-01
1.998025178909301758e-01 3.508346378803253174e-01 1.346302926540374756e-01 5.316154956817626953e-01 4.980604946613311768e-01 5.731016993522644043e-01 7.490095496177673340e-01 4.386416673660278320e-01 8.041573762893676758e-01 7.307943701744079590e-01
3.659508526325225830e-01 3.508346378803253174e-01 2.310495972633361816e-01 2.789593636989593506e-01 4.634965956211090088e-01 8.495036363601684570e-01 7.490095496177673340e-01 4.386416673660278320e-01 8.615695238113403320e-01 7.307943701744079590e-01
8.186280131340026855e-01 3.508346378803253174e-01 5.630449056625366211e-01 5.827500820159912109e-01 4.634965956211090088e-01 9.186387658119201660e-01 9.079747200012207031e-01 8.419659137725830078e-01 9.302181005477905273e-01 7.307943701744079590e-01
6.359148025512695312e-01 3.508346378803253174e-01 5.855214595794677734e-01 5.827500820159912109e-01 4.634965956211090088e-01 9.722542762756347656e-01 6.384844183921813965e-01 8.419659137725830078e-01 8.522447347640991211e-01 7.307943701744079590e-01
6.359148025512695312e-01 3.508346378803253174e-01 5.855214595794677734e-01 5.827500820159912109e-01 4.634965956211090088e-01 8.449835777282714844e-01 6.384844183921813965e-01 8.419659137725830078e-01 8.522447347640991211e-01 7.307943701744079590e-01
3.659508526325225830e-01 3.508346378803253174e-01 2.310495972633361816e-01 7.055677175521850586e-01 4.634965956211090088e-01 7.506300806999206543e-01 3.055063784122467041e-01 4.386416673660278320e-01 9.419718384742736816e-01 7.307943701744079590e-01
6.359148025512695312e-01 3.508346378803253174e-01 7.352767586708068848e-01 7.055677175521850586e-01 4.634965956211090088e-01 8.682866692543029785e-01 6.384844183921813965e-01 8.419659137725830078e-01 9.302181005477905273e-01 7.307943701744079590e-01
7.333523035049438477e-01 3.508346378803253174e-01 5.855214595794677734e-01 6.963781118392944336e-01 8.253763914108276367e-01 9.878080487251281738e-01 7.910268306732177734e-01 6.511765122413635254e-01 9.401283264160156250e-01 7.795663475990295410e-01
6.359148025512695312e-01 3.508346378803253174e-01 5.855214595794677734e-01 6.963781118392944336e-01 4.634965956211090088e-01 9.457034468650817871e-01 8.246848583221435547e-01 8.419659137725830078e-01 8.842718601226806641e-01 7.307943701744079590e-01
8.186280131340026855e-01 3.508346378803253174e-01 8.527939319610595703e-01 7.055677175521850586e-01 4.634965956211090088e-01 9.006077051162719727e-01 5.925711393356323242e-01 8.419659137725830078e-01 9.676439762115478516e-01 7.307943701744079590e-01
3.459102809429168701e-01 3.508346378803253174e-01 1.325642317533493042e-01 4.804990887641906738e-01 4.634965956211090088e-01 8.037350177764892578e-01 3.055063784122467041e-01 4.386416673660278320e-01 9.511271119117736816e-01 7.307943701744079590e-01
3.459102809429168701e-01 3.508346378803253174e-01 1.325642317533493042e-01 5.316154956817626953e-01 7.805050015449523926e-01 9.647575020790100098e-01 3.055063784122467041e-01 4.386416673660278320e-01 7.770398259162902832e-01 7.307943701744079590e-01
3.659508526325225830e-01 3.508346378803253174e-01 1.325642317533493042e-01 7.055677175521850586e-01 4.980604946613311768e-01 9.522337317466735840e-01 7.142409682273864746e-01 4.386416673660278320e-01 7.317473292350769043e-01 7.307943701744079590e-01
2.255881875753402710e-01 3.508346378803253174e-01 1.325642317533493042e-01 7.055677175521850586e-01 4.980604946613311768e-01 9.425467848777770996e-01 7.142409682273864746e-01 4.386416673660278320e-01 8.151327967643737793e-01 7.307943701744079590e-01
3.659508526325225830e-01 3.508346378803253174e-01 1.325642317533493042e-01 7.810069322586059570e-01 8.033124804496765137e-01 9.343799352645874023e-01 7.142409682273864746e-01 4.386416673660278320e-01 7.317473292350769043e-01 7.307943701744079590e-01
4.116055369377136230e-01 3.508346378803253174e-01 2.501998841762542725e-01 7.055677175521850586e-01 4.634965956211090088e-01 8.743687272071838379e-01 7.142409682273864746e-01 4.386416673660278320e-01 7.579185962677001953e-01 7.307943701744079590e-01
8.454530239105224609e-01 3.508346378803253174e-01 9.751023054122924805e-01 5.013821125030517578e-01 6.324272751808166504e-01 7.766034007072448730e-01 8.920533061027526855e-01 8.419659137725830078e-01 9.441494941711425781e-01 7.307943701744079590e-01
8.454530239105224609e-01 3.508346378803253174e-01 9.751023054122924805e-01 6.340484023094177246e-01 6.324272751808166504e-01 6.495913267135620117e-01 8.920533061027526855e-01 8.419659137725830078e-01 9.441494941711425781e-01 7.307943701744079590e-01
8.454530239105224609e-01 3.508346378803253174e-01 6.998237967491149902e-01 5.013821125030517578e-01 7.179931402206420898e-01 9.704275727272033691e-01 8.920533061027526855e-01 8.419659137725830078e-01 9.535698294639587402e-01 7.307943701744079590e-01
6.791726350784301758e-01 3.508346378803253174e-01 6.998237967491149902e-01 7.055677175521850586e-01 4.634965956211090088e-01 9.384320974349975586e-01 8.920533061027526855e-01 8.419659137725830078e-01 8.785777091979980469e-01 7.307943701744079590e-01
3.659508526325225830e-01 3.508346378803253174e-01 2.501998841762542725e-01 7.055677175521850586e-01 4.634965956211090088e-01 7.672080993652343750e-01 7.142409682273864746e-01 4.386416673660278320e-01 7.884956598281860352e-01 7.307943701744079590e-01
6.359148025512695312e-01 3.508346378803253174e-01 7.801678180694580078e-01 7.055677175521850586e-01 4.634965956211090088e-01 8.682866692543029785e-01 9.093789458274841309e-01 8.419659137725830078e-01 8.785777091979980469e-01 7.307943701744079590e-01
3.659508526325225830e-01 3.508346378803253174e-01 7.801678180694580078e-01 7.055677175521850586e-01 4.634965956211090088e-01 5.809978842735290527e-01 6.384844183921813965e-01 8.419659137725830078e-01 6.692658662796020508e-01 7.307943701744079590e-01
7.333523035049438477e-01 3.508346378803253174e-01 9.052150845527648926e-01 6.963781118392944336e-01 6.324272751808166504e-01 8.530837297439575195e-01 7.910268306732177734e-01 6.511765122413635254e-01 8.921535015106201172e-01 7.307943701744079590e-01
4.761165976524353027e-01 3.508346378803253174e-01 6.113026738166809082e-01 5.013821125030517578e-01 6.324272751808166504e-01 8.658396601676940918e-01 6.770208477973937988e-01 5.318412184715270996e-01 9.572547078132629395e-01 7.307943701744079590e-01
7.333523035049438477e-01 3.508346378803253174e-01 9.689223766326904297e-01 6.963781118392944336e-01 6.324272751808166504e-01 9.895644187927246094e-01 7.910268306732177734e-01 8.419659137725830078e-01 9.897294044494628906e-01 7.307943701744079590e-01
7.041673064231872559e-01 3.508346378803253174e-01 9.881289601325988770e-01 6.963781118392944336e-01 8.253763914108276367e-01 9.961910247802734375e-01 9.207113981246948242e-01 8.287994861602783203e-01 9.931734204292297363e-01 7.795663475990295410e-01
8.829188942909240723e-01 3.508346378803253174e-01 9.881289601325988770e-01 9.026415348052978516e-01 8.253763914108276367e-01 9.996637105941772461e-01 9.207113981246948242e-01 8.495397567749023438e-01 9.931734204292297363e-01 7.795663475990295410e-01
8.829188942909240723e-01 7.763364911079406738e-01 9.715448617935180664e-01 9.574431777000427246e-01 8.253763914108276367e-01 9.996637105941772461e-01 9.207113981246948242e-01 8.495397567749023438e-01 9.931734204292297363e-01 7.795663475990295410e-01
9.631187319755554199e-01 3.508346378803253174e-01 9.820407629013061523e-01 9.026415348052978516e-01 6.936454176902770996e-01 9.784019589424133301e-01 9.223816394805908203e-01 6.511765122413635254e-01 9.678090810775756836e-01 7.307943701744079590e-01
9.631187319755554199e-01 3.508346378803253174e-01 9.820407629013061523e-01 9.567005634307861328e-01 6.936454176902770996e-01 9.784019589424133301e-01 9.223816394805908203e-01 6.511765122413635254e-01 9.777472615242004395e-01 7.307943701744079590e-01
9.631187319755554199e-01 3.508346378803253174e-01 9.820407629013061523e-01 9.567005634307861328e-01 6.936454176902770996e-01 9.775962829589843750e-01 9.223816394805908203e-01 4.221135079860687256e-01 9.986568689346313477e-01 7.307943701744079590e-01
8.289010524749755859e-01 3.508346378803253174e-01 9.820407629013061523e-01 9.567005634307861328e-01 6.324272751808166504e-01 7.037717700004577637e-01 9.223816394805908203e-01 4.221135079860687256e-01 8.937960267066955566e-01 7.307943701744079590e-01
6.155149936676025391e-01 3.508346378803253174e-01 6.678155660629272461e-01 8.210453987121582031e-01 4.980604946613311768e-01 8.852594494819641113e-01 7.823371291160583496e-01 5.318412184715270996e-01 9.825227260589599609e-01 7.307943701744079590e-01
8.740706443786621094e-01 3.508346378803253174e-01 9.464130997657775879e-01 9.567005634307861328e-01 8.253763914108276367e-01 9.708622694015502930e-01 9.223816394805908203e-01 8.495397567749023438e-01 9.805533885955810547e-01 7.795663475990295410e-01
8.740706443786621094e-01 3.508346378803253174e-01 9.464130997657775879e-01 9.567005634307861328e-01 9.330185055732727051e-01 9.833040237426757812e-01 9.223816394805908203e-01 8.495397567749023438e-01 9.805533885955810547e-01 7.795663475990295410e-01
8.740706443786621094e-01 3.508346378803253174e-01 9.464130997657775879e-01 9.127773046493530273e-01 7.316095829010009766e-01 9.506180286407470703e-01 9.223816394805908203e-01 4.221135079860687256e-01 9.836962819099426270e-01 5.000000000000000000e-01
8.740706443786621094e-01 3.508346378803253174e-01 9.464130997657775879e-01 9.127773046493530273e-01 4.980604946613311768e-01 9.770658612251281738e-01 9.223816394805908203e-01 8.419659137725830078e-01 8.756139278411865234e-01 7.307943701744079590e-01
8.423361778259277344e-01 3.508346378803253174e-01 9.464130997657775879e-01 7.166803479194641113e-01 7.179931402206420898e-01 9.770658612251281738e-01 9.223816394805908203e-01 8.419659137725830078e-01 9.816837906837463379e-01 7.307943701744079590e-01
9.364356398582458496e-01 3.508346378803253174e-01 6.678155660629272461e-01 8.210453987121582031e-01 4.980604946613311768e-01 9.506180286407470703e-01 9.223816394805908203e-01 4.221135079860687256e-01 9.706691503524780273e-01 7.307943701744079590e-01
8.423361778259277344e-01 3.508346378803253174e-01 9.464130997657775879e-01 7.166803479194641113e-01 7.179931402206420898e-01 9.544258117675781250e-01 9.223816394805908203e-01 4.221135079860687256e-01 9.578244090080261230e-01 7.307943701744079590e-01
9.211965203285217285e-01 3.508346378803253174e-01 9.251405000686645508e-01 7.166803479194641113e-01 4.167213737964630127e-01 9.480511546134948730e-01 9.223816394805908203e-01 6.511765122413635254e-01 9.768851995468139648e-01 5.000000000000000000e-01
9.382221698760986328e-01 3.508346378803253174e-01 9.251405000686645508e-01 8.422913551330566406e-01 4.167213737964630127e-01 9.900038838386535645e-01 9.223816394805908203e-01 8.495397567749023438e-01 9.124154448509216309e-01 5.000000000000000000e-01
8.224410414695739746e-01 3.508346378803253174e-01 9.251405000686645508e-01 6.733508706092834473e-01 3.834894895553588867e-01 8.428496718406677246e-01 8.920533061027526855e-01 8.495397567749023438e-01 8.651475906372070312e-01 5.000000000000000000e-01
6.791726350784301758e-01 3.508346378803253174e-01 9.464130997657775879e-01 8.422913551330566406e-01 4.167213737964630127e-01 9.506404399871826172e-01 8.920533061027526855e-01 8.495397567749023438e-01 8.184323310852050781e-01 5.000000000000000000e-01
9.228970408439636230e-01 3.508346378803253174e-01 9.712410569190979004e-01 9.381387829780578613e-01 4.167213737964630127e-01 8.654910922050476074e-01 8.920533061027526855e-01 8.495397567749023438e-01 9.786775112152099609e-01 8.146286010742187500e-01
9.228970408439636230e-01 3.508346378803253174e-01 9.712410569190979004e-01 9.697143435478210449e-01 3.834894895553588867e-01 7.318840622901916504e-01 8.920533061027526855e-01 6.511765122413635254e-01 9.786236286163330078e-01 8.146286010742187500e-01
9.378294944763183594e-01 3.508346378803253174e-01 9.712410569190979004e-01 9.381387829780578613e-01 8.033124804496765137e-01 9.635019302368164062e-01 8.920533061027526855e-01 8.419659137725830078e-01 6.221244335174560547e-01 7.307943701744079590e-01
9.378294944763183594e-01 3.508346378803253174e-01 9.712410569190979004e-01 8.877081871032714844e-01 4.980604946613311768e-01 8.378542661666870117e-01 8.920533061027526855e-01 8.419659137725830078e-01 7.139862179756164551e-01 7.307943701744079590e-01
9.705934524536132812e-01 3.508346378803253174e-01 7.832044363021850586e-01 8.210453987121582031e-01 4.980604946613311768e-01 8.258503675460815430e-01 8.920533061027526855e-01 4.221135079860687256e-01 2.616359889507293701e-01 7.307943701744079590e-01
8.454530239105224609e-01 3.508346378803253174e-01 9.712410569190979004e-01 9.697143435478210449e-01 4.980604946613311768e-01 9.516884088516235352e-01 8.920533061027526855e-01 8.419659137725830078e-01 6.900187134742736816e-01 7.307943701744079590e-01
8.954696059226989746e-01 3.508346378803253174e-01 9.420018196105957031e-01 9.697143435478210449e-01 4.167213737964630127e-01 9.516884088516235352e-01 8.920533061027526855e-01 8.495397567749023438e-01 9.455204010009765625e-01 8.146286010742187500e-01
4.482314288616180420e-01 3.508346378803253174e-01 8.946684002876281738e-01 9.567005634307861328e-01 7.035558819770812988e-01 9.562159180641174316e-01 7.566291093826293945e-01 8.495397567749023438e-01 9.561743140220642090e-01 7.795663475990295410e-01
6.773419976234436035e-01 3.508346378803253174e-01 9.420018196105957031e-01 9.697143435478210449e-01 3.834894895553588867e-01 7.955383062362670898e-01 7.566291093826293945e-01 8.495397567749023438e-01 9.674632549285888672e-01 8.146286010742187500e-01
6.773419976234436035e-01 3.508346378803253174e-01 9.420018196105957031e-01 9.697143435478210449e-01 7.035558819770812988e-01 9.209245443344116211e-01 7.566291093826293945e-01 8.495397567749023438e-01 8.267215490341186523e-01 8.146286010742187500e-01
6.773419976234436035e-01 3.508346378803253174e-01 9.420018196105957031e-01 9.697143435478210449e-01 3.834894895553588867e-01 6.207886338233947754e-01 8.920533061027526855e-01 8.495397567749023438e-01 8.995702862739562988e-01 8.146286010742187500e-01
7.682521939277648926e-01 3.508346378803253174e-01 9.464130997657775879e-01 8.453432917594909668e-01 7.035558819770812988e-01 9.132276773452758789e-01 8.920533061027526855e-01 8.495397567749023438e-01 5.291432142257690430e-01 5.000000000000000000e-01
6.773419976234436035e-01 3.508346378803253174e-01 9.420018196105957031e-01 8.879041671752929688e-01 7.989665865898132324e-01 8.304311037063598633e-01 8.920533061027526855e-01 8.495397567749023438e-01 7.379585504531860352e-01 8.146286010742187500e-01
9.378294944763183594e-01 3.508346378803253174e-01 9.712410569190979004e-01 8.879041671752929688e-01 6.265174746513366699e-01 6.215171813964843750e-01 8.920533061027526855e-01 8.495397567749023438e-01 6.463805437088012695e-01 8.146286010742187500e-01
8.454530239105224609e-01 3.508346378803253174e-01 9.712410569190979004e-01 8.879041671752929688e-01 7.989665865898132324e-01 5.217996239662170410e-01 8.920533061027526855e-01 8.495397567749023438e-01 6.463805437088012695e-01 8.146286010742187500e-01
8.454530239105224609e-01 3.508346378803253174e-01 9.712410569190979004e-01 8.879041671752929688e-01 9.381327033042907715e-01 6.215171813964843750e-01 8.920533061027526855e-01 8.495397567749023438e-01 6.432351469993591309e-01 8.146286010742187500e-01
8.454530239105224609e-01 3.508346378803253174e-01 9.267368912696838379e-01 9.697143435478210449e-01 7.989665865898132324e-01 6.215171813964843750e-01 8.920533061027526855e-01 8.495397567749023438e-01 7.352941632270812988e-01 8.146286010742187500e-01
8.454530239105224609e-01 3.508346378803253174e-01 9.267368912696838379e-01 9.697143435478210449e-01 9.457007646560668945e-01 8.594174385070800781e-01 8.920533061027526855e-01 8.495397567749023438e-01 6.049823164939880371e-01 8.146286010742187500e-01
6.791726350784301758e-01 3.508346378803253174e-01 6.695662140846252441e-01 8.602289557456970215e-01 9.381327033042907715e-01 3.586278557777404785e-01 8.920533061027526855e-01 8.495397567749023438e-01 6.646581292152404785e-01 7.795663475990295410e-01
7.333523035049438477e-01 3.508346378803253174e-01 9.247289299964904785e-01 9.567005634307861328e-01 9.381327033042907715e-01 9.010834097862243652e-01 7.910268306732177734e-01 8.495397567749023438e-01 3.210417628288269043e-01 7.795663475990295410e-01
7.333523035049438477e-01 3.508346378803253174e-01 9.743831753730773926e-01 9.026415348052978516e-01 9.381327033042907715e-01 8.292474150657653809e-01 7.910268306732177734e-01 8.495397567749023438e-01 3.210417628288269043e-01 7.795663475990295410e-01
7.333523035049438477e-01 3.508346378803253174e-01 9.820407629013061523e-01 9.026415348052978516e-01 9.381327033042907715e-01 2.625294625759124756e-01 7.948201298713684082e-01 8.495397567749023438e-01 3.210417628288269043e-01 7.795663475990295410e-01
6.791726350784301758e-01 3.508346378803253174e-01 9.573186635971069336e-01 9.026415348052978516e-01 9.381327033042907715e-01 3.404532968997955322e-01 8.920533061027526855e-01 8.495397567749023438e-01 6.688624620437622070e-01 7.795663475990295410e-01
8.454530239105224609e-01 3.508346378803253174e-01 9.772155880928039551e-01 9.307263493537902832e-01 9.381327033042907715e-01 3.405162990093231201e-01 8.920533061027526855e-01 8.495397567749023438e-01 2.878277301788330078e-01 8.146286010742187500e-01
9.378294944763183594e-01 3.508346378803253174e-01 9.529874324798583984e-01 9.381387829780578613e-01 9.052507281303405762e-01 6.646101474761962891e-01 8.920533061027526855e-01 8.495397567749023438e-01 9.213111400604248047e-01 8.146286010742187500e-01
9.378294944763183594e-01 3.508346378803253174e-01 8.682082295417785645e-01 9.381387829780578613e-01 9.052507281303405762e-01 3.983297646045684814e-01 8.920533061027526855e-01 8.495397567749023438e-01 5.592521429061889648e-01 8.146286010742187500e-01
9.378294944763183594e-01 3.508346378803253174e-01 8.682082295417785645e-01 9.381387829780578613e-01 7.279626727104187012e-01 7.500173449516296387e-01 8.920533061027526855e-01 4.221135079860687256e-01 2.292794287204742432e-01 7.307943701744079590e-01
9.378294944763183594e-01 3.508346378803253174e-01 8.682082295417785645e-01 9.381387829780578613e-01 9.167660474777221680e-01 9.387548565864562988e-01 8.920533061027526855e-01 4.221135079860687256e-01 7.165011018514633179e-02 7.307943701744079590e-01
9.378294944763183594e-01 3.508346378803253174e-01 9.712410569190979004e-01 9.697143435478210449e-01 8.926846981048583984e-01 9.685297012329101562e-01 8.920533061027526855e-01 4.221135079860687256e-01 5.271405577659606934e-01 8.146286010742187500e-01
8.454530239105224609e-01 3.508346378803253174e-01 9.712410569190979004e-01 9.434738159179687500e-01 8.929683566093444824e-01 9.428066611289978027e-01 8.920533061027526855e-01 8.419659137725830078e-01 4.928187653422355652e-02 7.307943701744079590e-01
6.791726350784301758e-01 3.508346378803253174e-01 9.464130997657775879e-01 8.422913551330566406e-01 8.202973604202270508e-01 9.428066611289978027e-01 8.920533061027526855e-01 8.495397567749023438e-01 9.768960624933242798e-02 5.000000000000000000e-01
7.333523035049438477e-01 7.763364911079406738e-01 9.397666454315185547e-01 9.574431777000427246e-01 9.381327033042907715e-01 9.278620481491088867e-01 7.910268306732177734e-01 8.495397567749023438e-01 9.300996661186218262e-01 7.795663475990295410e-01
7.333523035049438477e-01 7.763364911079406738e-01 9.921600222587585449e-01 9.574431777000427246e-01 9.381327033042907715e-01 9.958808422088623047e-01 7.910268306732177734e-01 8.495397567749023438e-01 9.674134254455566406e-01 7.795663475990295410e-01
