6.301628351211547852e-01 6.130251288414001465e-01 7.451497912406921387e-01 5.000000000000000000e-01 4.847397804260253906e-01 6.108747720718383789e-01 6.687141060829162598e-01 5.395697355270385742e-01 3.015354871749877930e-01 5.514553785324096680e-01
6.301628351211547852e-01 6.130251288414001465e-01 7.451497912406921387e-01 3.506922721862792969e-01 3.820635080337524414e-01 6.818248033523559570e-01 6.687141060829162598e-01 6.621998548507690430e-01 4.819050431251525879e-01 6.662195324897766113e-01
8.416047692298889160e-01 8.791642189025878906e-01 8.275746703147888184e-01 6.681855320930480957e-01 6.800057888031005859e-01 8.774054646492004395e-01 7.995072007179260254e-01 8.736855387687683105e-01 5.897562503814697266e-01 5.514553785324096680e-01
3.890853822231292725e-01 5.760963559150695801e-01 4.295476675033569336e-01 5.249767303466796875e-01 5.367578864097595215e-01 5.569348335266113281e-01 5.807408094406127930e-01 3.699098229408264160e-01 7.057831883430480957e-01 6.662195324897766113e-01
5.241714715957641602e-01 3.982124328613281250e-01 6.556031107902526855e-01 6.681855320930480957e-01 6.800057888031005859e-01 7.809939384460449219e-01 8.346943259239196777e-01 6.633384227752685547e-01 7.090759873390197754e-01 5.514553785324096680e-01
5.241714715957641602e-01 3.982124328613281250e-01 6.556031107902526855e-01 5.249767303466796875e-01 4.847719967365264893e-01 4.534029662609100342e-01 5.580199360847473145e-01 6.633384227752685547e-01 4.661830067634582520e-01 6.662195324897766113e-01
3.890853822231292725e-01 3.982124328613281250e-01 3.746493756771087646e-01 6.681855320930480957e-01 6.156361699104309082e-01 3.653891384601593018e-01 4.267898797988891602e-01 6.273215413093566895e-01 5.897562503814697266e-01 5.514553785324096680e-01
6.959812641143798828e-01 5.798097252845764160e-01 6.549968719482421875e-01 5.106023550033569336e-01 8.061258196830749512e-01 5.535118579864501953e-01 5.787517428398132324e-01 5.386561751365661621e-01 4.794254004955291748e-01 5.514553785324096680e-01
8.047853708267211914e-01 6.758773326873779297e-01 8.942486643791198730e-01 7.634026408195495605e-01 9.267889857292175293e-01 7.331865429878234863e-01 6.224277615547180176e-01 6.171978712081909180e-01 7.547187209129333496e-01 7.545020580291748047e-01
6.543559432029724121e-01 5.038003921508789062e-01 7.492094635963439941e-01 6.732835173606872559e-01 6.936241984367370605e-01 6.157408356666564941e-01 6.760002374649047852e-01 5.640180110931396484e-01 5.897562503814697266e-01 5.514553785324096680e-01
7.870621085166931152e-01 8.273269534111022949e-01 6.549968719482421875e-01 6.732835173606872559e-01 6.402931809425354004e-01 2.084186077117919922e-01 4.267898797988891602e-01 4.048255383968353271e-01 5.897562503814697266e-01 5.514553785324096680e-01
6.543559432029724121e-01 5.038003921508789062e-01 7.492094635963439941e-01 6.732835173606872559e-01 6.207543015480041504e-01 4.085481166839599609e-01 7.967140078544616699e-01 5.640180110931396484e-01 5.897562503814697266e-01 5.514553785324096680e-01
8.047853708267211914e-01 5.038003921508789062e-01 7.492094635963439941e-01 6.732835173606872559e-01 7.366188168525695801e-01 3.637864887714385986e-01 4.267898797988891602e-01 4.131137728691101074e-01 5.897562503814697266e-01 6.662195324897766113e-01
5.568169355392456055e-01 5.798097252845764160e-01 7.492094635963439941e-01 5.106023550033569336e-01 8.061258196830749512e-01 7.364546060562133789e-01 6.798907518386840820e-01 6.032944917678833008e-01 5.897562503814697266e-01 5.514553785324096680e-01
6.543559432029724121e-01 5.038003921508789062e-01 7.492094635963439941e-01 6.732835173606872559e-01 4.618566334247589111e-01 6.619606018066406250e-01 7.967140078544616699e-01 4.483197331428527832e-01 4.661830067634582520e-01 6.662195324897766113e-01
8.047853708267211914e-01 8.343540430068969727e-01 8.942486643791198730e-01 7.634026408195495605e-01 8.328692913055419922e-01 6.704853773117065430e-01 6.224277615547180176e-01 6.123495697975158691e-01 7.547187209129333496e-01 7.545020580291748047e-01
6.907529234886169434e-01 7.506586313247680664e-01 6.887368559837341309e-01 7.634026408195495605e-01 7.425132393836975098e-01 8.046031594276428223e-01 8.246386051177978516e-01 6.171978712081909180e-01 7.547187209129333496e-01 7.545020580291748047e-01
5.063515305519104004e-01 3.776639997959136963e-01 4.387410581111907959e-01 6.732835173606872559e-01 2.519153356552124023e-01 4.085481166839599609e-01 7.967140078544616699e-01 5.640180110931396484e-01 7.090759873390197754e-01 4.133841097354888916e-01
5.063515305519104004e-01 3.776639997959136963e-01 4.387410581111907959e-01 6.732835173606872559e-01 1.653606444597244263e-01 2.630077600479125977e-01 5.180990099906921387e-01 1.442561149597167969e-01 7.057831883430480957e-01 4.133841097354888916e-01
4.607911109924316406e-01 5.319541692733764648e-01 3.016050755977630615e-01 6.732835173606872559e-01 1.831207871437072754e-01 2.765443325042724609e-01 6.760002374649047852e-01 5.640180110931396484e-01 4.794254004955291748e-01 2.689433991909027100e-01
5.063515305519104004e-01 3.776639997959136963e-01 4.387410581111907959e-01 6.732835173606872559e-01 7.119120955467224121e-01 4.430335462093353271e-01 5.180990099906921387e-01 3.613766133785247803e-01 7.057831883430480957e-01 2.689433991909027100e-01
3.722650110721588135e-01 3.776639997959136963e-01 3.319016695022583008e-01 6.732835173606872559e-01 4.196323156356811523e-01 3.356326222419738770e-01 2.737253606319427490e-01 4.790186285972595215e-01 4.819050431251525879e-01 4.133841097354888916e-01
7.870621085166931152e-01 8.273269534111022949e-01 5.044950246810913086e-01 6.732835173606872559e-01 2.326914370059967041e-01 5.851550102233886719e-01 4.267898797988891602e-01 8.118185400962829590e-01 7.090759873390197754e-01 5.514553785324096680e-01
5.225652456283569336e-01 5.038003921508789062e-01 5.044950246810913086e-01 6.732835173606872559e-01 2.369489222764968872e-01 4.400721490383148193e-01 4.267898797988891602e-01 6.663118600845336914e-01 7.090759873390197754e-01 5.514553785324096680e-01
6.543559432029724121e-01 5.038003921508789062e-01 7.201968431472778320e-01 6.732835173606872559e-01 5.462836027145385742e-01 5.755345821380615234e-01 7.967140078544616699e-01 6.663118600845336914e-01 4.794254004955291748e-01 6.662195324897766113e-01
6.543559432029724121e-01 5.038003921508789062e-01 7.201968431472778320e-01 6.732835173606872559e-01 5.588729977607727051e-01 4.412698149681091309e-01 5.180990099906921387e-01 4.790186285972595215e-01 4.819050431251525879e-01 6.662195324897766113e-01
3.890853822231292725e-01 5.760963559150695801e-01 4.295476675033569336e-01 6.732835173606872559e-01 3.538946509361267090e-01 6.927871108055114746e-01 2.737253606319427490e-01 6.597580313682556152e-01 7.057831883430480957e-01 6.662195324897766113e-01
5.879065990447998047e-01 4.376387894153594971e-01 5.423052906990051270e-01 6.732835173606872559e-01 7.881129980087280273e-01 1.566296964883804321e-01 5.180990099906921387e-01 2.093616724014282227e-01 3.603683412075042725e-01 5.514553785324096680e-01
6.669611334800720215e-01 4.519772827625274658e-01 3.319016695022583008e-01 5.106023550033569336e-01 7.818514853715896606e-02 4.637024998664855957e-01 2.737253606319427490e-01 3.198034167289733887e-01 3.603683412075042725e-01 4.133841097354888916e-01
5.879065990447998047e-01 6.507220864295959473e-01 5.423052906990051270e-01 6.732835173606872559e-01 3.716739118099212646e-01 7.513100504875183105e-01 6.760002374649047852e-01 6.969979405403137207e-01 4.794254004955291748e-01 2.689433991909027100e-01
5.241714715957641602e-01 6.130251288414001465e-01 5.423052906990051270e-01 6.732835173606872559e-01 8.450130224227905273e-01 7.014222145080566406e-01 5.180990099906921387e-01 3.425410091876983643e-01 7.057831883430480957e-01 6.662195324897766113e-01
7.274504303932189941e-01 8.343540430068969727e-01 7.274047732353210449e-01 7.634026408195495605e-01 8.507216572761535645e-01 7.490140199661254883e-01 8.246386051177978516e-01 8.180776238441467285e-01 7.547187209129333496e-01 7.545020580291748047e-01
7.274504303932189941e-01 8.343540430068969727e-01 8.942486643791198730e-01 4.534706771373748779e-01 5.445004701614379883e-01 7.765219211578369141e-01 3.068378567695617676e-01 6.369699835777282715e-01 4.534706771373748779e-01 4.534706771373748779e-01
8.047853708267211914e-01 8.343540430068969727e-01 7.274047732353210449e-01 7.634026408195495605e-01 8.966054320335388184e-01 9.781717061996459961e-01 4.431723058223724365e-01 6.091489791870117188e-01 7.547187209129333496e-01 5.986852645874023438e-01
7.274504303932189941e-01 8.343540430068969727e-01 7.274047732353210449e-01 4.534706771373748779e-01 7.921439409255981445e-01 9.480965137481689453e-01 5.580584406852722168e-01 7.878365516662597656e-01 4.534706771373748779e-01 4.534706771373748779e-01
7.274504303932189941e-01 8.343540430068969727e-01 7.274047732353210449e-01 7.634026408195495605e-01 9.353874325752258301e-01 9.117859005928039551e-01 6.224277615547180176e-01 8.138712644577026367e-01 7.547187209129333496e-01 7.545020580291748047e-01
8.047853708267211914e-01 8.343540430068969727e-01 8.193274736404418945e-01 7.634026408195495605e-01 9.579631090164184570e-01 8.470064401626586914e-01 6.942222118377685547e-01 7.741236090660095215e-01 7.547187209129333496e-01 5.986852645874023438e-01
8.047853708267211914e-01 8.343540430068969727e-01 8.193274736404418945e-01 7.634026408195495605e-01 9.242984056472778320e-01 9.313506484031677246e-01 8.246386051177978516e-01 7.400255203247070312e-01 7.547187209129333496e-01 7.545020580291748047e-01
6.543559432029724121e-01 7.085117101669311523e-01 6.156923770904541016e-01 6.732835173606872559e-01 7.817511558532714844e-01 9.138281345367431641e-01 3.640095889568328857e-01 6.712923049926757812e-01 7.057831883430480957e-01 4.766859114170074463e-01
5.063515305519104004e-01 3.657154440879821777e-01 3.016050755977630615e-01 6.732835173606872559e-01 7.303720712661743164e-01 7.237163782119750977e-01 6.802999973297119141e-01 5.306434631347656250e-01 7.057831883430480957e-01 4.756024181842803955e-01
3.722650110721588135e-01 5.923019647598266602e-01 3.319016695022583008e-01 6.732835173606872559e-01 5.369617342948913574e-01 4.637457728385925293e-01 4.272500574588775635e-01 5.255416035652160645e-01 5.223240852355957031e-01 4.756024181842803955e-01
5.063515305519104004e-01 5.923019647598266602e-01 4.387410581111907959e-01 6.732835173606872559e-01 5.002720355987548828e-01 3.615990579128265381e-01 6.802999973297119141e-01 6.428315043449401855e-01 4.819050431251525879e-01 6.641947627067565918e-01
6.669611334800720215e-01 7.411823868751525879e-01 3.319016695022583008e-01 6.732835173606872559e-01 4.303698837757110596e-01 4.533354341983795166e-01 2.737253606319427490e-01 6.428315043449401855e-01 5.223240852355957031e-01 4.133841097354888916e-01
4.880050718784332275e-01 3.657154440879821777e-01 3.016050755977630615e-01 6.732835173606872559e-01 5.202445983886718750e-01 3.688876330852508545e-01 3.640095889568328857e-01 6.428315043449401855e-01 7.057831883430480957e-01 4.133841097354888916e-01
5.063515305519104004e-01 3.657154440879821777e-01 3.016050755977630615e-01 6.732835173606872559e-01 6.512514948844909668e-01 5.939130187034606934e-01 5.006004571914672852e-01 4.103080928325653076e-01 7.057831883430480957e-01 4.756024181842803955e-01
4.050225317478179932e-01 4.519772827625274658e-01 5.567200779914855957e-01 5.106023550033569336e-01 8.238661289215087891e-01 7.936806678771972656e-01 5.180990099906921387e-01 6.523389816284179688e-01 5.223240852355957031e-01 4.133841097354888916e-01
5.536425709724426270e-01 3.968717455863952637e-01 3.016050755977630615e-01 5.106023550033569336e-01 3.207591176033020020e-01 6.029908657073974609e-01 5.180990099906921387e-01 3.080201447010040283e-01 3.603683412075042725e-01 2.689433991909027100e-01
5.911909937858581543e-01 7.506586313247680664e-01 6.887368559837341309e-01 7.634026408195495605e-01 9.327611923217773438e-01 6.398648023605346680e-01 8.246386051177978516e-01 8.222286701202392578e-01 7.547187209129333496e-01 7.545020580291748047e-01
6.907529234886169434e-01 5.923019647598266602e-01 3.319016695022583008e-01 3.685468137264251709e-01 6.825454235076904297e-01 7.438111305236816406e-01 2.737253606319427490e-01 4.103080928325653076e-01 7.057831883430480957e-01 4.133841097354888916e-01
5.911909937858581543e-01 7.506586313247680664e-01 6.887368559837341309e-01 7.634026408195495605e-01 8.988502621650695801e-01 9.395831823348999023e-01 8.246386051177978516e-01 9.001019597053527832e-01 6.201047897338867188e-01 7.545020580291748047e-01
7.274504303932189941e-01 8.343540430068969727e-01 7.274047732353210449e-01 4.534706771373748779e-01 7.921439409255981445e-01 5.886367559432983398e-01 5.580584406852722168e-01 5.331946611404418945e-01 4.534706771373748779e-01 4.534706771373748779e-01
5.225652456283569336e-01 5.465695261955261230e-01 5.044950246810913086e-01 3.685468137264251709e-01 3.043128848075866699e-01 7.512724995613098145e-01 1.640660613775253296e-01 2.548582553863525391e-01 3.318130970001220703e-01 4.460874199867248535e-01
5.225652456283569336e-01 5.465695261955261230e-01 5.044950246810913086e-01 4.304561018943786621e-01 4.684444963932037354e-01 7.237163782119750977e-01 2.152004390954971313e-01 1.575065404176712036e-01 3.318130970001220703e-01 4.460874199867248535e-01
6.543559432029724121e-01 5.465695261955261230e-01 7.201968431472778320e-01 3.506922721862792969e-01 4.425771832466125488e-01 4.214140474796295166e-01 2.692606449127197266e-01 5.678448677062988281e-01 4.801996648311614990e-01 3.236956298351287842e-01
1.908070594072341919e-01 1.555409878492355347e-01 2.119885683059692383e-01 3.506922721862792969e-01 1.331315338611602783e-01 4.089687466621398926e-01 2.692606449127197266e-01 4.495699405670166016e-01 3.318130970001220703e-01 3.236956298351287842e-01
3.975399434566497803e-01 3.422720134258270264e-01 3.297684192657470703e-01 4.046319127082824707e-01 2.176965624094009399e-01 3.463359177112579346e-01 2.692606449127197266e-01 5.880261659622192383e-01 3.318130970001220703e-01 3.236956298351287842e-01
7.199128270149230957e-01 6.554941534996032715e-01 4.692913889884948730e-01 5.986868739128112793e-01 5.158594250679016113e-01 7.021979093551635742e-01 3.361895978450775146e-01 2.645908296108245850e-01 3.603683412075042725e-01 5.514553785324096680e-01
7.199128270149230957e-01 6.554941534996032715e-01 4.692913889884948730e-01 5.106023550033569336e-01 3.362982571125030518e-01 8.038239479064941406e-01 5.001302957534790039e-01 4.384079277515411377e-01 7.090759873390197754e-01 5.514553785324096680e-01
3.975399434566497803e-01 3.422720134258270264e-01 2.119885683059692383e-01 3.506922721862792969e-01 1.331315338611602783e-01 6.341176629066467285e-01 3.361895978450775146e-01 2.550054490566253662e-01 7.057831883430480957e-01 4.766859114170074463e-01
3.975399434566497803e-01 3.422720134258270264e-01 3.297684192657470703e-01 4.046319127082824707e-01 3.285669684410095215e-01 3.463359177112579346e-01 3.361895978450775146e-01 4.676432907581329346e-01 7.057831883430480957e-01 6.662195324897766113e-01
6.959812641143798828e-01 5.798097252845764160e-01 5.044950246810913086e-01 5.106023550033569336e-01 8.299176096916198730e-01 4.098725318908691406e-01 2.737253606319427490e-01 3.080201447010040283e-01 3.603683412075042725e-01 5.514553785324096680e-01
5.568169355392456055e-01 5.798097252845764160e-01 3.746493756771087646e-01 5.106023550033569336e-01 6.855298280715942383e-01 4.828919172286987305e-01 4.267898797988891602e-01 3.755283653736114502e-01 5.897562503814697266e-01 5.514553785324096680e-01
6.543559432029724121e-01 7.085117101669311523e-01 6.156923770904541016e-01 6.732835173606872559e-01 5.448868274688720703e-01 3.976284563541412354e-01 5.180990099906921387e-01 3.543045520782470703e-01 7.057831883430480957e-01 6.662195324897766113e-01
5.225652456283569336e-01 7.085117101669311523e-01 5.044950246810913086e-01 4.750233292579650879e-01 1.645060330629348755e-01 7.852911949157714844e-01 2.737253606319427490e-01 5.306434631347656250e-01 7.057831883430480957e-01 4.766859114170074463e-01
5.225652456283569336e-01 7.085117101669311523e-01 5.044950246810913086e-01 6.732835173606872559e-01 7.412376403808593750e-01 4.667492508888244629e-01 2.737253606319427490e-01 5.255416035652160645e-01 5.223240852355957031e-01 5.514553785324096680e-01
8.047853708267211914e-01 7.085117101669311523e-01 4.461290240287780762e-01 6.732835173606872559e-01 8.397786021232604980e-01 4.721664786338806152e-01 5.006004571914672852e-01 6.712923049926757812e-01 7.057831883430480957e-01 6.662195324897766113e-01
7.274504303932189941e-01 5.798097252845764160e-01 8.193274736404418945e-01 7.634026408195495605e-01 9.294961690902709961e-01 8.681802749633789062e-01 8.246386051177978516e-01 9.001019597053527832e-01 7.547187209129333496e-01 7.545020580291748047e-01
8.047853708267211914e-01 8.273269534111022949e-01 5.044950246810913086e-01 6.732835173606872559e-01 8.131933808326721191e-01 6.223046183586120605e-01 2.737253606319427490e-01 3.525339365005493164e-01 3.603683412075042725e-01 5.514553785324096680e-01
8.047853708267211914e-01 7.085117101669311523e-01 6.156923770904541016e-01 7.634026408195495605e-01 9.346685409545898438e-01 6.903973817825317383e-01 7.145661115646362305e-01 8.222286701202392578e-01 7.547187209129333496e-01 7.545020580291748047e-01
7.274504303932189941e-01 8.343540430068969727e-01 8.612806200981140137e-01 7.634026408195495605e-01 9.089255928993225098e-01 8.118317723274230957e-01 6.224277615547180176e-01 6.745853424072265625e-01 7.547187209129333496e-01 7.545020580291748047e-01
7.274504303932189941e-01 8.343540430068969727e-01 7.274047732353210449e-01 4.534706771373748779e-01 7.921439409255981445e-01 9.098134040832519531e-01 5.580584406852722168e-01 6.369699835777282715e-01 4.534706771373748779e-01 4.534706771373748779e-01
6.959812641143798828e-01 5.798097252845764160e-01 4.852547049522399902e-01 5.106023550033569336e-01 8.358538746833801270e-01 7.379003763198852539e-01 6.798907518386840820e-01 5.386561751365661621e-01 5.897562503814697266e-01 5.514553785324096680e-01
2.561575174331665039e-01 2.200978249311447144e-01 4.353303611278533936e-01 2.460129857063293457e-01 2.656062841415405273e-01 3.975872993469238281e-01 2.086967825889587402e-01 3.351280987262725830e-01 7.057831883430480957e-01 4.766859114170074463e-01
1.542060822248458862e-01 1.318924129009246826e-01 2.070286720991134644e-01 2.460129857063293457e-01 9.696803241968154907e-02 6.438864469528198242e-01 2.086967825889587402e-01 3.267537951469421387e-01 7.057831883430480957e-01 6.641947627067565918e-01
1.542060822248458862e-01 1.318924129009246826e-01 2.070286720991134644e-01 2.460129857063293457e-01 1.502665579319000244e-01 8.395080566406250000e-01 5.006004571914672852e-01 3.469715714454650879e-01 7.057831883430480957e-01 4.756024181842803955e-01
5.820501446723937988e-01 5.321061015129089355e-01 4.618396461009979248e-01 5.106023550033569336e-01 6.092281937599182129e-01 7.653601765632629395e-01 5.006004571914672852e-01 3.134872019290924072e-01 5.223240852355957031e-01 4.756024181842803955e-01
6.669611334800720215e-01 7.411823868751525879e-01 3.319016695022583008e-01 6.732835173606872559e-01 6.718937158584594727e-01 5.573430657386779785e-01 5.006004571914672852e-01 5.255416035652160645e-01 5.223240852355957031e-01 2.689433991909027100e-01
5.911909937858581543e-01 7.506586313247680664e-01 6.887368559837341309e-01 7.634026408195495605e-01 9.327611923217773438e-01 8.863112330436706543e-01 8.246386051177978516e-01 8.097922801971435547e-01 7.547187209129333496e-01 7.545020580291748047e-01
3.044441938400268555e-01 3.657154440879821777e-01 3.016050755977630615e-01 6.732835173606872559e-01 3.097669780254364014e-01 6.638453006744384766e-01 3.361895978450775146e-01 4.694132506847381592e-01 3.603683412075042725e-01 2.689433991909027100e-01
5.063515305519104004e-01 3.140627145767211914e-01 4.618396461009979248e-01 6.732835173606872559e-01 3.999344706535339355e-01 6.783813834190368652e-01 3.361895978450775146e-01 2.548582553863525391e-01 7.057831883430480957e-01 4.133841097354888916e-01
5.063515305519104004e-01 5.923019647598266602e-01 4.387410581111907959e-01 6.732835173606872559e-01 5.539216399192810059e-01 2.321204394102096558e-01 3.361895978450775146e-01 2.548582553863525391e-01 4.819050431251525879e-01 2.689433991909027100e-01
3.044441938400268555e-01 3.657154440879821777e-01 3.016050755977630615e-01 6.732835173606872559e-01 3.274140357971191406e-01 6.028881072998046875e-01 5.180990099906921387e-01 3.259562551975250244e-01 3.603683412075042725e-01 4.133841097354888916e-01
3.044441938400268555e-01 3.109824061393737793e-01 3.216210603713989258e-01 5.986868739128112793e-01 3.865015804767608643e-01 4.902997016906738281e-01 2.692606449127197266e-01 6.236164569854736328e-01 3.318130970001220703e-01 4.460874199867248535e-01
3.727503418922424316e-01 3.109824061393737793e-01 3.216210603713989258e-01 5.986868739128112793e-01 5.131030082702636719e-01 5.128836631774902344e-01 3.412782251834869385e-01 6.236164569854736328e-01 3.603683412075042725e-01 4.460874199867248535e-01
4.607911109924316406e-01 3.968717455863952637e-01 6.868587136268615723e-01 5.986868739128112793e-01 5.931894779205322266e-01 7.013919353485107422e-01 5.517714619636535645e-01 4.181224703788757324e-01 5.897562503814697266e-01 5.695438981056213379e-01
7.274504303932189941e-01 5.798097252845764160e-01 3.746493756771087646e-01 7.634026408195495605e-01 9.089255928993225098e-01 8.131786584854125977e-01 6.224277615547180176e-01 3.755283653736114502e-01 6.201047897338867188e-01 7.545020580291748047e-01
7.274504303932189941e-01 8.343540430068969727e-01 7.274047732353210449e-01 7.634026408195495605e-01 8.507216572761535645e-01 8.131786584854125977e-01 6.224277615547180176e-01 8.766176700592041016e-01 7.547187209129333496e-01 7.545020580291748047e-01
8.047853708267211914e-01 8.343540430068969727e-01 8.193274736404418945e-01 7.634026408195495605e-01 8.277773857116699219e-01 9.594988822937011719e-01 6.224277615547180176e-01 6.413328051567077637e-01 7.547187209129333496e-01 7.545020580291748047e-01
8.047853708267211914e-01 8.343540430068969727e-01 6.951208114624023438e-01 7.634026408195495605e-01 8.953180313110351562e-01 9.360377192497253418e-01 6.889783143997192383e-01 8.399534225463867188e-01 7.547187209129333496e-01 7.545020580291748047e-01
7.274504303932189941e-01 8.343540430068969727e-01 8.612806200981140137e-01 7.634026408195495605e-01 9.637916088104248047e-01 9.498260021209716797e-01 8.246386051177978516e-01 9.326182007789611816e-01 7.547187209129333496e-01 7.545020580291748047e-01
7.274504303932189941e-01 8.343540430068969727e-01 7.274047732353210449e-01 7.634026408195495605e-01 9.353874325752258301e-01 9.286080002784729004e-01 6.224277615547180176e-01 8.009916543960571289e-01 7.547187209129333496e-01 7.545020580291748047e-01
8.047853708267211914e-01 8.343540430068969727e-01 8.193274736404418945e-01 7.634026408195495605e-01 9.346685409545898438e-01 9.603657126426696777e-01 6.224277615547180176e-01 8.766176700592041016e-01 7.547187209129333496e-01 7.545020580291748047e-01
8.047853708267211914e-01 4.337625205516815186e-01 4.692913889884948730e-01 4.750233292579650879e-01 6.340496540069580078e-01 7.161844968795776367e-01 2.086967825889587402e-01 6.503920555114746094e-01 7.057831883430480957e-01 4.766859114170074463e-01
7.274504303932189941e-01 4.337625205516815186e-01 4.692913889884948730e-01 7.634026408195495605e-01 8.809869289398193359e-01 8.613376021385192871e-01 6.889783143997192383e-01 7.146802544593811035e-01 7.547187209129333496e-01 7.545020580291748047e-01
7.274504303932189941e-01 8.343540430068969727e-01 8.193274736404418945e-01 7.634026408195495605e-01 8.857987523078918457e-01 8.863112330436706543e-01 8.246386051177978516e-01 7.237703204154968262e-01 7.547187209129333496e-01 7.545020580291748047e-01
8.047853708267211914e-01 8.343540430068969727e-01 8.193274736404418945e-01 7.634026408195495605e-01 9.295130372047424316e-01 8.818738460540771484e-01 6.224277615547180176e-01 8.766176700592041016e-01 7.547187209129333496e-01 7.545020580291748047e-01
8.047853708267211914e-01 8.343540430068969727e-01 8.193274736404418945e-01 7.634026408195495605e-01 9.063965678215026855e-01 8.236431479454040527e-01 8.246386051177978516e-01 8.222286701202392578e-01 7.547187209129333496e-01 7.545020580291748047e-01
7.870621085166931152e-01 8.273269534111022949e-01 6.156923770904541016e-01 6.732835173606872559e-01 3.721140325069427490e-01 1.895053088665008545e-01 5.180990099906921387e-01 4.694132506847381592e-01 3.603683412075042725e-01 5.514553785324096680e-01
6.543559432029724121e-01 7.085117101669311523e-01 7.201968431472778320e-01 4.750233292579650879e-01 7.817511558532714844e-01 8.555106520652770996e-01 2.296159714460372925e-01 6.712923049926757812e-01 7.057831883430480957e-01 4.766859114170074463e-01
3.722650110721588135e-01 3.140627145767211914e-01 4.618396461009979248e-01 6.732835173606872559e-01 2.680412828922271729e-01 4.637457728385925293e-01 5.006004571914672852e-01 5.255416035652160645e-01 5.223240852355957031e-01 4.756024181842803955e-01
5.911909937858581543e-01 7.506586313247680664e-01 6.887368559837341309e-01 7.634026408195495605e-01 9.327611923217773438e-01 8.665145635604858398e-01 6.889783143997192383e-01 9.001019597053527832e-01 7.547187209129333496e-01 7.545020580291748047e-01
6.907529234886169434e-01 6.574887037277221680e-01 5.663703680038452148e-01 6.216987967491149902e-01 6.049071550369262695e-01 9.331098198890686035e-01 6.889783143997192383e-01 8.138712644577026367e-01 7.547187209129333496e-01 7.545020580291748047e-01
6.907529234886169434e-01 5.443819761276245117e-01 5.500386953353881836e-01 6.216987967491149902e-01 8.321411013603210449e-01 9.405530095100402832e-01 6.889783143997192383e-01 8.766176700592041016e-01 7.547187209129333496e-01 7.545020580291748047e-01
3.816053569316864014e-01 5.443819761276245117e-01 5.500386953353881836e-01 7.634026408195495605e-01 9.008771777153015137e-01 9.403448700904846191e-01 7.145661115646362305e-01 8.673724532127380371e-01 6.201047897338867188e-01 7.545020580291748047e-01
5.911909937858581543e-01 7.506586313247680664e-01 6.887368559837341309e-01 7.634026408195495605e-01 8.424485921859741211e-01 8.131786584854125977e-01 6.224277615547180176e-01 7.710796594619750977e-01 7.547187209129333496e-01 7.545020580291748047e-01
7.274504303932189941e-01 8.343540430068969727e-01 7.274047732353210449e-01 7.634026408195495605e-01 9.089255928993225098e-01 9.135662317276000977e-01 6.224277615547180176e-01 8.009916543960571289e-01 7.547187209129333496e-01 7.545020580291748047e-01
6.543559432029724121e-01 5.465695261955261230e-01 6.156923770904541016e-01 6.732835173606872559e-01 5.779641866683959961e-01 2.423758506774902344e-01 3.670442104339599609e-01 7.256668210029602051e-01 4.661830067634582520e-01 4.460874199867248535e-01
6.543559432029724121e-01 5.465695261955261230e-01 4.461290240287780762e-01 5.986868739128112793e-01 4.884658157825469971e-01 6.016693711280822754e-01 2.692606449127197266e-01 5.099935531616210938e-01 3.318130970001220703e-01 4.460874199867248535e-01
7.199128270149230957e-01 6.554941534996032715e-01 4.692913889884948730e-01 4.304561018943786621e-01 4.494191110134124756e-01 5.220584869384765625e-01 2.086967825889587402e-01 6.712923049926757812e-01 3.318130970001220703e-01 4.460874199867248535e-01
5.568169355392456055e-01 6.554941534996032715e-01 2.708972692489624023e-01 5.986868739128112793e-01 3.676852583885192871e-01 5.504041910171508789e-01 3.412782251834869385e-01 5.255416035652160645e-01 5.223240852355957031e-01 4.460874199867248535e-01
4.081190824508666992e-01 4.337625205516815186e-01 4.692913889884948730e-01 3.685468137264251709e-01 4.082263708114624023e-01 3.296487331390380859e-01 2.692606449127197266e-01 6.712923049926757812e-01 3.318130970001220703e-01 4.460874199867248535e-01
5.568169355392456055e-01 6.554941534996032715e-01 2.708972692489624023e-01 5.986868739128112793e-01 7.540018558502197266e-01 3.317018449306488037e-01 3.412782251834869385e-01 3.134116232395172119e-01 5.223240852355957031e-01 4.460874199867248535e-01
5.992999076843261719e-01 5.535829067230224609e-01 5.653640031814575195e-01 5.986868739128112793e-01 5.544915199279785156e-01 5.633404254913330078e-01 2.692606449127197266e-01 4.603231251239776611e-01 4.801996648311614990e-01 4.460874199867248535e-01
5.992999076843261719e-01 5.535829067230224609e-01 5.653640031814575195e-01 5.986868739128112793e-01 1.388738602399826050e-01 6.016693711280822754e-01 2.692606449127197266e-01 3.488746881484985352e-01 3.318130970001220703e-01 4.460874199867248535e-01
8.416047692298889160e-01 8.681150674819946289e-01 5.423052906990051270e-01 5.986868739128112793e-01 5.443205833435058594e-01 7.936806678771972656e-01 5.180990099906921387e-01 7.610455751419067383e-01 3.603683412075042725e-01 5.514553785324096680e-01
3.890853822231292725e-01 6.130251288414001465e-01 6.556031107902526855e-01 3.506922721862792969e-01 3.074575662612915039e-01 3.239591121673583984e-01 3.361895978450775146e-01 6.059578657150268555e-01 7.057831883430480957e-01 6.662195324897766113e-01
2.774378359317779541e-01 2.532588839530944824e-01 4.198759794235229492e-01 3.506922721862792969e-01 2.756392359733581543e-01 2.311066091060638428e-01 4.984729588031768799e-01 5.253521203994750977e-01 4.819050431251525879e-01 6.662195324897766113e-01
7.911829352378845215e-01 5.140063762664794922e-01 6.556031107902526855e-01 3.506922721862792969e-01 5.660840272903442383e-01 4.786063432693481445e-01 3.538751006126403809e-01 6.007816791534423828e-01 3.015354871749877930e-01 3.236956298351287842e-01
5.241714715957641602e-01 4.399657547473907471e-01 6.556031107902526855e-01 5.000000000000000000e-01 6.103275418281555176e-01 6.958116888999938965e-01 4.196613430976867676e-01 5.645673871040344238e-01 3.015354871749877930e-01 3.236956298351287842e-01
6.826173663139343262e-01 4.037471115589141846e-01 4.198759794235229492e-01 6.681855320930480957e-01 5.251999497413635254e-01 4.361172914505004883e-01 5.041524171829223633e-01 5.645673871040344238e-01 3.015354871749877930e-01 3.236956298351287842e-01
3.890853822231292725e-01 4.399657547473907471e-01 4.295476675033569336e-01 3.506922721862792969e-01 3.073166012763977051e-01 3.749439418315887451e-01 4.196613430976867676e-01 6.059578657150268555e-01 3.318130970001220703e-01 3.236956298351287842e-01
3.890853822231292725e-01 4.399657547473907471e-01 4.295476675033569336e-01 4.046319127082824707e-01 6.126284003257751465e-01 5.796808004379272461e-01 6.737275719642639160e-01 3.496703505516052246e-01 3.015354871749877930e-01 3.236956298351287842e-01
5.558559894561767578e-01 6.367961764335632324e-01 5.314121842384338379e-01 3.506922721862792969e-01 4.936714172363281250e-01 1.633140593767166138e-01 4.196613430976867676e-01 7.352959513664245605e-01 3.318130970001220703e-01 3.236956298351287842e-01
3.890853822231292725e-01 6.130251288414001465e-01 4.295476675033569336e-01 3.506922721862792969e-01 4.019008874893188477e-01 6.181929111480712891e-01 6.687141060829162598e-01 3.496703505516052246e-01 3.015354871749877930e-01 5.514553785324096680e-01
3.890853822231292725e-01 6.130251288414001465e-01 4.295476675033569336e-01 4.046319127082824707e-01 6.221299767494201660e-01 6.559655666351318359e-01 6.629827618598937988e-01 7.352959513664245605e-01 7.057831883430480957e-01 6.641947627067565918e-01
5.558559894561767578e-01 4.980883598327636719e-01 5.314121842384338379e-01 4.046319127082824707e-01 4.415073692798614502e-01 5.117595791816711426e-01 4.196613430976867676e-01 7.114931344985961914e-01 3.318130970001220703e-01 3.236956298351287842e-01
2.774378359317779541e-01 5.535829067230224609e-01 2.835276424884796143e-01 4.304561018943786621e-01 8.016492128372192383e-01 7.781125903129577637e-01 4.196613430976867676e-01 4.090748429298400879e-01 3.318130970001220703e-01 4.460874199867248535e-01
6.436321139335632324e-01 7.232965230941772461e-01 3.534006178379058838e-01 5.986868739128112793e-01 8.509436845779418945e-01 3.778393566608428955e-01 3.412782251834869385e-01 3.428100943565368652e-01 5.223240852355957031e-01 4.460874199867248535e-01
