2.527299225330352783e-01 2.856361567974090576e-01 2.963801026344299316e-01 3.422521948814392090e-01 2.331623584032058716e-01 3.726699352264404297e-01 2.815808951854705811e-01 3.149668872356414795e-01 3.149668872356414795e-01 3.149668872356414795e-01
2.527299225330352783e-01 7.061526775360107422e-01 2.963801026344299316e-01 3.422521948814392090e-01 2.331623584032058716e-01 3.726699352264404297e-01 2.815808951854705811e-01 3.149668872356414795e-01 3.149668872356414795e-01 3.149668872356414795e-01
4.761290252208709717e-01 7.061526775360107422e-01 2.963801026344299316e-01 3.422521948814392090e-01 4.290620684623718262e-01 1.952131688594818115e-01 2.815808951854705811e-01 3.149668872356414795e-01 3.149668872356414795e-01 3.149668872356414795e-01
2.527299225330352783e-01 7.061526775360107422e-01 2.963801026344299316e-01 3.422521948814392090e-01 4.290620684623718262e-01 3.726699352264404297e-01 2.815808951854705811e-01 3.149668872356414795e-01 3.149668872356414795e-01 3.149668872356414795e-01
4.761290252208709717e-01 3.497594892978668213e-01 2.963801026344299316e-01 3.422521948814392090e-01 4.290620684623718262e-01 1.952131688594818115e-01 2.815808951854705811e-01 3.149668872356414795e-01 3.149668872356414795e-01 3.149668872356414795e-01
2.527299225330352783e-01 7.061526775360107422e-01 2.963801026344299316e-01 3.422521948814392090e-01 4.290620684623718262e-01 1.952131688594818115e-01 2.815808951854705811e-01 3.149668872356414795e-01 3.149668872356414795e-01 3.149668872356414795e-01
4.761290252208709717e-01 3.497594892978668213e-01 2.963801026344299316e-01 3.422521948814392090e-01 4.290620684623718262e-01 3.726699352264404297e-01 2.815808951854705811e-01 3.149668872356414795e-01 3.149668872356414795e-01 3.149668872356414795e-01
2.527299225330352783e-01 3.497594892978668213e-01 2.963801026344299316e-01 3.422521948814392090e-01 4.290620684623718262e-01 1.876574009656906128e-01 2.815808951854705811e-01 3.149668872356414795e-01 3.149668872356414795e-01 3.149668872356414795e-01
4.761290252208709717e-01 3.497594892978668213e-01 2.963801026344299316e-01 3.422521948814392090e-01 4.290620684623718262e-01 1.876574009656906128e-01 2.815808951854705811e-01 3.149668872356414795e-01 3.149668872356414795e-01 3.149668872356414795e-01
4.761290252208709717e-01 3.497594892978668213e-01 2.963801026344299316e-01 3.422521948814392090e-01 4.290620684623718262e-01 1.876574009656906128e-01 2.815808951854705811e-01 3.149668872356414795e-01 3.149668872356414795e-01 3.149668872356414795e-01
2.527299225330352783e-01 3.497594892978668213e-01 2.963801026344299316e-01 3.422521948814392090e-01 4.290620684623718262e-01 1.876574009656906128e-01 2.815808951854705811e-01 3.149668872356414795e-01 3.149668872356414795e-01 3.149668872356414795e-01
2.527299225330352783e-01 3.497594892978668213e-01 2.963801026344299316e-01 3.422521948814392090e-01 4.290620684623718262e-01 1.876574009656906128e-01 2.815808951854705811e-01 3.149668872356414795e-01 3.149668872356414795e-01 3.149668872356414795e-01
2.527299225330352783e-01 3.497594892978668213e-01 2.963801026344299316e-01 3.422521948814392090e-01 2.331623584032058716e-01 1.876574009656906128e-01 2.815808951854705811e-01 3.149668872356414795e-01 3.149668872356414795e-01 3.149668872356414795e-01
2.527299225330352783e-01 3.497594892978668213e-01 2.963801026344299316e-01 3.422521948814392090e-01 2.331623584032058716e-01 1.876574009656906128e-01 4.537048041820526123e-01 3.149668872356414795e-01 3.149668872356414795e-01 3.149668872356414795e-01
2.527299225330352783e-01 1.347703635692596436e-01 2.963801026344299316e-01 3.422521948814392090e-01 2.331623584032058716e-01 1.876574009656906128e-01 4.537048041820526123e-01 3.149668872356414795e-01 3.149668872356414795e-01 3.149668872356414795e-01
2.527299225330352783e-01 1.347703635692596436e-01 2.963801026344299316e-01 3.422521948814392090e-01 2.331623584032058716e-01 1.876574009656906128e-01 4.537048041820526123e-01 3.149668872356414795e-01 3.149668872356414795e-01 3.149668872356414795e-01
2.527299225330352783e-01 1.347703635692596436e-01 2.963801026344299316e-01 3.422521948814392090e-01 2.331623584032058716e-01 1.876574009656906128e-01 4.537048041820526123e-01 3.149668872356414795e-01 3.149668872356414795e-01 3.149668872356414795e-01
2.527299225330352783e-01 2.856361567974090576e-01 2.963801026344299316e-01 3.422521948814392090e-01 2.331623584032058716e-01 1.876574009656906128e-01 4.537048041820526123e-01 3.149668872356414795e-01 3.149668872356414795e-01 3.149668872356414795e-01
2.527299225330352783e-01 2.856361567974090576e-01 2.963801026344299316e-01 3.422521948814392090e-01 2.331623584032058716e-01 1.876574009656906128e-01 4.537048041820526123e-01 3.149668872356414795e-01 3.149668872356414795e-01 3.149668872356414795e-01
2.527299225330352783e-01 2.856361567974090576e-01 2.963801026344299316e-01 3.422521948814392090e-01 2.331623584032058716e-01 1.876574009656906128e-01 4.537048041820526123e-01 3.149668872356414795e-01 3.149668872356414795e-01 3.149668872356414795e-01
2.527299225330352783e-01 2.856361567974090576e-01 2.963801026344299316e-01 3.422521948814392090e-01 2.331623584032058716e-01 1.876574009656906128e-01 4.537048041820526123e-01 3.149668872356414795e-01 3.149668872356414795e-01 3.149668872356414795e-01
2.527299225330352783e-01 2.856361567974090576e-01 2.963801026344299316e-01 3.422521948814392090e-01 2.331623584032058716e-01 1.876574009656906128e-01 4.537048041820526123e-01 3.149668872356414795e-01 3.149668872356414795e-01 3.149668872356414795e-01
2.527299225330352783e-01 2.856361567974090576e-01 2.963801026344299316e-01 3.422521948814392090e-01 2.331623584032058716e-01 1.876574009656906128e-01 4.537048041820526123e-01 3.149668872356414795e-01 3.149668872356414795e-01 3.149668872356414795e-01
2.527299225330352783e-01 2.856361567974090576e-01 2.963801026344299316e-01 3.422521948814392090e-01 2.331623584032058716e-01 1.876574009656906128e-01 4.537048041820526123e-01 3.149668872356414795e-01 3.149668872356414795e-01 3.149668872356414795e-01
6.408762931823730469e-01 6.390208601951599121e-01 7.735041379928588867e-01 6.657186746597290039e-01 5.369758009910583496e-01 9.334821105003356934e-01 4.537048041820526123e-01 6.423406600952148438e-01 6.423406600952148438e-01 6.423406600952148438e-01
6.408762931823730469e-01 6.390208601951599121e-01 7.735041379928588867e-01 6.657186746597290039e-01 5.369758009910583496e-01 9.334821105003356934e-01 4.537048041820526123e-01 6.423406600952148438e-01 6.423406600952148438e-01 6.423406600952148438e-01
6.408762931823730469e-01 9.140847921371459961e-01 7.735041379928588867e-01 6.657186746597290039e-01 5.369758009910583496e-01 6.912985444068908691e-01 4.537048041820526123e-01 6.423406600952148438e-01 6.423406600952148438e-01 6.423406600952148438e-01
2.527299225330352783e-01 7.061526775360107422e-01 2.963801026344299316e-01 3.422521948814392090e-01 5.369758009910583496e-01 4.654732346534729004e-01 4.537048041820526123e-01 6.423406600952148438e-01 6.423406600952148438e-01 6.423406600952148438e-01
6.296423077583312988e-01 7.061526775360107422e-01 2.963801026344299316e-01 3.422521948814392090e-01 2.331623584032058716e-01 3.673969805240631104e-01 4.537048041820526123e-01 3.149668872356414795e-01 3.149668872356414795e-01 3.149668872356414795e-01
6.296423077583312988e-01 7.061526775360107422e-01 2.963801026344299316e-01 3.422521948814392090e-01 2.331623584032058716e-01 3.673969805240631104e-01 4.537048041820526123e-01 3.149668872356414795e-01 3.149668872356414795e-01 3.149668872356414795e-01
6.296423077583312988e-01 7.061526775360107422e-01 2.963801026344299316e-01 3.422521948814392090e-01 2.331623584032058716e-01 3.673969805240631104e-01 4.537048041820526123e-01 3.149668872356414795e-01 3.149668872356414795e-01 3.149668872356414795e-01
6.296423077583312988e-01 7.061526775360107422e-01 2.963801026344299316e-01 3.422521948814392090e-01 2.331623584032058716e-01 3.673969805240631104e-01 2.815808951854705811e-01 3.149668872356414795e-01 3.149668872356414795e-01 3.149668872356414795e-01
6.296423077583312988e-01 7.061526775360107422e-01 2.963801026344299316e-01 3.422521948814392090e-01 2.331623584032058716e-01 3.673969805240631104e-01 2.815808951854705811e-01 3.149668872356414795e-01 3.149668872356414795e-01 3.149668872356414795e-01
2.527299225330352783e-01 7.061526775360107422e-01 2.963801026344299316e-01 3.422521948814392090e-01 2.331623584032058716e-01 3.726699352264404297e-01 2.815808951854705811e-01 3.149668872356414795e-01 3.149668872356414795e-01 3.149668872356414795e-01
2.527299225330352783e-01 7.061526775360107422e-01 2.963801026344299316e-01 3.422521948814392090e-01 2.331623584032058716e-01 3.726699352264404297e-01 2.815808951854705811e-01 3.149668872356414795e-01 3.149668872356414795e-01 3.149668872356414795e-01
2.527299225330352783e-01 2.856361567974090576e-01 2.963801026344299316e-01 3.422521948814392090e-01 2.331623584032058716e-01 3.726699352264404297e-01 2.815808951854705811e-01 3.149668872356414795e-01 3.149668872356414795e-01 3.149668872356414795e-01
2.527299225330352783e-01 7.061526775360107422e-01 2.963801026344299316e-01 3.422521948814392090e-01 5.369758009910583496e-01 6.912985444068908691e-01 2.815808951854705811e-01 6.423406600952148438e-01 6.423406600952148438e-01 6.423406600952148438e-01
6.408762931823730469e-01 6.390208601951599121e-01 7.735041379928588867e-01 6.657186746597290039e-01 5.369758009910583496e-01 6.912985444068908691e-01 2.815808951854705811e-01 6.423406600952148438e-01 6.423406600952148438e-01 6.423406600952148438e-01
6.408762931823730469e-01 6.390208601951599121e-01 7.735041379928588867e-01 6.657186746597290039e-01 5.369758009910583496e-01 6.912985444068908691e-01 2.815808951854705811e-01 6.423406600952148438e-01 6.423406600952148438e-01 6.423406600952148438e-01
6.408762931823730469e-01 9.140847921371459961e-01 7.735041379928588867e-01 6.657186746597290039e-01 5.369758009910583496e-01 6.912985444068908691e-01 2.815808951854705811e-01 6.423406600952148438e-01 6.423406600952148438e-01 6.423406600952148438e-01
2.527299225330352783e-01 7.061526775360107422e-01 2.963801026344299316e-01 3.422521948814392090e-01 5.369758009910583496e-01 4.654732346534729004e-01 2.815808951854705811e-01 6.423406600952148438e-01 6.423406600952148438e-01 6.423406600952148438e-01
2.527299225330352783e-01 2.856361567974090576e-01 2.963801026344299316e-01 3.422521948814392090e-01 5.369758009910583496e-01 4.654732346534729004e-01 2.815808951854705811e-01 6.423406600952148438e-01 6.423406600952148438e-01 6.423406600952148438e-01
6.408762931823730469e-01 6.390208601951599121e-01 7.735041379928588867e-01 6.657186746597290039e-01 5.369758009910583496e-01 4.654732346534729004e-01 4.537048041820526123e-01 6.423406600952148438e-01 6.423406600952148438e-01 6.423406600952148438e-01
6.296423077583312988e-01 2.856361567974090576e-01 2.963801026344299316e-01 3.422521948814392090e-01 5.369758009910583496e-01 6.864504814147949219e-01 4.537048041820526123e-01 6.423406600952148438e-01 6.423406600952148438e-01 6.423406600952148438e-01
8.997055292129516602e-01 6.390208601951599121e-01 7.735041379928588867e-01 6.657186746597290039e-01 5.369758009910583496e-01 6.864504814147949219e-01 4.537048041820526123e-01 6.423406600952148438e-01 6.423406600952148438e-01 6.423406600952148438e-01
8.997055292129516602e-01 6.390208601951599121e-01 7.735041379928588867e-01 6.657186746597290039e-01 5.369758009910583496e-01 6.864504814147949219e-01 4.537048041820526123e-01 6.423406600952148438e-01 6.423406600952148438e-01 6.423406600952148438e-01
8.997055292129516602e-01 6.390208601951599121e-01 7.735041379928588867e-01 6.657186746597290039e-01 5.369758009910583496e-01 6.864504814147949219e-01 4.537048041820526123e-01 6.423406600952148438e-01 6.423406600952148438e-01 6.423406600952148438e-01
8.997055292129516602e-01 6.390208601951599121e-01 7.735041379928588867e-01 6.657186746597290039e-01 5.369758009910583496e-01 6.864504814147949219e-01 4.537048041820526123e-01 6.423406600952148438e-01 6.423406600952148438e-01 6.423406600952148438e-01
8.997055292129516602e-01 6.390208601951599121e-01 7.735041379928588867e-01 6.657186746597290039e-01 5.369758009910583496e-01 6.864504814147949219e-01 4.537048041820526123e-01 6.423406600952148438e-01 6.423406600952148438e-01 6.423406600952148438e-01
8.997055292129516602e-01 6.390208601951599121e-01 7.735041379928588867e-01 6.657186746597290039e-01 5.369758009910583496e-01 6.864504814147949219e-01 4.537048041820526123e-01 6.423406600952148438e-01 6.423406600952148438e-01 6.423406600952148438e-01
6.296423077583312988e-01 2.856361567974090576e-01 2.963801026344299316e-01 3.422521948814392090e-01 2.331623584032058716e-01 3.673969805240631104e-01 4.537048041820526123e-01 3.149668872356414795e-01 3.149668872356414795e-01 3.149668872356414795e-01
6.296423077583312988e-01 7.061526775360107422e-01 2.963801026344299316e-01 3.422521948814392090e-01 2.331623584032058716e-01 3.673969805240631104e-01 4.537048041820526123e-01 3.149668872356414795e-01 3.149668872356414795e-01 3.149668872356414795e-01
6.296423077583312988e-01 7.061526775360107422e-01 2.963801026344299316e-01 3.422521948814392090e-01 2.331623584032058716e-01 3.673969805240631104e-01 4.537048041820526123e-01 3.149668872356414795e-01 3.149668872356414795e-01 3.149668872356414795e-01
6.296423077583312988e-01 2.856361567974090576e-01 2.963801026344299316e-01 3.422521948814392090e-01 2.331623584032058716e-01 3.673969805240631104e-01 4.537048041820526123e-01 3.149668872356414795e-01 3.149668872356414795e-01 3.149668872356414795e-01
1.155009716749191284e-01 2.856361567974090576e-01 2.963801026344299316e-01 3.422521948814392090e-01 2.331623584032058716e-01 1.876574009656906128e-01 4.537048041820526123e-01 3.149668872356414795e-01 3.149668872356414795e-01 3.149668872356414795e-01
1.155009716749191284e-01 2.856361567974090576e-01 2.963801026344299316e-01 3.422521948814392090e-01 2.331623584032058716e-01 4.844446182250976562e-01 4.537048041820526123e-01 3.149668872356414795e-01 3.149668872356414795e-01 3.149668872356414795e-01
1.155009716749191284e-01 2.856361567974090576e-01 2.963801026344299316e-01 3.422521948814392090e-01 2.331623584032058716e-01 4.844446182250976562e-01 4.537048041820526123e-01 3.149668872356414795e-01 3.149668872356414795e-01 3.149668872356414795e-01
1.155009716749191284e-01 7.061526775360107422e-01 2.963801026344299316e-01 3.422521948814392090e-01 2.331623584032058716e-01 3.085811734199523926e-01 4.537048041820526123e-01 3.149668872356414795e-01 3.149668872356414795e-01 3.149668872356414795e-01
1.155009716749191284e-01 1.347703635692596436e-01 2.963801026344299316e-01 3.422521948814392090e-01 2.331623584032058716e-01 3.726699352264404297e-01 4.537048041820526123e-01 3.149668872356414795e-01 3.149668872356414795e-01 3.149668872356414795e-01
2.961447834968566895e-01 2.856361567974090576e-01 2.963801026344299316e-01 3.422521948814392090e-01 5.369758009910583496e-01 3.402068316936492920e-01 4.537048041820526123e-01 6.423406600952148438e-01 6.423406600952148438e-01 6.423406600952148438e-01
2.961447834968566895e-01 2.856361567974090576e-01 2.963801026344299316e-01 3.422521948814392090e-01 2.331623584032058716e-01 5.343865752220153809e-01 4.537048041820526123e-01 3.149668872356414795e-01 3.149668872356414795e-01 3.149668872356414795e-01
2.961447834968566895e-01 2.856361567974090576e-01 2.963801026344299316e-01 3.422521948814392090e-01 2.331623584032058716e-01 5.343865752220153809e-01 4.537048041820526123e-01 3.149668872356414795e-01 3.149668872356414795e-01 3.149668872356414795e-01
1.155009716749191284e-01 1.347703635692596436e-01 2.963801026344299316e-01 3.422521948814392090e-01 2.331623584032058716e-01 5.343865752220153809e-01 4.537048041820526123e-01 3.149668872356414795e-01 3.149668872356414795e-01 3.149668872356414795e-01
1.155009716749191284e-01 2.856361567974090576e-01 2.963801026344299316e-01 3.422521948814392090e-01 2.331623584032058716e-01 5.343865752220153809e-01 4.537048041820526123e-01 3.149668872356414795e-01 3.149668872356414795e-01 3.149668872356414795e-01
1.155009716749191284e-01 2.856361567974090576e-01 2.963801026344299316e-01 3.422521948814392090e-01 2.331623584032058716e-01 5.343865752220153809e-01 4.537048041820526123e-01 3.149668872356414795e-01 3.149668872356414795e-01 3.149668872356414795e-01
1.155009716749191284e-01 2.856361567974090576e-01 2.963801026344299316e-01 3.422521948814392090e-01 2.331623584032058716e-01 5.343865752220153809e-01 4.537048041820526123e-01 3.149668872356414795e-01 3.149668872356414795e-01 3.149668872356414795e-01
1.155009716749191284e-01 2.856361567974090576e-01 2.963801026344299316e-01 3.422521948814392090e-01 2.331623584032058716e-01 7.072950601577758789e-01 4.537048041820526123e-01 3.149668872356414795e-01 3.149668872356414795e-01 3.149668872356414795e-01
1.155009716749191284e-01 2.856361567974090576e-01 2.963801026344299316e-01 3.422521948814392090e-01 2.331623584032058716e-01 7.072950601577758789e-01 4.537048041820526123e-01 3.149668872356414795e-01 3.149668872356414795e-01 3.149668872356414795e-01
1.155009716749191284e-01 7.061526775360107422e-01 2.963801026344299316e-01 3.422521948814392090e-01 2.331623584032058716e-01 5.343865752220153809e-01 4.537048041820526123e-01 3.149668872356414795e-01 3.149668872356414795e-01 3.149668872356414795e-01
1.155009716749191284e-01 2.856361567974090576e-01 2.963801026344299316e-01 3.422521948814392090e-01 2.331623584032058716e-01 3.726699352264404297e-01 4.537048041820526123e-01 3.149668872356414795e-01 3.149668872356414795e-01 3.149668872356414795e-01
1.155009716749191284e-01 2.856361567974090576e-01 2.963801026344299316e-01 3.422521948814392090e-01 2.331623584032058716e-01 1.876574009656906128e-01 4.537048041820526123e-01 3.149668872356414795e-01 3.149668872356414795e-01 3.149668872356414795e-01
4.079448878765106201e-01 6.390208601951599121e-01 4.126052558422088623e-01 6.657186746597290039e-01 5.369758009910583496e-01 4.654732346534729004e-01 4.537048041820526123e-01 6.423406600952148438e-01 6.423406600952148438e-01 6.423406600952148438e-01
1.155009716749191284e-01 2.856361567974090576e-01 2.963801026344299316e-01 3.422521948814392090e-01 5.369758009910583496e-01 7.798401713371276855e-01 4.537048041820526123e-01 6.423406600952148438e-01 6.423406600952148438e-01 6.423406600952148438e-01
1.155009716749191284e-01 7.061526775360107422e-01 2.963801026344299316e-01 3.422521948814392090e-01 5.369758009910583496e-01 7.798401713371276855e-01 4.537048041820526123e-01 6.423406600952148438e-01 6.423406600952148438e-01 6.423406600952148438e-01
1.155009716749191284e-01 7.061526775360107422e-01 2.963801026344299316e-01 3.422521948814392090e-01 2.331623584032058716e-01 4.844446182250976562e-01 4.537048041820526123e-01 3.149668872356414795e-01 3.149668872356414795e-01 3.149668872356414795e-01
1.155009716749191284e-01 1.347703635692596436e-01 2.963801026344299316e-01 3.422521948814392090e-01 2.331623584032058716e-01 1.876574009656906128e-01 4.537048041820526123e-01 3.149668872356414795e-01 3.149668872356414795e-01 3.149668872356414795e-01
2.527299225330352783e-01 3.497594892978668213e-01 2.963801026344299316e-01 3.422521948814392090e-01 2.331623584032058716e-01 3.726699352264404297e-01 4.537048041820526123e-01 3.149668872356414795e-01 3.149668872356414795e-01 3.149668872356414795e-01
4.761290252208709717e-01 3.497594892978668213e-01 2.963801026344299316e-01 3.422521948814392090e-01 4.290620684623718262e-01 1.952131688594818115e-01 4.537048041820526123e-01 3.149668872356414795e-01 3.149668872356414795e-01 3.149668872356414795e-01
4.761290252208709717e-01 3.497594892978668213e-01 3.386865854263305664e-01 3.422521948814392090e-01 4.290620684623718262e-01 6.031882166862487793e-01 2.815808951854705811e-01 3.149668872356414795e-01 3.149668872356414795e-01 3.149668872356414795e-01
4.761290252208709717e-01 3.497594892978668213e-01 2.963801026344299316e-01 3.422521948814392090e-01 4.290620684623718262e-01 6.031882166862487793e-01 2.815808951854705811e-01 3.149668872356414795e-01 3.149668872356414795e-01 3.149668872356414795e-01
4.761290252208709717e-01 3.497594892978668213e-01 2.963801026344299316e-01 3.422521948814392090e-01 4.290620684623718262e-01 6.031882166862487793e-01 2.815808951854705811e-01 3.149668872356414795e-01 3.149668872356414795e-01 3.149668872356414795e-01
2.527299225330352783e-01 3.497594892978668213e-01 2.963801026344299316e-01 3.422521948814392090e-01 4.290620684623718262e-01 6.031882166862487793e-01 2.815808951854705811e-01 3.149668872356414795e-01 3.149668872356414795e-01 3.149668872356414795e-01
4.761290252208709717e-01 3.497594892978668213e-01 2.963801026344299316e-01 3.422521948814392090e-01 4.290620684623718262e-01 6.031882166862487793e-01 2.815808951854705811e-01 3.149668872356414795e-01 3.149668872356414795e-01 3.149668872356414795e-01
2.527299225330352783e-01 3.497594892978668213e-01 2.963801026344299316e-01 3.422521948814392090e-01 4.290620684623718262e-01 6.031882166862487793e-01 2.815808951854705811e-01 3.149668872356414795e-01 3.149668872356414795e-01 3.149668872356414795e-01
4.761290252208709717e-01 3.497594892978668213e-01 2.963801026344299316e-01 3.422521948814392090e-01 4.290620684623718262e-01 6.031882166862487793e-01 2.815808951854705811e-01 3.149668872356414795e-01 3.149668872356414795e-01 3.149668872356414795e-01
3.975918591022491455e-01 2.452538907527923584e-01 2.963801026344299316e-01 3.422521948814392090e-01 4.290620684623718262e-01 6.031882166862487793e-01 2.815808951854705811e-01 3.149668872356414795e-01 3.149668872356414795e-01 3.149668872356414795e-01
3.975918591022491455e-01 2.452538907527923584e-01 2.963801026344299316e-01 3.422521948814392090e-01 4.290620684623718262e-01 6.031882166862487793e-01 2.815808951854705811e-01 3.149668872356414795e-01 3.149668872356414795e-01 3.149668872356414795e-01
4.761290252208709717e-01 3.497594892978668213e-01 2.963801026344299316e-01 3.422521948814392090e-01 4.290620684623718262e-01 6.031882166862487793e-01 2.815808951854705811e-01 3.149668872356414795e-01 3.149668872356414795e-01 3.149668872356414795e-01
4.761290252208709717e-01 3.497594892978668213e-01 2.963801026344299316e-01 3.422521948814392090e-01 4.290620684623718262e-01 6.031882166862487793e-01 2.815808951854705811e-01 3.149668872356414795e-01 3.149668872356414795e-01 3.149668872356414795e-01
4.761290252208709717e-01 3.497594892978668213e-01 2.963801026344299316e-01 3.422521948814392090e-01 4.290620684623718262e-01 6.031882166862487793e-01 2.815808951854705811e-01 3.149668872356414795e-01 3.149668872356414795e-01 3.149668872356414795e-01
4.761290252208709717e-01 3.497594892978668213e-01 2.963801026344299316e-01 3.422521948814392090e-01 4.290620684623718262e-01 6.031882166862487793e-01 2.815808951854705811e-01 3.149668872356414795e-01 3.149668872356414795e-01 3.149668872356414795e-01
4.761290252208709717e-01 3.497594892978668213e-01 2.963801026344299316e-01 3.422521948814392090e-01 4.290620684623718262e-01 6.031882166862487793e-01 2.815808951854705811e-01 3.149668872356414795e-01 3.149668872356414795e-01 3.149668872356414795e-01
4.761290252208709717e-01 3.497594892978668213e-01 2.963801026344299316e-01 3.422521948814392090e-01 4.290620684623718262e-01 6.031882166862487793e-01 2.815808951854705811e-01 3.149668872356414795e-01 3.149668872356414795e-01 3.149668872356414795e-01
4.761290252208709717e-01 3.497594892978668213e-01 2.963801026344299316e-01 3.422521948814392090e-01 4.290620684623718262e-01 6.031882166862487793e-01 2.815808951854705811e-01 3.149668872356414795e-01 3.149668872356414795e-01 3.149668872356414795e-01
5.039314031600952148e-01 3.497594892978668213e-01 2.963801026344299316e-01 3.422521948814392090e-01 4.290620684623718262e-01 6.031882166862487793e-01 2.815808951854705811e-01 3.149668872356414795e-01 3.149668872356414795e-01 3.149668872356414795e-01
5.039314031600952148e-01 3.497594892978668213e-01 2.963801026344299316e-01 3.422521948814392090e-01 4.290620684623718262e-01 6.031882166862487793e-01 2.815808951854705811e-01 3.149668872356414795e-01 3.149668872356414795e-01 3.149668872356414795e-01
5.039314031600952148e-01 3.497594892978668213e-01 2.963801026344299316e-01 3.422521948814392090e-01 4.290620684623718262e-01 6.031882166862487793e-01 2.815808951854705811e-01 3.149668872356414795e-01 3.149668872356414795e-01 3.149668872356414795e-01
5.039314031600952148e-01 3.497594892978668213e-01 2.963801026344299316e-01 3.422521948814392090e-01 4.290620684623718262e-01 6.031882166862487793e-01 2.815808951854705811e-01 3.149668872356414795e-01 3.149668872356414795e-01 3.149668872356414795e-01
5.039314031600952148e-01 3.497594892978668213e-01 2.963801026344299316e-01 3.422521948814392090e-01 4.290620684623718262e-01 6.031882166862487793e-01 2.815808951854705811e-01 3.149668872356414795e-01 3.149668872356414795e-01 3.149668872356414795e-01
5.039314031600952148e-01 3.497594892978668213e-01 2.963801026344299316e-01 3.422521948814392090e-01 4.290620684623718262e-01 6.031882166862487793e-01 2.815808951854705811e-01 3.149668872356414795e-01 3.149668872356414795e-01 3.149668872356414795e-01
5.039314031600952148e-01 3.497594892978668213e-01 2.963801026344299316e-01 3.422521948814392090e-01 4.290620684623718262e-01 4.527070820331573486e-01 2.815808951854705811e-01 3.149668872356414795e-01 3.149668872356414795e-01 3.149668872356414795e-01
5.039314031600952148e-01 3.497594892978668213e-01 2.963801026344299316e-01 3.422521948814392090e-01 4.290620684623718262e-01 2.305110245943069458e-01 4.537048041820526123e-01 3.149668872356414795e-01 3.149668872356414795e-01 3.149668872356414795e-01
5.039314031600952148e-01 3.497594892978668213e-01 2.963801026344299316e-01 3.422521948814392090e-01 4.290620684623718262e-01 2.305110245943069458e-01 4.537048041820526123e-01 3.149668872356414795e-01 3.149668872356414795e-01 3.149668872356414795e-01
5.039314031600952148e-01 3.497594892978668213e-01 2.963801026344299316e-01 3.422521948814392090e-01 4.290620684623718262e-01 2.305110245943069458e-01 4.537048041820526123e-01 3.149668872356414795e-01 3.149668872356414795e-01 3.149668872356414795e-01
5.039314031600952148e-01 3.497594892978668213e-01 2.963801026344299316e-01 3.422521948814392090e-01 4.290620684623718262e-01 2.305110245943069458e-01 4.537048041820526123e-01 3.149668872356414795e-01 3.149668872356414795e-01 3.149668872356414795e-01
5.039314031600952148e-01 3.497594892978668213e-01 2.963801026344299316e-01 3.422521948814392090e-01 4.290620684623718262e-01 2.305110245943069458e-01 4.537048041820526123e-01 3.149668872356414795e-01 3.149668872356414795e-01 3.149668872356414795e-01
5.039314031600952148e-01 3.497594892978668213e-01 2.963801026344299316e-01 3.422521948814392090e-01 4.290620684623718262e-01 2.305110245943069458e-01 4.537048041820526123e-01 3.149668872356414795e-01 3.149668872356414795e-01 3.149668872356414795e-01
5.039314031600952148e-01 3.497594892978668213e-01 2.963801026344299316e-01 3.422521948814392090e-01 4.290620684623718262e-01 2.305110245943069458e-01 4.537048041820526123e-01 3.149668872356414795e-01 3.149668872356414795e-01 3.149668872356414795e-01
5.039314031600952148e-01 3.497594892978668213e-01 2.963801026344299316e-01 3.422521948814392090e-01 4.290620684623718262e-01 2.305110245943069458e-01 4.537048041820526123e-01 3.149668872356414795e-01 3.149668872356414795e-01 3.149668872356414795e-01
1.155009716749191284e-01 3.497594892978668213e-01 2.963801026344299316e-01 3.422521948814392090e-01 4.290620684623718262e-01 2.305110245943069458e-01 4.537048041820526123e-01 3.149668872356414795e-01 3.149668872356414795e-01 3.149668872356414795e-01
1.155009716749191284e-01 3.497594892978668213e-01 2.963801026344299316e-01 3.422521948814392090e-01 4.290620684623718262e-01 2.031943500041961670e-01 4.537048041820526123e-01 3.149668872356414795e-01 3.149668872356414795e-01 3.149668872356414795e-01
1.155009716749191284e-01 3.497594892978668213e-01 2.963801026344299316e-01 3.422521948814392090e-01 4.290620684623718262e-01 2.031943500041961670e-01 4.537048041820526123e-01 3.149668872356414795e-01 3.149668872356414795e-01 3.149668872356414795e-01
1.155009716749191284e-01 3.497594892978668213e-01 2.963801026344299316e-01 3.422521948814392090e-01 4.290620684623718262e-01 2.031943500041961670e-01 4.537048041820526123e-01 3.149668872356414795e-01 3.149668872356414795e-01 3.149668872356414795e-01
1.155009716749191284e-01 3.497594892978668213e-01 2.963801026344299316e-01 3.422521948814392090e-01 4.290620684623718262e-01 2.031943500041961670e-01 4.537048041820526123e-01 3.149668872356414795e-01 3.149668872356414795e-01 3.149668872356414795e-01
1.155009716749191284e-01 3.497594892978668213e-01 2.963801026344299316e-01 3.422521948814392090e-01 4.290620684623718262e-01 2.031943500041961670e-01 4.537048041820526123e-01 3.149668872356414795e-01 3.149668872356414795e-01 3.149668872356414795e-01
1.155009716749191284e-01 3.497594892978668213e-01 2.963801026344299316e-01 3.422521948814392090e-01 4.290620684623718262e-01 2.031943500041961670e-01 4.537048041820526123e-01 3.149668872356414795e-01 3.149668872356414795e-01 3.149668872356414795e-01
5.039314031600952148e-01 3.497594892978668213e-01 2.963801026344299316e-01 3.422521948814392090e-01 4.290620684623718262e-01 2.305110245943069458e-01 4.537048041820526123e-01 3.149668872356414795e-01 3.149668872356414795e-01 3.149668872356414795e-01
5.039314031600952148e-01 4.681608974933624268e-01 2.963801026344299316e-01 3.422521948814392090e-01 4.290620684623718262e-01 2.305110245943069458e-01 4.537048041820526123e-01 3.149668872356414795e-01 3.149668872356414795e-01 3.149668872356414795e-01
5.039314031600952148e-01 4.681608974933624268e-01 2.963801026344299316e-01 3.422521948814392090e-01 4.290620684623718262e-01 2.305110245943069458e-01 4.537048041820526123e-01 3.149668872356414795e-01 3.149668872356414795e-01 3.149668872356414795e-01
1.155009716749191284e-01 3.497594892978668213e-01 2.963801026344299316e-01 3.422521948814392090e-01 4.290620684623718262e-01 2.305110245943069458e-01 4.537048041820526123e-01 3.149668872356414795e-01 3.149668872356414795e-01 3.149668872356414795e-01
1.155009716749191284e-01 3.497594892978668213e-01 2.963801026344299316e-01 3.422521948814392090e-01 4.290620684623718262e-01 2.305110245943069458e-01 4.537048041820526123e-01 3.149668872356414795e-01 3.149668872356414795e-01 3.149668872356414795e-01
1.155009716749191284e-01 3.497594892978668213e-01 2.963801026344299316e-01 3.422521948814392090e-01 4.290620684623718262e-01 2.305110245943069458e-01 4.537048041820526123e-01 3.149668872356414795e-01 3.149668872356414795e-01 3.149668872356414795e-01
1.155009716749191284e-01 3.497594892978668213e-01 2.963801026344299316e-01 3.422521948814392090e-01 4.290620684623718262e-01 2.305110245943069458e-01 4.537048041820526123e-01 3.149668872356414795e-01 3.149668872356414795e-01 3.149668872356414795e-01
1.155009716749191284e-01 3.497594892978668213e-01 2.963801026344299316e-01 3.422521948814392090e-01 4.290620684623718262e-01 1.166038662195205688e-01 4.537048041820526123e-01 3.149668872356414795e-01 3.149668872356414795e-01 3.149668872356414795e-01
1.155009716749191284e-01 7.061526775360107422e-01 2.963801026344299316e-01 3.422521948814392090e-01 4.290620684623718262e-01 1.166038662195205688e-01 4.537048041820526123e-01 3.149668872356414795e-01 3.149668872356414795e-01 3.149668872356414795e-01
1.155009716749191284e-01 7.061526775360107422e-01 2.963801026344299316e-01 3.422521948814392090e-01 4.290620684623718262e-01 1.166038662195205688e-01 4.537048041820526123e-01 3.149668872356414795e-01 3.149668872356414795e-01 3.149668872356414795e-01
1.155009716749191284e-01 7.061526775360107422e-01 2.963801026344299316e-01 3.422521948814392090e-01 2.331623584032058716e-01 1.166038662195205688e-01 4.537048041820526123e-01 3.149668872356414795e-01 3.149668872356414795e-01 3.149668872356414795e-01
