6.699491739273071289e-01 7.786103487014770508e-01 8.426765799522399902e-01 4.570054411888122559e-01 5.498301386833190918e-01 4.307235777378082275e-01 5.738139748573303223e-01 4.439888894557952881e-01 4.642220735549926758e-01 2.339894026517868042e-01
6.699491739273071289e-01 7.092658877372741699e-01 5.334431529045104980e-01 6.477304697036743164e-01 2.796607315540313721e-01 3.126767575740814209e-01 5.738139748573303223e-01 2.773911952972412109e-01 1.670527458190917969e-01 2.339894026517868042e-01
6.699491739273071289e-01 7.092658877372741699e-01 8.426765799522399902e-01 8.483762145042419434e-01 4.997302591800689697e-01 3.898144662380218506e-01 5.738139748573303223e-01 2.773911952972412109e-01 3.974648118019104004e-01 7.560934424400329590e-01
6.699491739273071289e-01 7.092658877372741699e-01 7.910949587821960449e-01 5.961742997169494629e-01 3.631092607975006104e-01 6.087904572486877441e-01 5.738139748573303223e-01 2.773911952972412109e-01 5.189822316169738770e-01 7.560934424400329590e-01
6.699491739273071289e-01 9.155971556901931763e-02 7.910949587821960449e-01 8.483762145042419434e-01 3.410884439945220947e-01 8.740742802619934082e-01 5.738139748573303223e-01 2.773911952972412109e-01 5.189822316169738770e-01 7.560934424400329590e-01
6.699491739273071289e-01 5.815514326095581055e-01 7.910949587821960449e-01 6.408050060272216797e-01 1.670179367065429688e-01 8.115613460540771484e-01 7.820304036140441895e-01 2.773911952972412109e-01 7.935014367103576660e-02 7.560934424400329590e-01
4.411270618438720703e-01 6.475596129894256592e-02 1.761099398136138916e-01 2.943209707736968994e-01 1.670179367065429688e-01 4.420161247253417969e-02 5.928872227668762207e-01 5.374261140823364258e-01 9.714734554290771484e-02 8.758459091186523438e-01
6.699491739273071289e-01 2.764168679714202881e-01 6.318089962005615234e-01 5.898479223251342773e-01 5.576404333114624023e-01 1.773805469274520874e-01 5.928872227668762207e-01 5.374261140823364258e-01 1.234342604875564575e-01 2.473782151937484741e-01
4.625710248947143555e-01 2.145849466323852539e-01 3.637951314449310303e-01 6.591655611991882324e-01 3.280820846557617188e-01 2.649882137775421143e-01 5.928872227668762207e-01 5.374261140823364258e-01 4.912628531455993652e-01 5.908516645431518555e-01
6.699491739273071289e-01 7.090687751770019531e-01 5.682454109191894531e-01 5.767897963523864746e-01 3.728940188884735107e-01 7.263751029968261719e-01 4.157666563987731934e-01 5.374261140823364258e-01 4.912628531455993652e-01 7.139304280281066895e-01
4.411270618438720703e-01 7.735538482666015625e-01 6.370398998260498047e-01 2.114583402872085571e-01 1.865945160388946533e-01 7.932373285293579102e-01 5.928872227668762207e-01 5.374261140823364258e-01 5.754306316375732422e-01 5.999991297721862793e-01
4.625710248947143555e-01 7.598090767860412598e-01 6.370398998260498047e-01 6.591655611991882324e-01 5.232245922088623047e-01 8.446611762046813965e-01 5.928872227668762207e-01 2.773911952972412109e-01 4.231504797935485840e-01 8.520449399948120117e-01
1.330319792032241821e-01 4.458724260330200195e-01 7.115310430526733398e-01 6.591655611991882324e-01 5.028375387191772461e-01 7.800807952880859375e-01 5.928872227668762207e-01 5.457878708839416504e-01 5.754306316375732422e-01 3.622570633888244629e-01
7.303539514541625977e-01 5.104080438613891602e-01 7.115310430526733398e-01 6.591655611991882324e-01 5.232245922088623047e-01 3.901853859424591064e-01 5.928872227668762207e-01 5.457878708839416504e-01 7.639085650444030762e-01 7.951933741569519043e-01
6.699491739273071289e-01 1.396703571081161499e-01 6.490778326988220215e-01 5.767897963523864746e-01 3.205757737159729004e-01 4.419813156127929688e-01 5.928872227668762207e-01 5.457878708839416504e-01 5.754306316375732422e-01 7.139304280281066895e-01
7.303539514541625977e-01 6.913402676582336426e-01 7.115310430526733398e-01 6.591655611991882324e-01 2.115099728107452393e-01 8.694320917129516602e-01 5.928872227668762207e-01 5.457878708839416504e-01 5.754306316375732422e-01 7.139304280281066895e-01
5.404065847396850586e-01 3.537393808364868164e-01 3.176342844963073730e-01 6.591655611991882324e-01 2.115099728107452393e-01 1.487238407135009766e-01 2.539606690406799316e-01 2.773911952972412109e-01 7.310425639152526855e-01 2.425354272127151489e-01
4.213117361068725586e-01 1.887922734022140503e-01 3.176342844963073730e-01 2.114583402872085571e-01 1.123199090361595154e-01 6.839407682418823242e-01 2.539606690406799316e-01 5.457878708839416504e-01 7.920579910278320312e-01 2.425354272127151489e-01
5.404065847396850586e-01 6.176571249961853027e-01 4.844222366809844971e-01 2.114583402872085571e-01 8.944111317396163940e-02 7.073350548744201660e-01 2.539606690406799316e-01 5.457878708839416504e-01 2.206700146198272705e-01 2.425354272127151489e-01
5.311701297760009766e-01 1.390721797943115234e-01 4.844222366809844971e-01 2.114583402872085571e-01 3.443322777748107910e-01 3.496945202350616455e-01 2.539606690406799316e-01 5.457878708839416504e-01 2.206700146198272705e-01 1.971237361431121826e-01
4.338789582252502441e-01 7.323535531759262085e-02 4.844222366809844971e-01 2.896922826766967773e-01 6.852692365646362305e-01 2.718595266342163086e-01 3.654864132404327393e-01 5.457878708839416504e-01 4.578299224376678467e-01 5.496192574501037598e-01
2.243337780237197876e-01 5.952785611152648926e-01 6.191734075546264648e-01 7.807446718215942383e-01 3.542359769344329834e-01 2.600134909152984619e-01 5.928872227668762207e-01 5.457878708839416504e-01 6.737108826637268066e-01 2.587177455425262451e-01
2.243337780237197876e-01 5.952785611152648926e-01 4.461367130279541016e-01 3.465204834938049316e-01 3.542359769344329834e-01 5.389707684516906738e-01 2.539606690406799316e-01 5.457878708839416504e-01 1.420006901025772095e-01 3.204019367694854736e-01
2.243337780237197876e-01 4.870919585227966309e-01 1.876152306795120239e-01 4.804272651672363281e-01 3.542359769344329834e-01 4.971555471420288086e-01 5.928872227668762207e-01 6.882575154304504395e-01 2.378667294979095459e-01 4.796110391616821289e-01
4.511650800704956055e-01 7.513725757598876953e-01 4.279073178768157959e-01 1.687136888504028320e-01 3.949306011199951172e-01 5.787765607237815857e-02 3.654864132404327393e-01 6.882575154304504395e-01 2.378667294979095459e-01 6.441318988800048828e-01
6.853741407394409180e-01 5.745751261711120605e-01 1.999475210905075073e-01 4.385383129119873047e-01 8.219341635704040527e-01 6.801009178161621094e-01 5.928872227668762207e-01 6.882575154304504395e-01 6.042931079864501953e-01 3.204019367694854736e-01
3.434695601463317871e-01 7.444739341735839844e-01 1.518421620130538940e-01 6.591655611991882324e-01 9.275439977645874023e-01 8.498017191886901855e-01 5.928872227668762207e-01 4.255611598491668701e-01 6.314569115638732910e-01 1.514892578125000000e-01
4.511650800704956055e-01 1.531407833099365234e-01 6.903232336044311523e-01 5.898479223251342773e-01 2.477848082780838013e-01 9.232978820800781250e-01 5.928872227668762207e-01 5.457878708839416504e-01 2.675788998603820801e-01 3.807454705238342285e-01
3.434695601463317871e-01 2.089827954769134521e-01 1.259365081787109375e-01 4.385383129119873047e-01 2.477848082780838013e-01 1.876260340213775635e-02 5.928872227668762207e-01 4.255611598491668701e-01 4.912628531455993652e-01 8.506699651479721069e-02
2.552075088024139404e-01 2.777027189731597900e-01 5.134276151657104492e-01 4.330332875251770020e-01 6.452149748802185059e-01 1.464005857706069946e-01 3.654864132404327393e-01 4.255611598491668701e-01 3.998087048530578613e-01 3.622570633888244629e-01
4.213117361068725586e-01 6.302719116210937500e-01 4.844222366809844971e-01 7.219314575195312500e-01 4.866642355918884277e-01 7.873931527137756348e-01 5.928872227668762207e-01 7.144252061843872070e-01 6.195967793464660645e-01 3.622570633888244629e-01
6.264573335647583008e-01 6.125775575637817383e-01 4.751445055007934570e-01 4.813845455646514893e-01 8.339490294456481934e-01 6.081869602203369141e-01 2.539606690406799316e-01 5.457878708839416504e-01 6.787350177764892578e-01 6.950320005416870117e-01
2.552075088024139404e-01 4.049126505851745605e-01 4.844222366809844971e-01 2.114583402872085571e-01 3.737800419330596924e-01 9.528957605361938477e-01 5.352618098258972168e-01 8.065230250358581543e-01 9.009264111518859863e-01 2.500492930412292480e-01
5.973228812217712402e-01 3.884047865867614746e-01 5.927408933639526367e-01 6.860037446022033691e-01 6.432470679283142090e-01 9.397259950637817383e-01 5.352618098258972168e-01 8.065230250358581543e-01 9.214437007904052734e-01 6.950320005416870117e-01
8.358036875724792480e-01 7.323535531759262085e-02 5.927408933639526367e-01 2.730880975723266602e-01 7.926375865936279297e-01 2.997418344020843506e-01 4.775367975234985352e-01 2.272358387708663940e-01 9.014528989791870117e-01 5.474151372909545898e-01
6.492282152175903320e-01 5.833392739295959473e-01 6.298896074295043945e-01 5.912973880767822266e-01 5.114414095878601074e-01 1.907212585210800171e-01 3.319380581378936768e-01 4.501676559448242188e-01 6.571624875068664551e-01 6.414024829864501953e-01
6.492282152175903320e-01 2.282814234495162964e-01 2.422635555267333984e-01 8.937702178955078125e-01 2.545243203639984131e-01 5.208954215049743652e-01 3.319380581378936768e-01 8.065230250358581543e-01 7.583798766136169434e-01 4.206809699535369873e-01
6.492282152175903320e-01 7.241504192352294922e-01 5.272178053855895996e-01 1.772561371326446533e-01 8.074215650558471680e-01 2.277445495128631592e-01 1.642450392246246338e-01 4.501676559448242188e-01 6.588769555091857910e-01 7.796568274497985840e-01
6.492282152175903320e-01 9.601452946662902832e-01 5.272178053855895996e-01 3.110359311103820801e-01 6.925795674324035645e-01 7.166070342063903809e-01 4.893682599067687988e-01 6.562002897262573242e-01 8.204523324966430664e-01 7.796568274497985840e-01
4.213117361068725586e-01 5.175123214721679688e-01 3.837171494960784912e-01 2.236011475324630737e-01 6.577665805816650391e-01 8.911659121513366699e-01 3.673680424690246582e-01 4.501676559448242188e-01 8.204523324966430664e-01 1.514892578125000000e-01
4.213117361068725586e-01 5.835434198379516602e-01 4.921353161334991455e-01 7.731354832649230957e-01 7.671202421188354492e-01 6.229097247123718262e-01 6.427090764045715332e-01 4.501676559448242188e-01 5.169529318809509277e-01 5.025712847709655762e-01
5.869196653366088867e-01 8.461500406265258789e-01 5.571127533912658691e-01 7.731354832649230957e-01 8.622595071792602539e-01 2.075657397508621216e-01 6.427090764045715332e-01 5.614507198333740234e-01 5.169529318809509277e-01 2.292206883430480957e-01
3.434695601463317871e-01 4.880705475807189941e-01 8.619754314422607422e-01 7.137243747711181641e-01 4.342726171016693115e-01 9.045660495758056641e-01 8.932215571403503418e-01 6.562002897262573242e-01 3.902835547924041748e-01 6.502780914306640625e-01
3.434695601463317871e-01 4.321817159652709961e-01 5.713810324668884277e-01 8.923238515853881836e-01 7.706947922706604004e-01 3.822294175624847412e-01 8.932215571403503418e-01 3.410703837871551514e-01 7.167251110076904297e-01 6.502780914306640625e-01
5.869196653366088867e-01 5.523819923400878906e-01 3.886332511901855469e-01 4.957208335399627686e-01 9.325378537178039551e-01 8.935923576354980469e-01 8.341019153594970703e-01 4.439888894557952881e-01 8.303177356719970703e-01 6.502780914306640625e-01
7.659685015678405762e-01 7.574114799499511719e-01 4.655900597572326660e-01 7.656736969947814941e-01 8.534855246543884277e-01 9.607498049736022949e-01 8.341019153594970703e-01 4.439888894557952881e-01 8.976167440414428711e-01 5.570176839828491211e-01
8.601572513580322266e-01 9.772773981094360352e-01 7.639802098274230957e-01 8.104825615882873535e-01 8.690311312675476074e-01 9.857600331306457520e-01 8.863787651062011719e-01 5.890369415283203125e-01 8.976167440414428711e-01 7.582921981811523438e-01
8.083195090293884277e-01 8.347728252410888672e-01 6.907976865768432617e-01 4.705615341663360596e-01 8.002226352691650391e-01 2.073552906513214111e-01 8.863787651062011719e-01 5.890369415283203125e-01 8.976167440414428711e-01 7.513767480850219727e-01
8.879569172859191895e-01 2.184157967567443848e-01 8.290437459945678711e-01 3.587630093097686768e-01 6.592801213264465332e-01 9.838261008262634277e-01 4.829952716827392578e-01 6.562002897262573242e-01 3.111306130886077881e-01 5.782929062843322754e-01
8.601572513580322266e-01 1.274282038211822510e-01 6.389306187629699707e-01 5.396742224693298340e-01 8.887289166450500488e-01 1.485338807106018066e-01 6.949865818023681641e-01 5.614507198333740234e-01 3.111306130886077881e-01 3.837198913097381592e-01
6.487925052642822266e-01 2.760834097862243652e-01 6.389306187629699707e-01 6.785889267921447754e-01 5.584588646888732910e-01 5.103081464767456055e-01 6.949865818023681641e-01 5.614507198333740234e-01 5.926933884620666504e-01 1.479398757219314575e-01
4.249524772167205811e-01 4.182423055171966553e-01 2.466938197612762451e-01 8.423240780830383301e-01 3.787298798561096191e-01 5.824682712554931641e-01 7.724475264549255371e-01 4.501676559448242188e-01 2.815400362014770508e-01 2.292206883430480957e-01
4.249524772167205811e-01 1.919523477554321289e-01 3.568752408027648926e-01 5.952061414718627930e-01 3.993088006973266602e-01 8.315208554267883301e-01 4.374839663505554199e-01 4.501676559448242188e-01 4.969892278313636780e-02 1.620917022228240967e-01
4.249524772167205811e-01 4.963999986648559570e-01 3.568752408027648926e-01 5.952061414718627930e-01 2.300871908664703369e-01 4.327895641326904297e-01 7.683027982711791992e-01 4.501676559448242188e-01 6.560627222061157227e-01 5.474151372909545898e-01
6.487925052642822266e-01 4.937204718589782715e-01 3.568752408027648926e-01 5.396742224693298340e-01 2.300871908664703369e-01 8.173018693923950195e-02 4.953531920909881592e-01 3.410703837871551514e-01 7.504014968872070312e-01 5.205203294754028320e-01
6.487925052642822266e-01 4.937204718589782715e-01 7.783674597740173340e-01 5.569118857383728027e-01 5.102907419204711914e-01 9.401233792304992676e-01 4.191226661205291748e-01 6.562002897262573242e-01 8.217546343803405762e-01 7.668877243995666504e-01
3.928625285625457764e-01 7.273858785629272461e-01 7.783674597740173340e-01 8.423240780830383301e-01 4.024762213230133057e-01 5.790627002716064453e-01 5.563150644302368164e-01 6.562002897262573242e-01 6.139882206916809082e-01 6.536005139350891113e-01
3.928625285625457764e-01 8.281418085098266602e-01 7.783674597740173340e-01 4.174341559410095215e-01 7.545725107192993164e-01 7.376410961151123047e-01 7.535806894302368164e-01 6.562002897262573242e-01 6.139882206916809082e-01 7.151660919189453125e-01
3.928625285625457764e-01 8.529497981071472168e-01 8.982292413711547852e-01 7.962571978569030762e-01 9.163293838500976562e-01 4.057224094867706299e-01 2.869651019573211670e-01 3.410703837871551514e-01 6.617898344993591309e-01 4.531172215938568115e-01
3.928625285625457764e-01 9.496625661849975586e-01 4.857594370841979980e-01 4.174341559410095215e-01 7.359061837196350098e-01 2.930009067058563232e-01 5.563150644302368164e-01 6.562002897262573242e-01 6.156899333000183105e-01 7.151660919189453125e-01
4.249524772167205811e-01 3.533084988594055176e-01 4.991549253463745117e-01 4.174341559410095215e-01 5.533002018928527832e-01 7.653774023056030273e-01 2.869651019573211670e-01 6.562002897262573242e-01 3.539603948593139648e-01 4.306086599826812744e-01
5.576794147491455078e-01 6.004974246025085449e-01 4.417607784271240234e-01 4.174341559410095215e-01 7.518647909164428711e-01 8.106000423431396484e-01 2.869651019573211670e-01 6.562002897262573242e-01 3.539603948593139648e-01 2.994482517242431641e-01
7.148800492286682129e-01 6.018485426902770996e-01 2.688580453395843506e-01 6.102031469345092773e-01 3.036753535270690918e-01 7.921251058578491211e-01 5.563150644302368164e-01 6.562002897262573242e-01 5.632213950157165527e-01 6.252998709678649902e-01
5.627080798149108887e-01 8.044323921203613281e-01 4.089024662971496582e-01 4.174341559410095215e-01 9.179024696350097656e-01 8.591995239257812500e-01 5.563150644302368164e-01 6.562002897262573242e-01 7.623758912086486816e-01 6.252998709678649902e-01
3.405150771141052246e-01 1.999179571866989136e-01 7.599759101867675781e-01 4.174341559410095215e-01 7.198288440704345703e-01 7.999420166015625000e-01 6.921123862266540527e-01 6.562002897262573242e-01 3.775179088115692139e-01 5.067432522773742676e-01
3.150231838226318359e-01 6.183788776397705078e-01 4.050909876823425293e-01 6.102031469345092773e-01 7.198288440704345703e-01 9.113625288009643555e-01 8.200148940086364746e-01 6.562002897262573242e-01 2.759079039096832275e-01 5.067432522773742676e-01
3.150231838226318359e-01 6.183788776397705078e-01 6.261447668075561523e-01 7.962571978569030762e-01 8.184013962745666504e-01 5.154290795326232910e-01 8.200148940086364746e-01 6.562002897262573242e-01 1.722861975431442261e-01 6.450916528701782227e-01
3.405150771141052246e-01 9.751970767974853516e-01 7.602490782737731934e-01 6.102031469345092773e-01 4.134617447853088379e-01 4.662598073482513428e-01 8.200148940086364746e-01 6.562002897262573242e-01 5.205472111701965332e-01 5.067432522773742676e-01
3.405150771141052246e-01 5.245488882064819336e-01 2.124361842870712280e-01 4.174341559410095215e-01 1.215171664953231812e-01 9.119477868080139160e-01 5.563150644302368164e-01 6.562002897262573242e-01 9.912758320569992065e-02 7.081317305564880371e-01
3.405150771141052246e-01 8.379397988319396973e-01 6.777953505516052246e-01 4.174341559410095215e-01 5.519946813583374023e-01 9.450622797012329102e-01 4.829952716827392578e-01 5.614507198333740234e-01 1.722861975431442261e-01 7.081317305564880371e-01
4.195954799652099609e-01 9.745416641235351562e-01 6.824346184730529785e-01 6.064476966857910156e-01 5.863662958145141602e-01 6.817463636398315430e-01 5.938872694969177246e-01 5.614507198333740234e-01 2.790417969226837158e-01 7.259262204170227051e-01
4.911806881427764893e-01 4.482499957084655762e-01 6.685637235641479492e-01 7.476545572280883789e-01 1.402829438447952271e-01 5.295644402503967285e-01 5.563150644302368164e-01 6.562002897262573242e-01 4.759108424186706543e-01 5.782929062843322754e-01
3.405150771141052246e-01 3.062901198863983154e-01 4.828599393367767334e-01 4.174341559410095215e-01 2.682397961616516113e-01 6.987176537513732910e-01 5.563150644302368164e-01 6.562002897262573242e-01 4.759108424186706543e-01 5.782929062843322754e-01
6.102298498153686523e-01 8.008894920349121094e-01 6.824346184730529785e-01 6.524339318275451660e-01 2.682397961616516113e-01 8.788269758224487305e-01 2.869651019573211670e-01 3.410703837871551514e-01 4.759108424186706543e-01 1.997175216674804688e-01
3.709416389465332031e-01 1.313499063253402710e-01 2.432562410831451416e-01 8.128917813301086426e-01 1.401124894618988037e-01 5.217866897583007812e-01 5.390245318412780762e-01 8.065230250358581543e-01 4.759108424186706543e-01 5.570176839828491211e-01
3.405150771141052246e-01 1.529280394315719604e-01 4.415436983108520508e-01 6.653947830200195312e-01 2.996602952480316162e-01 3.969526290893554688e-01 7.182918787002563477e-01 8.065230250358581543e-01 4.418725669384002686e-01 5.570176839828491211e-01
6.102298498153686523e-01 3.433510363101959229e-01 4.415436983108520508e-01 9.333107471466064453e-01 2.803992331027984619e-01 6.478894948959350586e-01 4.829952716827392578e-01 6.562002897262573242e-01 4.418725669384002686e-01 1.539730280637741089e-01
3.405150771141052246e-01 1.405309736728668213e-01 6.652197241783142090e-01 6.785889267921447754e-01 7.769244313240051270e-01 1.297184675931930542e-01 5.563150644302368164e-01 6.562002897262573242e-01 2.216177880764007568e-01 2.435682117938995361e-01
6.102298498153686523e-01 2.986788153648376465e-01 8.104670643806457520e-01 8.468836545944213867e-01 7.769244313240051270e-01 1.353754699230194092e-01 5.563150644302368164e-01 6.562002897262573242e-01 4.418725669384002686e-01 2.435682117938995361e-01
3.150231838226318359e-01 9.182636141777038574e-01 7.015368342399597168e-01 8.423240780830383301e-01 2.876909971237182617e-01 8.077356815338134766e-01 8.200148940086364746e-01 6.562002897262573242e-01 8.050529360771179199e-01 1.539730280637741089e-01
3.405150771141052246e-01 9.251757264137268066e-01 7.015368342399597168e-01 8.423240780830383301e-01 4.144997298717498779e-01 1.489018052816390991e-01 5.563150644302368164e-01 6.562002897262573242e-01 2.461728602647781372e-01 1.539730280637741089e-01
3.405150771141052246e-01 3.173326551914215088e-01 8.811343908309936523e-01 4.174341559410095215e-01 8.013942837715148926e-01 2.658210396766662598e-01 8.200148940086364746e-01 6.562002897262573242e-01 4.371719658374786377e-01 6.450916528701782227e-01
4.080950021743774414e-01 4.596990346908569336e-01 8.417419791221618652e-01 4.450025558471679688e-01 3.250503540039062500e-01 3.020898997783660889e-01 2.869651019573211670e-01 3.410703837871551514e-01 4.461375772953033447e-01 7.081317305564880371e-01
6.625507473945617676e-01 8.214769363403320312e-01 9.301996231079101562e-01 7.962571978569030762e-01 9.284538030624389648e-01 4.998196363449096680e-01 4.191226661205291748e-01 6.562002897262573242e-01 4.461375772953033447e-01 8.241337537765502930e-01
6.430726647377014160e-01 6.822196841239929199e-01 8.289033770561218262e-01 6.064476966857910156e-01 7.908714413642883301e-01 5.034526586532592773e-01 5.938872694969177246e-01 3.410703837871551514e-01 4.687118828296661377e-01 8.241337537765502930e-01
7.959933876991271973e-01 1.515104919672012329e-01 8.289033770561218262e-01 9.110184907913208008e-01 5.677156448364257812e-01 4.217287898063659668e-01 5.938872694969177246e-01 6.562002897262573242e-01 1.698536127805709839e-01 7.259262204170227051e-01
3.405150771141052246e-01 5.830828845500946045e-02 6.057029366493225098e-01 7.962571978569030762e-01 4.610368013381958008e-01 1.755937635898590088e-01 2.869651019573211670e-01 3.410703837871551514e-01 6.025688648223876953e-01 1.997175216674804688e-01
3.709416389465332031e-01 2.145965397357940674e-01 1.788280308246612549e-01 2.548170983791351318e-01 2.682397961616516113e-01 6.958498805761337280e-02 2.869651019573211670e-01 3.410703837871551514e-01 6.025688648223876953e-01 1.997175216674804688e-01
3.709416389465332031e-01 5.298283696174621582e-01 3.236017823219299316e-01 9.296780824661254883e-01 6.420164704322814941e-01 5.494456887245178223e-01 5.390245318412780762e-01 8.065230250358581543e-01 7.395207285881042480e-01 5.570176839828491211e-01
3.405150771141052246e-01 1.913402825593948364e-01 7.714161872863769531e-01 7.158773541450500488e-01 9.059103131294250488e-01 3.135742843151092529e-01 4.829952716827392578e-01 6.562002897262573242e-01 8.227939605712890625e-01 2.994482517242431641e-01
7.166945934295654297e-01 5.478098392486572266e-01 8.915079236030578613e-01 3.993273079395294189e-01 7.734682559967041016e-01 4.917440712451934814e-01 4.829952716827392578e-01 6.562002897262573242e-01 8.227939605712890625e-01 4.306086599826812744e-01
3.709416389465332031e-01 6.232717037200927734e-01 7.499033808708190918e-01 6.785889267921447754e-01 9.337475895881652832e-01 9.075353741645812988e-01 5.563150644302368164e-01 6.562002897262573242e-01 8.227939605712890625e-01 6.252998709678649902e-01
3.709416389465332031e-01 5.775826573371887207e-01 6.389306187629699707e-01 8.423240780830383301e-01 9.337475895881652832e-01 1.957030892372131348e-01 7.535806894302368164e-01 6.562002897262573242e-01 8.052002191543579102e-01 7.081317305564880371e-01
3.150231838226318359e-01 4.471448957920074463e-01 7.499033808708190918e-01 8.423240780830383301e-01 5.327509641647338867e-01 3.268157243728637695e-01 5.563150644302368164e-01 6.562002897262573242e-01 8.052002191543579102e-01 7.668877243995666504e-01
3.150231838226318359e-01 2.347156554460525513e-01 3.108254969120025635e-01 8.423240780830383301e-01 6.028167009353637695e-01 4.098184406757354736e-01 4.829952716827392578e-01 6.562002897262573242e-01 1.280869692564010620e-01 7.151660919189453125e-01
3.405150771141052246e-01 4.941585361957550049e-01 3.108254969120025635e-01 8.423240780830383301e-01 5.742414593696594238e-01 6.378477215766906738e-01 5.563150644302368164e-01 6.562002897262573242e-01 4.974496066570281982e-01 7.151660919189453125e-01
3.405150771141052246e-01 1.602300256490707397e-01 5.016690492630004883e-01 4.174341559410095215e-01 2.554959058761596680e-01 1.219059377908706665e-01 5.563150644302368164e-01 6.562002897262573242e-01 7.436315417289733887e-01 7.151660919189453125e-01
5.627080798149108887e-01 5.140953063964843750e-01 5.486449003219604492e-01 4.174341559410095215e-01 7.359061837196350098e-01 4.583143293857574463e-01 6.921123862266540527e-01 6.562002897262573242e-01 8.033999800682067871e-01 7.151660919189453125e-01
5.627080798149108887e-01 6.501514911651611328e-01 7.533801794052124023e-01 6.064476966857910156e-01 7.359061837196350098e-01 8.675032258033752441e-01 8.200148940086364746e-01 6.562002897262573242e-01 7.196905612945556641e-01 6.450916528701782227e-01
5.340524911880493164e-01 4.760267436504364014e-01 3.589962422847747803e-01 7.962571978569030762e-01 7.279296517372131348e-01 7.543494701385498047e-01 5.563150644302368164e-01 6.562002897262573242e-01 9.201737046241760254e-01 4.853909611701965332e-01
3.150231838226318359e-01 1.137870624661445618e-01 2.791357636451721191e-01 4.174341559410095215e-01 5.432316660881042480e-01 8.787836879491806030e-02 2.869651019573211670e-01 6.562002897262573242e-01 8.235442042350769043e-01 2.994482517242431641e-01
3.150231838226318359e-01 4.090983048081398010e-02 4.142866134643554688e-01 6.102031469345092773e-01 5.432316660881042480e-01 1.284291893243789673e-01 1.521739810705184937e-01 2.283517122268676758e-01 6.624127626419067383e-01 2.994482517242431641e-01
3.405150771141052246e-01 1.562371999025344849e-01 2.045400142669677734e-01 1.322953402996063232e-01 6.759675145149230957e-01 4.871526062488555908e-01 1.521739810705184937e-01 2.283517122268676758e-01 6.137010455131530762e-01 4.306086599826812744e-01
3.405150771141052246e-01 1.842399127781391144e-02 3.014243841171264648e-01 1.322953402996063232e-01 6.209118366241455078e-01 1.545004099607467651e-01 2.268450111150741577e-01 2.283517122268676758e-01 5.841640830039978027e-01 1.539730280637741089e-01
3.405150771141052246e-01 2.568282745778560638e-02 5.369781851768493652e-01 1.322953402996063232e-01 8.780866116285324097e-02 8.437918126583099365e-02 1.521739810705184937e-01 2.283517122268676758e-01 8.910949528217315674e-02 1.539730280637741089e-01
3.405150771141052246e-01 2.438582852482795715e-02 2.688615024089813232e-01 4.174341559410095215e-01 1.831133514642715454e-01 8.950584568083286285e-03 1.521739810705184937e-01 2.283517122268676758e-01 1.626216769218444824e-01 1.539730280637741089e-01
3.709416389465332031e-01 1.978073120117187500e-01 5.977570638060569763e-02 8.423240780830383301e-01 1.831133514642715454e-01 8.950584568083286285e-03 1.521739810705184937e-01 2.283517122268676758e-01 1.626216769218444824e-01 3.199677169322967529e-01
3.150231838226318359e-01 7.423481941223144531e-01 4.943136274814605713e-01 6.029922366142272949e-01 7.899957895278930664e-01 6.143477559089660645e-02 2.268450111150741577e-01 2.283517122268676758e-01 3.788233995437622070e-01 3.199677169322967529e-01
3.405150771141052246e-01 2.106967717409133911e-01 6.261447668075561523e-01 7.771930098533630371e-01 2.046960592269897461e-01 2.081716060638427734e-01 2.268450111150741577e-01 2.283517122268676758e-01 2.350067943334579468e-01 5.805602073669433594e-01
4.080950021743774414e-01 7.728733420372009277e-01 5.451436042785644531e-01 4.840074479579925537e-01 5.408519506454467773e-01 1.944304555654525757e-01 1.449277102947235107e-01 2.283517122268676758e-01 2.350067943334579468e-01 5.986147522926330566e-01
1.842484176158905029e-01 3.922704458236694336e-01 5.451436042785644531e-01 1.973616480827331543e-01 4.498108923435211182e-01 1.152729615569114685e-01 7.674652338027954102e-02 2.283517122268676758e-01 1.896116435527801514e-01 2.949902117252349854e-01
5.348950624465942383e-01 7.136721163988113403e-02 4.069761931896209717e-01 3.116464614868164062e-01 1.808502674102783203e-01 3.563703596591949463e-02 7.674652338027954102e-02 2.283517122268676758e-01 1.997199952602386475e-01 1.058544665575027466e-01
4.064774811267852783e-01 2.018995136022567749e-01 1.264324784278869629e-01 1.973616480827331543e-01 1.808502674102783203e-01 1.372428797185420990e-02 1.449277102947235107e-01 2.283517122268676758e-01 8.355516940355300903e-02 5.986147522926330566e-01
4.080950021743774414e-01 2.863947749137878418e-01 5.825888365507125854e-02 1.973616480827331543e-01 9.072908014059066772e-02 2.338795177638530731e-02 7.674652338027954102e-02 2.283517122268676758e-01 8.355516940355300903e-02 3.658279776573181152e-01
3.804625570774078369e-01 6.185403466224670410e-01 4.174960255622863770e-01 4.818392693996429443e-01 9.072908014059066772e-02 4.267397820949554443e-01 7.674652338027954102e-02 2.283517122268676758e-01 7.548696994781494141e-01 1.392991691827774048e-01
4.911806881427764893e-01 8.764662742614746094e-01 1.326914578676223755e-01 3.355679810047149658e-01 3.856627047061920166e-01 8.851382136344909668e-01 2.575272023677825928e-01 2.283517122268676758e-01 5.920912027359008789e-01 1.392991691827774048e-01
2.402590662240982056e-01 4.726627171039581299e-01 1.780288517475128174e-01 3.355679810047149658e-01 6.009734272956848145e-01 6.164819598197937012e-01 2.720186710357666016e-01 5.687882900238037109e-01 2.510864734649658203e-01 7.019710540771484375e-01
1.674840897321701050e-01 7.980651259422302246e-01 1.780288517475128174e-01 2.624880373477935791e-01 1.389549225568771362e-01 6.164819598197937012e-01 2.720186710357666016e-01 5.687882900238037109e-01 6.039103269577026367e-01 7.019710540771484375e-01
4.064774811267852783e-01 7.176008820533752441e-01 2.744397819042205811e-01 3.355679810047149658e-01 1.389549225568771362e-01 7.095950245857238770e-01 4.857282638549804688e-01 5.687882900238037109e-01 3.726144433021545410e-01 7.019710540771484375e-01
5.253031849861145020e-01 6.407192349433898926e-01 3.816220462322235107e-01 3.750745058059692383e-01 2.941041588783264160e-01 8.076340556144714355e-01 6.092426776885986328e-01 5.687882900238037109e-01 5.087353587150573730e-01 7.019710540771484375e-01
4.620373547077178955e-01 5.224166512489318848e-01 6.332441419363021851e-02 3.750745058059692383e-01 2.941041588783264160e-01 8.424251079559326172e-01 6.932178139686584473e-01 5.890369415283203125e-01 6.479269266128540039e-01 6.231434941291809082e-01
4.620373547077178955e-01 2.366531938314437866e-01 1.037163957953453064e-01 3.750745058059692383e-01 4.083575904369354248e-01 8.616085648536682129e-01 6.435360312461853027e-01 5.614507198333740234e-01 6.479269266128540039e-01 6.950320005416870117e-01
7.166945934295654297e-01 5.640669167041778564e-02 3.281372487545013428e-01 2.742123603820800781e-01 7.776236534118652344e-01 8.246415853500366211e-01 6.435360312461853027e-01 5.614507198333740234e-01 6.479269266128540039e-01 4.095842838287353516e-01
7.166945934295654297e-01 5.852507948875427246e-01 2.550078332424163818e-01 6.872208714485168457e-01 7.776236534118652344e-01 7.781715393066406250e-01 6.932178139686584473e-01 5.890369415283203125e-01 2.151447832584381104e-01 6.950320005416870117e-01
5.015112757682800293e-01 9.134160280227661133e-01 1.666512638330459595e-01 4.123549759387969971e-01 7.713612914085388184e-01 5.970590710639953613e-01 6.435360312461853027e-01 5.614507198333740234e-01 4.107048213481903076e-01 4.095842838287353516e-01
