4.457695782184600830e-01 4.339678883552551270e-01 2.518282234668731689e-01 7.831336259841918945e-01 5.648850798606872559e-01 7.144806385040283203e-01 4.325961172580718994e-01 4.768758118152618408e-01 5.094586610794067383e-01 9.038406014442443848e-01
3.460532724857330322e-01 4.339678883552551270e-01 2.518282234668731689e-01 7.831336259841918945e-01 5.648850798606872559e-01 8.860157728195190430e-01 4.325961172580718994e-01 6.719797849655151367e-01 5.094586610794067383e-01 9.572840332984924316e-01
3.460532724857330322e-01 1.434069871902465820e-01 2.518282234668731689e-01 6.314519643783569336e-01 5.648850798606872559e-01 7.565115094184875488e-01 7.986947894096374512e-01 6.582487821578979492e-01 5.094586610794067383e-01 8.554531931877136230e-01
3.299476504325866699e-01 5.683810710906982422e-01 2.518282234668731689e-01 7.831336259841918945e-01 5.648850798606872559e-01 8.852568268775939941e-01 7.986947894096374512e-01 6.938650012016296387e-01 5.094586610794067383e-01 8.076397180557250977e-01
5.669961571693420410e-01 4.373957216739654541e-01 2.518282234668731689e-01 7.831336259841918945e-01 5.648850798606872559e-01 8.852568268775939941e-01 7.986947894096374512e-01 5.953692793846130371e-01 5.397484898567199707e-01 9.527729153633117676e-01
1.919243037700653076e-01 4.216665923595428467e-01 2.518282234668731689e-01 4.263004958629608154e-01 5.648850798606872559e-01 5.718459486961364746e-01 1.712095290422439575e-01 5.953692793846130371e-01 5.397484898567199707e-01 9.527729153633117676e-01
2.225141674280166626e-01 1.373434662818908691e-01 2.518282234668731689e-01 6.314519643783569336e-01 5.648850798606872559e-01 4.913850426673889160e-01 1.712095290422439575e-01 1.455382704734802246e-01 5.397484898567199707e-01 9.527729153633117676e-01
4.617446959018707275e-01 6.931873559951782227e-01 2.518282234668731689e-01 4.263004958629608154e-01 5.648850798606872559e-01 2.361224740743637085e-01 1.712095290422439575e-01 3.824404776096343994e-01 5.397484898567199707e-01 9.231775403022766113e-01
6.565146446228027344e-01 3.303653597831726074e-01 2.518282234668731689e-01 4.263004958629608154e-01 5.648850798606872559e-01 2.361224740743637085e-01 4.325961172580718994e-01 3.824404776096343994e-01 5.397484898567199707e-01 9.231775403022766113e-01
6.133273839950561523e-01 6.098993420600891113e-01 2.156650573015213013e-01 4.263004958629608154e-01 5.648850798606872559e-01 8.067423701286315918e-01 1.712095290422439575e-01 4.615222513675689697e-01 5.417095422744750977e-01 9.231775403022766113e-01
4.158578515052795410e-01 4.765073657035827637e-01 4.133852124214172363e-01 7.831336259841918945e-01 5.648850798606872559e-01 4.820185303688049316e-01 1.712095290422439575e-01 3.133915066719055176e-01 5.417095422744750977e-01 9.231775403022766113e-01
5.961218476295471191e-01 4.765073657035827637e-01 4.133852124214172363e-01 4.263004958629608154e-01 5.648850798606872559e-01 4.820185303688049316e-01 1.712095290422439575e-01 4.615222513675689697e-01 8.458452820777893066e-01 9.527729153633117676e-01
6.429399847984313965e-01 1.658076196908950806e-01 7.429366111755371094e-01 7.831336259841918945e-01 5.648850798606872559e-01 5.667331814765930176e-01 1.712095290422439575e-01 3.824404776096343994e-01 4.401887655258178711e-01 9.648671150207519531e-01
6.429399847984313965e-01 5.239060521125793457e-01 2.156650573015213013e-01 4.263004958629608154e-01 5.648850798606872559e-01 1.424760818481445312e-01 2.749865651130676270e-01 4.615222513675689697e-01 4.401887655258178711e-01 9.787711501121520996e-01
4.648119509220123291e-01 5.239060521125793457e-01 2.156650573015213013e-01 7.831336259841918945e-01 5.648850798606872559e-01 4.261667430400848389e-01 2.749865651130676270e-01 2.398650944232940674e-01 4.401887655258178711e-01 9.648671150207519531e-01
5.961218476295471191e-01 5.239060521125793457e-01 2.156650573015213013e-01 6.314519643783569336e-01 5.648850798606872559e-01 2.547068297863006592e-01 2.749865651130676270e-01 4.284911453723907471e-01 4.401887655258178711e-01 9.787711501121520996e-01
4.617446959018707275e-01 5.239060521125793457e-01 2.518282234668731689e-01 6.314519643783569336e-01 5.648850798606872559e-01 2.929577529430389404e-01 2.749865651130676270e-01 2.998206913471221924e-01 6.248695254325866699e-01 9.648671150207519531e-01
9.104698896408081055e-01 5.239060521125793457e-01 2.518282234668731689e-01 7.831336259841918945e-01 5.648850798606872559e-01 4.719298481941223145e-01 4.968757331371307373e-01 8.080015778541564941e-01 6.248695254325866699e-01 9.648671150207519531e-01
8.122115731239318848e-01 5.239060521125793457e-01 2.518282234668731689e-01 4.263004958629608154e-01 5.648850798606872559e-01 1.086650639772415161e-01 4.968757331371307373e-01 8.080015778541564941e-01 6.248695254325866699e-01 9.231775403022766113e-01
8.122115731239318848e-01 5.239060521125793457e-01 2.156650573015213013e-01 7.831336259841918945e-01 5.648850798606872559e-01 3.491315841674804688e-01 6.637287139892578125e-01 3.840060830116271973e-01 6.248695254325866699e-01 6.918092966079711914e-01
9.104698896408081055e-01 5.239060521125793457e-01 2.156650573015213013e-01 6.314519643783569336e-01 5.648850798606872559e-01 1.445818096399307251e-01 6.637287139892578125e-01 3.840060830116271973e-01 6.248695254325866699e-01 9.010167121887207031e-01
6.044790148735046387e-01 5.239060521125793457e-01 2.156650573015213013e-01 7.831336259841918945e-01 7.497518658638000488e-01 1.231756135821342468e-01 6.637287139892578125e-01 8.080015778541564941e-01 4.401887655258178711e-01 7.993194460868835449e-01
6.044790148735046387e-01 2.166846394538879395e-01 2.156650573015213013e-01 2.054554522037506104e-01 6.292235255241394043e-01 3.747594356536865234e-02 6.637287139892578125e-01 5.528492331504821777e-01 1.617788076400756836e-01 7.017973661422729492e-01
2.028777003288269043e-01 5.239060521125793457e-01 2.156650573015213013e-01 6.314519643783569336e-01 6.292235255241394043e-01 1.231756135821342468e-01 6.637287139892578125e-01 8.080015778541564941e-01 4.401887655258178711e-01 7.017973661422729492e-01
6.044790148735046387e-01 5.239060521125793457e-01 2.156650573015213013e-01 7.831336259841918945e-01 6.292235255241394043e-01 8.085539937019348145e-02 6.637287139892578125e-01 6.582487821578979492e-01 4.401887655258178711e-01 8.819578289985656738e-01
7.860099077224731445e-01 5.239060521125793457e-01 2.156650573015213013e-01 6.314519643783569336e-01 6.292235255241394043e-01 8.085539937019348145e-02 6.637287139892578125e-01 5.528492331504821777e-01 4.401887655258178711e-01 4.257363080978393555e-01
6.441825032234191895e-01 1.937384605407714844e-01 2.156650573015213013e-01 6.314519643783569336e-01 6.292235255241394043e-01 1.289292126893997192e-01 6.637287139892578125e-01 8.080015778541564941e-01 4.401887655258178711e-01 5.462668538093566895e-01
7.860099077224731445e-01 1.937384605407714844e-01 2.156650573015213013e-01 6.314519643783569336e-01 6.292235255241394043e-01 5.840799808502197266e-01 6.637287139892578125e-01 6.751335263252258301e-01 4.401887655258178711e-01 2.810733020305633545e-01
6.292823553085327148e-01 3.220944404602050781e-01 2.156650573015213013e-01 4.228454828262329102e-01 6.292235255241394043e-01 2.534015178680419922e-01 6.637287139892578125e-01 7.941823005676269531e-01 1.617788076400756836e-01 6.864312291145324707e-01
3.992747962474822998e-01 2.921489775180816650e-01 2.156650573015213013e-01 6.631604433059692383e-01 6.292235255241394043e-01 8.515923619270324707e-01 6.637287139892578125e-01 5.313175916671752930e-01 4.401887655258178711e-01 6.035829782485961914e-01
8.407860994338989258e-01 2.977184653282165527e-01 2.156650573015213013e-01 4.228454828262329102e-01 6.292235255241394043e-01 4.356896281242370605e-01 9.628040194511413574e-01 5.313175916671752930e-01 1.617788076400756836e-01 6.427282094955444336e-01
8.407860994338989258e-01 6.745702028274536133e-01 2.156650573015213013e-01 6.631604433059692383e-01 6.292235255241394043e-01 6.372748613357543945e-01 7.986947894096374512e-01 6.384735107421875000e-01 4.401887655258178711e-01 6.567870378494262695e-01
5.639561414718627930e-01 5.239060521125793457e-01 2.156650573015213013e-01 6.631604433059692383e-01 7.794201970100402832e-01 2.877523601055145264e-01 4.025873839855194092e-01 3.856984078884124756e-01 4.401887655258178711e-01 7.898705005645751953e-01
5.900670289993286133e-01 1.937384605407714844e-01 2.156650573015213013e-01 4.667167961597442627e-01 7.794201970100402832e-01 4.046795964241027832e-01 4.025873839855194092e-01 6.384735107421875000e-01 4.401887655258178711e-01 7.898705005645751953e-01
5.900670289993286133e-01 6.745702028274536133e-01 2.156650573015213013e-01 7.831336259841918945e-01 7.794201970100402832e-01 8.028333187103271484e-01 4.846604764461517334e-01 9.518671035766601562e-01 4.401887655258178711e-01 9.206634759902954102e-01
5.900670289993286133e-01 4.339678883552551270e-01 2.156650573015213013e-01 7.831336259841918945e-01 7.794201970100402832e-01 5.852563381195068359e-01 7.280839085578918457e-01 9.113579392433166504e-01 4.401887655258178711e-01 6.087433099746704102e-01
5.804362893104553223e-01 4.339678883552551270e-01 2.156650573015213013e-01 7.831336259841918945e-01 6.292235255241394043e-01 1.023652926087379456e-01 6.824104785919189453e-01 8.470312356948852539e-01 4.401887655258178711e-01 9.000489115715026855e-01
9.142675995826721191e-01 4.339678883552551270e-01 2.156650573015213013e-01 6.631604433059692383e-01 6.292235255241394043e-01 2.749645411968231201e-01 5.180781483650207520e-01 6.569255590438842773e-01 7.214598655700683594e-01 6.288703083992004395e-01
6.555013656616210938e-01 9.425913691520690918e-01 2.156650573015213013e-01 7.831336259841918945e-01 6.292235255241394043e-01 1.829582303762435913e-01 5.180781483650207520e-01 8.937615156173706055e-01 4.401887655258178711e-01 8.243804574012756348e-01
7.858545184135437012e-01 8.902145028114318848e-01 2.156650573015213013e-01 7.831336259841918945e-01 6.292235255241394043e-01 8.887158036231994629e-01 5.180781483650207520e-01 6.926152706146240234e-01 7.214598655700683594e-01 6.571679115295410156e-01
7.824972271919250488e-01 6.539903879165649414e-01 2.156650573015213013e-01 4.263004958629608154e-01 6.292235255241394043e-01 4.636298120021820068e-01 6.637287139892578125e-01 8.470312356948852539e-01 4.401887655258178711e-01 8.243804574012756348e-01
4.694448113441467285e-01 6.539903879165649414e-01 2.156650573015213013e-01 4.263004958629608154e-01 6.292235255241394043e-01 4.255086183547973633e-01 6.637287139892578125e-01 9.518671035766601562e-01 7.214598655700683594e-01 7.522432804107666016e-01
4.703262746334075928e-01 6.539903879165649414e-01 2.156650573015213013e-01 4.263004958629608154e-01 6.292235255241394043e-01 2.647527754306793213e-01 6.637287139892578125e-01 7.941823005676269531e-01 7.214598655700683594e-01 7.522432804107666016e-01
6.449932456016540527e-01 6.539903879165649414e-01 2.156650573015213013e-01 7.831336259841918945e-01 6.292235255241394043e-01 4.255086183547973633e-01 6.637287139892578125e-01 9.734879732131958008e-01 7.214598655700683594e-01 8.954371809959411621e-01
6.449932456016540527e-01 6.539903879165649414e-01 2.156650573015213013e-01 7.831336259841918945e-01 6.292235255241394043e-01 6.442396044731140137e-01 6.637287139892578125e-01 9.734879732131958008e-01 7.214598655700683594e-01 5.784420967102050781e-01
6.449932456016540527e-01 6.539903879165649414e-01 2.156650573015213013e-01 7.831336259841918945e-01 6.292235255241394043e-01 7.047008275985717773e-01 6.637287139892578125e-01 9.151650667190551758e-01 7.214598655700683594e-01 2.094886153936386108e-01
7.576347589492797852e-01 6.539903879165649414e-01 2.156650573015213013e-01 7.831336259841918945e-01 6.292235255241394043e-01 9.530541300773620605e-01 6.637287139892578125e-01 9.518671035766601562e-01 7.214598655700683594e-01 3.930949270725250244e-01
6.012372374534606934e-01 3.638638257980346680e-01 2.156650573015213013e-01 6.314519643783569336e-01 7.497518658638000488e-01 8.968617320060729980e-01 7.986947894096374512e-01 9.354382753372192383e-01 4.401887655258178711e-01 4.808799326419830322e-01
6.012372374534606934e-01 5.239060521125793457e-01 6.984628438949584961e-01 7.831336259841918945e-01 7.794201970100402832e-01 8.654453754425048828e-01 6.637287139892578125e-01 8.799020051956176758e-01 4.401887655258178711e-01 6.936356425285339355e-01
6.012372374534606934e-01 6.539903879165649414e-01 6.984628438949584961e-01 7.831336259841918945e-01 7.794201970100402832e-01 2.038802355527877808e-01 6.637287139892578125e-01 8.883206248283386230e-01 4.401887655258178711e-01 4.808799326419830322e-01
5.527547597885131836e-01 5.239060521125793457e-01 2.156650573015213013e-01 7.831336259841918945e-01 6.292235255241394043e-01 1.591356545686721802e-01 2.749865651130676270e-01 8.328391909599304199e-01 4.401887655258178711e-01 4.808799326419830322e-01
9.119253754615783691e-01 6.897786259651184082e-01 2.156650573015213013e-01 7.831336259841918945e-01 6.292235255241394043e-01 3.173010647296905518e-01 6.637287139892578125e-01 8.774020671844482422e-01 4.401887655258178711e-01 7.601337432861328125e-01
9.119253754615783691e-01 6.897786259651184082e-01 2.156650573015213013e-01 7.831336259841918945e-01 6.292235255241394043e-01 2.902579605579376221e-01 6.637287139892578125e-01 7.929180860519409180e-01 4.401887655258178711e-01 7.601337432861328125e-01
9.119253754615783691e-01 8.970813155174255371e-01 7.429366111755371094e-01 7.831336259841918945e-01 7.794201970100402832e-01 2.673198580741882324e-01 2.749865651130676270e-01 7.929180860519409180e-01 6.248695254325866699e-01 7.601337432861328125e-01
9.119253754615783691e-01 6.897786259651184082e-01 4.731056094169616699e-01 7.831336259841918945e-01 6.292235255241394043e-01 2.127640694379806519e-01 2.749865651130676270e-01 7.929180860519409180e-01 4.401887655258178711e-01 7.601337432861328125e-01
8.900209069252014160e-01 6.897786259651184082e-01 2.156650573015213013e-01 7.831336259841918945e-01 6.292235255241394043e-01 9.482657909393310547e-02 2.749865651130676270e-01 9.190456271171569824e-01 4.401887655258178711e-01 4.808799326419830322e-01
8.900209069252014160e-01 6.897786259651184082e-01 2.156650573015213013e-01 7.831336259841918945e-01 6.292235255241394043e-01 7.191676497459411621e-01 6.637287139892578125e-01 7.384953498840332031e-01 6.248695254325866699e-01 4.808799326419830322e-01
9.263992309570312500e-01 6.897786259651184082e-01 2.156650573015213013e-01 6.314519643783569336e-01 6.292235255241394043e-01 7.580133080482482910e-01 2.922873795032501221e-01 8.926771879196166992e-01 4.401887655258178711e-01 6.936356425285339355e-01
9.736330509185791016e-01 4.491876363754272461e-01 2.156650573015213013e-01 6.314519643783569336e-01 6.292235255241394043e-01 3.444991409778594971e-01 2.922873795032501221e-01 8.258867859840393066e-01 6.248695254325866699e-01 4.808799326419830322e-01
9.381459951400756836e-01 6.897786259651184082e-01 2.156650573015213013e-01 7.831336259841918945e-01 6.292235255241394043e-01 2.815366983413696289e-01 7.352756708860397339e-02 3.621701300144195557e-01 6.248695254325866699e-01 8.046093583106994629e-01
6.883420944213867188e-01 6.539903879165649414e-01 2.156650573015213013e-01 7.831336259841918945e-01 6.292235255241394043e-01 1.684349924325942993e-01 2.749865651130676270e-01 4.307387173175811768e-01 6.248695254325866699e-01 7.874446511268615723e-01
6.883420944213867188e-01 6.539903879165649414e-01 2.156650573015213013e-01 7.831336259841918945e-01 4.304548799991607666e-01 2.996393442153930664e-01 5.155578255653381348e-01 7.347029447555541992e-01 6.248695254325866699e-01 7.874446511268615723e-01
4.065011441707611084e-01 6.539903879165649414e-01 2.156650573015213013e-01 7.831336259841918945e-01 2.565479278564453125e-01 6.900395750999450684e-01 6.637287139892578125e-01 2.881013453006744385e-01 6.248695254325866699e-01 7.874446511268615723e-01
5.236088633537292480e-01 6.539903879165649414e-01 2.156650573015213013e-01 7.831336259841918945e-01 2.565479278564453125e-01 2.367166802287101746e-02 5.155578255653381348e-01 3.840060830116271973e-01 6.248695254325866699e-01 7.333484292030334473e-01
5.236088633537292480e-01 6.539903879165649414e-01 2.156650573015213013e-01 6.314519643783569336e-01 2.565479278564453125e-01 2.564083337783813477e-01 2.922873795032501221e-01 5.528492331504821777e-01 4.401887655258178711e-01 1.676648408174514771e-01
3.629179596900939941e-01 6.539903879165649414e-01 2.156650573015213013e-01 7.831336259841918945e-01 2.565479278564453125e-01 1.256046742200851440e-01 2.922873795032501221e-01 8.944581747055053711e-01 4.401887655258178711e-01 4.864588975906372070e-01
6.180579066276550293e-01 3.833162486553192139e-01 2.156650573015213013e-01 7.831336259841918945e-01 2.565479278564453125e-01 1.987151205539703369e-01 2.922873795032501221e-01 6.603642106056213379e-01 4.401887655258178711e-01 3.693266212940216064e-01
6.180579066276550293e-01 1.223558038473129272e-01 2.156650573015213013e-01 2.054554522037506104e-01 6.292235255241394043e-01 2.511108852922916412e-02 4.325961172580718994e-01 6.059578061103820801e-01 1.617788076400756836e-01 1.119402945041656494e-01
1.717678606510162354e-01 6.454349309206008911e-02 2.156650573015213013e-01 2.054554522037506104e-01 6.292235255241394043e-01 2.900957316160202026e-02 3.191257417201995850e-01 4.957291781902313232e-01 1.617788076400756836e-01 4.993391931056976318e-01
1.717678606510162354e-01 6.454349309206008911e-02 2.156650573015213013e-01 2.054554522037506104e-01 6.292235255241394043e-01 4.786284640431404114e-02 4.325961172580718994e-01 8.937575221061706543e-01 1.617788076400756836e-01 9.789188951253890991e-02
1.717678606510162354e-01 6.454349309206008911e-02 2.156650573015213013e-01 2.054554522037506104e-01 6.292235255241394043e-01 7.126222550868988037e-02 3.191257417201995850e-01 6.681890487670898438e-01 1.617788076400756836e-01 1.433741748332977295e-01
1.260660737752914429e-01 6.454349309206008911e-02 2.156650573015213013e-01 2.054554522037506104e-01 6.292235255241394043e-01 2.549148537218570709e-02 3.191257417201995850e-01 7.953273057937622070e-01 1.617788076400756836e-01 3.120771981775760651e-02
6.249713152647018433e-02 6.454349309206008911e-02 2.156650573015213013e-01 3.375875055789947510e-01 6.292235255241394043e-01 1.451674755662679672e-02 3.191257417201995850e-01 7.868446707725524902e-01 1.617788076400756836e-01 3.345925807952880859e-01
1.260660737752914429e-01 6.454349309206008911e-02 2.156650573015213013e-01 2.054554522037506104e-01 6.292235255241394043e-01 1.227975636720657349e-02 3.191257417201995850e-01 9.333956837654113770e-01 1.617788076400756836e-01 4.457442760467529297e-01
1.179189532995223999e-01 6.454349309206008911e-02 2.156650573015213013e-01 2.054554522037506104e-01 6.292235255241394043e-01 9.816869162023067474e-03 7.092266082763671875e-01 9.675933718681335449e-01 1.617788076400756836e-01 7.485782504081726074e-01
4.048143029212951660e-01 1.096321176737546921e-02 2.156650573015213013e-01 2.054554522037506104e-01 6.292235255241394043e-01 1.556953415274620056e-02 3.191257417201995850e-01 7.248237133026123047e-01 3.091126084327697754e-01 2.889580726623535156e-01
1.101642772555351257e-01 3.813998028635978699e-02 2.156650573015213013e-01 2.054554522037506104e-01 6.292235255241394043e-01 3.415293619036674500e-02 4.325961172580718994e-01 5.575572252273559570e-01 3.091126084327697754e-01 7.336566448211669922e-01
5.426144599914550781e-02 3.813998028635978699e-02 2.156650573015213013e-01 2.054554522037506104e-01 6.292235255241394043e-01 7.751402258872985840e-02 7.092266082763671875e-01 8.843206167221069336e-01 1.617788076400756836e-01 7.355418801307678223e-01
2.582992240786552429e-02 1.445414125919342041e-02 2.156650573015213013e-01 2.054554522037506104e-01 6.292235255241394043e-01 2.650323510169982910e-02 7.092266082763671875e-01 3.269339799880981445e-01 1.617788076400756836e-01 5.485628247261047363e-01
4.238106310367584229e-02 7.724714279174804688e-02 2.156650573015213013e-01 2.054554522037506104e-01 6.292235255241394043e-01 4.756455868482589722e-02 7.986947894096374512e-01 1.984035372734069824e-01 1.617788076400756836e-01 1.346671134233474731e-01
5.982180684804916382e-02 2.166846394538879395e-01 2.156650573015213013e-01 2.054554522037506104e-01 6.292235255241394043e-01 9.380015730857849121e-02 5.482071638107299805e-01 7.957240343093872070e-01 1.617788076400756836e-01 2.779887020587921143e-01
5.982180684804916382e-02 7.724714279174804688e-02 2.156650573015213013e-01 3.375875055789947510e-01 6.292235255241394043e-01 2.652604579925537109e-01 7.092266082763671875e-01 6.626245379447937012e-01 1.617788076400756836e-01 4.377985894680023193e-01
7.995805144309997559e-02 7.724714279174804688e-02 2.156650573015213013e-01 4.228454828262329102e-01 6.292235255241394043e-01 6.901137530803680420e-02 7.280839085578918457e-01 8.771638274192810059e-01 1.617788076400756836e-01 3.318772315979003906e-01
2.351507544517517090e-01 7.724714279174804688e-02 2.156650573015213013e-01 4.228454828262329102e-01 6.292235255241394043e-01 4.611577466130256653e-02 7.280839085578918457e-01 7.383261919021606445e-01 1.617788076400756836e-01 5.462668538093566895e-01
2.351507544517517090e-01 7.724714279174804688e-02 2.156650573015213013e-01 4.228454828262329102e-01 6.292235255241394043e-01 4.229949712753295898e-01 7.280839085578918457e-01 8.138577342033386230e-01 1.617788076400756836e-01 3.318772315979003906e-01
5.071464180946350098e-01 7.724714279174804688e-02 7.429366111755371094e-01 4.228454828262329102e-01 6.292235255241394043e-01 1.972388327121734619e-01 5.691406726837158203e-01 2.280132621526718140e-01 1.617788076400756836e-01 3.318772315979003906e-01
7.492167949676513672e-01 1.056422591209411621e-01 7.429366111755371094e-01 4.228454828262329102e-01 6.292235255241394043e-01 2.612926065921783447e-01 7.280839085578918457e-01 8.070883154869079590e-01 5.322149991989135742e-01 3.456892818212509155e-02
7.398960590362548828e-01 1.056422591209411621e-01 2.156650573015213013e-01 4.228454828262329102e-01 4.304548799991607666e-01 4.457499086856842041e-02 4.278142750263214111e-01 6.926152706146240234e-01 5.322149991989135742e-01 2.722032181918621063e-02
7.398960590362548828e-01 2.935197949409484863e-01 2.156650573015213013e-01 4.228454828262329102e-01 4.304548799991607666e-01 2.028310298919677734e-01 7.986947894096374512e-01 6.926152706146240234e-01 3.091126084327697754e-01 3.456892818212509155e-02
7.398960590362548828e-01 3.813998028635978699e-02 4.589183926582336426e-01 4.228454828262329102e-01 7.794201970100402832e-01 1.913027912378311157e-01 7.986947894096374512e-01 4.801182746887207031e-01 3.091126084327697754e-01 9.108720719814300537e-02
7.398960590362548828e-01 6.230323910713195801e-01 2.156650573015213013e-01 7.831336259841918945e-01 5.648850798606872559e-01 1.344668567180633545e-01 7.986947894096374512e-01 6.569255590438842773e-01 6.248695254325866699e-01 2.187995910644531250e-01
7.554907798767089844e-01 2.498219460248947144e-01 4.133852124214172363e-01 4.667167961597442627e-01 5.648850798606872559e-01 1.610386520624160767e-01 7.986947894096374512e-01 7.055831551551818848e-01 6.248695254325866699e-01 7.380717992782592773e-02
4.741293787956237793e-01 2.498219460248947144e-01 2.327974438667297363e-01 2.399530261754989624e-01 5.648850798606872559e-01 1.799021810293197632e-01 7.986947894096374512e-01 8.494044542312622070e-01 6.248695254325866699e-01 5.859991535544395447e-02
6.794763207435607910e-01 2.498219460248947144e-01 2.327974438667297363e-01 4.667167961597442627e-01 4.304548799991607666e-01 7.669227570295333862e-02 4.325961172580718994e-01 2.938454151153564453e-01 6.248695254325866699e-01 2.309741079807281494e-01
5.997021794319152832e-01 2.498219460248947144e-01 4.663477838039398193e-01 2.399530261754989624e-01 2.914279699325561523e-01 3.777738213539123535e-01 4.278142750263214111e-01 7.626194953918457031e-01 6.248695254325866699e-01 2.959669232368469238e-01
4.004709720611572266e-01 5.239060521125793457e-01 4.663477838039398193e-01 7.831336259841918945e-01 5.648850798606872559e-01 2.106708884239196777e-01 2.711144387722015381e-01 8.548498153686523438e-01 5.417095422744750977e-01 6.436212658882141113e-01
4.004709720611572266e-01 5.239060521125793457e-01 4.663477838039398193e-01 4.667167961597442627e-01 5.648850798606872559e-01 3.061277568340301514e-01 2.711144387722015381e-01 9.113579392433166504e-01 8.458452820777893066e-01 2.586261332035064697e-01
2.530139386653900146e-01 5.239060521125793457e-01 4.663477838039398193e-01 2.399530261754989624e-01 5.648850798606872559e-01 5.938799977302551270e-01 2.711144387722015381e-01 3.067989945411682129e-01 8.458452820777893066e-01 3.958557918667793274e-02
1.726228296756744385e-01 5.239060521125793457e-01 4.663477838039398193e-01 2.399530261754989624e-01 5.648850798606872559e-01 5.600356310606002808e-02 7.352756708860397339e-02 1.635863929986953735e-01 6.248695254325866699e-01 2.550357282161712646e-01
3.284797966480255127e-01 2.875443100929260254e-01 4.663477838039398193e-01 7.831336259841918945e-01 5.648850798606872559e-01 3.147267997264862061e-01 7.220969349145889282e-02 1.503836661577224731e-01 8.458452820777893066e-01 5.149822235107421875e-01
3.284797966480255127e-01 2.875443100929260254e-01 4.663477838039398193e-01 7.831336259841918945e-01 5.648850798606872559e-01 3.077216744422912598e-01 1.543971598148345947e-01 8.614102751016616821e-02 8.458452820777893066e-01 3.046274185180664062e-01
3.284797966480255127e-01 2.875443100929260254e-01 4.663477838039398193e-01 7.831336259841918945e-01 5.648850798606872559e-01 4.193457663059234619e-01 7.352756708860397339e-02 2.127149552106857300e-01 7.214598655700683594e-01 5.187376141548156738e-01
6.103014349937438965e-01 2.875443100929260254e-01 7.429366111755371094e-01 4.667167961597442627e-01 5.648850798606872559e-01 5.780273675918579102e-01 7.352756708860397339e-02 3.824404776096343994e-01 5.094586610794067383e-01 2.586261332035064697e-01
2.954086661338806152e-01 2.875443100929260254e-01 4.663477838039398193e-01 4.667167961597442627e-01 5.648850798606872559e-01 4.193457663059234619e-01 1.431464701890945435e-01 6.675446033477783203e-01 8.458452820777893066e-01 2.586261332035064697e-01
1.516984999179840088e-01 2.875443100929260254e-01 6.743637919425964355e-01 4.667167961597442627e-01 5.648850798606872559e-01 4.229721426963806152e-01 1.431464701890945435e-01 2.127149552106857300e-01 8.458452820777893066e-01 2.586261332035064697e-01
1.516984999179840088e-01 2.498219460248947144e-01 6.743637919425964355e-01 2.399530261754989624e-01 2.914279699325561523e-01 4.566802978515625000e-01 7.868867516517639160e-01 5.192780494689941406e-02 8.458452820777893066e-01 3.944828212261199951e-01
2.133674025535583496e-01 5.058557987213134766e-01 6.743637919425964355e-01 2.399530261754989624e-01 2.914279699325561523e-01 6.664168834686279297e-02 7.868867516517639160e-01 1.660691648721694946e-01 5.978043079376220703e-01 3.944828212261199951e-01
2.133674025535583496e-01 5.058557987213134766e-01 6.743637919425964355e-01 2.399530261754989624e-01 2.914279699325561523e-01 3.580715134739875793e-02 7.868867516517639160e-01 5.192780494689941406e-02 1.699664592742919922e-01 7.367581725120544434e-01
2.133674025535583496e-01 5.058557987213134766e-01 4.663477838039398193e-01 7.831336259841918945e-01 5.648850798606872559e-01 4.685148224234580994e-02 6.114830970764160156e-01 9.325857460498809814e-02 6.248695254325866699e-01 7.367581725120544434e-01
1.680768877267837524e-01 1.826983541250228882e-01 4.663477838039398193e-01 6.631604433059692383e-01 5.648850798606872559e-01 1.523487363010644913e-02 4.278142750263214111e-01 3.709519505500793457e-01 6.248695254325866699e-01 8.838749527931213379e-01
2.133674025535583496e-01 2.746444344520568848e-01 2.156650573015213013e-01 6.631604433059692383e-01 5.648850798606872559e-01 6.131131201982498169e-02 4.325961172580718994e-01 7.636271119117736816e-01 6.248695254325866699e-01 1.520685702562332153e-01
2.133674025535583496e-01 2.746444344520568848e-01 4.663477838039398193e-01 6.631604433059692383e-01 5.648850798606872559e-01 4.235706031322479248e-01 5.180781483650207520e-01 7.636271119117736816e-01 6.248695254325866699e-01 2.807183861732482910e-01
2.133674025535583496e-01 2.746444344520568848e-01 2.327974438667297363e-01 2.399530261754989624e-01 5.648850798606872559e-01 3.271149098873138428e-01 5.180781483650207520e-01 8.732827901840209961e-01 6.248695254325866699e-01 6.133466362953186035e-01
6.312531232833862305e-01 2.746444344520568848e-01 6.145917177200317383e-01 7.831336259841918945e-01 5.648850798606872559e-01 2.965015172958374023e-01 4.278142750263214111e-01 5.150348544120788574e-01 6.248695254325866699e-01 4.777621030807495117e-01
5.563683509826660156e-01 2.746444344520568848e-01 7.429366111755371094e-01 2.399530261754989624e-01 5.648850798606872559e-01 3.258540332317352295e-01 9.183773994445800781e-01 4.972041845321655273e-01 6.248695254325866699e-01 1.755627840757369995e-01
6.312531232833862305e-01 5.058557987213134766e-01 4.731056094169616699e-01 2.399530261754989624e-01 5.648850798606872559e-01 2.904833853244781494e-01 9.183773994445800781e-01 6.474028229713439941e-01 5.661834478378295898e-01 4.777621030807495117e-01
5.563683509826660156e-01 5.058557987213134766e-01 7.429366111755371094e-01 4.263004958629608154e-01 5.648850798606872559e-01 3.914805650711059570e-01 9.183773994445800781e-01 4.687155485153198242e-01 5.661834478378295898e-01 4.777621030807495117e-01
4.220201671123504639e-01 5.058557987213134766e-01 4.731056094169616699e-01 7.831336259841918945e-01 5.648850798606872559e-01 4.039883613586425781e-01 8.326159119606018066e-01 7.335738539695739746e-01 6.793829798698425293e-01 8.086842894554138184e-01
5.563683509826660156e-01 5.058557987213134766e-01 7.429366111755371094e-01 2.399530261754989624e-01 5.648850798606872559e-01 8.317737579345703125e-01 9.235185384750366211e-01 8.398639559745788574e-01 6.793829798698425293e-01 8.935192227363586426e-01
8.392173051834106445e-01 2.225000709295272827e-01 7.429366111755371094e-01 7.831336259841918945e-01 5.648850798606872559e-01 6.701017618179321289e-01 9.235185384750366211e-01 4.523341953754425049e-01 6.793829798698425293e-01 8.578585982322692871e-01
8.392173051834106445e-01 5.058557987213134766e-01 4.731056094169616699e-01 7.831336259841918945e-01 4.304548799991607666e-01 4.789441525936126709e-01 9.183773994445800781e-01 1.609170436859130859e-01 9.240324497222900391e-01 4.922188222408294678e-01
3.284797966480255127e-01 2.225000709295272827e-01 7.429366111755371094e-01 7.831336259841918945e-01 4.304548799991607666e-01 4.676377773284912109e-01 9.183773994445800781e-01 5.163469314575195312e-01 7.795652747154235840e-01 5.187376141548156738e-01
8.324998617172241211e-01 3.160161077976226807e-01 7.429366111755371094e-01 7.831336259841918945e-01 7.794201970100402832e-01 9.043539166450500488e-01 9.183773994445800781e-01 3.504081964492797852e-01 4.401887655258178711e-01 5.997857451438903809e-01
5.131707191467285156e-01 3.160161077976226807e-01 4.731056094169616699e-01 7.831336259841918945e-01 7.794201970100402832e-01 5.339713096618652344e-01 9.183773994445800781e-01 6.179274320602416992e-01 4.401887655258178711e-01 5.187376141548156738e-01
7.168610692024230957e-01 6.230323910713195801e-01 7.429366111755371094e-01 4.667167961597442627e-01 7.794201970100402832e-01 5.698137879371643066e-01 9.183773994445800781e-01 7.501826286315917969e-01 4.401887655258178711e-01 2.005743682384490967e-01
