7.586792707443237305e-01 5.388067960739135742e-01 8.689482212066650391e-01 8.567672371864318848e-01 7.824494242668151855e-01 9.918041229248046875e-01 8.540853857994079590e-01 9.876456856727600098e-01 7.459108233451843262e-01 7.558605074882507324e-01
7.586792707443237305e-01 5.388067960739135742e-01 8.261685967445373535e-01 8.567672371864318848e-01 7.824494242668151855e-01 9.755536317825317383e-01 8.540853857994079590e-01 9.485986828804016113e-01 7.459108233451843262e-01 7.558605074882507324e-01
7.586792707443237305e-01 7.675436139106750488e-01 7.258009314537048340e-01 8.567672371864318848e-01 4.193169474601745605e-01 9.527295231819152832e-01 8.540853857994079590e-01 9.679392576217651367e-01 7.459108233451843262e-01 7.558605074882507324e-01
7.586792707443237305e-01 5.388067960739135742e-01 6.494398117065429688e-01 6.568293571472167969e-01 4.193169474601745605e-01 9.149494767189025879e-01 8.540853857994079590e-01 9.229651689529418945e-01 7.459108233451843262e-01 7.558605074882507324e-01
7.586792707443237305e-01 7.675436139106750488e-01 7.258009314537048340e-01 8.567672371864318848e-01 4.193169474601745605e-01 7.027716040611267090e-01 6.494583487510681152e-01 9.596962332725524902e-01 7.459108233451843262e-01 7.558605074882507324e-01
7.586792707443237305e-01 7.675436139106750488e-01 7.688571214675903320e-01 8.567672371864318848e-01 7.824494242668151855e-01 9.829007983207702637e-01 8.540853857994079590e-01 8.737516999244689941e-01 7.459108233451843262e-01 7.558605074882507324e-01
7.586792707443237305e-01 7.675436139106750488e-01 6.494398117065429688e-01 8.567672371864318848e-01 4.193169474601745605e-01 8.373104929924011230e-01 8.540853857994079590e-01 9.229651689529418945e-01 7.459108233451843262e-01 7.558605074882507324e-01
7.586792707443237305e-01 5.388067960739135742e-01 6.494398117065429688e-01 8.567672371864318848e-01 4.193169474601745605e-01 7.582709789276123047e-01 8.540853857994079590e-01 9.927653670310974121e-01 7.459108233451843262e-01 7.558605074882507324e-01
7.586792707443237305e-01 7.675436139106750488e-01 7.258009314537048340e-01 6.568293571472167969e-01 4.193169474601745605e-01 9.827514290809631348e-01 8.540853857994079590e-01 9.784967899322509766e-01 7.459108233451843262e-01 7.558605074882507324e-01
7.586792707443237305e-01 7.675436139106750488e-01 7.688571214675903320e-01 8.567672371864318848e-01 7.824494242668151855e-01 9.698571562767028809e-01 8.540853857994079590e-01 9.626707434654235840e-01 7.459108233451843262e-01 7.558605074882507324e-01
7.586792707443237305e-01 5.388067960739135742e-01 9.013075232505798340e-01 8.567672371864318848e-01 7.824494242668151855e-01 8.636107444763183594e-01 8.540853857994079590e-01 9.525109529495239258e-01 7.459108233451843262e-01 7.558605074882507324e-01
7.586792707443237305e-01 5.388067960739135742e-01 7.799437046051025391e-01 8.567672371864318848e-01 7.824494242668151855e-01 9.388554692268371582e-01 7.472660541534423828e-01 9.265890717506408691e-01 7.459108233451843262e-01 7.558605074882507324e-01
7.586792707443237305e-01 7.675436139106750488e-01 7.258009314537048340e-01 8.567672371864318848e-01 4.193169474601745605e-01 7.643028497695922852e-01 7.472660541534423828e-01 9.572734236717224121e-01 7.459108233451843262e-01 7.558605074882507324e-01
7.586792707443237305e-01 7.675436139106750488e-01 6.494398117065429688e-01 6.568293571472167969e-01 4.193169474601745605e-01 7.548629641532897949e-01 7.472660541534423828e-01 9.642021656036376953e-01 7.459108233451843262e-01 7.558605074882507324e-01
7.586792707443237305e-01 7.675436139106750488e-01 7.258009314537048340e-01 6.568293571472167969e-01 4.193169474601745605e-01 4.845818579196929932e-01 8.540853857994079590e-01 9.878882765769958496e-01 7.459108233451843262e-01 7.558605074882507324e-01
7.586792707443237305e-01 7.675436139106750488e-01 7.258009314537048340e-01 6.568293571472167969e-01 4.193169474601745605e-01 9.110579490661621094e-01 8.540853857994079590e-01 8.992933034896850586e-01 7.459108233451843262e-01 7.558605074882507324e-01
7.586792707443237305e-01 7.675436139106750488e-01 6.494398117065429688e-01 5.322211384773254395e-01 4.193169474601745605e-01 7.481295466423034668e-01 8.540853857994079590e-01 9.793890118598937988e-01 7.459108233451843262e-01 7.558605074882507324e-01
7.586792707443237305e-01 5.388067960739135742e-01 6.637491583824157715e-01 5.322211384773254395e-01 4.193169474601745605e-01 9.504028558731079102e-01 8.540853857994079590e-01 7.841798067092895508e-01 7.459108233451843262e-01 7.558605074882507324e-01
7.586792707443237305e-01 7.675436139106750488e-01 6.637491583824157715e-01 5.322211384773254395e-01 4.193169474601745605e-01 9.846083521842956543e-01 8.540853857994079590e-01 8.113760948181152344e-01 7.459108233451843262e-01 7.558605074882507324e-01
7.586792707443237305e-01 7.675436139106750488e-01 7.258009314537048340e-01 6.568293571472167969e-01 4.193169474601745605e-01 9.798498153686523438e-01 8.540853857994079590e-01 9.789152741432189941e-01 7.459108233451843262e-01 7.558605074882507324e-01
7.586792707443237305e-01 7.675436139106750488e-01 8.356960415840148926e-01 6.568293571472167969e-01 4.193169474601745605e-01 9.343054294586181641e-01 8.540853857994079590e-01 9.366325139999389648e-01 7.459108233451843262e-01 7.558605074882507324e-01
7.586792707443237305e-01 5.388067960739135742e-01 6.494398117065429688e-01 6.568293571472167969e-01 4.193169474601745605e-01 9.767119884490966797e-01 7.472660541534423828e-01 9.778392314910888672e-01 7.459108233451843262e-01 7.558605074882507324e-01
7.586792707443237305e-01 5.388067960739135742e-01 6.637491583824157715e-01 6.568293571472167969e-01 4.193169474601745605e-01 5.851172804832458496e-01 7.472660541534423828e-01 9.789152741432189941e-01 7.459108233451843262e-01 7.558605074882507324e-01
7.586792707443237305e-01 7.675436139106750488e-01 6.494398117065429688e-01 6.568293571472167969e-01 4.193169474601745605e-01 6.666433811187744141e-01 7.472660541534423828e-01 9.554335474967956543e-01 7.459108233451843262e-01 7.558605074882507324e-01
7.586792707443237305e-01 5.388067960739135742e-01 6.637491583824157715e-01 6.568293571472167969e-01 4.193169474601745605e-01 9.901344180107116699e-01 7.472660541534423828e-01 9.573346972465515137e-01 4.304565489292144775e-01 7.558605074882507324e-01
7.586792707443237305e-01 5.771526694297790527e-01 8.356960415840148926e-01 6.568293571472167969e-01 4.193169474601745605e-01 9.934386610984802246e-01 7.472660541534423828e-01 9.789152741432189941e-01 5.388067960739135742e-01 7.558605074882507324e-01
7.586792707443237305e-01 7.675436139106750488e-01 8.787267804145812988e-01 6.568293571472167969e-01 4.193169474601745605e-01 8.853200078010559082e-01 7.472660541534423828e-01 9.519718289375305176e-01 7.459108233451843262e-01 7.558605074882507324e-01
5.695428252220153809e-01 5.771526694297790527e-01 4.184757769107818604e-01 6.568293571472167969e-01 4.193169474601745605e-01 9.211009144783020020e-01 7.472660541534423828e-01 9.625555276870727539e-01 5.388067960739135742e-01 7.558605074882507324e-01
7.586792707443237305e-01 5.771526694297790527e-01 6.637491583824157715e-01 6.568293571472167969e-01 4.193169474601745605e-01 9.732046127319335938e-01 8.540853857994079590e-01 9.789152741432189941e-01 7.459108233451843262e-01 7.558605074882507324e-01
5.695428252220153809e-01 5.388067960739135742e-01 7.258009314537048340e-01 6.568293571472167969e-01 4.193169474601745605e-01 9.754503965377807617e-01 8.540853857994079590e-01 9.727638959884643555e-01 7.459108233451843262e-01 7.558605074882507324e-01
7.586792707443237305e-01 5.388067960739135742e-01 6.637491583824157715e-01 6.568293571472167969e-01 4.193169474601745605e-01 8.789603710174560547e-01 8.540853857994079590e-01 9.878247976303100586e-01 7.459108233451843262e-01 7.558605074882507324e-01
7.586792707443237305e-01 5.388067960739135742e-01 6.494398117065429688e-01 6.568293571472167969e-01 4.193169474601745605e-01 9.695515036582946777e-01 8.540853857994079590e-01 9.463167786598205566e-01 7.459108233451843262e-01 7.558605074882507324e-01
7.586792707443237305e-01 7.675436139106750488e-01 8.787267804145812988e-01 6.568293571472167969e-01 4.193169474601745605e-01 9.371895194053649902e-01 7.472660541534423828e-01 9.753869771957397461e-01 7.459108233451843262e-01 7.558605074882507324e-01
7.586792707443237305e-01 5.771526694297790527e-01 7.378486394882202148e-01 4.256139695644378662e-01 4.193169474601745605e-01 5.286377072334289551e-01 7.472660541534423828e-01 9.288563728332519531e-01 7.459108233451843262e-01 7.558605074882507324e-01
7.586792707443237305e-01 7.675436139106750488e-01 4.184757769107818604e-01 4.256139695644378662e-01 4.193169474601745605e-01 2.126076817512512207e-01 7.472660541534423828e-01 8.802726268768310547e-01 7.459108233451843262e-01 7.558605074882507324e-01
7.586792707443237305e-01 7.675436139106750488e-01 4.184757769107818604e-01 6.984083056449890137e-01 4.193169474601745605e-01 3.177965581417083740e-01 7.472660541534423828e-01 8.132359981536865234e-01 7.459108233451843262e-01 7.558605074882507324e-01
7.586792707443237305e-01 5.388067960739135742e-01 4.184757769107818604e-01 4.256139695644378662e-01 4.193169474601745605e-01 2.833741903305053711e-01 7.472660541534423828e-01 9.789152741432189941e-01 7.459108233451843262e-01 7.558605074882507324e-01
7.586792707443237305e-01 7.675436139106750488e-01 6.409714818000793457e-01 4.256139695644378662e-01 4.193169474601745605e-01 7.819253802299499512e-01 7.472660541534423828e-01 9.789152741432189941e-01 5.388067960739135742e-01 7.558605074882507324e-01
7.586792707443237305e-01 7.675436139106750488e-01 4.184757769107818604e-01 4.256139695644378662e-01 4.193169474601745605e-01 6.011431217193603516e-01 7.472660541534423828e-01 9.783594012260437012e-01 7.459108233451843262e-01 7.558605074882507324e-01
7.586792707443237305e-01 5.388067960739135742e-01 5.069520473480224609e-01 4.256139695644378662e-01 4.193169474601745605e-01 7.157674431800842285e-01 5.691933035850524902e-01 9.788058400154113770e-01 7.459108233451843262e-01 7.558605074882507324e-01
7.586792707443237305e-01 7.675436139106750488e-01 4.339963495731353760e-01 4.256139695644378662e-01 4.193169474601745605e-01 6.619052290916442871e-01 7.472660541534423828e-01 9.778237342834472656e-01 7.459108233451843262e-01 7.558605074882507324e-01
7.586792707443237305e-01 5.771526694297790527e-01 4.184757769107818604e-01 4.256139695644378662e-01 4.193169474601745605e-01 2.452179193496704102e-01 7.472660541534423828e-01 9.292855858802795410e-01 4.304565489292144775e-01 7.558605074882507324e-01
7.586792707443237305e-01 7.675436139106750488e-01 4.339963495731353760e-01 6.568293571472167969e-01 4.193169474601745605e-01 9.299769401550292969e-01 7.472660541534423828e-01 9.050808548927307129e-01 5.388067960739135742e-01 7.558605074882507324e-01
7.586792707443237305e-01 7.675436139106750488e-01 6.494398117065429688e-01 6.568293571472167969e-01 4.193169474601745605e-01 9.467876553535461426e-01 8.540853857994079590e-01 8.871545791625976562e-01 7.459108233451843262e-01 7.558605074882507324e-01
7.586792707443237305e-01 7.675436139106750488e-01 7.258009314537048340e-01 8.567672371864318848e-01 4.193169474601745605e-01 9.846156239509582520e-01 8.540853857994079590e-01 9.302253723144531250e-01 7.459108233451843262e-01 7.558605074882507324e-01
7.586792707443237305e-01 5.388067960739135742e-01 6.637491583824157715e-01 8.567672371864318848e-01 4.193169474601745605e-01 7.797029614448547363e-01 8.540853857994079590e-01 9.596962332725524902e-01 7.459108233451843262e-01 7.558605074882507324e-01
7.586792707443237305e-01 7.675436139106750488e-01 7.688571214675903320e-01 8.567672371864318848e-01 7.824494242668151855e-01 9.839116930961608887e-01 8.540853857994079590e-01 5.995281934738159180e-01 7.459108233451843262e-01 7.558605074882507324e-01
7.586792707443237305e-01 7.675436139106750488e-01 7.688571214675903320e-01 8.567672371864318848e-01 7.824494242668151855e-01 9.140369296073913574e-01 8.540853857994079590e-01 5.458996891975402832e-01 7.459108233451843262e-01 7.558605074882507324e-01
7.586792707443237305e-01 5.388067960739135742e-01 7.258009314537048340e-01 6.568293571472167969e-01 4.193169474601745605e-01 7.603485584259033203e-01 8.540853857994079590e-01 9.309048652648925781e-01 7.459108233451843262e-01 7.558605074882507324e-01
7.586792707443237305e-01 7.675436139106750488e-01 3.261378109455108643e-01 8.567672371864318848e-01 4.193169474601745605e-01 9.081645607948303223e-01 8.540853857994079590e-01 7.997036576271057129e-01 7.459108233451843262e-01 7.558605074882507324e-01
5.695428252220153809e-01 5.388067960739135742e-01 2.530238926410675049e-01 6.568293571472167969e-01 4.193169474601745605e-01 6.288257241249084473e-01 8.540853857994079590e-01 8.256546854972839355e-01 7.459108233451843262e-01 7.558605074882507324e-01
5.771561264991760254e-01 5.839976072311401367e-01 2.530238926410675049e-01 8.567672371864318848e-01 4.193169474601745605e-01 9.049982428550720215e-01 3.718720674514770508e-01 8.273941278457641602e-01 7.459108233451843262e-01 7.558605074882507324e-01
7.586792707443237305e-01 7.675436139106750488e-01 6.637491583824157715e-01 8.567672371864318848e-01 4.193169474601745605e-01 5.018016695976257324e-01 8.540853857994079590e-01 6.301379203796386719e-01 7.459108233451843262e-01 7.558605074882507324e-01
7.586792707443237305e-01 7.675436139106750488e-01 7.688571214675903320e-01 8.567672371864318848e-01 7.824494242668151855e-01 9.575499892234802246e-01 8.540853857994079590e-01 9.485986828804016113e-01 7.459108233451843262e-01 7.558605074882507324e-01
7.586792707443237305e-01 7.675436139106750488e-01 6.494398117065429688e-01 8.567672371864318848e-01 4.193169474601745605e-01 7.485279440879821777e-01 8.540853857994079590e-01 6.320301294326782227e-01 7.459108233451843262e-01 7.558605074882507324e-01
7.586792707443237305e-01 7.675436139106750488e-01 6.494398117065429688e-01 6.568293571472167969e-01 4.193169474601745605e-01 5.424940586090087891e-01 8.540853857994079590e-01 9.393355846405029297e-01 7.459108233451843262e-01 7.558605074882507324e-01
7.586792707443237305e-01 7.675436139106750488e-01 6.494398117065429688e-01 6.568293571472167969e-01 4.193169474601745605e-01 5.515604466199874878e-02 8.540853857994079590e-01 9.327602982521057129e-01 7.459108233451843262e-01 7.558605074882507324e-01
7.586792707443237305e-01 7.675436139106750488e-01 2.530238926410675049e-01 6.568293571472167969e-01 4.193169474601745605e-01 9.893746376037597656e-01 8.540853857994079590e-01 7.953149080276489258e-01 7.459108233451843262e-01 7.558605074882507324e-01
5.695428252220153809e-01 7.675436139106750488e-01 4.818628728389739990e-01 8.567672371864318848e-01 4.193169474601745605e-01 6.574011445045471191e-01 8.540853857994079590e-01 7.583784461021423340e-01 7.459108233451843262e-01 3.716879189014434814e-01
7.586792707443237305e-01 7.675436139106750488e-01 6.494398117065429688e-01 4.507958889007568359e-01 4.193169474601745605e-01 7.283493876457214355e-01 8.540853857994079590e-01 8.665326833724975586e-01 7.459108233451843262e-01 3.716879189014434814e-01
7.586792707443237305e-01 7.675436139106750488e-01 8.213021159172058105e-01 4.507958889007568359e-01 4.193169474601745605e-01 9.740564227104187012e-01 8.540853857994079590e-01 8.003077507019042969e-01 7.459108233451843262e-01 7.558605074882507324e-01
7.586792707443237305e-01 5.388067960739135742e-01 6.494398117065429688e-01 8.567672371864318848e-01 4.193169474601745605e-01 9.825525283813476562e-01 8.540853857994079590e-01 8.600387573242187500e-01 7.459108233451843262e-01 7.558605074882507324e-01
5.695428252220153809e-01 5.388067960739135742e-01 6.494398117065429688e-01 6.568293571472167969e-01 4.193169474601745605e-01 8.014453053474426270e-01 8.540853857994079590e-01 9.596962332725524902e-01 4.304565489292144775e-01 7.558605074882507324e-01
7.586792707443237305e-01 5.388067960739135742e-01 6.637491583824157715e-01 6.568293571472167969e-01 4.193169474601745605e-01 9.817837476730346680e-01 8.540853857994079590e-01 7.965556383132934570e-01 5.388067960739135742e-01 7.558605074882507324e-01
7.586792707443237305e-01 7.675436139106750488e-01 7.258009314537048340e-01 8.567672371864318848e-01 4.193169474601745605e-01 7.723705172538757324e-01 8.540853857994079590e-01 9.090161323547363281e-01 7.459108233451843262e-01 3.716879189014434814e-01
7.586792707443237305e-01 5.388067960739135742e-01 7.258009314537048340e-01 8.567672371864318848e-01 4.193169474601745605e-01 9.386684894561767578e-01 8.540853857994079590e-01 9.485986828804016113e-01 7.459108233451843262e-01 3.716879189014434814e-01
7.586792707443237305e-01 7.675436139106750488e-01 7.258009314537048340e-01 8.567672371864318848e-01 4.193169474601745605e-01 6.309388279914855957e-01 8.540853857994079590e-01 8.282185792922973633e-01 7.459108233451843262e-01 3.716879189014434814e-01
5.771561264991760254e-01 2.901943027973175049e-01 2.522373795509338379e-01 4.256139695644378662e-01 4.193169474601745605e-01 3.685499131679534912e-01 1.178819015622138977e-01 7.785171270370483398e-01 7.459108233451843262e-01 3.716879189014434814e-01
5.771561264991760254e-01 2.901943027973175049e-01 1.162777990102767944e-01 6.568293571472167969e-01 4.193169474601745605e-01 7.883467674255371094e-01 1.178819015622138977e-01 7.785171270370483398e-01 4.344386458396911621e-01 3.090163171291351318e-01
5.771561264991760254e-01 2.901943027973175049e-01 1.582486927509307861e-01 4.256139695644378662e-01 4.193169474601745605e-01 6.995512247085571289e-01 1.178819015622138977e-01 6.364408731460571289e-01 4.344386458396911621e-01 6.015070080757141113e-01
5.771561264991760254e-01 2.901943027973175049e-01 1.162777990102767944e-01 4.256139695644378662e-01 4.193169474601745605e-01 9.241615533828735352e-01 2.302111834287643433e-01 3.425215184688568115e-01 2.475428134202957153e-01 6.015070080757141113e-01
5.771561264991760254e-01 2.901943027973175049e-01 1.229602247476577759e-01 4.256139695644378662e-01 4.193169474601745605e-01 3.940429091453552246e-01 1.178819015622138977e-01 8.606544733047485352e-01 4.344386458396911621e-01 3.090163171291351318e-01
5.771561264991760254e-01 2.901943027973175049e-01 1.162777990102767944e-01 4.256139695644378662e-01 4.193169474601745605e-01 9.447561502456665039e-01 2.302111834287643433e-01 7.331487536430358887e-01 4.344386458396911621e-01 3.090163171291351318e-01
5.771561264991760254e-01 2.901943027973175049e-01 3.261378109455108643e-01 4.765100181102752686e-01 3.445154726505279541e-01 1.445135325193405151e-01 1.178819015622138977e-01 5.705274939537048340e-01 2.475428134202957153e-01 6.015070080757141113e-01
5.771561264991760254e-01 2.901943027973175049e-01 4.566261768341064453e-01 4.765100181102752686e-01 3.445154726505279541e-01 2.029239833354949951e-01 1.178819015622138977e-01 8.348823189735412598e-01 2.475428134202957153e-01 6.015070080757141113e-01
5.771561264991760254e-01 2.901943027973175049e-01 2.077833563089370728e-01 4.739602804183959961e-01 4.574221372604370117e-01 2.937448918819427490e-01 2.302111834287643433e-01 4.300585985183715820e-01 2.475428134202957153e-01 3.090163171291351318e-01
5.771561264991760254e-01 2.901943027973175049e-01 1.162777990102767944e-01 7.804965376853942871e-01 4.193169474601745605e-01 5.505535602569580078e-01 1.178819015622138977e-01 2.847031950950622559e-01 2.475428134202957153e-01 6.015070080757141113e-01
5.771561264991760254e-01 2.901943027973175049e-01 2.652066051959991455e-01 1.726751327514648438e-01 3.445154726505279541e-01 7.159537672996520996e-01 1.178819015622138977e-01 2.081764787435531616e-01 2.475428134202957153e-01 3.090163171291351318e-01
5.771561264991760254e-01 2.901943027973175049e-01 3.145873844623565674e-01 3.511103391647338867e-01 3.445154726505279541e-01 7.334833592176437378e-02 6.299172043800354004e-01 3.601871132850646973e-01 4.723974466323852539e-01 6.647292375564575195e-01
5.771561264991760254e-01 2.901943027973175049e-01 7.799437046051025391e-01 7.804965376853942871e-01 7.824494242668151855e-01 8.893968462944030762e-01 4.320083260536193848e-01 2.932648360729217529e-01 7.459108233451843262e-01 6.647292375564575195e-01
7.586792707443237305e-01 7.675436139106750488e-01 6.494398117065429688e-01 8.567672371864318848e-01 4.193169474601745605e-01 8.358379006385803223e-01 7.472660541534423828e-01 9.324967861175537109e-01 7.459108233451843262e-01 3.716879189014434814e-01
5.695428252220153809e-01 7.675436139106750488e-01 6.637491583824157715e-01 8.567672371864318848e-01 4.193169474601745605e-01 8.237789869308471680e-01 5.691933035850524902e-01 8.335908651351928711e-01 7.459108233451843262e-01 7.558605074882507324e-01
7.586792707443237305e-01 7.675436139106750488e-01 7.688571214675903320e-01 8.567672371864318848e-01 7.824494242668151855e-01 9.545488953590393066e-01 7.472660541534423828e-01 8.972868323326110840e-01 7.459108233451843262e-01 7.558605074882507324e-01
5.771561264991760254e-01 2.901943027973175049e-01 2.530238926410675049e-01 8.567672371864318848e-01 4.193169474601745605e-01 8.489222526550292969e-01 2.302111834287643433e-01 7.259938716888427734e-01 2.475428134202957153e-01 3.090163171291351318e-01
5.771561264991760254e-01 2.901943027973175049e-01 5.821581482887268066e-01 7.180297374725341797e-01 6.015099883079528809e-01 4.563605487346649170e-01 2.302111834287643433e-01 9.141362905502319336e-01 2.475428134202957153e-01 6.015070080757141113e-01
3.757801651954650879e-01 2.901943027973175049e-01 2.530238926410675049e-01 7.180297374725341797e-01 6.015099883079528809e-01 6.206508874893188477e-01 2.302111834287643433e-01 5.216012597084045410e-01 2.475428134202957153e-01 3.090163171291351318e-01
5.771561264991760254e-01 2.901943027973175049e-01 1.162777990102767944e-01 4.256139695644378662e-01 4.193169474601745605e-01 7.964757680892944336e-01 2.302111834287643433e-01 7.785171270370483398e-01 2.475428134202957153e-01 3.090163171291351318e-01
5.771561264991760254e-01 2.901943027973175049e-01 5.258583426475524902e-01 4.964361786842346191e-01 6.015099883079528809e-01 8.680727481842041016e-01 4.320083260536193848e-01 8.284973502159118652e-01 7.040507197380065918e-01 6.647292375564575195e-01
5.771561264991760254e-01 2.901943027973175049e-01 5.637162327766418457e-01 4.964361786842346191e-01 6.015099883079528809e-01 6.674172282218933105e-01 6.299172043800354004e-01 8.013212084770202637e-01 7.040507197380065918e-01 6.647292375564575195e-01
5.771561264991760254e-01 5.839976072311401367e-01 7.799437046051025391e-01 7.180297374725341797e-01 6.015099883079528809e-01 7.403472065925598145e-01 7.711448073387145996e-01 9.141362905502319336e-01 7.040507197380065918e-01 6.647292375564575195e-01
3.757801651954650879e-01 5.839976072311401367e-01 3.960584998130798340e-01 7.180297374725341797e-01 6.015099883079528809e-01 7.641827464103698730e-01 5.525119900703430176e-01 3.265961706638336182e-01 4.723974466323852539e-01 3.965176045894622803e-01
3.757801651954650879e-01 5.839976072311401367e-01 5.765559673309326172e-01 7.180297374725341797e-01 6.015099883079528809e-01 6.078865528106689453e-01 5.525119900703430176e-01 5.419608950614929199e-01 4.723974466323852539e-01 6.647292375564575195e-01
5.771561264991760254e-01 2.901943027973175049e-01 5.765559673309326172e-01 7.180297374725341797e-01 6.015099883079528809e-01 7.001875638961791992e-01 6.299172043800354004e-01 8.170824646949768066e-01 4.723974466323852539e-01 6.647292375564575195e-01
5.771561264991760254e-01 2.901943027973175049e-01 7.622174024581909180e-01 6.984083056449890137e-01 7.824494242668151855e-01 3.930777311325073242e-01 4.320083260536193848e-01 6.962998509407043457e-01 7.040507197380065918e-01 6.647292375564575195e-01
7.586792707443237305e-01 7.675436139106750488e-01 5.637162327766418457e-01 6.984083056449890137e-01 7.824494242668151855e-01 2.071602940559387207e-01 5.691933035850524902e-01 9.141362905502319336e-01 5.388067960739135742e-01 7.558605074882507324e-01
7.586792707443237305e-01 7.675436139106750488e-01 7.688571214675903320e-01 8.567672371864318848e-01 7.824494242668151855e-01 8.549637198448181152e-01 8.540853857994079590e-01 9.209316372871398926e-01 7.459108233451843262e-01 7.558605074882507324e-01
5.771561264991760254e-01 5.839976072311401367e-01 9.430339932441711426e-01 8.567672371864318848e-01 7.824494242668151855e-01 8.459376692771911621e-01 7.711448073387145996e-01 6.856255531311035156e-01 7.459108233451843262e-01 7.558605074882507324e-01
5.771561264991760254e-01 5.839976072311401367e-01 3.261378109455108643e-01 8.567672371864318848e-01 4.193169474601745605e-01 6.299319863319396973e-01 3.718720674514770508e-01 8.256546854972839355e-01 7.459108233451843262e-01 6.015070080757141113e-01
5.771561264991760254e-01 5.839976072311401367e-01 2.530238926410675049e-01 8.567672371864318848e-01 4.193169474601745605e-01 9.952809214591979980e-01 3.718720674514770508e-01 6.280086636543273926e-01 7.459108233451843262e-01 7.558605074882507324e-01
7.586792707443237305e-01 7.675436139106750488e-01 8.213021159172058105e-01 8.567672371864318848e-01 4.193169474601745605e-01 7.229822278022766113e-01 5.691933035850524902e-01 9.179090261459350586e-01 7.459108233451843262e-01 7.558605074882507324e-01
7.586792707443237305e-01 7.675436139106750488e-01 8.839896321296691895e-01 8.567672371864318848e-01 4.193169474601745605e-01 9.268138408660888672e-01 8.540853857994079590e-01 8.737865686416625977e-01 7.459108233451843262e-01 7.558605074882507324e-01
7.586792707443237305e-01 7.675436139106750488e-01 8.919181823730468750e-01 8.567672371864318848e-01 7.824494242668151855e-01 8.976929187774658203e-01 8.540853857994079590e-01 9.323505759239196777e-01 7.459108233451843262e-01 7.558605074882507324e-01
5.771561264991760254e-01 5.839976072311401367e-01 9.318879246711730957e-01 8.567672371864318848e-01 7.824494242668151855e-01 9.878523349761962891e-01 7.711448073387145996e-01 7.610795497894287109e-01 7.459108233451843262e-01 7.558605074882507324e-01
7.586792707443237305e-01 7.675436139106750488e-01 8.261685967445373535e-01 8.567672371864318848e-01 7.824494242668151855e-01 8.568311333656311035e-01 8.540853857994079590e-01 9.141362905502319336e-01 7.459108233451843262e-01 7.558605074882507324e-01
7.586792707443237305e-01 7.675436139106750488e-01 7.688571214675903320e-01 8.567672371864318848e-01 7.824494242668151855e-01 8.929796814918518066e-01 7.472660541534423828e-01 9.594911932945251465e-01 7.459108233451843262e-01 7.558605074882507324e-01
7.586792707443237305e-01 7.675436139106750488e-01 5.069520473480224609e-01 8.567672371864318848e-01 4.193169474601745605e-01 2.583793103694915771e-01 7.472660541534423828e-01 9.538150429725646973e-01 7.459108233451843262e-01 7.558605074882507324e-01
7.586792707443237305e-01 7.675436139106750488e-01 7.258009314537048340e-01 8.567672371864318848e-01 4.193169474601745605e-01 8.346544504165649414e-01 8.540853857994079590e-01 7.965556383132934570e-01 7.459108233451843262e-01 7.558605074882507324e-01
7.586792707443237305e-01 7.675436139106750488e-01 8.919181823730468750e-01 8.567672371864318848e-01 7.824494242668151855e-01 8.656792640686035156e-01 8.540853857994079590e-01 7.712776064872741699e-01 7.459108233451843262e-01 7.558605074882507324e-01
7.586792707443237305e-01 7.675436139106750488e-01 7.799437046051025391e-01 8.567672371864318848e-01 7.824494242668151855e-01 9.689732789993286133e-01 8.540853857994079590e-01 9.538150429725646973e-01 7.459108233451843262e-01 7.558605074882507324e-01
7.586792707443237305e-01 7.675436139106750488e-01 7.688571214675903320e-01 8.567672371864318848e-01 7.824494242668151855e-01 9.502307772636413574e-01 8.540853857994079590e-01 9.640192389488220215e-01 7.459108233451843262e-01 7.558605074882507324e-01
7.586792707443237305e-01 7.675436139106750488e-01 7.688571214675903320e-01 8.567672371864318848e-01 7.824494242668151855e-01 8.151955008506774902e-01 7.472660541534423828e-01 9.366325139999389648e-01 7.459108233451843262e-01 7.558605074882507324e-01
7.586792707443237305e-01 7.675436139106750488e-01 7.688571214675903320e-01 8.567672371864318848e-01 7.824494242668151855e-01 9.694234132766723633e-01 7.472660541534423828e-01 9.789152741432189941e-01 7.459108233451843262e-01 7.558605074882507324e-01
7.586792707443237305e-01 7.675436139106750488e-01 8.416353464126586914e-01 6.984083056449890137e-01 7.824494242668151855e-01 9.486798048019409180e-01 7.472660541534423828e-01 9.789152741432189941e-01 7.459108233451843262e-01 7.558605074882507324e-01
7.586792707443237305e-01 5.771526694297790527e-01 5.637162327766418457e-01 6.984083056449890137e-01 7.824494242668151855e-01 6.782630681991577148e-01 7.472660541534423828e-01 9.778392314910888672e-01 7.459108233451843262e-01 7.558605074882507324e-01
7.586792707443237305e-01 7.675436139106750488e-01 7.688571214675903320e-01 8.567672371864318848e-01 7.824494242668151855e-01 8.731136322021484375e-01 5.691933035850524902e-01 9.760742783546447754e-01 7.459108233451843262e-01 7.558605074882507324e-01
7.586792707443237305e-01 5.771526694297790527e-01 7.688571214675903320e-01 8.567672371864318848e-01 7.824494242668151855e-01 8.805874586105346680e-01 5.691933035850524902e-01 8.798441886901855469e-01 4.304565489292144775e-01 7.558605074882507324e-01
7.586792707443237305e-01 7.675436139106750488e-01 9.318879246711730957e-01 8.567672371864318848e-01 7.824494242668151855e-01 9.873290061950683594e-01 5.691933035850524902e-01 9.561437964439392090e-01 5.388067960739135742e-01 7.558605074882507324e-01
7.586792707443237305e-01 7.675436139106750488e-01 7.799437046051025391e-01 8.567672371864318848e-01 7.824494242668151855e-01 9.008942842483520508e-01 5.691933035850524902e-01 8.987052440643310547e-01 7.459108233451843262e-01 7.558605074882507324e-01
7.586792707443237305e-01 7.675436139106750488e-01 8.919181823730468750e-01 8.567672371864318848e-01 7.824494242668151855e-01 9.679908752441406250e-01 5.691933035850524902e-01 9.641219377517700195e-01 7.459108233451843262e-01 7.558605074882507324e-01
7.586792707443237305e-01 7.675436139106750488e-01 7.688571214675903320e-01 8.567672371864318848e-01 7.824494242668151855e-01 9.386880993843078613e-01 5.691933035850524902e-01 9.541847109794616699e-01 7.459108233451843262e-01 7.558605074882507324e-01
7.586792707443237305e-01 7.675436139106750488e-01 5.637162327766418457e-01 8.567672371864318848e-01 7.824494242668151855e-01 8.820168972015380859e-01 7.472660541534423828e-01 9.641219377517700195e-01 7.459108233451843262e-01 7.558605074882507324e-01
7.586792707443237305e-01 7.675436139106750488e-01 5.637162327766418457e-01 6.984083056449890137e-01 7.824494242668151855e-01 9.331068396568298340e-01 5.691933035850524902e-01 9.458709955215454102e-01 7.459108233451843262e-01 7.558605074882507324e-01
7.586792707443237305e-01 7.675436139106750488e-01 7.622174024581909180e-01 6.984083056449890137e-01 7.824494242668151855e-01 3.624178767204284668e-01 5.691933035850524902e-01 9.642021656036376953e-01 7.459108233451843262e-01 7.558605074882507324e-01
7.586792707443237305e-01 7.675436139106750488e-01 5.637162327766418457e-01 6.984083056449890137e-01 7.824494242668151855e-01 8.615346550941467285e-01 5.691933035850524902e-01 9.778392314910888672e-01 7.459108233451843262e-01 7.558605074882507324e-01
7.586792707443237305e-01 5.771526694297790527e-01 6.486480236053466797e-01 6.984083056449890137e-01 7.824494242668151855e-01 8.709264993667602539e-01 5.691933035850524902e-01 9.335014224052429199e-01 7.459108233451843262e-01 7.558605074882507324e-01
