2.832393050193786621e-01 9.516125917434692383e-01 5.000000000000000000e-01 4.895537793636322021e-01 7.891470789909362793e-01 8.163233399391174316e-01 8.946010470390319824e-01 3.842628896236419678e-01 4.759119153022766113e-01 3.976250290870666504e-01
1.731263995170593262e-01 9.516125917434692383e-01 5.000000000000000000e-01 2.161113172769546509e-01 7.891470789909362793e-01 8.163233399391174316e-01 8.946010470390319824e-01 1.980960220098495483e-01 4.759119153022766113e-01 3.976250290870666504e-01
1.731263995170593262e-01 8.669039011001586914e-01 5.000000000000000000e-01 2.161113172769546509e-01 7.891470789909362793e-01 8.163233399391174316e-01 8.946010470390319824e-01 7.083056867122650146e-02 4.759119153022766113e-01 3.976250290870666504e-01
8.008912205696105957e-02 7.315922379493713379e-01 5.000000000000000000e-01 2.161113172769546509e-01 7.891470789909362793e-01 8.163233399391174316e-01 8.946010470390319824e-01 1.980960220098495483e-01 4.759119153022766113e-01 3.976250290870666504e-01
8.008912205696105957e-02 8.184934407472610474e-02 5.000000000000000000e-01 2.161113172769546509e-01 5.467199683189392090e-01 3.682445287704467773e-01 5.569884181022644043e-01 7.083056867122650146e-02 4.759119153022766113e-01 1.840892285108566284e-01
8.008912205696105957e-02 1.736664474010467529e-01 5.000000000000000000e-01 2.161113172769546509e-01 1.692082136869430542e-01 3.682445287704467773e-01 5.569884181022644043e-01 7.083056867122650146e-02 4.759119153022766113e-01 1.840892285108566284e-01
8.008912205696105957e-02 1.736664474010467529e-01 5.000000000000000000e-01 2.161113172769546509e-01 1.692082136869430542e-01 8.163233399391174316e-01 8.946010470390319824e-01 7.083056867122650146e-02 4.759119153022766113e-01 1.840892285108566284e-01
1.731263995170593262e-01 3.882201910018920898e-01 5.000000000000000000e-01 2.161113172769546509e-01 3.872506320476531982e-01 8.163233399391174316e-01 8.946010470390319824e-01 1.980960220098495483e-01 4.759119153022766113e-01 3.976250290870666504e-01
1.731263995170593262e-01 3.882201910018920898e-01 5.000000000000000000e-01 2.161113172769546509e-01 1.692082136869430542e-01 8.163233399391174316e-01 8.946010470390319824e-01 1.980960220098495483e-01 2.272358387708663940e-01 3.976250290870666504e-01
8.008912205696105957e-02 1.736664474010467529e-01 5.000000000000000000e-01 2.161113172769546509e-01 3.872506320476531982e-01 8.163233399391174316e-01 8.946010470390319824e-01 7.083056867122650146e-02 2.272358387708663940e-01 1.840892285108566284e-01
8.008912205696105957e-02 3.164747729897499084e-02 5.000000000000000000e-01 2.161113172769546509e-01 1.575084775686264038e-01 3.682445287704467773e-01 5.569884181022644043e-01 7.083056867122650146e-02 2.272358387708663940e-01 1.840892285108566284e-01
8.008912205696105957e-02 3.164747729897499084e-02 5.000000000000000000e-01 2.161113172769546509e-01 6.559678167104721069e-02 8.163233399391174316e-01 8.946010470390319824e-01 1.980960220098495483e-01 2.272358387708663940e-01 1.840892285108566284e-01
8.008912205696105957e-02 3.164747729897499084e-02 5.000000000000000000e-01 2.161113172769546509e-01 6.559678167104721069e-02 8.163233399391174316e-01 8.946010470390319824e-01 1.980960220098495483e-01 2.272358387708663940e-01 1.840892285108566284e-01
8.008912205696105957e-02 5.716419816017150879e-01 5.000000000000000000e-01 2.161113172769546509e-01 6.559678167104721069e-02 3.682445287704467773e-01 5.569884181022644043e-01 7.083056867122650146e-02 2.272358387708663940e-01 1.840892285108566284e-01
1.731263995170593262e-01 5.716419816017150879e-01 5.000000000000000000e-01 2.161113172769546509e-01 6.559678167104721069e-02 3.682445287704467773e-01 5.569884181022644043e-01 1.980960220098495483e-01 2.272358387708663940e-01 1.840892285108566284e-01
8.008912205696105957e-02 3.087230622768402100e-01 5.000000000000000000e-01 2.161113172769546509e-01 6.559678167104721069e-02 3.682445287704467773e-01 5.569884181022644043e-01 7.083056867122650146e-02 2.272358387708663940e-01 1.840892285108566284e-01
8.008912205696105957e-02 3.087230622768402100e-01 5.000000000000000000e-01 2.161113172769546509e-01 6.559678167104721069e-02 3.682445287704467773e-01 5.569884181022644043e-01 7.083056867122650146e-02 2.272358387708663940e-01 1.840892285108566284e-01
8.008912205696105957e-02 3.087230622768402100e-01 5.000000000000000000e-01 2.161113172769546509e-01 6.559678167104721069e-02 3.682445287704467773e-01 5.569884181022644043e-01 7.083056867122650146e-02 2.383586168289184570e-01 1.840892285108566284e-01
8.008912205696105957e-02 3.087230622768402100e-01 5.000000000000000000e-01 2.161113172769546509e-01 6.559678167104721069e-02 3.682445287704467773e-01 5.569884181022644043e-01 7.083056867122650146e-02 2.383586168289184570e-01 1.840892285108566284e-01
8.008912205696105957e-02 3.087230622768402100e-01 5.000000000000000000e-01 2.161113172769546509e-01 6.559678167104721069e-02 8.163233399391174316e-01 8.946010470390319824e-01 7.083056867122650146e-02 2.272358387708663940e-01 1.840892285108566284e-01
8.008912205696105957e-02 3.087230622768402100e-01 5.000000000000000000e-01 2.161113172769546509e-01 6.559678167104721069e-02 3.682445287704467773e-01 8.482047319412231445e-01 7.083056867122650146e-02 2.272358387708663940e-01 1.840892285108566284e-01
1.731263995170593262e-01 3.087230622768402100e-01 5.000000000000000000e-01 2.161113172769546509e-01 6.559678167104721069e-02 3.682445287704467773e-01 8.482047319412231445e-01 7.083056867122650146e-02 2.272358387708663940e-01 1.840892285108566284e-01
1.731263995170593262e-01 3.087230622768402100e-01 5.000000000000000000e-01 2.161113172769546509e-01 6.559678167104721069e-02 5.339151024818420410e-01 8.482047319412231445e-01 7.083056867122650146e-02 2.272358387708663940e-01 1.840892285108566284e-01
8.008912205696105957e-02 3.087230622768402100e-01 5.000000000000000000e-01 2.161113172769546509e-01 6.559678167104721069e-02 5.339151024818420410e-01 8.482047319412231445e-01 4.808850586414337158e-01 2.272358387708663940e-01 1.840892285108566284e-01
8.008912205696105957e-02 3.087230622768402100e-01 5.000000000000000000e-01 2.161113172769546509e-01 6.559678167104721069e-02 5.339151024818420410e-01 8.482047319412231445e-01 4.808850586414337158e-01 2.272358387708663940e-01 1.840892285108566284e-01
2.809484302997589111e-01 3.087230622768402100e-01 5.000000000000000000e-01 2.161113172769546509e-01 6.559678167104721069e-02 8.163233399391174316e-01 3.868035376071929932e-01 4.808850586414337158e-01 2.272358387708663940e-01 1.840892285108566284e-01
6.003114581108093262e-02 1.536378413438796997e-01 5.000000000000000000e-01 1.934927850961685181e-01 6.559678167104721069e-02 8.163233399391174316e-01 3.868035376071929932e-01 4.808850586414337158e-01 2.272358387708663940e-01 1.840892285108566284e-01
6.003114581108093262e-02 1.536378413438796997e-01 5.000000000000000000e-01 1.934927850961685181e-01 6.559678167104721069e-02 8.163233399391174316e-01 3.868035376071929932e-01 4.808850586414337158e-01 2.272358387708663940e-01 1.840892285108566284e-01
2.832393050193786621e-01 1.536378413438796997e-01 5.000000000000000000e-01 1.934927850961685181e-01 6.559678167104721069e-02 8.163233399391174316e-01 3.868035376071929932e-01 4.808850586414337158e-01 2.272358387708663940e-01 1.840892285108566284e-01
1.411274969577789307e-01 1.536378413438796997e-01 5.000000000000000000e-01 1.934927850961685181e-01 6.559678167104721069e-02 8.163233399391174316e-01 3.868035376071929932e-01 4.808850586414337158e-01 2.272358387708663940e-01 1.840892285108566284e-01
2.809484302997589111e-01 3.087230622768402100e-01 5.000000000000000000e-01 2.161113172769546509e-01 6.559678167104721069e-02 4.383296966552734375e-01 3.868035376071929932e-01 4.808850586414337158e-01 2.383586168289184570e-01 1.840892285108566284e-01
6.003114581108093262e-02 1.536378413438796997e-01 5.000000000000000000e-01 1.934927850961685181e-01 6.559678167104721069e-02 4.383296966552734375e-01 3.868035376071929932e-01 4.808850586414337158e-01 2.383586168289184570e-01 1.840892285108566284e-01
8.756465315818786621e-01 3.087230622768402100e-01 5.000000000000000000e-01 2.161113172769546509e-01 6.559678167104721069e-02 4.383296966552734375e-01 3.868035376071929932e-01 4.808850586414337158e-01 2.383586168289184570e-01 1.840892285108566284e-01
5.350955724716186523e-01 5.293735861778259277e-01 5.000000000000000000e-01 1.934927850961685181e-01 4.041004478931427002e-01 4.383296966552734375e-01 5.485284924507141113e-01 9.273596405982971191e-01 2.383586168289184570e-01 5.744388699531555176e-01
5.350955724716186523e-01 5.293735861778259277e-01 5.000000000000000000e-01 1.934927850961685181e-01 4.041004478931427002e-01 4.383296966552734375e-01 3.868035376071929932e-01 4.808850586414337158e-01 2.383586168289184570e-01 1.840892285108566284e-01
5.350955724716186523e-01 5.293735861778259277e-01 5.000000000000000000e-01 1.934927850961685181e-01 4.041004478931427002e-01 4.383296966552734375e-01 3.868035376071929932e-01 4.808850586414337158e-01 2.383586168289184570e-01 1.840892285108566284e-01
5.350955724716186523e-01 5.293735861778259277e-01 5.000000000000000000e-01 1.934927850961685181e-01 4.041004478931427002e-01 4.383296966552734375e-01 3.868035376071929932e-01 4.808850586414337158e-01 2.383586168289184570e-01 1.840892285108566284e-01
9.639094471931457520e-01 9.378994107246398926e-01 5.000000000000000000e-01 1.934927850961685181e-01 1.854459494352340698e-01 4.383296966552734375e-01 5.485284924507141113e-01 9.273596405982971191e-01 2.383586168289184570e-01 5.744388699531555176e-01
5.350955724716186523e-01 4.393274486064910889e-01 5.000000000000000000e-01 1.934927850961685181e-01 4.041004478931427002e-01 4.383296966552734375e-01 5.485284924507141113e-01 9.273596405982971191e-01 2.383586168289184570e-01 5.744388699531555176e-01
5.350955724716186523e-01 4.393274486064910889e-01 2.675011754035949707e-01 1.934927850961685181e-01 4.041004478931427002e-01 4.383296966552734375e-01 5.485284924507141113e-01 9.273596405982971191e-01 2.383586168289184570e-01 5.744388699531555176e-01
9.639094471931457520e-01 8.394275903701782227e-01 2.675011754035949707e-01 1.934927850961685181e-01 4.455083608627319336e-01 6.997942328453063965e-01 5.485284924507141113e-01 5.901762843132019043e-01 2.383586168289184570e-01 2.300171852111816406e-01
9.089298248291015625e-01 6.829551458358764648e-01 2.675011754035949707e-01 8.084423542022705078e-01 4.455083608627319336e-01 8.163233399391174316e-01 5.485284924507141113e-01 9.273596405982971191e-01 2.383586168289184570e-01 2.300171852111816406e-01
9.639094471931457520e-01 7.545791864395141602e-01 7.873595952987670898e-01 8.084423542022705078e-01 4.455083608627319336e-01 7.522186040878295898e-01 5.896283984184265137e-01 8.734965324401855469e-01 2.383586168289184570e-01 2.300171852111816406e-01
9.089298248291015625e-01 7.545791864395141602e-01 7.873595952987670898e-01 8.084423542022705078e-01 4.455083608627319336e-01 8.163233399391174316e-01 5.485284924507141113e-01 9.566903114318847656e-01 2.383586168289184570e-01 2.300171852111816406e-01
9.089298248291015625e-01 6.523276567459106445e-01 7.873595952987670898e-01 8.084423542022705078e-01 1.854459494352340698e-01 8.163233399391174316e-01 5.485284924507141113e-01 9.566903114318847656e-01 4.759119153022766113e-01 5.744388699531555176e-01
9.639094471931457520e-01 7.352409362792968750e-01 7.873595952987670898e-01 8.084423542022705078e-01 1.854459494352340698e-01 8.163233399391174316e-01 5.485284924507141113e-01 9.566903114318847656e-01 4.759119153022766113e-01 5.744388699531555176e-01
9.089298248291015625e-01 7.352409362792968750e-01 7.873595952987670898e-01 8.084423542022705078e-01 4.455083608627319336e-01 8.163233399391174316e-01 5.485284924507141113e-01 9.566903114318847656e-01 4.759119153022766113e-01 4.319476485252380371e-01
9.089298248291015625e-01 9.648768901824951172e-01 7.873595952987670898e-01 8.084423542022705078e-01 4.455083608627319336e-01 8.163233399391174316e-01 5.485284924507141113e-01 9.566903114318847656e-01 4.759119153022766113e-01 4.319476485252380371e-01
9.089298248291015625e-01 9.648768901824951172e-01 7.873595952987670898e-01 8.084423542022705078e-01 4.455083608627319336e-01 8.906674385070800781e-01 5.896283984184265137e-01 9.566903114318847656e-01 4.759119153022766113e-01 6.650109887123107910e-01
9.089298248291015625e-01 9.648768901824951172e-01 7.873595952987670898e-01 8.084423542022705078e-01 8.263304233551025391e-01 8.906674385070800781e-01 5.896283984184265137e-01 9.566903114318847656e-01 4.759119153022766113e-01 6.650109887123107910e-01
9.639094471931457520e-01 7.480500936508178711e-01 7.873595952987670898e-01 8.084423542022705078e-01 8.263304233551025391e-01 8.906674385070800781e-01 5.896283984184265137e-01 9.566903114318847656e-01 4.759119153022766113e-01 4.319476485252380371e-01
9.639094471931457520e-01 6.763912439346313477e-01 7.873595952987670898e-01 8.084423542022705078e-01 8.263304233551025391e-01 8.906674385070800781e-01 5.896283984184265137e-01 9.566903114318847656e-01 2.383586168289184570e-01 2.300171852111816406e-01
9.639094471931457520e-01 8.887329101562500000e-01 7.873595952987670898e-01 8.084423542022705078e-01 8.263304233551025391e-01 8.906674385070800781e-01 5.896283984184265137e-01 9.566903114318847656e-01 2.383586168289184570e-01 2.300171852111816406e-01
7.801322937011718750e-01 8.887329101562500000e-01 7.873595952987670898e-01 8.084423542022705078e-01 8.263304233551025391e-01 8.906674385070800781e-01 5.896283984184265137e-01 7.136089205741882324e-01 2.383586168289184570e-01 2.300171852111816406e-01
7.801322937011718750e-01 7.861214280128479004e-01 7.873595952987670898e-01 8.084423542022705078e-01 8.263304233551025391e-01 8.906674385070800781e-01 6.905268430709838867e-01 7.136089205741882324e-01 2.383586168289184570e-01 2.300171852111816406e-01
9.089298248291015625e-01 6.668272614479064941e-01 7.873595952987670898e-01 8.084423542022705078e-01 8.263304233551025391e-01 8.906674385070800781e-01 9.093997478485107422e-01 9.566903114318847656e-01 4.759119153022766113e-01 4.319476485252380371e-01
9.089298248291015625e-01 8.547079563140869141e-01 7.873595952987670898e-01 8.084423542022705078e-01 8.263304233551025391e-01 8.906674385070800781e-01 9.093997478485107422e-01 9.122224450111389160e-01 4.759119153022766113e-01 6.650109887123107910e-01
9.089298248291015625e-01 9.519209265708923340e-01 7.873595952987670898e-01 8.084423542022705078e-01 8.263304233551025391e-01 8.906674385070800781e-01 9.093997478485107422e-01 9.566903114318847656e-01 4.759119153022766113e-01 6.650109887123107910e-01
5.711507201194763184e-01 8.398616909980773926e-01 7.873595952987670898e-01 8.084423542022705078e-01 5.741487741470336914e-01 8.906674385070800781e-01 9.093997478485107422e-01 8.385595083236694336e-01 4.759119153022766113e-01 1.840892285108566284e-01
7.808927893638610840e-01 8.398616909980773926e-01 7.873595952987670898e-01 8.084423542022705078e-01 8.263304233551025391e-01 8.906674385070800781e-01 9.093997478485107422e-01 9.122224450111389160e-01 4.759119153022766113e-01 6.650109887123107910e-01
9.639094471931457520e-01 7.456535100936889648e-01 7.873595952987670898e-01 8.084423542022705078e-01 8.263304233551025391e-01 8.163233399391174316e-01 8.946010470390319824e-01 9.122224450111389160e-01 4.759119153022766113e-01 6.650109887123107910e-01
3.564147651195526123e-01 2.498488724231719971e-01 5.000000000000000000e-01 1.934927850961685181e-01 8.263304233551025391e-01 8.163233399391174316e-01 3.868035376071929932e-01 5.552820563316345215e-01 4.759119153022766113e-01 6.650109887123107910e-01
3.564147651195526123e-01 7.180588692426681519e-02 5.000000000000000000e-01 8.084423542022705078e-01 8.263304233551025391e-01 8.906674385070800781e-01 8.545429259538650513e-02 5.552820563316345215e-01 4.759119153022766113e-01 6.650109887123107910e-01
5.350955724716186523e-01 1.295071393251419067e-01 5.000000000000000000e-01 1.934927850961685181e-01 3.117242753505706787e-01 3.682445287704467773e-01 8.545429259538650513e-02 1.891566812992095947e-01 4.759119153022766113e-01 4.319476485252380371e-01
6.003114581108093262e-02 1.135637015104293823e-01 5.000000000000000000e-01 1.934927850961685181e-01 3.117242753505706787e-01 3.682445287704467773e-01 8.545429259538650513e-02 5.552820563316345215e-01 4.759119153022766113e-01 6.650109887123107910e-01
2.505147755146026611e-01 2.396513670682907104e-01 5.000000000000000000e-01 2.161113172769546509e-01 3.117242753505706787e-01 3.682445287704467773e-01 8.545429259538650513e-02 3.307692706584930420e-01 2.383586168289184570e-01 4.319476485252380371e-01
2.505147755146026611e-01 2.247299998998641968e-01 2.675011754035949707e-01 2.161113172769546509e-01 3.117242753505706787e-01 3.682445287704467773e-01 5.569884181022644043e-01 3.307692706584930420e-01 2.383586168289184570e-01 4.319476485252380371e-01
2.505147755146026611e-01 8.520368486642837524e-02 2.675011754035949707e-01 2.161113172769546509e-01 3.117242753505706787e-01 3.682445287704467773e-01 5.569884181022644043e-01 3.307692706584930420e-01 2.383586168289184570e-01 4.319476485252380371e-01
1.969107836484909058e-01 3.953655064105987549e-02 2.675011754035949707e-01 1.934927850961685181e-01 2.158897817134857178e-01 3.682445287704467773e-01 5.569884181022644043e-01 3.307692706584930420e-01 2.383586168289184570e-01 4.319476485252380371e-01
1.969107836484909058e-01 3.647715598344802856e-02 2.675011754035949707e-01 1.934927850961685181e-01 2.158897817134857178e-01 3.682445287704467773e-01 5.569884181022644043e-01 3.307692706584930420e-01 2.383586168289184570e-01 4.319476485252380371e-01
1.411274969577789307e-01 3.953655064105987549e-02 5.000000000000000000e-01 1.934927850961685181e-01 2.158897817134857178e-01 3.682445287704467773e-01 5.569884181022644043e-01 7.083056867122650146e-02 4.759119153022766113e-01 1.840892285108566284e-01
1.411274969577789307e-01 4.562205821275711060e-02 5.000000000000000000e-01 1.934927850961685181e-01 2.158897817134857178e-01 3.682445287704467773e-01 5.569884181022644043e-01 1.891566812992095947e-01 4.759119153022766113e-01 4.319476485252380371e-01
1.411274969577789307e-01 8.062308654189109802e-03 5.000000000000000000e-01 1.934927850961685181e-01 4.607270359992980957e-01 3.682445287704467773e-01 5.569884181022644043e-01 1.614800691604614258e-01 4.759119153022766113e-01 1.840892285108566284e-01
1.411274969577789307e-01 9.350429289042949677e-03 5.000000000000000000e-01 1.934927850961685181e-01 2.158897817134857178e-01 3.682445287704467773e-01 2.184373140335083008e-01 1.614800691604614258e-01 4.759119153022766113e-01 1.840892285108566284e-01
9.089298248291015625e-01 3.725751116871833801e-02 5.000000000000000000e-01 1.934927850961685181e-01 7.430971264839172363e-01 8.906674385070800781e-01 2.184373140335083008e-01 1.614800691604614258e-01 4.759119153022766113e-01 1.840892285108566284e-01
9.639094471931457520e-01 4.466209411621093750e-01 2.675011754035949707e-01 1.934927850961685181e-01 7.430971264839172363e-01 8.906674385070800781e-01 2.184373140335083008e-01 1.891566812992095947e-01 2.383586168289184570e-01 4.319476485252380371e-01
3.564147651195526123e-01 3.725751116871833801e-02 5.000000000000000000e-01 8.084423542022705078e-01 4.504351019859313965e-01 8.906674385070800781e-01 2.184373140335083008e-01 1.614800691604614258e-01 4.759119153022766113e-01 1.840892285108566284e-01
5.970936417579650879e-01 3.225005418062210083e-02 2.675011754035949707e-01 1.934927850961685181e-01 7.430971264839172363e-01 8.906674385070800781e-01 2.184373140335083008e-01 1.891566812992095947e-01 2.383586168289184570e-01 4.319476485252380371e-01
5.970936417579650879e-01 2.973704040050506592e-02 2.675011754035949707e-01 1.934927850961685181e-01 4.504351019859313965e-01 8.906674385070800781e-01 2.184373140335083008e-01 1.614800691604614258e-01 2.383586168289184570e-01 1.840892285108566284e-01
5.970936417579650879e-01 2.973704040050506592e-02 2.675011754035949707e-01 1.934927850961685181e-01 6.626922488212585449e-01 8.906674385070800781e-01 2.184373140335083008e-01 1.614800691604614258e-01 2.383586168289184570e-01 1.840892285108566284e-01
3.564147651195526123e-01 3.225005418062210083e-02 2.675011754035949707e-01 1.934927850961685181e-01 6.626922488212585449e-01 8.906674385070800781e-01 2.184373140335083008e-01 1.614800691604614258e-01 2.383586168289184570e-01 1.840892285108566284e-01
9.089298248291015625e-01 1.292646229267120361e-01 7.873595952987670898e-01 8.084423542022705078e-01 6.626922488212585449e-01 8.906674385070800781e-01 5.569884181022644043e-01 6.158062815666198730e-01 4.759119153022766113e-01 1.840892285108566284e-01
9.089298248291015625e-01 7.963059544563293457e-01 7.873595952987670898e-01 8.084423542022705078e-01 6.626922488212585449e-01 8.906674385070800781e-01 9.093997478485107422e-01 6.158062815666198730e-01 4.759119153022766113e-01 1.840892285108566284e-01
9.089298248291015625e-01 1.934177428483963013e-01 7.873595952987670898e-01 8.084423542022705078e-01 9.674373865127563477e-01 8.906674385070800781e-01 9.093997478485107422e-01 6.158062815666198730e-01 4.759119153022766113e-01 1.840892285108566284e-01
9.089298248291015625e-01 8.474019169807434082e-01 7.873595952987670898e-01 8.084423542022705078e-01 9.674373865127563477e-01 8.906674385070800781e-01 9.093997478485107422e-01 9.566903114318847656e-01 4.759119153022766113e-01 5.744388699531555176e-01
9.089298248291015625e-01 4.466209411621093750e-01 7.873595952987670898e-01 8.084423542022705078e-01 6.626922488212585449e-01 8.906674385070800781e-01 6.905268430709838867e-01 9.566903114318847656e-01 4.759119153022766113e-01 5.744388699531555176e-01
9.639094471931457520e-01 5.341144800186157227e-01 7.873595952987670898e-01 8.084423542022705078e-01 6.626922488212585449e-01 8.906674385070800781e-01 6.905268430709838867e-01 9.566903114318847656e-01 4.759119153022766113e-01 5.744388699531555176e-01
9.639094471931457520e-01 5.341144800186157227e-01 7.873595952987670898e-01 8.084423542022705078e-01 6.626922488212585449e-01 8.906674385070800781e-01 6.905268430709838867e-01 9.566903114318847656e-01 4.759119153022766113e-01 5.744388699531555176e-01
9.089298248291015625e-01 7.139632701873779297e-01 7.873595952987670898e-01 8.084423542022705078e-01 6.626922488212585449e-01 8.906674385070800781e-01 6.905268430709838867e-01 9.566903114318847656e-01 4.759119153022766113e-01 5.744388699531555176e-01
9.639094471931457520e-01 4.258241057395935059e-01 7.873595952987670898e-01 8.084423542022705078e-01 6.626922488212585449e-01 8.906674385070800781e-01 6.905268430709838867e-01 6.600558757781982422e-01 4.759119153022766113e-01 4.319476485252380371e-01
5.711507201194763184e-01 3.963859379291534424e-02 4.003326892852783203e-01 8.084423542022705078e-01 6.626922488212585449e-01 8.906674385070800781e-01 9.093997478485107422e-01 8.385595083236694336e-01 4.759119153022766113e-01 3.976250290870666504e-01
5.711507201194763184e-01 2.651144564151763916e-01 4.003326892852783203e-01 8.084423542022705078e-01 8.959043622016906738e-01 8.906674385070800781e-01 9.093997478485107422e-01 8.385595083236694336e-01 4.759119153022766113e-01 3.976250290870666504e-01
2.832393050193786621e-01 1.246051192283630371e-01 5.000000000000000000e-01 1.934927850961685181e-01 7.891470789909362793e-01 3.682445287704467773e-01 5.569884181022644043e-01 3.842628896236419678e-01 4.759119153022766113e-01 3.976250290870666504e-01
2.832393050193786621e-01 1.246051192283630371e-01 5.000000000000000000e-01 1.934927850961685181e-01 7.891470789909362793e-01 3.682445287704467773e-01 5.569884181022644043e-01 1.980960220098495483e-01 4.759119153022766113e-01 3.976250290870666504e-01
8.008912205696105957e-02 4.501981660723686218e-02 5.000000000000000000e-01 2.161113172769546509e-01 5.842622518539428711e-01 3.682445287704467773e-01 5.569884181022644043e-01 7.083056867122650146e-02 4.759119153022766113e-01 3.976250290870666504e-01
8.008912205696105957e-02 1.279460489749908447e-01 5.000000000000000000e-01 2.161113172769546509e-01 3.117242753505706787e-01 3.682445287704467773e-01 5.569884181022644043e-01 7.083056867122650146e-02 4.759119153022766113e-01 3.976250290870666504e-01
8.008912205696105957e-02 5.858739465475082397e-02 5.000000000000000000e-01 2.161113172769546509e-01 3.117242753505706787e-01 3.682445287704467773e-01 5.569884181022644043e-01 7.083056867122650146e-02 4.759119153022766113e-01 3.976250290870666504e-01
8.008912205696105957e-02 5.858739465475082397e-02 5.000000000000000000e-01 2.161113172769546509e-01 3.117242753505706787e-01 3.682445287704467773e-01 5.569884181022644043e-01 7.083056867122650146e-02 4.759119153022766113e-01 1.840892285108566284e-01
8.008912205696105957e-02 1.886374950408935547e-01 5.000000000000000000e-01 2.161113172769546509e-01 3.117242753505706787e-01 3.682445287704467773e-01 5.569884181022644043e-01 7.083056867122650146e-02 4.759119153022766113e-01 1.840892285108566284e-01
8.008912205696105957e-02 4.430213868618011475e-01 5.000000000000000000e-01 2.161113172769546509e-01 3.117242753505706787e-01 3.682445287704467773e-01 5.569884181022644043e-01 7.083056867122650146e-02 2.383586168289184570e-01 1.840892285108566284e-01
8.008912205696105957e-02 4.065054655075073242e-01 5.000000000000000000e-01 2.161113172769546509e-01 3.117242753505706787e-01 3.682445287704467773e-01 8.545429259538650513e-02 7.083056867122650146e-02 4.759119153022766113e-01 1.840892285108566284e-01
8.008912205696105957e-02 4.065054655075073242e-01 5.000000000000000000e-01 2.161113172769546509e-01 3.117242753505706787e-01 3.682445287704467773e-01 8.545429259538650513e-02 7.083056867122650146e-02 4.759119153022766113e-01 1.840892285108566284e-01
8.008912205696105957e-02 4.065054655075073242e-01 5.000000000000000000e-01 2.161113172769546509e-01 3.117242753505706787e-01 3.682445287704467773e-01 8.545429259538650513e-02 7.083056867122650146e-02 4.759119153022766113e-01 1.840892285108566284e-01
1.731263995170593262e-01 6.175562739372253418e-01 5.000000000000000000e-01 2.161113172769546509e-01 3.117242753505706787e-01 3.682445287704467773e-01 8.545429259538650513e-02 7.083056867122650146e-02 4.759119153022766113e-01 1.840892285108566284e-01
8.008912205696105957e-02 4.065054655075073242e-01 5.000000000000000000e-01 2.161113172769546509e-01 5.842622518539428711e-01 8.163233399391174316e-01 3.868035376071929932e-01 7.083056867122650146e-02 4.759119153022766113e-01 1.840892285108566284e-01
1.731263995170593262e-01 6.175562739372253418e-01 5.000000000000000000e-01 2.161113172769546509e-01 3.117242753505706787e-01 8.163233399391174316e-01 3.868035376071929932e-01 7.083056867122650146e-02 4.759119153022766113e-01 1.840892285108566284e-01
8.008912205696105957e-02 4.065054655075073242e-01 5.000000000000000000e-01 2.161113172769546509e-01 3.117242753505706787e-01 3.682445287704467773e-01 8.545429259538650513e-02 7.083056867122650146e-02 2.383586168289184570e-01 1.840892285108566284e-01
8.008912205696105957e-02 6.175562739372253418e-01 5.000000000000000000e-01 2.161113172769546509e-01 3.117242753505706787e-01 3.682445287704467773e-01 8.545429259538650513e-02 7.083056867122650146e-02 2.383586168289184570e-01 1.840892285108566284e-01
8.008912205696105957e-02 4.065054655075073242e-01 5.000000000000000000e-01 2.161113172769546509e-01 3.117242753505706787e-01 3.682445287704467773e-01 8.545429259538650513e-02 7.083056867122650146e-02 2.383586168289184570e-01 1.840892285108566284e-01
8.008912205696105957e-02 6.175562739372253418e-01 5.000000000000000000e-01 2.161113172769546509e-01 3.117242753505706787e-01 3.682445287704467773e-01 8.545429259538650513e-02 7.083056867122650146e-02 4.759119153022766113e-01 1.840892285108566284e-01
8.008912205696105957e-02 6.175562739372253418e-01 5.000000000000000000e-01 2.161113172769546509e-01 3.117242753505706787e-01 3.682445287704467773e-01 8.545429259538650513e-02 7.083056867122650146e-02 4.759119153022766113e-01 1.840892285108566284e-01
8.008912205696105957e-02 6.175562739372253418e-01 5.000000000000000000e-01 2.161113172769546509e-01 5.842622518539428711e-01 3.682445287704467773e-01 8.545429259538650513e-02 7.083056867122650146e-02 4.759119153022766113e-01 1.840892285108566284e-01
8.008912205696105957e-02 4.065054655075073242e-01 5.000000000000000000e-01 2.161113172769546509e-01 3.117242753505706787e-01 3.682445287704467773e-01 8.545429259538650513e-02 7.083056867122650146e-02 4.759119153022766113e-01 1.840892285108566284e-01
8.008912205696105957e-02 2.396513670682907104e-01 5.000000000000000000e-01 2.161113172769546509e-01 3.117242753505706787e-01 3.682445287704467773e-01 8.545429259538650513e-02 7.083056867122650146e-02 2.383586168289184570e-01 1.840892285108566284e-01
8.008912205696105957e-02 2.396513670682907104e-01 5.000000000000000000e-01 2.161113172769546509e-01 3.117242753505706787e-01 3.682445287704467773e-01 8.545429259538650513e-02 7.083056867122650146e-02 4.759119153022766113e-01 1.840892285108566284e-01
8.008912205696105957e-02 5.858739465475082397e-02 5.000000000000000000e-01 2.161113172769546509e-01 3.117242753505706787e-01 3.682445287704467773e-01 2.184373140335083008e-01 7.083056867122650146e-02 2.383586168289184570e-01 1.840892285108566284e-01
8.008912205696105957e-02 6.739944964647293091e-02 5.000000000000000000e-01 2.161113172769546509e-01 3.117242753505706787e-01 3.682445287704467773e-01 2.184373140335083008e-01 7.083056867122650146e-02 4.759119153022766113e-01 1.840892285108566284e-01
6.107486486434936523e-01 1.279460489749908447e-01 5.000000000000000000e-01 2.161113172769546509e-01 5.467199683189392090e-01 3.682445287704467773e-01 2.184373140335083008e-01 7.083056867122650146e-02 4.759119153022766113e-01 1.840892285108566284e-01
6.107486486434936523e-01 4.762020111083984375e-01 5.000000000000000000e-01 5.931837558746337891e-01 5.467199683189392090e-01 8.163233399391174316e-01 6.535953879356384277e-01 5.123270153999328613e-01 2.383586168289184570e-01 5.744388699531555176e-01
6.107486486434936523e-01 4.762020111083984375e-01 5.000000000000000000e-01 5.931837558746337891e-01 5.467199683189392090e-01 3.682445287704467773e-01 2.184373140335083008e-01 5.123270153999328613e-01 2.383586168289184570e-01 5.744388699531555176e-01
6.107486486434936523e-01 3.184114992618560791e-01 2.675011754035949707e-01 3.702136576175689697e-01 5.467199683189392090e-01 3.682445287704467773e-01 2.184373140335083008e-01 5.123270153999328613e-01 2.383586168289184570e-01 5.744388699531555176e-01
6.107486486434936523e-01 1.275060027837753296e-01 2.675011754035949707e-01 3.702136576175689697e-01 5.467199683189392090e-01 3.682445287704467773e-01 2.184373140335083008e-01 5.123270153999328613e-01 2.383586168289184570e-01 5.744388699531555176e-01
6.107486486434936523e-01 9.730904549360275269e-02 2.675011754035949707e-01 3.702136576175689697e-01 5.467199683189392090e-01 3.682445287704467773e-01 2.184373140335083008e-01 5.123270153999328613e-01 2.383586168289184570e-01 5.744388699531555176e-01
6.107486486434936523e-01 2.073622941970825195e-01 2.675011754035949707e-01 3.702136576175689697e-01 5.467199683189392090e-01 3.682445287704467773e-01 2.184373140335083008e-01 2.472093105316162109e-01 2.383586168289184570e-01 5.744388699531555176e-01
1.724918484687805176e-01 4.160398244857788086e-02 2.675011754035949707e-01 7.664202451705932617e-01 9.038883447647094727e-01 3.682445287704467773e-01 2.184373140335083008e-01 2.472093105316162109e-01 6.772507429122924805e-01 6.570093035697937012e-01
1.724918484687805176e-01 7.122271060943603516e-01 7.109467983245849609e-01 7.664202451705932617e-01 9.038883447647094727e-01 3.682445287704467773e-01 2.184373140335083008e-01 2.472093105316162109e-01 6.772507429122924805e-01 6.570093035697937012e-01
1.724918484687805176e-01 3.740751445293426514e-01 7.109467983245849609e-01 5.025234818458557129e-01 7.793183326721191406e-01 3.682445287704467773e-01 2.184373140335083008e-01 2.472093105316162109e-01 6.772507429122924805e-01 6.570093035697937012e-01
1.724918484687805176e-01 3.740751445293426514e-01 7.109467983245849609e-01 5.025234818458557129e-01 3.735592663288116455e-01 3.682445287704467773e-01 2.184373140335083008e-01 2.472093105316162109e-01 6.772507429122924805e-01 6.570093035697937012e-01
