5.927950888872146606e-02 1.798829138278961182e-01 3.687051832675933838e-01 3.781064748764038086e-01 3.408510088920593262e-01 4.268464446067810059e-01 2.357731759548187256e-01 6.664143800735473633e-01 1.898749172687530518e-01 1.945810765027999878e-02
1.880282610654830933e-01 3.084048926830291748e-01 3.687051832675933838e-01 3.781064748764038086e-01 4.761140048503875732e-01 4.268464446067810059e-01 2.357731759548187256e-01 3.214764297008514404e-01 1.279879063367843628e-01 2.421250566840171814e-02
1.880282610654830933e-01 3.084048926830291748e-01 6.809838414192199707e-01 3.781064748764038086e-01 4.761140048503875732e-01 4.268464446067810059e-01 2.357731759548187256e-01 1.035455912351608276e-01 3.590414226055145264e-01 6.768435984849929810e-02
5.063660740852355957e-01 3.084048926830291748e-01 6.809838414192199707e-01 3.781064748764038086e-01 4.761140048503875732e-01 4.268464446067810059e-01 2.357731759548187256e-01 1.466968506574630737e-01 2.100419849157333374e-01 5.776555091142654419e-02
4.521300792694091797e-01 3.084048926830291748e-01 6.809838414192199707e-01 3.781064748764038086e-01 4.761140048503875732e-01 4.268464446067810059e-01 2.357731759548187256e-01 1.466968506574630737e-01 2.100419849157333374e-01 4.265246540307998657e-02
5.069534778594970703e-01 3.084048926830291748e-01 6.809838414192199707e-01 3.781064748764038086e-01 2.879627943038940430e-01 4.268464446067810059e-01 2.357731759548187256e-01 9.899166226387023926e-02 5.057766288518905640e-02 1.101064682006835938e-02
2.402750700712203979e-01 1.304166615009307861e-01 4.514467418193817139e-01 3.781064748764038086e-01 3.199764490127563477e-01 4.268464446067810059e-01 2.357731759548187256e-01 9.899166226387023926e-02 1.347094774246215820e-01 2.208885923027992249e-02
2.402750700712203979e-01 1.745273619890213013e-01 5.144697427749633789e-01 3.781064748764038086e-01 3.199764490127563477e-01 4.268464446067810059e-01 2.357731759548187256e-01 1.466968506574630737e-01 1.649222373962402344e-01 6.403385847806930542e-02
2.402750700712203979e-01 1.745273619890213013e-01 7.947775125503540039e-01 3.234939575195312500e-01 4.761140048503875732e-01 4.268464446067810059e-01 2.357731759548187256e-01 9.899166226387023926e-02 1.250458210706710815e-01 6.182695552706718445e-02
5.069534778594970703e-01 3.859941959381103516e-01 7.319990992546081543e-01 3.424544930458068848e-01 2.879627943038940430e-01 4.268464446067810059e-01 2.357731759548187256e-01 1.436495631933212280e-01 1.726565808057785034e-01 5.745000019669532776e-02
2.402750700712203979e-01 1.745273619890213013e-01 3.233283162117004395e-01 3.424544930458068848e-01 3.199764490127563477e-01 4.268464446067810059e-01 2.357731759548187256e-01 1.436495631933212280e-01 6.298427283763885498e-02 2.997557260096073151e-02
2.605713605880737305e-01 3.859941959381103516e-01 3.233283162117004395e-01 2.694718837738037109e-01 2.879627943038940430e-01 4.268464446067810059e-01 2.357731759548187256e-01 1.909302622079849243e-01 4.321775734424591064e-01 1.210480555891990662e-01
2.699380517005920410e-01 5.756195783615112305e-01 5.944632887840270996e-01 3.424279987812042236e-01 2.954517006874084473e-01 4.268464446067810059e-01 4.346146583557128906e-01 2.912507057189941406e-01 4.165404140949249268e-01 1.655477732419967651e-01
2.699380517005920410e-01 5.756195783615112305e-01 2.341791391372680664e-01 3.619045913219451904e-01 4.354956746101379395e-01 5.209816694259643555e-01 4.346146583557128906e-01 7.569724321365356445e-01 5.952013134956359863e-01 1.655477732419967651e-01
2.699380517005920410e-01 5.756195783615112305e-01 4.227786362171173096e-01 3.619045913219451904e-01 3.417961895465850830e-01 4.268464446067810059e-01 4.346146583557128906e-01 7.569724321365356445e-01 3.056174814701080322e-01 1.748596578836441040e-01
2.605713605880737305e-01 3.859941959381103516e-01 4.227786362171173096e-01 3.234939575195312500e-01 2.879627943038940430e-01 4.268464446067810059e-01 3.716852068901062012e-01 3.617923855781555176e-01 6.368501782417297363e-01 1.210480555891990662e-01
9.779320657253265381e-02 1.745273619890213013e-01 1.927339583635330200e-01 3.424544930458068848e-01 3.199764490127563477e-01 4.268464446067810059e-01 2.357731759548187256e-01 2.281840592622756958e-01 3.236190974712371826e-01 1.302043199539184570e-01
9.779320657253265381e-02 1.745273619890213013e-01 4.227786362171173096e-01 3.424544930458068848e-01 2.879627943038940430e-01 4.268464446067810059e-01 2.357731759548187256e-01 2.281840592622756958e-01 2.165136933326721191e-01 3.487364053726196289e-01
2.605713605880737305e-01 1.745273619890213013e-01 4.227786362171173096e-01 3.424544930458068848e-01 2.879627943038940430e-01 4.268464446067810059e-01 3.716852068901062012e-01 3.617923855781555176e-01 1.549034267663955688e-01 2.270227372646331787e-01
2.605713605880737305e-01 5.267151594161987305e-01 4.227786362171173096e-01 3.234939575195312500e-01 3.417961895465850830e-01 4.268464446067810059e-01 3.716852068901062012e-01 7.742546796798706055e-01 2.597157061100006104e-01 2.270227372646331787e-01
2.605713605880737305e-01 3.859941959381103516e-01 4.227786362171173096e-01 3.424544930458068848e-01 3.417961895465850830e-01 4.268464446067810059e-01 3.716852068901062012e-01 3.708870112895965576e-01 4.198462963104248047e-01 2.270227372646331787e-01
2.605713605880737305e-01 5.267151594161987305e-01 4.227786362171173096e-01 2.529974281787872314e-01 2.954517006874084473e-01 4.268464446067810059e-01 3.716852068901062012e-01 7.810290455818176270e-01 4.198462963104248047e-01 2.270227372646331787e-01
3.071832358837127686e-01 3.859941959381103516e-01 4.227786362171173096e-01 3.234939575195312500e-01 3.417961895465850830e-01 4.268464446067810059e-01 3.716852068901062012e-01 7.810290455818176270e-01 4.868085384368896484e-01 3.327446579933166504e-01
3.071832358837127686e-01 5.267151594161987305e-01 4.227786362171173096e-01 3.424544930458068848e-01 3.417961895465850830e-01 4.268464446067810059e-01 3.716852068901062012e-01 7.742546796798706055e-01 3.150056004524230957e-01 2.703725397586822510e-01
1.200127899646759033e-01 1.745273619890213013e-01 4.227786362171173096e-01 3.424544930458068848e-01 3.417961895465850830e-01 4.268464446067810059e-01 3.716852068901062012e-01 7.742546796798706055e-01 1.937191635370254517e-01 3.327446579933166504e-01
9.779320657253265381e-02 1.745273619890213013e-01 1.927339583635330200e-01 3.424544930458068848e-01 3.199764490127563477e-01 4.268464446067810059e-01 3.716852068901062012e-01 3.701578080654144287e-01 3.854300975799560547e-01 1.721118986606597900e-01
9.779320657253265381e-02 1.745273619890213013e-01 6.629369407892227173e-02 2.339825332164764404e-01 3.529551029205322266e-01 4.268464446067810059e-01 2.357731759548187256e-01 1.267678439617156982e-01 6.976488232612609863e-02 1.534530669450759888e-01
9.779320657253265381e-02 1.745273619890213013e-01 6.629369407892227173e-02 2.339825332164764404e-01 3.529551029205322266e-01 4.268464446067810059e-01 2.357731759548187256e-01 1.267678439617156982e-01 8.862356096506118774e-02 1.534530669450759888e-01
2.402750700712203979e-01 1.745273619890213013e-01 1.086957976222038269e-01 3.983829617500305176e-01 3.529551029205322266e-01 4.268464446067810059e-01 2.357731759548187256e-01 1.267678439617156982e-01 5.364051088690757751e-02 1.534530669450759888e-01
2.402750700712203979e-01 1.745273619890213013e-01 1.927339583635330200e-01 3.983829617500305176e-01 3.354432582855224609e-01 4.268464446067810059e-01 2.357731759548187256e-01 1.520083993673324585e-01 1.408437788486480713e-01 8.448384702205657959e-02
2.402750700712203979e-01 1.745273619890213013e-01 4.369514584541320801e-01 3.983829617500305176e-01 3.354432582855224609e-01 4.268464446067810059e-01 2.357731759548187256e-01 1.474191397428512573e-01 9.178795665502548218e-02 1.879109814763069153e-02
2.402750700712203979e-01 1.745273619890213013e-01 4.369514584541320801e-01 3.424544930458068848e-01 3.354432582855224609e-01 4.268464446067810059e-01 2.357731759548187256e-01 2.215706706047058105e-01 1.882043480873107910e-01 3.791220486164093018e-02
1.943716555833816528e-01 1.470247358083724976e-01 2.118266820907592773e-01 1.946986764669418335e-01 3.529551029205322266e-01 4.268464446067810059e-01 2.357731759548187256e-01 6.251513957977294922e-02 2.047006599605083466e-02 1.323940046131610870e-02
1.943716555833816528e-01 1.464903652667999268e-01 2.827627360820770264e-01 1.946986764669418335e-01 3.529551029205322266e-01 4.268464446067810059e-01 2.357731759548187256e-01 7.607202976942062378e-02 1.320849359035491943e-01 1.894223503768444061e-02
1.889320015907287598e-01 1.470247358083724976e-01 2.827627360820770264e-01 1.946986764669418335e-01 3.529551029205322266e-01 4.268464446067810059e-01 2.357731759548187256e-01 6.251513957977294922e-02 2.047006599605083466e-02 6.947422865778207779e-03
6.526772677898406982e-02 3.260811865329742432e-01 2.827627360820770264e-01 1.946986764669418335e-01 3.529551029205322266e-01 4.268464446067810059e-01 2.357731759548187256e-01 1.546513587236404419e-01 4.841239005327224731e-02 6.947422865778207779e-03
1.419278234243392944e-01 1.464903652667999268e-01 2.827627360820770264e-01 1.946986764669418335e-01 3.529551029205322266e-01 4.268464446067810059e-01 2.357731759548187256e-01 1.451320052146911621e-01 2.280196733772754669e-02 1.500336918979883194e-02
4.244455695152282715e-01 3.856000006198883057e-01 2.827627360820770264e-01 1.946986764669418335e-01 3.354432582855224609e-01 4.268464446067810059e-01 2.357731759548187256e-01 2.808359861373901367e-01 3.933922350406646729e-01 3.938879072666168213e-02
4.244455695152282715e-01 3.856000006198883057e-01 2.827627360820770264e-01 1.946986764669418335e-01 3.354432582855224609e-01 4.268464446067810059e-01 2.357731759548187256e-01 2.808359861373901367e-01 1.386296451091766357e-01 3.051792383193969727e-01
1.833854019641876221e-01 1.578169167041778564e-01 2.186164706945419312e-01 5.454230904579162598e-01 3.354432582855224609e-01 4.268464446067810059e-01 2.357731759548187256e-01 2.808359861373901367e-01 1.333775371313095093e-01 1.390005499124526978e-01
1.833854019641876221e-01 1.578169167041778564e-01 2.186164706945419312e-01 3.983829617500305176e-01 3.354432582855224609e-01 4.268464446067810059e-01 2.357731759548187256e-01 2.808359861373901367e-01 3.863799571990966797e-01 1.390005499124526978e-01
3.224959671497344971e-01 1.578169167041778564e-01 2.186164706945419312e-01 3.983829617500305176e-01 3.354432582855224609e-01 4.268464446067810059e-01 2.357731759548187256e-01 2.808359861373901367e-01 1.411450654268264771e-01 1.390005499124526978e-01
1.673232465982437134e-01 1.578169167041778564e-01 2.186164706945419312e-01 3.983829617500305176e-01 3.354432582855224609e-01 4.268464446067810059e-01 2.357731759548187256e-01 1.997191011905670166e-01 1.620399802923202515e-01 1.569130420684814453e-01
7.556934654712677002e-02 1.464903652667999268e-01 2.827627360820770264e-01 1.003344133496284485e-01 3.354432582855224609e-01 4.268464446067810059e-01 2.357731759548187256e-01 2.469074577093124390e-01 2.280196733772754669e-02 1.264026910066604614e-01
7.556934654712677002e-02 1.464903652667999268e-01 5.412014722824096680e-01 1.946986764669418335e-01 3.529551029205322266e-01 4.268464446067810059e-01 2.357731759548187256e-01 1.732299476861953735e-01 4.469190165400505066e-02 1.264026910066604614e-01
1.673232465982437134e-01 1.578169167041778564e-01 2.186164706945419312e-01 3.983829617500305176e-01 3.354432582855224609e-01 4.268464446067810059e-01 2.357731759548187256e-01 1.997191011905670166e-01 2.054920047521591187e-01 5.790513008832931519e-02
1.673232465982437134e-01 1.688752472400665283e-01 5.055810213088989258e-01 3.983829617500305176e-01 3.354432582855224609e-01 4.268464446067810059e-01 2.357731759548187256e-01 5.421490073204040527e-01 1.228003203868865967e-01 2.952252328395843506e-02
1.673232465982437134e-01 1.578169167041778564e-01 5.055810213088989258e-01 3.424544930458068848e-01 3.354432582855224609e-01 4.268464446067810059e-01 2.357731759548187256e-01 2.759031951427459717e-01 1.007276251912117004e-01 6.287205219268798828e-02
1.673232465982437134e-01 1.864973306655883789e-01 6.927655935287475586e-01 2.694718837738037109e-01 3.435711860656738281e-01 4.268464446067810059e-01 3.716852068901062012e-01 3.764586746692657471e-01 1.723076552152633667e-01 1.981438398361206055e-01
1.673232465982437134e-01 1.864973306655883789e-01 4.125281572341918945e-01 2.694718837738037109e-01 3.354432582855224609e-01 4.268464446067810059e-01 3.716852068901062012e-01 5.420752763748168945e-01 1.007276251912117004e-01 1.384632587432861328e-01
1.673232465982437134e-01 1.864973306655883789e-01 5.944632887840270996e-01 2.694718837738037109e-01 3.435711860656738281e-01 4.268464446067810059e-01 3.716852068901062012e-01 7.850732207298278809e-01 1.922138035297393799e-01 1.671073287725448608e-01
1.689260601997375488e-01 1.864973306655883789e-01 3.796492815017700195e-01 2.694718837738037109e-01 3.435711860656738281e-01 4.268464446067810059e-01 3.716852068901062012e-01 5.279342532157897949e-01 2.848566472530364990e-01 4.678034186363220215e-01
9.779320657253265381e-02 2.193050086498260498e-01 3.796492815017700195e-01 2.694718837738037109e-01 3.435711860656738281e-01 4.268464446067810059e-01 3.716852068901062012e-01 2.655121982097625732e-01 3.697780370712280273e-01 4.443993270397186279e-01
9.678670763969421387e-02 1.287997514009475708e-01 3.796492815017700195e-01 3.424544930458068848e-01 3.932506740093231201e-01 4.268464446067810059e-01 3.716852068901062012e-01 5.279342532157897949e-01 8.905961364507675171e-02 1.595938503742218018e-01
1.673232465982437134e-01 1.745273619890213013e-01 5.944632887840270996e-01 3.424544930458068848e-01 3.354432582855224609e-01 4.268464446067810059e-01 3.716852068901062012e-01 6.927281022071838379e-01 2.262795865535736084e-01 2.629513740539550781e-01
2.018070667982101440e-01 1.745273619890213013e-01 5.944632887840270996e-01 3.424544930458068848e-01 3.354432582855224609e-01 4.268464446067810059e-01 3.716852068901062012e-01 6.927281022071838379e-01 1.157814934849739075e-01 3.772393167018890381e-01
2.018070667982101440e-01 1.745273619890213013e-01 5.944632887840270996e-01 3.424544930458068848e-01 3.529551029205322266e-01 4.268464446067810059e-01 3.716852068901062012e-01 4.221691787242889404e-01 2.771159410476684570e-01 3.772393167018890381e-01
2.018070667982101440e-01 1.745273619890213013e-01 5.944632887840270996e-01 3.424544930458068848e-01 3.932506740093231201e-01 4.268464446067810059e-01 3.716852068901062012e-01 2.900313138961791992e-01 1.751870363950729370e-01 3.772393167018890381e-01
8.826319128274917603e-02 1.864973306655883789e-01 4.384849369525909424e-01 3.424544930458068848e-01 3.932506740093231201e-01 4.268464446067810059e-01 3.716852068901062012e-01 4.038737416267395020e-01 5.004796385765075684e-02 3.939628303050994873e-01
1.349707245826721191e-01 1.745273619890213013e-01 5.944632887840270996e-01 3.424544930458068848e-01 3.932506740093231201e-01 4.268464446067810059e-01 3.716852068901062012e-01 5.716029405593872070e-01 9.297519177198410034e-02 2.686722874641418457e-01
1.349707245826721191e-01 1.745273619890213013e-01 5.944632887840270996e-01 3.424544930458068848e-01 3.932506740093231201e-01 4.268464446067810059e-01 3.716852068901062012e-01 2.966866195201873779e-01 9.297519177198410034e-02 1.598899960517883301e-01
1.349707245826721191e-01 1.745273619890213013e-01 5.944632887840270996e-01 3.424544930458068848e-01 3.932506740093231201e-01 4.268464446067810059e-01 3.716852068901062012e-01 1.668002158403396606e-01 1.425659060478210449e-01 1.239024624228477478e-01
1.349707245826721191e-01 1.745273619890213013e-01 5.944632887840270996e-01 3.424544930458068848e-01 3.354432582855224609e-01 4.268464446067810059e-01 3.716852068901062012e-01 1.668002158403396606e-01 9.297519177198410034e-02 1.239024624228477478e-01
1.349707245826721191e-01 1.745273619890213013e-01 3.233283162117004395e-01 3.424544930458068848e-01 3.529551029205322266e-01 4.268464446067810059e-01 3.716852068901062012e-01 2.885520160198211670e-01 1.064055487513542175e-01 7.783640176057815552e-02
1.103289797902107239e-01 1.578169167041778564e-01 1.244179382920265198e-01 1.186040490865707397e-01 3.529551029205322266e-01 4.268464446067810059e-01 2.357731759548187256e-01 2.993805110454559326e-01 2.284375391900539398e-02 5.123259499669075012e-02
1.103289797902107239e-01 1.578169167041778564e-01 3.233283162117004395e-01 1.186040490865707397e-01 3.529551029205322266e-01 4.268464446067810059e-01 2.357731759548187256e-01 4.579108059406280518e-01 1.964408159255981445e-02 4.146199673414230347e-02
1.103289797902107239e-01 1.578169167041778564e-01 4.276897013187408447e-01 1.186040490865707397e-01 3.529551029205322266e-01 4.268464446067810059e-01 2.357731759548187256e-01 2.498235404491424561e-01 7.468778640031814575e-02 4.146199673414230347e-02
2.321494221687316895e-01 1.578169167041778564e-01 3.687051832675933838e-01 2.254353165626525879e-01 2.429405003786087036e-01 4.268464446067810059e-01 2.357731759548187256e-01 1.764656305313110352e-01 5.836965888738632202e-02 1.210134550929069519e-01
3.905593454837799072e-01 1.745273619890213013e-01 4.040358960628509521e-01 2.254353165626525879e-01 2.289555966854095459e-01 4.268464446067810059e-01 2.357731759548187256e-01 1.497423350811004639e-01 3.231025487184524536e-02 1.468652933835983276e-01
2.230878025293350220e-01 8.653667569160461426e-02 4.040358960628509521e-01 1.001416221261024475e-01 1.065591499209403992e-01 2.302515208721160889e-01 2.357731759548187256e-01 1.877298355102539062e-01 3.231025487184524536e-02 1.468652933835983276e-01
8.852830529212951660e-02 8.653667569160461426e-02 1.564676612615585327e-01 1.239565834403038025e-01 1.065591499209403992e-01 2.302515208721160889e-01 2.357731759548187256e-01 1.877298355102539062e-01 6.766973435878753662e-02 9.453415870666503906e-02
1.505326926708221436e-01 8.653667569160461426e-02 4.040358960628509521e-01 2.040644586086273193e-01 1.065591499209403992e-01 2.302515208721160889e-01 3.716852068901062012e-01 2.729418873786926270e-01 1.420376747846603394e-01 4.728009551763534546e-02
1.505326926708221436e-01 8.653667569160461426e-02 4.040358960628509521e-01 6.140267848968505859e-02 1.065591499209403992e-01 2.302515208721160889e-01 3.716852068901062012e-01 2.778420448303222656e-01 5.724424868822097778e-02 5.758292600512504578e-02
6.497973948717117310e-02 8.653667569160461426e-02 4.645136892795562744e-01 6.140267848968505859e-02 1.065591499209403992e-01 2.302515208721160889e-01 3.716852068901062012e-01 2.164794057607650757e-01 5.441934987902641296e-02 5.758292600512504578e-02
3.413231670856475830e-02 9.315279871225357056e-02 4.645136892795562744e-01 7.306185364723205566e-02 1.065591499209403992e-01 2.302515208721160889e-01 3.716852068901062012e-01 2.966866195201873779e-01 4.355598688125610352e-01 8.239115774631500244e-02
1.103289797902107239e-01 9.134172648191452026e-02 6.093803644180297852e-01 1.951357424259185791e-01 3.435711860656738281e-01 4.268464446067810059e-01 3.716852068901062012e-01 2.090487480163574219e-01 7.307184934616088867e-01 1.107543036341667175e-01
2.834059894084930420e-01 9.134172648191452026e-02 4.645136892795562744e-01 1.395101994276046753e-01 2.289555966854095459e-01 4.268464446067810059e-01 3.716852068901062012e-01 4.911841452121734619e-01 2.253599166870117188e-01 2.499064505100250244e-01
1.103289797902107239e-01 2.193050086498260498e-01 7.319990992546081543e-01 1.395101994276046753e-01 3.435711860656738281e-01 4.268464446067810059e-01 3.716852068901062012e-01 4.911841452121734619e-01 1.173424869775772095e-01 4.042399227619171143e-01
1.103289797902107239e-01 2.193050086498260498e-01 7.319990992546081543e-01 1.395101994276046753e-01 3.435711860656738281e-01 4.268464446067810059e-01 3.716852068901062012e-01 4.033154547214508057e-01 8.588328212499618530e-02 1.425175517797470093e-01
1.103289797902107239e-01 1.864973306655883789e-01 3.796492815017700195e-01 1.395101994276046753e-01 3.435711860656738281e-01 4.268464446067810059e-01 3.716852068901062012e-01 3.733569681644439697e-01 1.233205050230026245e-01 1.370975971221923828e-01
2.834059894084930420e-01 1.745273619890213013e-01 5.944632887840270996e-01 1.862693578004837036e-01 2.289555966854095459e-01 4.268464446067810059e-01 3.716852068901062012e-01 2.516701221466064453e-01 7.607033103704452515e-02 2.303311973810195923e-01
3.322670459747314453e-01 1.745273619890213013e-01 5.944632887840270996e-01 1.862693578004837036e-01 2.289555966854095459e-01 4.268464446067810059e-01 3.716852068901062012e-01 2.516701221466064453e-01 8.763920515775680542e-02 3.369223177433013916e-01
1.744498610496520996e-01 1.745273619890213013e-01 5.944632887840270996e-01 1.862693578004837036e-01 2.429405003786087036e-01 4.268464446067810059e-01 3.716852068901062012e-01 9.834011644124984741e-02 1.165685430169105530e-01 1.833531111478805542e-01
1.744498610496520996e-01 2.723504602909088135e-01 3.796492815017700195e-01 1.862693578004837036e-01 2.289555966854095459e-01 4.268464446067810059e-01 3.716852068901062012e-01 2.516701221466064453e-01 1.673590987920761108e-01 1.297135949134826660e-01
1.413018554449081421e-01 8.653667569160461426e-02 5.944632887840270996e-01 1.001416221261024475e-01 1.065591499209403992e-01 2.302515208721160889e-01 3.716852068901062012e-01 2.516701221466064453e-01 7.679219543933868408e-02 2.192012965679168701e-01
7.012793421745300293e-02 8.653667569160461426e-02 3.233283162117004395e-01 1.001416221261024475e-01 1.065591499209403992e-01 2.302515208721160889e-01 3.716852068901062012e-01 2.750486433506011963e-01 3.813713192939758301e-01 1.429833769798278809e-01
7.012793421745300293e-02 8.653667569160461426e-02 3.233283162117004395e-01 1.001416221261024475e-01 1.065591499209403992e-01 2.302515208721160889e-01 2.357731759548187256e-01 1.651832163333892822e-01 4.729539453983306885e-01 1.112353429198265076e-01
2.686035931110382080e-01 1.745273619890213013e-01 5.944632887840270996e-01 1.862693578004837036e-01 2.289555966854095459e-01 4.268464446067810059e-01 3.716852068901062012e-01 1.668002158403396606e-01 1.624825894832611084e-01 3.203570544719696045e-01
1.744498610496520996e-01 1.745273619890213013e-01 5.944632887840270996e-01 1.862693578004837036e-01 2.289555966854095459e-01 4.268464446067810059e-01 3.716852068901062012e-01 1.668002158403396606e-01 2.001716196537017822e-01 3.203570544719696045e-01
1.632813811302185059e-01 1.745273619890213013e-01 5.944632887840270996e-01 1.862693578004837036e-01 2.289555966854095459e-01 4.268464446067810059e-01 3.716852068901062012e-01 1.668002158403396606e-01 3.585502207279205322e-01 3.203570544719696045e-01
9.436936676502227783e-02 2.723504602909088135e-01 3.796492815017700195e-01 1.651652753353118896e-01 2.289555966854095459e-01 4.268464446067810059e-01 3.716852068901062012e-01 2.939943075180053711e-01 2.374346703290939331e-01 8.757829666137695312e-02
9.436936676502227783e-02 2.723504602909088135e-01 3.796492815017700195e-01 1.651652753353118896e-01 2.289555966854095459e-01 4.268464446067810059e-01 3.716852068901062012e-01 3.580488264560699463e-01 1.642223745584487915e-01 8.757829666137695312e-02
2.145507745444774628e-02 1.436215937137603760e-01 3.796492815017700195e-01 8.774348348379135132e-02 1.065591499209403992e-01 2.302515208721160889e-01 3.716852068901062012e-01 3.225117921829223633e-01 2.048766314983367920e-01 5.872923880815505981e-02
7.505440711975097656e-02 8.653667569160461426e-02 5.944632887840270996e-01 1.001416221261024475e-01 1.065591499209403992e-01 2.302515208721160889e-01 3.716852068901062012e-01 2.945871949195861816e-01 1.642223745584487915e-01 2.719804346561431885e-01
6.497973948717117310e-02 8.653667569160461426e-02 5.944632887840270996e-01 1.001416221261024475e-01 1.065591499209403992e-01 2.302515208721160889e-01 3.716852068901062012e-01 5.149627327919006348e-01 1.615004241466522217e-01 2.719804346561431885e-01
9.535335004329681396e-02 2.723504602909088135e-01 3.796492815017700195e-01 3.792508244514465332e-01 2.507422566413879395e-01 4.268464446067810059e-01 3.716852068901062012e-01 4.118404984474182129e-01 2.117850258946418762e-02 1.142051815986633301e-01
7.220860570669174194e-02 2.723504602909088135e-01 3.796492815017700195e-01 1.651652753353118896e-01 4.221123456954956055e-01 4.268464446067810059e-01 3.716852068901062012e-01 7.732962816953659058e-02 2.481850236654281616e-02 1.142051815986633301e-01
7.220860570669174194e-02 2.723504602909088135e-01 3.796492815017700195e-01 2.804571986198425293e-01 4.221123456954956055e-01 4.268464446067810059e-01 3.716852068901062012e-01 1.236722841858863831e-01 1.103585511445999146e-01 1.142051815986633301e-01
9.535335004329681396e-02 2.723504602909088135e-01 3.796492815017700195e-01 2.804571986198425293e-01 2.507422566413879395e-01 4.268464446067810059e-01 3.716852068901062012e-01 1.359548121690750122e-01 4.353851452469825745e-02 1.142051815986633301e-01
7.220860570669174194e-02 2.723504602909088135e-01 3.796492815017700195e-01 2.804571986198425293e-01 2.507422566413879395e-01 4.268464446067810059e-01 3.716852068901062012e-01 1.359548121690750122e-01 1.093882396817207336e-01 1.142051815986633301e-01
1.761064976453781128e-01 1.798829138278961182e-01 3.796492815017700195e-01 1.736722737550735474e-01 2.507422566413879395e-01 4.268464446067810059e-01 3.716852068901062012e-01 2.597667276859283447e-01 1.030516028404235840e-01 1.795960813760757446e-01
1.761064976453781128e-01 1.798829138278961182e-01 5.944632887840270996e-01 1.736722737550735474e-01 2.507422566413879395e-01 4.268464446067810059e-01 3.716852068901062012e-01 2.597667276859283447e-01 1.030516028404235840e-01 1.895186901092529297e-01
1.761064976453781128e-01 1.745273619890213013e-01 5.944632887840270996e-01 1.736722737550735474e-01 2.507422566413879395e-01 4.268464446067810059e-01 3.716852068901062012e-01 2.597667276859283447e-01 1.012207493185997009e-01 5.426599383354187012e-01
1.426980942487716675e-01 8.653667569160461426e-02 5.944632887840270996e-01 9.270562231540679932e-02 1.184887737035751343e-01 2.302515208721160889e-01 3.716852068901062012e-01 2.597667276859283447e-01 1.012207493185997009e-01 4.022340476512908936e-01
8.125972002744674683e-02 1.436215937137603760e-01 3.796492815017700195e-01 9.270562231540679932e-02 1.184887737035751343e-01 2.302515208721160889e-01 3.716852068901062012e-01 2.597667276859283447e-01 3.364268243312835693e-01 2.899047136306762695e-01
8.125972002744674683e-02 1.436215937137603760e-01 3.796492815017700195e-01 6.748586893081665039e-02 8.964671194553375244e-02 2.302515208721160889e-01 3.716852068901062012e-01 2.597667276859283447e-01 5.050166845321655273e-01 3.521638736128807068e-02
4.303954914212226868e-02 1.436215937137603760e-01 4.384849369525909424e-01 6.748586893081665039e-02 8.964671194553375244e-02 2.302515208721160889e-01 3.716852068901062012e-01 3.250782191753387451e-01 3.003638982772827148e-01 1.321674883365631104e-01
2.682809345424175262e-02 1.436215937137603760e-01 3.796492815017700195e-01 6.748586893081665039e-02 8.964671194553375244e-02 2.302515208721160889e-01 3.716852068901062012e-01 3.735845386981964111e-01 2.930793762207031250e-01 1.321674883365631104e-01
8.161406219005584717e-02 8.948484808206558228e-02 5.944632887840270996e-01 9.270562231540679932e-02 1.184887737035751343e-01 2.302515208721160889e-01 3.716852068901062012e-01 3.250782191753387451e-01 1.989244371652603149e-01 1.360922008752822876e-01
6.176975741982460022e-02 2.723504602909088135e-01 2.341791391372680664e-01 3.593664765357971191e-01 1.968982815742492676e-01 4.268464446067810059e-01 3.716852068901062012e-01 3.884664475917816162e-01 3.371129930019378662e-01 1.242459267377853394e-01
1.595882140100002289e-02 2.484667152166366577e-01 2.806705534458160400e-01 2.804571986198425293e-01 4.211472570896148682e-01 4.268464446067810059e-01 3.716852068901062012e-01 2.848903834819793701e-01 2.267308533191680908e-01 7.085483521223068237e-02
1.595882140100002289e-02 1.155063509941101074e-01 3.545761406421661377e-01 2.804571986198425293e-01 5.141123533248901367e-01 4.268464446067810059e-01 3.716852068901062012e-01 9.511125832796096802e-02 5.300973355770111084e-02 7.488006353378295898e-02
3.338266164064407349e-02 1.155063509941101074e-01 3.545761406421661377e-01 2.804571986198425293e-01 5.141123533248901367e-01 4.268464446067810059e-01 3.716852068901062012e-01 1.576940417289733887e-01 5.370938032865524292e-02 3.756947070360183716e-02
7.357998192310333252e-02 1.155063509941101074e-01 6.044421792030334473e-01 2.804571986198425293e-01 3.702293038368225098e-01 4.268464446067810059e-01 3.716852068901062012e-01 1.504258215427398682e-01 1.949422806501388550e-02 3.756947070360183716e-02
9.383045881986618042e-02 2.484667152166366577e-01 2.806705534458160400e-01 2.804571986198425293e-01 4.211472570896148682e-01 4.268464446067810059e-01 3.716852068901062012e-01 2.189108580350875854e-01 3.715412691235542297e-02 3.521638736128807068e-02
9.383045881986618042e-02 1.798829138278961182e-01 2.341791391372680664e-01 1.736722737550735474e-01 4.211472570896148682e-01 4.268464446067810059e-01 3.716852068901062012e-01 1.652832627296447754e-01 3.803505003452301025e-02 2.653334476053714752e-02
1.430219411849975586e-01 1.573669314384460449e-01 2.341791391372680664e-01 1.736722737550735474e-01 1.968982815742492676e-01 4.268464446067810059e-01 3.716852068901062012e-01 1.845700740814208984e-01 9.204798378050327301e-03 7.013693451881408691e-02
1.761064976453781128e-01 1.745273619890213013e-01 4.227786362171173096e-01 1.736722737550735474e-01 1.968982815742492676e-01 4.268464446067810059e-01 3.716852068901062012e-01 1.845700740814208984e-01 7.836379110813140869e-03 2.384726107120513916e-01
1.363143324851989746e-01 1.745273619890213013e-01 4.227786362171173096e-01 1.736722737550735474e-01 4.411452412605285645e-01 4.268464446067810059e-01 3.716852068901062012e-01 1.845700740814208984e-01 2.291107922792434692e-02 1.938477307558059692e-01
8.918979763984680176e-02 1.798829138278961182e-01 4.227786362171173096e-01 3.234939575195312500e-01 4.221123456954956055e-01 4.268464446067810059e-01 3.716852068901062012e-01 1.845700740814208984e-01 2.291107922792434692e-02 2.666263282299041748e-01
3.153059482574462891e-01 1.798829138278961182e-01 4.227786362171173096e-01 3.234939575195312500e-01 3.417961895465850830e-01 4.268464446067810059e-01 3.716852068901062012e-01 3.846391141414642334e-01 2.260046452283859253e-02 1.515962779521942139e-01
1.363143324851989746e-01 1.798829138278961182e-01 4.227786362171173096e-01 3.234939575195312500e-01 3.417961895465850830e-01 4.268464446067810059e-01 3.716852068901062012e-01 3.846391141414642334e-01 9.378923475742340088e-02 1.199626773595809937e-01
1.363143324851989746e-01 1.745273619890213013e-01 4.369514584541320801e-01 1.736722737550735474e-01 4.221123456954956055e-01 4.268464446067810059e-01 3.716852068901062012e-01 1.845700740814208984e-01 4.630297794938087463e-02 1.650847494602203369e-01
3.153059482574462891e-01 1.745273619890213013e-01 4.369514584541320801e-01 1.736722737550735474e-01 4.221123456954956055e-01 4.268464446067810059e-01 3.716852068901062012e-01 1.845700740814208984e-01 2.127537503838539124e-02 1.650847494602203369e-01
2.679382562637329102e-01 1.745273619890213013e-01 2.908193469047546387e-01 1.736722737550735474e-01 4.221123456954956055e-01 4.268464446067810059e-01 3.716852068901062012e-01 1.385945528745651245e-01 4.630297794938087463e-02 1.650847494602203369e-01
2.679382562637329102e-01 1.745273619890213013e-01 2.908193469047546387e-01 5.184984207153320312e-01 3.417961895465850830e-01 4.268464446067810059e-01 2.357731759548187256e-01 5.023278668522834778e-02 2.948554791510105133e-02 5.055330321192741394e-02
2.679382562637329102e-01 1.745273619890213013e-01 2.908193469047546387e-01 3.212501108646392822e-01 3.625977337360382080e-01 4.268464446067810059e-01 2.357731759548187256e-01 9.465688467025756836e-02 2.375941909849643707e-02 8.034308440983295441e-03
