4.397206902503967285e-01 5.498315095901489258e-01 3.672552406787872314e-01 4.953096508979797363e-01 4.163282215595245361e-01 4.467409253120422363e-01 4.783469736576080322e-01 4.650705754756927490e-01 5.078938007354736328e-01 4.759387075901031494e-01
5.513776540756225586e-01 5.498315095901489258e-01 4.041764438152313232e-01 4.953096508979797363e-01 4.163282215595245361e-01 6.044737696647644043e-01 5.396381616592407227e-01 4.650705754756927490e-01 3.060051500797271729e-01 4.759387075901031494e-01
5.513776540756225586e-01 5.934810042381286621e-01 5.160332322120666504e-01 4.953096508979797363e-01 5.007540583610534668e-01 5.054873228073120117e-01 5.396381616592407227e-01 4.650705754756927490e-01 5.078938007354736328e-01 4.075133204460144043e-01
4.172518551349639893e-01 4.589166045188903809e-01 6.420649290084838867e-01 5.652486085891723633e-01 4.447425603866577148e-01 4.640493988990783691e-01 3.899740576744079590e-01 4.650705754756927490e-01 5.078938007354736328e-01 5.274465680122375488e-01
1.572799831628799438e-01 4.589166045188903809e-01 6.420649290084838867e-01 3.106850087642669678e-01 4.447425603866577148e-01 5.054873228073120117e-01 4.783469736576080322e-01 4.650705754756927490e-01 3.060051500797271729e-01 4.759387075901031494e-01
5.253552794456481934e-01 4.589166045188903809e-01 6.420649290084838867e-01 4.953096508979797363e-01 4.447425603866577148e-01 5.054873228073120117e-01 5.396381616592407227e-01 4.650705754756927490e-01 4.722681343555450439e-01 4.759387075901031494e-01
5.253552794456481934e-01 4.589166045188903809e-01 6.420649290084838867e-01 5.652486085891723633e-01 4.447425603866577148e-01 5.641508102416992188e-01 5.396381616592407227e-01 4.650705754756927490e-01 5.018914937973022461e-01 4.759387075901031494e-01
2.472500354051589966e-01 4.589166045188903809e-01 3.701169788837432861e-01 3.199842274188995361e-01 5.847327709197998047e-01 4.640493988990783691e-01 3.899740576744079590e-01 4.650705754756927490e-01 5.078938007354736328e-01 5.274465680122375488e-01
5.018362998962402344e-01 7.678763270378112793e-01 3.701169788837432861e-01 4.133845567703247070e-01 5.847327709197998047e-01 6.748527884483337402e-01 5.695449709892272949e-01 5.147225856781005859e-01 4.203152358531951904e-01 5.274465680122375488e-01
4.544801712036132812e-01 4.589166045188903809e-01 3.701169788837432861e-01 3.199842274188995361e-01 7.036825418472290039e-01 5.055160522460937500e-01 5.589541792869567871e-01 4.067115187644958496e-01 5.078938007354736328e-01 5.274465680122375488e-01
3.751042485237121582e-01 4.589166045188903809e-01 5.186222195625305176e-01 3.106850087642669678e-01 4.447425603866577148e-01 4.467409253120422363e-01 4.249893128871917725e-01 4.067115187644958496e-01 5.078938007354736328e-01 5.274465680122375488e-01
4.806025624275207520e-01 4.589166045188903809e-01 7.539545297622680664e-01 3.106850087642669678e-01 4.447425603866577148e-01 6.044737696647644043e-01 5.589541792869567871e-01 4.067115187644958496e-01 5.078938007354736328e-01 5.274465680122375488e-01
5.542434453964233398e-01 4.589166045188903809e-01 5.186222195625305176e-01 3.106850087642669678e-01 4.447425603866577148e-01 4.467409253120422363e-01 4.249893128871917725e-01 4.067115187644958496e-01 3.060051500797271729e-01 4.759387075901031494e-01
3.961739838123321533e-01 4.589166045188903809e-01 2.945074737071990967e-01 4.953096508979797363e-01 4.163282215595245361e-01 4.467409253120422363e-01 4.249893128871917725e-01 4.067115187644958496e-01 3.060051500797271729e-01 4.759387075901031494e-01
4.110197126865386963e-01 5.498315095901489258e-01 2.945074737071990967e-01 4.953096508979797363e-01 4.163282215595245361e-01 4.467409253120422363e-01 4.249893128871917725e-01 4.067115187644958496e-01 3.060051500797271729e-01 4.759387075901031494e-01
5.067750215530395508e-01 4.589166045188903809e-01 4.340301454067230225e-01 3.106850087642669678e-01 5.007540583610534668e-01 6.044737696647644043e-01 4.249893128871917725e-01 4.067115187644958496e-01 4.039251804351806641e-01 4.759387075901031494e-01
2.765307128429412842e-01 4.589166045188903809e-01 2.945074737071990967e-01 4.953096508979797363e-01 4.163282215595245361e-01 4.467409253120422363e-01 4.249893128871917725e-01 4.067115187644958496e-01 3.060051500797271729e-01 4.759387075901031494e-01
4.806025624275207520e-01 4.589166045188903809e-01 4.340301454067230225e-01 4.953096508979797363e-01 5.007540583610534668e-01 6.044737696647644043e-01 4.249893128871917725e-01 4.067115187644958496e-01 3.060051500797271729e-01 4.759387075901031494e-01
2.765307128429412842e-01 5.498315095901489258e-01 3.279052078723907471e-01 4.953096508979797363e-01 4.163282215595245361e-01 4.467409253120422363e-01 4.249893128871917725e-01 4.067115187644958496e-01 3.060051500797271729e-01 4.759387075901031494e-01
4.806025624275207520e-01 4.589166045188903809e-01 6.856511235237121582e-01 3.106850087642669678e-01 5.007540583610534668e-01 6.044737696647644043e-01 4.249893128871917725e-01 4.067115187644958496e-01 4.039251804351806641e-01 4.759387075901031494e-01
2.765307128429412842e-01 4.589166045188903809e-01 2.945074737071990967e-01 4.953096508979797363e-01 4.163282215595245361e-01 4.467409253120422363e-01 4.249893128871917725e-01 4.067115187644958496e-01 3.060051500797271729e-01 4.759387075901031494e-01
4.806025624275207520e-01 5.498315095901489258e-01 3.711071908473968506e-01 4.953096508979797363e-01 4.163282215595245361e-01 4.467409253120422363e-01 4.249893128871917725e-01 4.067115187644958496e-01 3.060051500797271729e-01 4.759387075901031494e-01
2.765307128429412842e-01 5.498315095901489258e-01 3.711071908473968506e-01 4.953096508979797363e-01 4.163282215595245361e-01 4.928835034370422363e-01 4.249893128871917725e-01 4.459141194820404053e-01 3.060051500797271729e-01 2.933712601661682129e-01
4.806025624275207520e-01 5.498315095901489258e-01 2.329017519950866699e-01 4.953096508979797363e-01 4.163282215595245361e-01 4.757776558399200439e-01 4.249893128871917725e-01 4.459141194820404053e-01 3.060051500797271729e-01 4.759387075901031494e-01
3.714122474193572998e-01 5.498315095901489258e-01 3.711071908473968506e-01 4.953096508979797363e-01 4.163282215595245361e-01 4.928835034370422363e-01 4.249893128871917725e-01 4.459141194820404053e-01 3.060051500797271729e-01 4.759387075901031494e-01
3.961739838123321533e-01 3.765046894550323486e-01 4.506888389587402344e-01 4.953096508979797363e-01 4.163282215595245361e-01 4.928835034370422363e-01 4.249893128871917725e-01 4.459141194820404053e-01 3.060051500797271729e-01 2.933712601661682129e-01
5.067750215530395508e-01 3.765046894550323486e-01 4.506888389587402344e-01 4.953096508979797363e-01 4.163282215595245361e-01 4.928835034370422363e-01 4.249893128871917725e-01 4.459141194820404053e-01 3.060051500797271729e-01 2.933712601661682129e-01
5.067750215530395508e-01 5.498315095901489258e-01 5.160332322120666504e-01 4.953096508979797363e-01 5.007540583610534668e-01 6.044737696647644043e-01 4.249893128871917725e-01 4.067115187644958496e-01 4.039251804351806641e-01 4.759387075901031494e-01
3.744432330131530762e-01 5.498315095901489258e-01 6.420649290084838867e-01 4.953096508979797363e-01 4.447425603866577148e-01 5.054873228073120117e-01 4.249893128871917725e-01 4.067115187644958496e-01 4.039251804351806641e-01 4.759387075901031494e-01
4.754465520381927490e-01 5.498315095901489258e-01 4.482212066650390625e-01 4.953096508979797363e-01 4.163282215595245361e-01 5.054873228073120117e-01 4.249893128871917725e-01 4.067115187644958496e-01 3.060051500797271729e-01 2.933712601661682129e-01
4.754465520381927490e-01 3.765046894550323486e-01 4.482212066650390625e-01 4.953096508979797363e-01 4.163282215595245361e-01 5.516476035118103027e-01 4.249893128871917725e-01 4.459141194820404053e-01 3.060051500797271729e-01 2.933712601661682129e-01
3.744432330131530762e-01 3.765046894550323486e-01 5.607945919036865234e-01 4.953096508979797363e-01 5.007540583610534668e-01 5.054873228073120117e-01 3.094561696052551270e-01 4.067115187644958496e-01 3.060051500797271729e-01 2.933712601661682129e-01
4.806025624275207520e-01 5.498315095901489258e-01 6.420649290084838867e-01 4.953096508979797363e-01 4.447425603866577148e-01 4.640493988990783691e-01 4.249893128871917725e-01 4.067115187644958496e-01 4.039251804351806641e-01 4.759387075901031494e-01
4.091405868530273438e-01 4.589166045188903809e-01 3.780134022235870361e-01 3.199842274188995361e-01 3.365836441516876221e-01 4.640493988990783691e-01 4.249893128871917725e-01 4.067115187644958496e-01 5.018914937973022461e-01 4.759387075901031494e-01
4.669925272464752197e-01 4.589166045188903809e-01 3.701169788837432861e-01 3.199842274188995361e-01 4.778549969196319580e-01 4.640493988990783691e-01 4.249893128871917725e-01 4.067115187644958496e-01 5.018914937973022461e-01 4.759387075901031494e-01
4.669925272464752197e-01 4.589166045188903809e-01 4.477967023849487305e-01 3.199842274188995361e-01 3.560536205768585205e-01 5.055160522460937500e-01 4.249893128871917725e-01 4.067115187644958496e-01 5.018914937973022461e-01 4.759387075901031494e-01
4.091405868530273438e-01 4.589166045188903809e-01 4.477967023849487305e-01 3.199842274188995361e-01 4.775796830654144287e-01 5.055160522460937500e-01 4.249893128871917725e-01 4.067115187644958496e-01 5.018914937973022461e-01 4.759387075901031494e-01
3.562011420726776123e-01 4.589166045188903809e-01 6.739803552627563477e-01 5.652486085891723633e-01 4.447425603866577148e-01 4.467409253120422363e-01 4.249893128871917725e-01 4.067115187644958496e-01 4.039251804351806641e-01 4.759387075901031494e-01
4.806025624275207520e-01 4.589166045188903809e-01 6.739803552627563477e-01 3.106850087642669678e-01 4.447425603866577148e-01 6.044737696647644043e-01 4.249893128871917725e-01 4.067115187644958496e-01 4.039251804351806641e-01 4.759387075901031494e-01
5.282450914382934570e-01 4.589166045188903809e-01 6.739803552627563477e-01 4.953096508979797363e-01 4.447425603866577148e-01 4.467409253120422363e-01 4.249893128871917725e-01 4.067115187644958496e-01 4.039251804351806641e-01 4.759387075901031494e-01
4.806025624275207520e-01 4.589166045188903809e-01 6.739803552627563477e-01 3.106850087642669678e-01 4.447425603866577148e-01 4.467409253120422363e-01 3.094561696052551270e-01 4.067115187644958496e-01 4.039251804351806641e-01 4.759387075901031494e-01
4.806025624275207520e-01 4.589166045188903809e-01 6.739803552627563477e-01 3.106850087642669678e-01 4.447425603866577148e-01 4.467409253120422363e-01 3.094561696052551270e-01 4.067115187644958496e-01 4.039251804351806641e-01 4.759387075901031494e-01
4.806025624275207520e-01 4.589166045188903809e-01 6.739803552627563477e-01 5.652486085891723633e-01 6.719990372657775879e-01 6.044737696647644043e-01 3.094561696052551270e-01 4.067115187644958496e-01 5.078938007354736328e-01 5.274465680122375488e-01
4.806025624275207520e-01 4.589166045188903809e-01 4.477967023849487305e-01 5.652486085891723633e-01 5.033361315727233887e-01 4.467409253120422363e-01 3.094561696052551270e-01 4.067115187644958496e-01 5.018914937973022461e-01 4.759387075901031494e-01
4.806025624275207520e-01 4.589166045188903809e-01 8.124688863754272461e-01 5.652486085891723633e-01 6.719990372657775879e-01 4.467409253120422363e-01 3.094561696052551270e-01 4.067115187644958496e-01 5.078938007354736328e-01 5.274465680122375488e-01
4.700281918048858643e-01 4.589166045188903809e-01 8.124688863754272461e-01 5.652486085891723633e-01 5.033361315727233887e-01 4.467409253120422363e-01 3.094561696052551270e-01 4.067115187644958496e-01 5.018914937973022461e-01 4.759387075901031494e-01
3.562011420726776123e-01 4.589166045188903809e-01 6.739803552627563477e-01 3.106850087642669678e-01 4.447425603866577148e-01 4.467409253120422363e-01 3.094561696052551270e-01 4.067115187644958496e-01 5.078938007354736328e-01 5.274465680122375488e-01
4.700281918048858643e-01 4.589166045188903809e-01 6.739803552627563477e-01 3.106850087642669678e-01 4.447425603866577148e-01 6.044737696647644043e-01 3.094561696052551270e-01 4.067115187644958496e-01 5.078938007354736328e-01 4.075133204460144043e-01
7.220243215560913086e-01 4.589166045188903809e-01 6.739803552627563477e-01 5.652486085891723633e-01 6.719990372657775879e-01 6.044737696647644043e-01 3.094561696052551270e-01 4.067115187644958496e-01 5.078938007354736328e-01 4.075133204460144043e-01
7.586430907249450684e-01 4.589166045188903809e-01 6.693841814994812012e-01 5.652486085891723633e-01 4.447425603866577148e-01 4.467409253120422363e-01 3.094561696052551270e-01 4.067115187644958496e-01 5.078938007354736328e-01 4.075133204460144043e-01
7.134343385696411133e-01 4.589166045188903809e-01 5.978852510452270508e-01 3.106850087642669678e-01 4.447425603866577148e-01 4.467409253120422363e-01 3.094561696052551270e-01 4.067115187644958496e-01 5.078938007354736328e-01 4.075133204460144043e-01
5.576916933059692383e-01 4.589166045188903809e-01 5.978852510452270508e-01 3.106850087642669678e-01 4.447425603866577148e-01 5.054873228073120117e-01 3.094561696052551270e-01 4.067115187644958496e-01 5.078938007354736328e-01 4.075133204460144043e-01
4.402714371681213379e-01 4.589166045188903809e-01 5.978852510452270508e-01 3.106850087642669678e-01 4.447425603866577148e-01 5.054873228073120117e-01 3.094561696052551270e-01 4.067115187644958496e-01 5.078938007354736328e-01 4.075133204460144043e-01
7.134343385696411133e-01 4.589166045188903809e-01 8.124688863754272461e-01 5.652486085891723633e-01 4.447425603866577148e-01 5.641508102416992188e-01 3.094561696052551270e-01 4.067115187644958496e-01 5.078938007354736328e-01 5.274465680122375488e-01
1.943214833736419678e-01 4.589166045188903809e-01 3.655271828174591064e-01 3.106850087642669678e-01 2.617724537849426270e-01 5.054873228073120117e-01 3.094561696052551270e-01 4.067115187644958496e-01 5.078938007354736328e-01 5.274465680122375488e-01
4.754465520381927490e-01 5.498315095901489258e-01 3.632404208183288574e-01 4.953096508979797363e-01 2.617724537849426270e-01 5.054873228073120117e-01 3.094561696052551270e-01 4.067115187644958496e-01 5.078938007354736328e-01 4.075133204460144043e-01
4.754465520381927490e-01 3.765046894550323486e-01 3.632404208183288574e-01 4.953096508979797363e-01 1.571562141180038452e-01 5.054873228073120117e-01 3.094561696052551270e-01 4.067115187644958496e-01 3.060051500797271729e-01 2.933712601661682129e-01
4.961749017238616943e-01 3.765046894550323486e-01 3.226631283760070801e-01 4.953096508979797363e-01 1.571562141180038452e-01 5.516476035118103027e-01 3.094561696052551270e-01 4.459141194820404053e-01 3.060051500797271729e-01 2.933712601661682129e-01
4.961749017238616943e-01 3.765046894550323486e-01 3.226631283760070801e-01 4.953096508979797363e-01 3.829882144927978516e-01 4.928835034370422363e-01 3.094561696052551270e-01 4.459141194820404053e-01 3.060051500797271729e-01 2.933712601661682129e-01
3.961739838123321533e-01 3.765046894550323486e-01 3.226631283760070801e-01 4.953096508979797363e-01 2.460764348506927490e-01 4.928835034370422363e-01 3.094561696052551270e-01 4.459141194820404053e-01 3.060051500797271729e-01 2.933712601661682129e-01
4.961749017238616943e-01 3.765046894550323486e-01 3.226631283760070801e-01 4.953096508979797363e-01 3.829882144927978516e-01 4.928835034370422363e-01 3.094561696052551270e-01 4.459141194820404053e-01 3.060051500797271729e-01 2.933712601661682129e-01
3.961739838123321533e-01 3.765046894550323486e-01 3.226631283760070801e-01 4.953096508979797363e-01 4.499050378799438477e-01 4.928835034370422363e-01 3.094561696052551270e-01 4.459141194820404053e-01 3.060051500797271729e-01 5.943112373352050781e-01
4.961749017238616943e-01 3.765046894550323486e-01 3.823662400245666504e-01 4.953096508979797363e-01 5.007540583610534668e-01 4.757776558399200439e-01 3.094561696052551270e-01 4.459141194820404053e-01 3.060051500797271729e-01 2.933712601661682129e-01
3.961739838123321533e-01 3.765046894550323486e-01 6.660409569740295410e-01 4.953096508979797363e-01 4.499050378799438477e-01 4.928835034370422363e-01 3.094561696052551270e-01 4.459141194820404053e-01 3.060051500797271729e-01 5.943112373352050781e-01
3.961739838123321533e-01 3.765046894550323486e-01 6.660409569740295410e-01 4.953096508979797363e-01 4.499050378799438477e-01 4.928835034370422363e-01 4.783469736576080322e-01 5.051093101501464844e-01 3.060051500797271729e-01 5.943112373352050781e-01
3.961739838123321533e-01 3.765046894550323486e-01 6.660409569740295410e-01 4.953096508979797363e-01 4.499050378799438477e-01 4.928835034370422363e-01 4.783469736576080322e-01 5.296490192413330078e-01 3.060051500797271729e-01 5.943112373352050781e-01
3.961739838123321533e-01 3.765046894550323486e-01 6.660409569740295410e-01 4.953096508979797363e-01 4.499050378799438477e-01 4.928835034370422363e-01 4.783469736576080322e-01 5.296490192413330078e-01 3.060051500797271729e-01 4.901645183563232422e-01
3.961739838123321533e-01 4.708664417266845703e-01 7.156702280044555664e-01 4.953096508979797363e-01 4.499050378799438477e-01 4.928835034370422363e-01 4.783469736576080322e-01 5.296490192413330078e-01 3.060051500797271729e-01 4.901645183563232422e-01
3.961739838123321533e-01 4.708664417266845703e-01 4.437481462955474854e-01 4.953096508979797363e-01 4.499050378799438477e-01 4.928835034370422363e-01 4.783469736576080322e-01 5.296490192413330078e-01 3.060051500797271729e-01 4.901645183563232422e-01
3.572776019573211670e-01 4.708664417266845703e-01 4.437481462955474854e-01 4.953096508979797363e-01 4.499050378799438477e-01 6.627622246742248535e-01 3.094561696052551270e-01 4.703109860420227051e-01 3.060051500797271729e-01 4.901645183563232422e-01
3.572776019573211670e-01 4.708664417266845703e-01 3.711071908473968506e-01 4.953096508979797363e-01 4.499050378799438477e-01 6.472859978675842285e-01 3.094561696052551270e-01 4.459141194820404053e-01 3.060051500797271729e-01 4.901645183563232422e-01
3.961739838123321533e-01 4.708664417266845703e-01 3.711071908473968506e-01 4.953096508979797363e-01 4.499050378799438477e-01 4.928835034370422363e-01 3.094561696052551270e-01 4.459141194820404053e-01 3.060051500797271729e-01 4.901645183563232422e-01
3.961739838123321533e-01 4.708664417266845703e-01 2.470915466547012329e-01 4.953096508979797363e-01 4.499050378799438477e-01 4.928835034370422363e-01 3.094561696052551270e-01 4.459141194820404053e-01 3.060051500797271729e-01 4.901645183563232422e-01
3.572776019573211670e-01 4.708664417266845703e-01 3.711071908473968506e-01 4.953096508979797363e-01 4.499050378799438477e-01 6.472859978675842285e-01 3.094561696052551270e-01 4.459141194820404053e-01 3.060051500797271729e-01 4.901645183563232422e-01
5.067750215530395508e-01 4.708664417266845703e-01 6.856511235237121582e-01 4.953096508979797363e-01 5.348998308181762695e-01 4.757776558399200439e-01 3.094561696052551270e-01 4.459141194820404053e-01 3.060051500797271729e-01 4.901645183563232422e-01
3.961739838123321533e-01 4.708664417266845703e-01 4.340301454067230225e-01 4.953096508979797363e-01 5.348998308181762695e-01 4.928835034370422363e-01 3.094561696052551270e-01 4.459141194820404053e-01 3.060051500797271729e-01 4.901645183563232422e-01
3.961739838123321533e-01 4.708664417266845703e-01 3.711071908473968506e-01 4.953096508979797363e-01 4.499050378799438477e-01 4.928835034370422363e-01 3.094561696052551270e-01 4.459141194820404053e-01 3.060051500797271729e-01 4.901645183563232422e-01
5.067750215530395508e-01 4.708664417266845703e-01 3.711071908473968506e-01 4.953096508979797363e-01 4.499050378799438477e-01 4.928835034370422363e-01 3.094561696052551270e-01 4.459141194820404053e-01 3.060051500797271729e-01 4.901645183563232422e-01
3.961739838123321533e-01 4.708664417266845703e-01 3.711071908473968506e-01 4.953096508979797363e-01 4.499050378799438477e-01 4.928835034370422363e-01 3.094561696052551270e-01 4.459141194820404053e-01 3.060051500797271729e-01 4.901645183563232422e-01
3.961739838123321533e-01 4.708664417266845703e-01 2.470915466547012329e-01 3.543450236320495605e-01 4.499050378799438477e-01 4.928835034370422363e-01 3.094561696052551270e-01 2.492303699254989624e-01 3.060051500797271729e-01 4.901645183563232422e-01
5.626406669616699219e-01 4.708664417266845703e-01 2.470915466547012329e-01 4.953096508979797363e-01 4.499050378799438477e-01 4.754243493080139160e-01 3.094561696052551270e-01 4.459141194820404053e-01 4.722681343555450439e-01 4.901645183563232422e-01
3.572776019573211670e-01 4.708664417266845703e-01 2.470915466547012329e-01 4.953096508979797363e-01 4.499050378799438477e-01 4.754243493080139160e-01 3.094561696052551270e-01 4.459141194820404053e-01 4.722681343555450439e-01 4.901645183563232422e-01
3.961739838123321533e-01 4.708664417266845703e-01 2.470915466547012329e-01 4.953096508979797363e-01 4.499050378799438477e-01 3.376612067222595215e-01 3.094561696052551270e-01 2.537281811237335205e-01 4.722681343555450439e-01 4.901645183563232422e-01
3.572776019573211670e-01 4.708664417266845703e-01 2.470915466547012329e-01 4.953096508979797363e-01 4.499050378799438477e-01 3.376612067222595215e-01 3.094561696052551270e-01 2.537281811237335205e-01 4.722681343555450439e-01 4.901645183563232422e-01
4.565166234970092773e-01 4.708664417266845703e-01 3.695425987243652344e-01 3.543450236320495605e-01 4.499050378799438477e-01 3.376612067222595215e-01 5.666212439537048340e-01 3.730671107769012451e-01 4.722681343555450439e-01 4.901645183563232422e-01
5.626406669616699219e-01 4.708664417266845703e-01 2.470915466547012329e-01 4.953096508979797363e-01 4.499050378799438477e-01 3.225163519382476807e-01 5.666212439537048340e-01 3.730671107769012451e-01 4.722681343555450439e-01 4.901645183563232422e-01
3.961739838123321533e-01 4.708664417266845703e-01 2.470915466547012329e-01 4.953096508979797363e-01 4.499050378799438477e-01 3.376612067222595215e-01 3.094561696052551270e-01 2.537281811237335205e-01 4.722681343555450439e-01 4.901645183563232422e-01
3.006038963794708252e-01 4.708664417266845703e-01 2.134271711111068726e-01 4.953096508979797363e-01 4.499050378799438477e-01 3.225163519382476807e-01 4.249893128871917725e-01 2.537281811237335205e-01 4.722681343555450439e-01 4.901645183563232422e-01
3.006038963794708252e-01 4.708664417266845703e-01 6.856511235237121582e-01 5.744400620460510254e-01 5.348998308181762695e-01 4.552792608737945557e-01 4.249893128871917725e-01 4.459141194820404053e-01 4.722681343555450439e-01 4.901645183563232422e-01
3.961739838123321533e-01 4.708664417266845703e-01 4.612425863742828369e-01 4.953096508979797363e-01 4.499050378799438477e-01 3.376612067222595215e-01 4.249893128871917725e-01 2.537281811237335205e-01 4.722681343555450439e-01 4.901645183563232422e-01
3.006038963794708252e-01 4.708664417266845703e-01 4.340301454067230225e-01 4.953096508979797363e-01 5.348998308181762695e-01 3.225163519382476807e-01 4.249893128871917725e-01 2.537281811237335205e-01 4.722681343555450439e-01 4.901645183563232422e-01
3.006038963794708252e-01 4.708664417266845703e-01 5.888141393661499023e-01 5.744400620460510254e-01 4.787314236164093018e-01 4.552792608737945557e-01 4.249893128871917725e-01 4.459141194820404053e-01 4.039251804351806641e-01 4.901645183563232422e-01
4.346782565116882324e-01 4.708664417266845703e-01 2.941032946109771729e-01 5.744400620460510254e-01 3.936429917812347412e-01 2.878491580486297607e-01 4.249893128871917725e-01 4.459141194820404053e-01 5.018914937973022461e-01 4.901645183563232422e-01
4.346782565116882324e-01 4.708664417266845703e-01 2.154358774423599243e-01 5.744400620460510254e-01 3.936429917812347412e-01 2.878491580486297607e-01 4.249893128871917725e-01 4.067115187644958496e-01 5.018914937973022461e-01 4.901645183563232422e-01
2.154350429773330688e-01 4.708664417266845703e-01 2.154358774423599243e-01 3.199842274188995361e-01 5.713899731636047363e-01 2.878491580486297607e-01 4.249893128871917725e-01 4.067115187644958496e-01 5.018914937973022461e-01 4.901645183563232422e-01
2.154350429773330688e-01 4.708664417266845703e-01 2.154358774423599243e-01 3.199842274188995361e-01 5.376073718070983887e-01 6.748527884483337402e-01 4.249893128871917725e-01 4.067115187644958496e-01 5.018914937973022461e-01 3.375859856605529785e-01
4.346782565116882324e-01 4.708664417266845703e-01 2.154358774423599243e-01 3.199842274188995361e-01 4.775796830654144287e-01 2.878491580486297607e-01 4.249893128871917725e-01 4.067115187644958496e-01 5.018914937973022461e-01 4.759387075901031494e-01
4.346782565116882324e-01 4.708664417266845703e-01 2.154358774423599243e-01 3.199842274188995361e-01 4.775796830654144287e-01 4.552792608737945557e-01 4.249893128871917725e-01 4.067115187644958496e-01 5.018914937973022461e-01 4.759387075901031494e-01
4.346782565116882324e-01 5.332838296890258789e-01 4.067331254482269287e-01 3.199842274188995361e-01 4.775796830654144287e-01 4.552792608737945557e-01 4.249893128871917725e-01 4.067115187644958496e-01 4.039251804351806641e-01 4.759387075901031494e-01
2.817620038986206055e-01 4.708664417266845703e-01 4.067331254482269287e-01 4.953096508979797363e-01 4.447425603866577148e-01 4.467409253120422363e-01 4.249893128871917725e-01 4.067115187644958496e-01 4.039251804351806641e-01 4.759387075901031494e-01
5.542434453964233398e-01 4.708664417266845703e-01 2.945074737071990967e-01 4.953096508979797363e-01 4.499050378799438477e-01 4.467409253120422363e-01 4.249893128871917725e-01 4.067115187644958496e-01 4.722681343555450439e-01 4.901645183563232422e-01
5.067750215530395508e-01 4.708664417266845703e-01 5.888141393661499023e-01 4.953096508979797363e-01 4.447425603866577148e-01 6.044737696647644043e-01 4.249893128871917725e-01 4.067115187644958496e-01 4.039251804351806641e-01 4.759387075901031494e-01
4.346782565116882324e-01 5.332838296890258789e-01 4.117720127105712891e-01 3.199842274188995361e-01 3.615056872367858887e-01 4.552792608737945557e-01 3.899740576744079590e-01 4.650705754756927490e-01 4.039251804351806641e-01 4.759387075901031494e-01
5.067750215530395508e-01 5.332838296890258789e-01 4.117720127105712891e-01 4.953096508979797363e-01 4.447425603866577148e-01 4.467409253120422363e-01 4.783469736576080322e-01 4.650705754756927490e-01 4.039251804351806641e-01 4.759387075901031494e-01
2.817620038986206055e-01 5.332838296890258789e-01 4.117720127105712891e-01 4.953096508979797363e-01 4.447425603866577148e-01 4.467409253120422363e-01 4.783469736576080322e-01 4.650705754756927490e-01 4.039251804351806641e-01 4.759387075901031494e-01
5.513776540756225586e-01 5.332838296890258789e-01 4.117720127105712891e-01 4.953096508979797363e-01 4.447425603866577148e-01 6.044737696647644043e-01 5.396381616592407227e-01 4.650705754756927490e-01 4.203152358531951904e-01 4.075133204460144043e-01
4.010234177112579346e-01 5.332838296890258789e-01 2.154358774423599243e-01 3.199842274188995361e-01 4.447425603866577148e-01 5.055160522460937500e-01 3.899740576744079590e-01 4.650705754756927490e-01 4.203152358531951904e-01 4.075133204460144043e-01
4.847737252712249756e-01 5.332838296890258789e-01 4.117720127105712891e-01 4.953096508979797363e-01 4.447425603866577148e-01 4.467409253120422363e-01 4.783469736576080322e-01 4.650705754756927490e-01 4.203152358531951904e-01 4.075133204460144043e-01
2.908614575862884521e-01 5.332838296890258789e-01 5.747375488281250000e-01 4.953096508979797363e-01 5.007540583610534668e-01 4.467409253120422363e-01 4.783469736576080322e-01 4.650705754756927490e-01 5.078938007354736328e-01 4.075133204460144043e-01
6.114326715469360352e-01 5.332838296890258789e-01 2.935918569564819336e-01 4.953096508979797363e-01 7.016744613647460938e-01 6.044737696647644043e-01 5.396381616592407227e-01 4.650705754756927490e-01 5.078938007354736328e-01 4.075133204460144043e-01
6.114326715469360352e-01 5.332838296890258789e-01 2.935918569564819336e-01 4.953096508979797363e-01 7.016744613647460938e-01 6.044737696647644043e-01 5.396381616592407227e-01 4.650705754756927490e-01 4.203152358531951904e-01 4.075133204460144043e-01
6.114326715469360352e-01 5.332838296890258789e-01 2.154358774423599243e-01 4.953096508979797363e-01 4.638877213001251221e-01 4.467409253120422363e-01 4.783469736576080322e-01 4.650705754756927490e-01 5.078938007354736328e-01 4.075133204460144043e-01
6.114326715469360352e-01 5.332838296890258789e-01 2.154358774423599243e-01 4.953096508979797363e-01 7.016744613647460938e-01 6.044737696647644043e-01 5.396381616592407227e-01 4.650705754756927490e-01 4.203152358531951904e-01 5.274465680122375488e-01
6.114326715469360352e-01 5.332838296890258789e-01 2.154358774423599243e-01 4.953096508979797363e-01 7.016744613647460938e-01 5.055160522460937500e-01 3.899740576744079590e-01 4.650705754756927490e-01 4.203152358531951904e-01 5.274465680122375488e-01
4.010234177112579346e-01 5.332838296890258789e-01 2.154358774423599243e-01 3.199842274188995361e-01 6.244279742240905762e-01 5.055160522460937500e-01 3.899740576744079590e-01 4.650705754756927490e-01 4.203152358531951904e-01 5.274465680122375488e-01
4.010234177112579346e-01 5.332838296890258789e-01 2.154358774423599243e-01 3.199842274188995361e-01 6.244279742240905762e-01 5.055160522460937500e-01 3.899740576744079590e-01 4.650705754756927490e-01 4.203152358531951904e-01 5.274465680122375488e-01
4.010234177112579346e-01 5.332838296890258789e-01 2.154358774423599243e-01 3.199842274188995361e-01 7.285897731781005859e-01 5.055160522460937500e-01 3.899740576744079590e-01 4.650705754756927490e-01 4.203152358531951904e-01 5.274465680122375488e-01
4.010234177112579346e-01 5.332838296890258789e-01 2.154358774423599243e-01 3.199842274188995361e-01 7.285897731781005859e-01 5.055160522460937500e-01 3.899740576744079590e-01 4.650705754756927490e-01 4.203152358531951904e-01 5.274465680122375488e-01
6.556723713874816895e-01 5.332838296890258789e-01 2.935918569564819336e-01 5.652486085891723633e-01 7.016744613647460938e-01 4.467409253120422363e-01 4.783469736576080322e-01 4.650705754756927490e-01 4.203152358531951904e-01 5.274465680122375488e-01
4.379836618900299072e-01 5.332838296890258789e-01 2.935918569564819336e-01 3.106850087642669678e-01 7.016744613647460938e-01 4.467409253120422363e-01 5.396381616592407227e-01 4.650705754756927490e-01 4.203152358531951904e-01 5.274465680122375488e-01
4.379836618900299072e-01 4.589166045188903809e-01 4.701373577117919922e-01 5.652486085891723633e-01 4.447425603866577148e-01 4.467409253120422363e-01 5.396381616592407227e-01 4.650705754756927490e-01 4.203152358531951904e-01 5.274465680122375488e-01
4.379836618900299072e-01 4.589166045188903809e-01 4.067331254482269287e-01 5.652486085891723633e-01 4.447425603866577148e-01 4.467409253120422363e-01 5.396381616592407227e-01 4.650705754756927490e-01 4.203152358531951904e-01 5.274465680122375488e-01
4.379836618900299072e-01 4.589166045188903809e-01 4.067331254482269287e-01 5.652486085891723633e-01 4.447425603866577148e-01 4.467409253120422363e-01 5.396381616592407227e-01 4.650705754756927490e-01 4.203152358531951904e-01 5.274465680122375488e-01
4.379836618900299072e-01 4.589166045188903809e-01 5.946554541587829590e-01 5.652486085891723633e-01 4.447425603866577148e-01 6.044737696647644043e-01 5.396381616592407227e-01 4.650705754756927490e-01 4.203152358531951904e-01 5.274465680122375488e-01
