5.223659276962280273e-01 4.964648187160491943e-01 2.855417132377624512e-01 5.276709198951721191e-01 1.306645125150680542e-01 6.999096274375915527e-01 5.181125402450561523e-01 4.129959940910339355e-01 5.099101066589355469e-01 5.280667543411254883e-02
5.223659276962280273e-01 4.964648187160491943e-01 2.354805171489715576e-01 5.276709198951721191e-01 1.306645125150680542e-01 6.999096274375915527e-01 5.181125402450561523e-01 4.476722180843353271e-01 5.099101066589355469e-01 9.443038702011108398e-02
5.223659276962280273e-01 4.964648187160491943e-01 6.431747674942016602e-01 5.276709198951721191e-01 4.362239837646484375e-01 6.570820808410644531e-01 4.515321552753448486e-01 5.324426889419555664e-01 4.499608874320983887e-01 5.659182071685791016e-01
5.223659276962280273e-01 4.964648187160491943e-01 4.346919655799865723e-01 5.276709198951721191e-01 4.641833305358886719e-01 6.999096274375915527e-01 5.181125402450561523e-01 4.170406758785247803e-01 5.099101066589355469e-01 4.117698371410369873e-01
5.223659276962280273e-01 4.964648187160491943e-01 5.316024422645568848e-01 5.276709198951721191e-01 7.458710670471191406e-01 6.570820808410644531e-01 5.454432964324951172e-01 7.939392328262329102e-01 3.839302957057952881e-01 4.668754637241363525e-01
5.223659276962280273e-01 4.964648187160491943e-01 4.594308733940124512e-01 5.276709198951721191e-01 6.328886151313781738e-01 6.570820808410644531e-01 5.454432964324951172e-01 3.095223307609558105e-01 3.839302957057952881e-01 8.514685630798339844e-01
5.223659276962280273e-01 4.964648187160491943e-01 6.917003989219665527e-01 5.276709198951721191e-01 6.398974061012268066e-01 6.570820808410644531e-01 4.515321552753448486e-01 6.395577788352966309e-01 4.499608874320983887e-01 8.517464399337768555e-01
5.223659276962280273e-01 4.964648187160491943e-01 6.268830895423889160e-01 5.276709198951721191e-01 5.301306247711181641e-01 6.570820808410644531e-01 4.515321552753448486e-01 3.438356816768646240e-01 4.499608874320983887e-01 5.173537731170654297e-01
5.223659276962280273e-01 4.964648187160491943e-01 7.216083407402038574e-01 5.276709198951721191e-01 5.447673797607421875e-01 6.508884429931640625e-01 4.515321552753448486e-01 4.042382240295410156e-01 4.499608874320983887e-01 4.956042170524597168e-01
5.223659276962280273e-01 4.964648187160491943e-01 3.403119444847106934e-01 5.276709198951721191e-01 5.286830663681030273e-01 6.508884429931640625e-01 4.515321552753448486e-01 5.688534975051879883e-01 4.499608874320983887e-01 7.922065854072570801e-01
5.223659276962280273e-01 4.964648187160491943e-01 7.555212378501892090e-01 5.276709198951721191e-01 6.109957695007324219e-01 4.780848026275634766e-01 5.181125402450561523e-01 4.464789032936096191e-01 5.099101066589355469e-01 8.346370458602905273e-01
5.223659276962280273e-01 4.964648187160491943e-01 5.677622556686401367e-01 5.276709198951721191e-01 6.739952564239501953e-01 4.294079840183258057e-01 4.515321552753448486e-01 5.001847743988037109e-01 4.973787069320678711e-01 7.723956704139709473e-01
5.223659276962280273e-01 4.964648187160491943e-01 5.677622556686401367e-01 5.276709198951721191e-01 6.729907393455505371e-01 4.270759522914886475e-01 4.515321552753448486e-01 6.265968680381774902e-01 4.973787069320678711e-01 7.209089994430541992e-01
5.223659276962280273e-01 4.964648187160491943e-01 4.979776144027709961e-01 5.276709198951721191e-01 6.109957695007324219e-01 4.780848026275634766e-01 5.181125402450561523e-01 6.605510115623474121e-01 5.572451353073120117e-01 8.489546775817871094e-01
5.223659276962280273e-01 4.964648187160491943e-01 3.849713802337646484e-01 5.276709198951721191e-01 5.604228973388671875e-01 4.270759522914886475e-01 4.515321552753448486e-01 6.265968680381774902e-01 4.973787069320678711e-01 7.209089994430541992e-01
5.223659276962280273e-01 4.964648187160491943e-01 5.906516909599304199e-01 5.276709198951721191e-01 6.109957695007324219e-01 4.780848026275634766e-01 5.181125402450561523e-01 5.001847743988037109e-01 5.572451353073120117e-01 8.489546775817871094e-01
5.223659276962280273e-01 4.964648187160491943e-01 3.846069276332855225e-01 5.276709198951721191e-01 3.804943263530731201e-01 4.270759522914886475e-01 4.515321552753448486e-01 7.183544635772705078e-01 4.973787069320678711e-01 5.371382832527160645e-01
5.223659276962280273e-01 4.964648187160491943e-01 6.769674420356750488e-01 5.276709198951721191e-01 5.247159004211425781e-01 4.780848026275634766e-01 6.984635591506958008e-01 5.001847743988037109e-01 7.528069615364074707e-01 5.810734033584594727e-01
5.223659276962280273e-01 4.964648187160491943e-01 4.761955142021179199e-01 5.276709198951721191e-01 3.804943263530731201e-01 4.270759522914886475e-01 4.515321552753448486e-01 5.674126148223876953e-01 4.973787069320678711e-01 5.371382832527160645e-01
4.688531458377838135e-01 6.254736781120300293e-01 7.397692203521728516e-01 5.305435657501220703e-01 6.889331936836242676e-01 3.959328234195709229e-01 4.735593795776367188e-01 5.996557474136352539e-01 5.519488453865051270e-01 7.879109978675842285e-01
4.688531458377838135e-01 3.976238965988159180e-01 5.694541335105895996e-01 5.305435657501220703e-01 7.674724459648132324e-01 3.959328234195709229e-01 5.251779556274414062e-01 5.433186292648315430e-01 4.368722736835479736e-01 6.793403625488281250e-01
6.670520901679992676e-01 3.976238965988159180e-01 5.677137970924377441e-01 6.529563665390014648e-01 5.865045785903930664e-01 6.359078884124755859e-01 6.372565627098083496e-01 3.988204598426818848e-01 4.368722736835479736e-01 7.040684223175048828e-01
6.670520901679992676e-01 6.254736781120300293e-01 6.546672582626342773e-01 6.529563665390014648e-01 7.445870041847229004e-01 6.359078884124755859e-01 6.372565627098083496e-01 5.813090205192565918e-01 5.519488453865051270e-01 6.581215262413024902e-01
6.670520901679992676e-01 6.254736781120300293e-01 6.865397095680236816e-01 6.529563665390014648e-01 5.801855921745300293e-01 6.359078884124755859e-01 6.372565627098083496e-01 5.813090205192565918e-01 5.519488453865051270e-01 7.485521435737609863e-01
6.670520901679992676e-01 3.976238965988159180e-01 6.027417778968811035e-01 6.529563665390014648e-01 4.020625054836273193e-01 6.359078884124755859e-01 6.372565627098083496e-01 3.155015707015991211e-01 4.368722736835479736e-01 7.485521435737609863e-01
5.223659276962280273e-01 4.964648187160491943e-01 5.634845495223999023e-01 5.276709198951721191e-01 2.140335887670516968e-01 3.216185867786407471e-01 5.454432964324951172e-01 1.691894829273223877e-01 3.839302957057952881e-01 7.395009398460388184e-01
5.223659276962280273e-01 4.964648187160491943e-01 4.219681918621063232e-01 5.276709198951721191e-01 3.588481545448303223e-01 3.216185867786407471e-01 5.454432964324951172e-01 2.978763878345489502e-01 4.973787069320678711e-01 4.300761520862579346e-01
5.223659276962280273e-01 4.964648187160491943e-01 2.593197822570800781e-01 5.276709198951721191e-01 2.991549372673034668e-01 3.216185867786407471e-01 4.515321552753448486e-01 2.475779950618743896e-01 3.839302957057952881e-01 1.067271828651428223e-01
5.223659276962280273e-01 4.964648187160491943e-01 4.361957609653472900e-01 5.276709198951721191e-01 5.308433175086975098e-01 3.216185867786407471e-01 5.454432964324951172e-01 7.709872722625732422e-01 3.839302957057952881e-01 3.456711471080780029e-01
5.223659276962280273e-01 4.453414380550384521e-01 2.806380987167358398e-01 5.276709198951721191e-01 4.192322790622711182e-01 3.216185867786407471e-01 4.515321552753448486e-01 2.628405988216400146e-01 3.839302957057952881e-01 4.236478507518768311e-01
5.223659276962280273e-01 4.453414380550384521e-01 2.746015787124633789e-01 5.276709198951721191e-01 2.140335887670516968e-01 3.216185867786407471e-01 4.515321552753448486e-01 2.628405988216400146e-01 3.839302957057952881e-01 4.236478507518768311e-01
5.223659276962280273e-01 4.453414380550384521e-01 4.574219882488250732e-01 5.276709198951721191e-01 7.039499282836914062e-01 6.478341817855834961e-01 4.515321552753448486e-01 6.619720458984375000e-01 4.973787069320678711e-01 3.600247204303741455e-01
6.670520901679992676e-01 6.254736781120300293e-01 7.506585121154785156e-01 6.529563665390014648e-01 7.705587148666381836e-01 6.359078884124755859e-01 6.372565627098083496e-01 5.956313014030456543e-01 5.519488453865051270e-01 5.803889632225036621e-01
5.754745006561279297e-01 5.064275860786437988e-01 6.052796244621276855e-01 5.361427068710327148e-01 5.899941921234130859e-01 4.950005412101745605e-01 4.024859964847564697e-01 3.056354820728302002e-01 5.271077156066894531e-01 7.305839657783508301e-01
5.754745006561279297e-01 5.064275860786437988e-01 7.630747556686401367e-01 5.361427068710327148e-01 7.080362439155578613e-01 4.950005412101745605e-01 4.024859964847564697e-01 4.529630243778228760e-01 5.616679787635803223e-01 7.644628286361694336e-01
6.670520901679992676e-01 6.254736781120300293e-01 8.785910606384277344e-01 6.529563665390014648e-01 6.710984110832214355e-01 7.449431419372558594e-01 6.372565627098083496e-01 6.864183545112609863e-01 6.137242913246154785e-01 7.001901268959045410e-01
6.670520901679992676e-01 6.254736781120300293e-01 8.623304367065429688e-01 6.529563665390014648e-01 6.849580407142639160e-01 7.449431419372558594e-01 6.372565627098083496e-01 6.864183545112609863e-01 6.137242913246154785e-01 8.077517747879028320e-01
6.670520901679992676e-01 3.976238965988159180e-01 8.623304367065429688e-01 6.529563665390014648e-01 6.849580407142639160e-01 7.449431419372558594e-01 6.372565627098083496e-01 6.864183545112609863e-01 6.137242913246154785e-01 5.582045316696166992e-01
4.688531458377838135e-01 5.617505908012390137e-01 9.113885760307312012e-01 5.305435657501220703e-01 9.001033902168273926e-01 5.229173302650451660e-01 5.251779556274414062e-01 8.542252182960510254e-01 7.147373557090759277e-01 8.232031464576721191e-01
4.688531458377838135e-01 5.617505908012390137e-01 7.547654509544372559e-01 5.305435657501220703e-01 9.001033902168273926e-01 5.229173302650451660e-01 5.251779556274414062e-01 7.433481216430664062e-01 6.486972570419311523e-01 6.334381699562072754e-01
6.670520901679992676e-01 5.617505908012390137e-01 6.735680699348449707e-01 6.529563665390014648e-01 8.103001713752746582e-01 7.449431419372558594e-01 6.372565627098083496e-01 8.038997650146484375e-01 6.486972570419311523e-01 8.391386270523071289e-01
4.688531458377838135e-01 5.617505908012390137e-01 8.184868097305297852e-01 5.305435657501220703e-01 8.103001713752746582e-01 5.229173302650451660e-01 5.251779556274414062e-01 8.542252182960510254e-01 6.486972570419311523e-01 9.008024334907531738e-01
5.040907263755798340e-01 7.329715490341186523e-01 6.940168738365173340e-01 5.454900264739990234e-01 8.721281886100769043e-01 5.530596971511840820e-01 5.184059143066406250e-01 5.638481974601745605e-01 5.502787232398986816e-01 6.255609393119812012e-01
5.040907263755798340e-01 7.329715490341186523e-01 5.985516905784606934e-01 5.454900264739990234e-01 7.045668363571166992e-01 3.657477498054504395e-01 3.273945450782775879e-01 5.956252217292785645e-01 5.502787232398986816e-01 6.173256039619445801e-01
5.040907263755798340e-01 7.329715490341186523e-01 7.727689743041992188e-01 5.454900264739990234e-01 8.721281886100769043e-01 3.657477498054504395e-01 5.184059143066406250e-01 8.217956423759460449e-01 5.502787232398986816e-01 5.612441897392272949e-01
5.040907263755798340e-01 7.329715490341186523e-01 5.985516905784606934e-01 5.454900264739990234e-01 8.721281886100769043e-01 3.657477498054504395e-01 5.184059143066406250e-01 8.217956423759460449e-01 5.502787232398986816e-01 6.173256039619445801e-01
5.040907263755798340e-01 2.782979905605316162e-01 6.570720672607421875e-01 5.716403126716613770e-01 7.086387872695922852e-01 4.000265896320343018e-01 5.184059143066406250e-01 7.201192378997802734e-01 5.502787232398986816e-01 2.670421302318572998e-01
5.040907263755798340e-01 5.617505908012390137e-01 7.272416353225708008e-01 5.454900264739990234e-01 8.721281886100769043e-01 4.593745172023773193e-01 5.184059143066406250e-01 7.729012966156005859e-01 5.502787232398986816e-01 3.087413907051086426e-01
5.040907263755798340e-01 7.329715490341186523e-01 7.485870122909545898e-01 5.454900264739990234e-01 8.721281886100769043e-01 3.657477498054504395e-01 5.184059143066406250e-01 7.398420572280883789e-01 5.502787232398986816e-01 6.255609393119812012e-01
5.223659276962280273e-01 4.453414380550384521e-01 6.371037960052490234e-01 5.276709198951721191e-01 5.142167806625366211e-01 3.542140722274780273e-01 5.454432964324951172e-01 6.520217657089233398e-01 5.216430425643920898e-01 2.201452404260635376e-01
5.223659276962280273e-01 4.453414380550384521e-01 7.719135880470275879e-01 6.306777596473693848e-01 7.713307738304138184e-01 8.240629434585571289e-01 4.515321552753448486e-01 7.737326025962829590e-01 5.216430425643920898e-01 4.311312735080718994e-01
5.040907263755798340e-01 7.329715490341186523e-01 8.232559561729431152e-01 6.887136697769165039e-01 6.176359653472900391e-01 7.279161810874938965e-01 5.184059143066406250e-01 4.241369664669036865e-01 5.502787232398986816e-01 3.201606869697570801e-01
5.040907263755798340e-01 5.209650397300720215e-01 7.415182590484619141e-01 5.716403126716613770e-01 5.227755904197692871e-01 7.279161810874938965e-01 5.184059143066406250e-01 6.134032011032104492e-01 5.502787232398986816e-01 6.304036974906921387e-01
5.040907263755798340e-01 5.209650397300720215e-01 7.353444695472717285e-01 5.454900264739990234e-01 7.544135451316833496e-01 7.732174992561340332e-01 5.184059143066406250e-01 6.870287656784057617e-01 5.502787232398986816e-01 5.963062047958374023e-01
5.040907263755798340e-01 5.209650397300720215e-01 4.643196165561676025e-01 5.454900264739990234e-01 6.458536386489868164e-01 7.732174992561340332e-01 5.184059143066406250e-01 6.726951599121093750e-01 4.802798330783843994e-01 5.596595406532287598e-01
5.040907263755798340e-01 5.209650397300720215e-01 4.670661091804504395e-01 6.887136697769165039e-01 5.413013100624084473e-01 7.279161810874938965e-01 5.184059143066406250e-01 4.680849909782409668e-01 4.802798330783843994e-01 4.239743053913116455e-01
5.040907263755798340e-01 5.209650397300720215e-01 4.643196165561676025e-01 4.782191812992095947e-01 5.762920975685119629e-01 7.732174992561340332e-01 5.184059143066406250e-01 6.222536563873291016e-01 4.802798330783843994e-01 5.596595406532287598e-01
5.040907263755798340e-01 4.360686838626861572e-01 2.991535663604736328e-01 6.887136697769165039e-01 5.413013100624084473e-01 7.279161810874938965e-01 5.184059143066406250e-01 4.680849909782409668e-01 4.802798330783843994e-01 4.239743053913116455e-01
5.040907263755798340e-01 5.209650397300720215e-01 4.722786545753479004e-01 5.716403126716613770e-01 5.664772987365722656e-01 7.279161810874938965e-01 5.184059143066406250e-01 6.121997237205505371e-01 4.802798330783843994e-01 5.784204006195068359e-01
5.040907263755798340e-01 5.209650397300720215e-01 3.952790796756744385e-01 4.782191812992095947e-01 5.664772987365722656e-01 7.732174992561340332e-01 5.184059143066406250e-01 4.850253760814666748e-01 4.802798330783843994e-01 3.954570889472961426e-01
5.040907263755798340e-01 5.209650397300720215e-01 6.793392896652221680e-01 6.887136697769165039e-01 3.023528158664703369e-01 7.279161810874938965e-01 5.184059143066406250e-01 3.711961805820465088e-01 5.502787232398986816e-01 3.201606869697570801e-01
5.040907263755798340e-01 5.209650397300720215e-01 7.879899144172668457e-01 5.716403126716613770e-01 4.496396780014038086e-01 7.279161810874938965e-01 5.184059143066406250e-01 5.598036050796508789e-01 5.502787232398986816e-01 6.304036974906921387e-01
5.040907263755798340e-01 5.209650397300720215e-01 7.879899144172668457e-01 5.716403126716613770e-01 4.496396780014038086e-01 7.279161810874938965e-01 5.184059143066406250e-01 5.598036050796508789e-01 5.924766063690185547e-01 4.013303518295288086e-01
5.040907263755798340e-01 5.209650397300720215e-01 7.879899144172668457e-01 5.716403126716613770e-01 5.227755904197692871e-01 7.279161810874938965e-01 5.184059143066406250e-01 6.134032011032104492e-01 5.924766063690185547e-01 6.801274418830871582e-01
5.040907263755798340e-01 5.209650397300720215e-01 7.307981252670288086e-01 5.454900264739990234e-01 7.544135451316833496e-01 7.732174992561340332e-01 5.184059143066406250e-01 7.729012966156005859e-01 5.502787232398986816e-01 7.003708481788635254e-01
5.040907263755798340e-01 5.209650397300720215e-01 7.005917429924011230e-01 5.454900264739990234e-01 7.544135451316833496e-01 6.982392072677612305e-01 5.184059143066406250e-01 5.047026872634887695e-01 5.502787232398986816e-01 4.208748042583465576e-01
5.040907263755798340e-01 3.227480947971343994e-01 4.708667397499084473e-01 5.454900264739990234e-01 6.179320216178894043e-01 6.982392072677612305e-01 4.475969076156616211e-01 3.938858807086944580e-01 5.502787232398986816e-01 5.155388712882995605e-01
6.691492795944213867e-01 3.227480947971343994e-01 4.548808932304382324e-01 5.454900264739990234e-01 4.416073560714721680e-01 6.982392072677612305e-01 5.846198201179504395e-01 4.924553632736206055e-01 5.011686086654663086e-01 5.484157800674438477e-01
3.741908669471740723e-01 3.227480947971343994e-01 5.004078745841979980e-01 5.454900264739990234e-01 3.874560296535491943e-01 5.080822110176086426e-01 5.846198201179504395e-01 4.108728170394897461e-01 7.619913816452026367e-01 5.920932888984680176e-01
6.456524133682250977e-01 6.456548571586608887e-01 5.326824188232421875e-01 6.938468217849731445e-01 8.475982546806335449e-01 5.080822110176086426e-01 5.846198201179504395e-01 7.925379276275634766e-01 8.528732657432556152e-01 9.338751435279846191e-01
4.645337462425231934e-01 4.474920034408569336e-01 2.173933982849121094e-01 4.384394586086273193e-01 4.216217696666717529e-01 4.479446709156036377e-01 3.211895227432250977e-01 5.917688012123107910e-01 3.279558718204498291e-01 7.425844073295593262e-01
5.223659276962280273e-01 4.964648187160491943e-01 2.804114222526550293e-01 5.276709198951721191e-01 2.982618212699890137e-01 5.611297488212585449e-01 4.700374603271484375e-01 3.277324438095092773e-01 3.279558718204498291e-01 5.382781028747558594e-01
4.645337462425231934e-01 4.474920034408569336e-01 1.825569570064544678e-01 4.384394586086273193e-01 2.049519866704940796e-01 1.283636838197708130e-01 3.211895227432250977e-01 2.202512025833129883e-01 3.279558718204498291e-01 1.852444857358932495e-01
4.645337462425231934e-01 4.474920034408569336e-01 1.825569570064544678e-01 4.384394586086273193e-01 5.734254047274589539e-02 1.283636838197708130e-01 3.211895227432250977e-01 1.771115809679031372e-01 3.279558718204498291e-01 1.852444857358932495e-01
4.645337462425231934e-01 4.474920034408569336e-01 2.338286936283111572e-01 4.384394586086273193e-01 9.309057146310806274e-02 2.418713718652725220e-01 3.211895227432250977e-01 1.771115809679031372e-01 3.279558718204498291e-01 1.852444857358932495e-01
5.223659276962280273e-01 4.964648187160491943e-01 4.967067539691925049e-01 5.276709198951721191e-01 4.845310747623443604e-01 4.780848026275634766e-01 5.031908154487609863e-01 4.661221206188201904e-01 5.620320439338684082e-01 4.249728024005889893e-01
5.223659276962280273e-01 4.964648187160491943e-01 5.894219875335693359e-01 5.276709198951721191e-01 3.018688261508941650e-01 4.780848026275634766e-01 5.181125402450561523e-01 4.740504324436187744e-01 5.572451353073120117e-01 4.432945549488067627e-01
5.223659276962280273e-01 4.964648187160491943e-01 3.146276772022247314e-01 5.276709198951721191e-01 6.876199245452880859e-01 4.780848026275634766e-01 5.181125402450561523e-01 4.740636646747589111e-01 5.572451353073120117e-01 8.238641619682312012e-01
5.223659276962280273e-01 4.964648187160491943e-01 5.567231178283691406e-01 5.276709198951721191e-01 3.924196958541870117e-01 3.216185867786407471e-01 5.454432964324951172e-01 1.964390575885772705e-01 3.839302957057952881e-01 8.514685630798339844e-01
5.223659276962280273e-01 4.964648187160491943e-01 5.684443116188049316e-01 5.276709198951721191e-01 5.014742612838745117e-01 4.294079840183258057e-01 4.515321552753448486e-01 4.082960784435272217e-01 3.839302957057952881e-01 5.784615874290466309e-01
5.223659276962280273e-01 4.964648187160491943e-01 6.553400754928588867e-01 5.276709198951721191e-01 6.398974061012268066e-01 4.294079840183258057e-01 4.515321552753448486e-01 4.464789032936096191e-01 4.499608874320983887e-01 5.784615874290466309e-01
4.062577486038208008e-01 4.964648187160491943e-01 5.052216649055480957e-01 4.825251996517181396e-01 3.806828856468200684e-01 3.216185867786407471e-01 2.689422965049743652e-01 2.286453396081924438e-01 2.561554908752441406e-01 8.089459538459777832e-01
5.223659276962280273e-01 4.964648187160491943e-01 6.608886718750000000e-01 5.276709198951721191e-01 5.014742612838745117e-01 4.294079840183258057e-01 4.515321552753448486e-01 4.082960784435272217e-01 3.839302957057952881e-01 5.784615874290466309e-01
5.223659276962280273e-01 4.964648187160491943e-01 7.377576231956481934e-01 5.276709198951721191e-01 6.398974061012268066e-01 4.294079840183258057e-01 4.515321552753448486e-01 4.464789032936096191e-01 4.499608874320983887e-01 7.922065854072570801e-01
5.223659276962280273e-01 4.964648187160491943e-01 4.745164513587951660e-01 5.276709198951721191e-01 5.851544737815856934e-01 4.270759522914886475e-01 4.515321552753448486e-01 7.183544635772705078e-01 4.973787069320678711e-01 7.723956704139709473e-01
5.223659276962280273e-01 4.964648187160491943e-01 3.890043497085571289e-01 5.276709198951721191e-01 5.615478754043579102e-01 4.294079840183258057e-01 4.515321552753448486e-01 6.605510115623474121e-01 4.973787069320678711e-01 7.723956704139709473e-01
5.223659276962280273e-01 4.964648187160491943e-01 4.745164513587951660e-01 5.276709198951721191e-01 5.851544737815856934e-01 4.270759522914886475e-01 4.515321552753448486e-01 7.183544635772705078e-01 4.973787069320678711e-01 7.723956704139709473e-01
5.223659276962280273e-01 4.964648187160491943e-01 4.979776144027709961e-01 5.276709198951721191e-01 5.955673456192016602e-01 4.270759522914886475e-01 6.984635591506958008e-01 7.183544635772705078e-01 7.528069615364074707e-01 8.489546775817871094e-01
5.223659276962280273e-01 4.964648187160491943e-01 5.906516909599304199e-01 5.276709198951721191e-01 5.955673456192016602e-01 4.270759522914886475e-01 6.984635591506958008e-01 5.674126148223876953e-01 7.528069615364074707e-01 8.489546775817871094e-01
5.223659276962280273e-01 4.964648187160491943e-01 5.906516909599304199e-01 5.276709198951721191e-01 6.109957695007324219e-01 4.780848026275634766e-01 6.984635591506958008e-01 5.001847743988037109e-01 7.528069615364074707e-01 8.489546775817871094e-01
5.223659276962280273e-01 4.964648187160491943e-01 4.969730079174041748e-01 5.276709198951721191e-01 5.615478754043579102e-01 4.294079840183258057e-01 4.515321552753448486e-01 5.001847743988037109e-01 4.973787069320678711e-01 7.723956704139709473e-01
5.223659276962280273e-01 4.964648187160491943e-01 4.764268696308135986e-01 5.276709198951721191e-01 5.014742612838745117e-01 4.294079840183258057e-01 4.515321552753448486e-01 2.493779063224792480e-01 3.839302957057952881e-01 5.498517751693725586e-01
5.223659276962280273e-01 4.964648187160491943e-01 4.673260450363159180e-01 5.276709198951721191e-01 5.615478754043579102e-01 4.294079840183258057e-01 4.515321552753448486e-01 5.469883680343627930e-01 4.973787069320678711e-01 7.971913218498229980e-01
6.670520901679992676e-01 6.254736781120300293e-01 6.081547141075134277e-01 6.529563665390014648e-01 7.198341488838195801e-01 6.359078884124755859e-01 6.372565627098083496e-01 6.794914007186889648e-01 5.519488453865051270e-01 9.345378279685974121e-01
6.670520901679992676e-01 6.254736781120300293e-01 7.650896310806274414e-01 6.529563665390014648e-01 8.057305812835693359e-01 6.359078884124755859e-01 6.372565627098083496e-01 6.664760708808898926e-01 5.519488453865051270e-01 9.345378279685974121e-01
4.688531458377838135e-01 3.976238965988159180e-01 7.626118063926696777e-01 5.305435657501220703e-01 7.674724459648132324e-01 5.343316197395324707e-01 5.251779556274414062e-01 5.904489755630493164e-01 4.368722736835479736e-01 8.206501007080078125e-01
6.670520901679992676e-01 3.976238965988159180e-01 6.928972601890563965e-01 6.529563665390014648e-01 6.686509251594543457e-01 6.359078884124755859e-01 6.372565627098083496e-01 3.155015707015991211e-01 4.368722736835479736e-01 6.589043140411376953e-01
6.670520901679992676e-01 3.976238965988159180e-01 8.051966428756713867e-01 6.529563665390014648e-01 6.686509251594543457e-01 6.359078884124755859e-01 6.372565627098083496e-01 3.155015707015991211e-01 4.368722736835479736e-01 6.589043140411376953e-01
6.670520901679992676e-01 3.976238965988159180e-01 8.268504738807678223e-01 6.529563665390014648e-01 4.889211058616638184e-01 6.359078884124755859e-01 6.372565627098083496e-01 3.155015707015991211e-01 4.368722736835479736e-01 5.803889632225036621e-01
6.670520901679992676e-01 6.254736781120300293e-01 8.733111619949340820e-01 6.529563665390014648e-01 6.628656983375549316e-01 6.359078884124755859e-01 6.372565627098083496e-01 5.813090205192565918e-01 5.519488453865051270e-01 5.803889632225036621e-01
4.688531458377838135e-01 5.064275860786437988e-01 6.554891467094421387e-01 3.706565797328948975e-01 6.195304393768310547e-01 3.695441484451293945e-01 4.024859964847564697e-01 6.038033366203308105e-01 5.519488453865051270e-01 4.695909917354583740e-01
5.223659276962280273e-01 4.964648187160491943e-01 6.582278013229370117e-01 5.276709198951721191e-01 3.993256688117980957e-01 4.294079840183258057e-01 4.515321552753448486e-01 5.270039439201354980e-01 3.839302957057952881e-01 2.597594559192657471e-01
5.223659276962280273e-01 4.964648187160491943e-01 7.354584932327270508e-01 5.276709198951721191e-01 5.774071216583251953e-01 4.294079840183258057e-01 4.515321552753448486e-01 4.921715855598449707e-01 4.973787069320678711e-01 3.390486240386962891e-01
5.223659276962280273e-01 4.964648187160491943e-01 7.354584932327270508e-01 5.276709198951721191e-01 7.039499282836914062e-01 6.478341817855834961e-01 4.515321552753448486e-01 5.595280528068542480e-01 4.973787069320678711e-01 6.497195959091186523e-01
5.223659276962280273e-01 4.964648187160491943e-01 6.298755407333374023e-01 5.276709198951721191e-01 7.039499282836914062e-01 6.478341817855834961e-01 4.515321552753448486e-01 7.065497040748596191e-01 4.973787069320678711e-01 3.727133572101593018e-01
5.223659276962280273e-01 4.964648187160491943e-01 5.493927597999572754e-01 5.276709198951721191e-01 8.067386746406555176e-01 7.546756863594055176e-01 6.984635591506958008e-01 7.575469017028808594e-01 7.337296605110168457e-01 4.109935164451599121e-01
5.223659276962280273e-01 4.964648187160491943e-01 4.488541483879089355e-01 5.276709198951721191e-01 6.357685923576354980e-01 5.406543612480163574e-01 6.984635591506958008e-01 7.044780254364013672e-01 5.639412999153137207e-01 4.998262524604797363e-01
5.754745006561279297e-01 5.064275860786437988e-01 3.121072053909301758e-01 5.361427068710327148e-01 7.691788673400878906e-01 4.950005412101745605e-01 4.024859964847564697e-01 6.209458112716674805e-01 5.616679787635803223e-01 3.194933235645294189e-01
5.754745006561279297e-01 6.456548571586608887e-01 4.539087712764739990e-01 6.999475955963134766e-01 7.948901057243347168e-01 7.461255788803100586e-01 4.735593795776367188e-01 8.450009226799011230e-01 5.271077156066894531e-01 6.479120850563049316e-01
4.688531458377838135e-01 6.254736781120300293e-01 5.053725838661193848e-01 5.305435657501220703e-01 6.245963573455810547e-01 6.573973894119262695e-01 5.251779556274414062e-01 4.111744761466979980e-01 3.434588909149169922e-01 7.288702130317687988e-01
6.670520901679992676e-01 6.254736781120300293e-01 7.673795223236083984e-01 6.529563665390014648e-01 6.245963573455810547e-01 7.449431419372558594e-01 6.372565627098083496e-01 4.822940528392791748e-01 3.434588909149169922e-01 7.511777281761169434e-01
6.670520901679992676e-01 6.254736781120300293e-01 5.257491469383239746e-01 6.529563665390014648e-01 7.782533168792724609e-01 7.449431419372558594e-01 6.372565627098083496e-01 6.735492348670959473e-01 3.434588909149169922e-01 9.213450551033020020e-01
4.688531458377838135e-01 3.976238965988159180e-01 3.775231540203094482e-01 5.305435657501220703e-01 6.306723356246948242e-01 6.573973894119262695e-01 5.251779556274414062e-01 4.592965245246887207e-01 3.434588909149169922e-01 7.582612633705139160e-01
4.688531458377838135e-01 5.617505908012390137e-01 8.368592262268066406e-01 5.305435657501220703e-01 5.479503273963928223e-01 6.573973894119262695e-01 5.251779556274414062e-01 6.771469116210937500e-01 5.758254528045654297e-01 3.392256498336791992e-01
6.691475510597229004e-01 2.782979905605316162e-01 6.732095479965209961e-01 7.638487815856933594e-01 8.411058783531188965e-01 7.723439335823059082e-01 5.251779556274414062e-01 6.117582321166992188e-01 7.147373557090759277e-01 2.937202751636505127e-01
4.878426790237426758e-01 5.617505908012390137e-01 4.013453125953674316e-01 6.529563665390014648e-01 7.830740809440612793e-01 5.238744020462036133e-01 6.372565627098083496e-01 3.341206908226013184e-01 3.855948448181152344e-01 3.879384994506835938e-01
5.040907263755798340e-01 7.329715490341186523e-01 9.859111160039901733e-02 6.887136697769165039e-01 3.079605400562286377e-01 3.502224385738372803e-01 5.184059143066406250e-01 2.995674610137939453e-01 5.216758847236633301e-01 4.302058517932891846e-01
5.040907263755798340e-01 2.782979905605316162e-01 2.454512864351272583e-01 5.716403126716613770e-01 6.238621473312377930e-01 3.502224385738372803e-01 5.184059143066406250e-01 5.347863435745239258e-01 4.538040757179260254e-01 5.211014747619628906e-01
5.040907263755798340e-01 5.617505908012390137e-01 7.755029797554016113e-01 5.454900264739990234e-01 8.721281886100769043e-01 4.593745172023773193e-01 5.184059143066406250e-01 7.729012966156005859e-01 5.924766063690185547e-01 2.319734245538711548e-01
5.040907263755798340e-01 5.617505908012390137e-01 7.755029797554016113e-01 5.454900264739990234e-01 8.721281886100769043e-01 4.593745172023773193e-01 5.184059143066406250e-01 7.729012966156005859e-01 5.502787232398986816e-01 4.140996634960174561e-01
5.040907263755798340e-01 2.782979905605316162e-01 7.879899144172668457e-01 5.716403126716613770e-01 7.086387872695922852e-01 4.000265896320343018e-01 5.184059143066406250e-01 6.134032011032104492e-01 5.924766063690185547e-01 1.805956810712814331e-01
5.040907263755798340e-01 7.329715490341186523e-01 6.918708086013793945e-01 5.454900264739990234e-01 8.721281886100769043e-01 3.657477498054504395e-01 5.184059143066406250e-01 6.123766303062438965e-01 5.502787232398986816e-01 3.557689487934112549e-01
5.040907263755798340e-01 5.064275860786437988e-01 5.918661952018737793e-01 5.454900264739990234e-01 8.721281886100769043e-01 3.657477498054504395e-01 5.184059143066406250e-01 7.398420572280883789e-01 5.502787232398986816e-01 6.255609393119812012e-01
5.040907263755798340e-01 5.617505908012390137e-01 7.795220017433166504e-01 5.454900264739990234e-01 8.721281886100769043e-01 4.593745172023773193e-01 5.184059143066406250e-01 8.596759438514709473e-01 5.502787232398986816e-01 5.746834278106689453e-01
5.040907263755798340e-01 2.782979905605316162e-01 7.415182590484619141e-01 5.716403126716613770e-01 6.176359653472900391e-01 7.279161810874938965e-01 5.184059143066406250e-01 6.134032011032104492e-01 5.502787232398986816e-01 4.043033421039581299e-01
