9.640375971794128418e-01 8.234915137290954590e-01 9.301990866661071777e-01 8.188490867614746094e-01 9.445510506629943848e-01 9.917725920677185059e-01 9.868272542953491211e-01 8.113235831260681152e-01 8.979999423027038574e-01 8.061013817787170410e-01
9.640375971794128418e-01 2.836744785308837891e-01 9.323661327362060547e-01 8.188490867614746094e-01 7.257762551307678223e-01 9.915510416030883789e-01 9.686145782470703125e-01 8.113235831260681152e-01 8.979999423027038574e-01 8.061013817787170410e-01
9.640375971794128418e-01 2.836744785308837891e-01 9.323661327362060547e-01 8.188490867614746094e-01 5.412411093711853027e-01 8.870819807052612305e-01 9.686145782470703125e-01 7.824470996856689453e-01 7.787339091300964355e-01 6.302566528320312500e-01
9.640375971794128418e-01 2.836744785308837891e-01 9.323661327362060547e-01 8.188490867614746094e-01 5.412411093711853027e-01 9.593246579170227051e-01 9.686145782470703125e-01 7.824470996856689453e-01 7.787339091300964355e-01 6.302566528320312500e-01
9.640375971794128418e-01 1.842054575681686401e-01 9.323661327362060547e-01 8.188490867614746094e-01 5.412411093711853027e-01 9.593246579170227051e-01 9.686145782470703125e-01 7.824470996856689453e-01 7.787339091300964355e-01 6.302566528320312500e-01
9.640375971794128418e-01 1.842054575681686401e-01 9.323661327362060547e-01 8.188490867614746094e-01 5.412411093711853027e-01 6.428257226943969727e-01 9.686145782470703125e-01 7.824470996856689453e-01 7.787339091300964355e-01 6.302566528320312500e-01
9.640375971794128418e-01 1.842054575681686401e-01 9.323661327362060547e-01 8.188490867614746094e-01 5.412411093711853027e-01 6.428257226943969727e-01 4.680981040000915527e-01 7.824470996856689453e-01 7.787339091300964355e-01 6.302566528320312500e-01
9.149102568626403809e-01 1.842054575681686401e-01 9.323661327362060547e-01 2.126398086547851562e-01 6.982514858245849609e-01 6.428257226943969727e-01 4.680981040000915527e-01 7.824470996856689453e-01 7.787339091300964355e-01 6.302566528320312500e-01
9.149102568626403809e-01 1.842054575681686401e-01 9.323661327362060547e-01 2.126398086547851562e-01 5.066131949424743652e-01 5.884788036346435547e-01 3.113659620285034180e-01 7.824470996856689453e-01 7.787339091300964355e-01 6.302566528320312500e-01
9.149102568626403809e-01 1.842054575681686401e-01 9.323661327362060547e-01 2.126398086547851562e-01 5.066131949424743652e-01 5.884788036346435547e-01 3.113659620285034180e-01 7.824470996856689453e-01 7.787339091300964355e-01 6.302566528320312500e-01
9.640375971794128418e-01 1.842054575681686401e-01 9.323661327362060547e-01 2.126398086547851562e-01 3.436228632926940918e-01 5.884788036346435547e-01 3.113659620285034180e-01 7.824470996856689453e-01 7.787339091300964355e-01 6.302566528320312500e-01
9.640375971794128418e-01 1.842054575681686401e-01 9.323661327362060547e-01 2.126398086547851562e-01 3.436228632926940918e-01 8.110753297805786133e-01 3.113659620285034180e-01 7.824470996856689453e-01 7.787339091300964355e-01 6.302566528320312500e-01
9.640375971794128418e-01 1.842054575681686401e-01 9.323661327362060547e-01 2.126398086547851562e-01 3.436228632926940918e-01 6.141255497932434082e-01 8.784330487251281738e-01 7.824470996856689453e-01 7.787339091300964355e-01 6.302566528320312500e-01
9.640375971794128418e-01 1.842054575681686401e-01 9.323661327362060547e-01 2.126398086547851562e-01 3.436228632926940918e-01 8.885931372642517090e-01 8.784330487251281738e-01 7.824470996856689453e-01 7.787339091300964355e-01 6.302566528320312500e-01
9.640375971794128418e-01 1.842054575681686401e-01 9.323661327362060547e-01 2.126398086547851562e-01 3.436228632926940918e-01 8.885931372642517090e-01 8.784330487251281738e-01 7.824470996856689453e-01 7.787339091300964355e-01 6.302566528320312500e-01
9.640375971794128418e-01 1.842054575681686401e-01 9.323661327362060547e-01 2.126398086547851562e-01 3.436228632926940918e-01 8.687293529510498047e-01 8.784330487251281738e-01 7.824470996856689453e-01 7.787339091300964355e-01 6.302566528320312500e-01
9.640375971794128418e-01 1.842054575681686401e-01 9.323661327362060547e-01 2.126398086547851562e-01 5.401052236557006836e-01 8.017461299896240234e-01 8.784330487251281738e-01 8.113235831260681152e-01 8.979999423027038574e-01 8.061013817787170410e-01
9.640375971794128418e-01 1.842054575681686401e-01 6.895295381546020508e-01 2.126398086547851562e-01 5.401052236557006836e-01 8.739400506019592285e-01 8.784330487251281738e-01 8.113235831260681152e-01 8.979999423027038574e-01 8.061013817787170410e-01
9.640375971794128418e-01 1.842054575681686401e-01 6.895295381546020508e-01 2.126398086547851562e-01 5.401052236557006836e-01 8.739400506019592285e-01 9.336175918579101562e-01 8.113235831260681152e-01 8.979999423027038574e-01 8.061013817787170410e-01
7.064499258995056152e-01 1.842054575681686401e-01 7.816647291183471680e-01 2.126398086547851562e-01 5.401052236557006836e-01 8.739400506019592285e-01 7.099664211273193359e-01 8.113235831260681152e-01 8.979999423027038574e-01 8.061013817787170410e-01
9.203168749809265137e-01 1.842054575681686401e-01 7.816647291183471680e-01 2.126398086547851562e-01 5.401052236557006836e-01 8.739400506019592285e-01 8.784330487251281738e-01 8.113235831260681152e-01 8.979999423027038574e-01 8.061013817787170410e-01
9.203168749809265137e-01 1.842054575681686401e-01 7.816647291183471680e-01 2.126398086547851562e-01 5.401052236557006836e-01 9.641404151916503906e-01 8.784330487251281738e-01 8.113235831260681152e-01 8.979999423027038574e-01 8.061013817787170410e-01
7.064499258995056152e-01 1.842054575681686401e-01 7.816647291183471680e-01 2.126398086547851562e-01 5.401052236557006836e-01 9.641404151916503906e-01 7.099664211273193359e-01 8.113235831260681152e-01 8.979999423027038574e-01 8.061013817787170410e-01
7.064499258995056152e-01 1.842054575681686401e-01 7.816647291183471680e-01 2.126398086547851562e-01 5.401052236557006836e-01 9.641404151916503906e-01 7.099664211273193359e-01 8.113235831260681152e-01 8.979999423027038574e-01 8.061013817787170410e-01
7.064499258995056152e-01 1.842054575681686401e-01 7.816647291183471680e-01 2.126398086547851562e-01 5.401052236557006836e-01 9.641404151916503906e-01 7.099664211273193359e-01 8.113235831260681152e-01 8.979999423027038574e-01 8.061013817787170410e-01
7.064499258995056152e-01 1.842054575681686401e-01 7.816647291183471680e-01 2.126398086547851562e-01 5.401052236557006836e-01 8.995314240455627441e-01 7.637617588043212891e-01 8.113235831260681152e-01 8.979999423027038574e-01 8.061013817787170410e-01
7.064499258995056152e-01 1.842054575681686401e-01 7.816647291183471680e-01 7.539857625961303711e-01 5.401052236557006836e-01 9.198770523071289062e-01 7.637617588043212891e-01 8.113235831260681152e-01 8.979999423027038574e-01 8.061013817787170410e-01
7.064499258995056152e-01 1.842054575681686401e-01 7.816647291183471680e-01 7.539857625961303711e-01 5.401052236557006836e-01 7.882268428802490234e-01 7.637617588043212891e-01 8.113235831260681152e-01 8.979999423027038574e-01 8.061013817787170410e-01
6.875865459442138672e-01 1.842054575681686401e-01 7.816647291183471680e-01 7.539857625961303711e-01 5.401052236557006836e-01 9.198770523071289062e-01 8.628748059272766113e-01 8.113235831260681152e-01 8.979999423027038574e-01 8.061013817787170410e-01
6.875865459442138672e-01 1.842054575681686401e-01 7.816647291183471680e-01 7.539857625961303711e-01 5.401052236557006836e-01 9.178788065910339355e-01 9.345316290855407715e-01 8.113235831260681152e-01 8.979999423027038574e-01 8.061013817787170410e-01
6.875865459442138672e-01 1.842054575681686401e-01 7.816647291183471680e-01 7.539857625961303711e-01 5.401052236557006836e-01 9.198770523071289062e-01 8.628748059272766113e-01 8.113235831260681152e-01 8.979999423027038574e-01 8.061013817787170410e-01
7.064499258995056152e-01 1.842054575681686401e-01 7.816647291183471680e-01 7.539857625961303711e-01 5.401052236557006836e-01 9.198770523071289062e-01 7.637617588043212891e-01 8.113235831260681152e-01 8.979999423027038574e-01 8.061013817787170410e-01
7.064499258995056152e-01 1.842054575681686401e-01 7.816647291183471680e-01 7.539857625961303711e-01 5.401052236557006836e-01 9.198770523071289062e-01 7.637617588043212891e-01 8.113235831260681152e-01 8.979999423027038574e-01 8.061013817787170410e-01
6.875865459442138672e-01 1.842054575681686401e-01 9.353175759315490723e-01 7.539857625961303711e-01 5.401052236557006836e-01 9.198770523071289062e-01 7.637617588043212891e-01 8.113235831260681152e-01 8.979999423027038574e-01 8.061013817787170410e-01
7.039476633071899414e-01 1.842054575681686401e-01 9.353175759315490723e-01 7.539857625961303711e-01 5.401052236557006836e-01 7.882268428802490234e-01 7.637617588043212891e-01 8.113235831260681152e-01 8.979999423027038574e-01 8.061013817787170410e-01
7.039476633071899414e-01 1.842054575681686401e-01 9.353175759315490723e-01 7.539857625961303711e-01 5.401052236557006836e-01 7.882268428802490234e-01 7.637617588043212891e-01 8.113235831260681152e-01 8.979999423027038574e-01 8.061013817787170410e-01
7.039476633071899414e-01 1.842054575681686401e-01 9.353175759315490723e-01 7.539857625961303711e-01 5.401052236557006836e-01 7.882268428802490234e-01 7.637617588043212891e-01 8.113235831260681152e-01 8.979999423027038574e-01 8.061013817787170410e-01
7.039476633071899414e-01 1.842054575681686401e-01 9.353175759315490723e-01 7.539857625961303711e-01 5.401052236557006836e-01 8.908037543296813965e-01 7.637617588043212891e-01 8.113235831260681152e-01 8.979999423027038574e-01 8.061013817787170410e-01
7.039476633071899414e-01 1.842054575681686401e-01 9.353175759315490723e-01 7.539857625961303711e-01 5.401052236557006836e-01 8.908037543296813965e-01 8.628748059272766113e-01 8.113235831260681152e-01 8.979999423027038574e-01 8.061013817787170410e-01
7.039476633071899414e-01 1.842054575681686401e-01 9.353175759315490723e-01 7.539857625961303711e-01 5.401052236557006836e-01 8.908037543296813965e-01 7.637617588043212891e-01 8.113235831260681152e-01 8.979999423027038574e-01 8.061013817787170410e-01
7.039476633071899414e-01 1.842054575681686401e-01 9.353175759315490723e-01 7.539857625961303711e-01 5.401052236557006836e-01 7.882268428802490234e-01 8.628748059272766113e-01 8.113235831260681152e-01 8.979999423027038574e-01 8.061013817787170410e-01
7.039476633071899414e-01 1.842054575681686401e-01 9.353175759315490723e-01 7.539857625961303711e-01 5.401052236557006836e-01 7.882268428802490234e-01 7.637617588043212891e-01 8.113235831260681152e-01 8.979999423027038574e-01 8.061013817787170410e-01
7.039476633071899414e-01 1.842054575681686401e-01 9.353175759315490723e-01 7.539857625961303711e-01 5.401052236557006836e-01 9.161367416381835938e-01 7.637617588043212891e-01 8.113235831260681152e-01 8.979999423027038574e-01 8.061013817787170410e-01
7.039476633071899414e-01 5.000000000000000000e-01 9.353175759315490723e-01 7.539857625961303711e-01 5.401052236557006836e-01 9.729149341583251953e-01 8.736034631729125977e-01 8.113235831260681152e-01 8.979999423027038574e-01 8.061013817787170410e-01
9.351554512977600098e-01 5.000000000000000000e-01 9.353175759315490723e-01 7.539857625961303711e-01 5.401052236557006836e-01 9.729149341583251953e-01 8.736034631729125977e-01 8.113235831260681152e-01 8.979999423027038574e-01 8.061013817787170410e-01
6.161696910858154297e-01 5.000000000000000000e-01 9.616906046867370605e-01 7.539857625961303711e-01 5.401052236557006836e-01 9.729149341583251953e-01 8.736034631729125977e-01 8.113235831260681152e-01 8.979999423027038574e-01 8.061013817787170410e-01
6.875865459442138672e-01 5.000000000000000000e-01 9.616906046867370605e-01 7.539857625961303711e-01 5.401052236557006836e-01 9.729149341583251953e-01 8.736034631729125977e-01 8.113235831260681152e-01 8.979999423027038574e-01 8.061013817787170410e-01
7.064499258995056152e-01 5.000000000000000000e-01 9.616906046867370605e-01 7.539857625961303711e-01 5.401052236557006836e-01 9.729149341583251953e-01 8.736034631729125977e-01 8.113235831260681152e-01 8.979999423027038574e-01 8.061013817787170410e-01
6.875865459442138672e-01 5.000000000000000000e-01 9.616906046867370605e-01 7.539857625961303711e-01 5.401052236557006836e-01 9.729149341583251953e-01 8.736034631729125977e-01 8.113235831260681152e-01 8.979999423027038574e-01 8.061013817787170410e-01
7.064499258995056152e-01 5.000000000000000000e-01 9.616906046867370605e-01 7.539857625961303711e-01 5.401052236557006836e-01 9.729149341583251953e-01 8.736034631729125977e-01 8.113235831260681152e-01 8.979999423027038574e-01 8.061013817787170410e-01
7.039476633071899414e-01 5.000000000000000000e-01 9.616906046867370605e-01 7.539857625961303711e-01 5.401052236557006836e-01 9.729149341583251953e-01 8.736034631729125977e-01 8.113235831260681152e-01 8.979999423027038574e-01 8.061013817787170410e-01
7.039476633071899414e-01 5.000000000000000000e-01 9.616906046867370605e-01 2.126398086547851562e-01 5.401052236557006836e-01 9.729149341583251953e-01 8.736034631729125977e-01 8.113235831260681152e-01 8.979999423027038574e-01 8.061013817787170410e-01
7.039476633071899414e-01 5.000000000000000000e-01 9.616906046867370605e-01 2.126398086547851562e-01 5.401052236557006836e-01 9.729149341583251953e-01 8.736034631729125977e-01 8.113235831260681152e-01 8.979999423027038574e-01 8.061013817787170410e-01
9.351554512977600098e-01 5.000000000000000000e-01 9.616906046867370605e-01 2.126398086547851562e-01 5.401052236557006836e-01 9.729149341583251953e-01 8.736034631729125977e-01 8.113235831260681152e-01 8.979999423027038574e-01 8.061013817787170410e-01
7.039476633071899414e-01 5.000000000000000000e-01 9.616906046867370605e-01 7.539857625961303711e-01 5.401052236557006836e-01 9.729149341583251953e-01 8.736034631729125977e-01 8.113235831260681152e-01 8.979999423027038574e-01 8.061013817787170410e-01
7.039476633071899414e-01 5.000000000000000000e-01 9.616906046867370605e-01 7.539857625961303711e-01 5.401052236557006836e-01 9.617806077003479004e-01 8.736034631729125977e-01 8.113235831260681152e-01 8.979999423027038574e-01 8.061013817787170410e-01
9.351554512977600098e-01 5.000000000000000000e-01 9.616906046867370605e-01 7.539857625961303711e-01 5.401052236557006836e-01 9.617806077003479004e-01 8.736034631729125977e-01 8.113235831260681152e-01 8.979999423027038574e-01 8.061013817787170410e-01
9.351554512977600098e-01 5.000000000000000000e-01 9.616906046867370605e-01 7.539857625961303711e-01 5.401052236557006836e-01 9.617806077003479004e-01 8.736034631729125977e-01 8.113235831260681152e-01 8.979999423027038574e-01 8.061013817787170410e-01
9.351554512977600098e-01 5.000000000000000000e-01 9.616906046867370605e-01 7.539857625961303711e-01 5.401052236557006836e-01 9.617806077003479004e-01 8.736034631729125977e-01 8.113235831260681152e-01 8.979999423027038574e-01 8.061013817787170410e-01
7.039476633071899414e-01 5.000000000000000000e-01 9.616906046867370605e-01 2.126398086547851562e-01 7.524878382682800293e-01 8.948563337326049805e-01 8.736034631729125977e-01 8.113235831260681152e-01 8.979999423027038574e-01 8.061013817787170410e-01
7.039476633071899414e-01 5.000000000000000000e-01 9.616906046867370605e-01 2.126398086547851562e-01 7.524878382682800293e-01 9.534293413162231445e-01 8.736034631729125977e-01 8.113235831260681152e-01 8.979999423027038574e-01 8.061013817787170410e-01
7.039476633071899414e-01 5.000000000000000000e-01 9.616906046867370605e-01 2.126398086547851562e-01 7.524878382682800293e-01 9.227336645126342773e-01 8.736034631729125977e-01 8.113235831260681152e-01 8.979999423027038574e-01 8.061013817787170410e-01
7.039476633071899414e-01 5.000000000000000000e-01 9.616906046867370605e-01 2.126398086547851562e-01 5.401052236557006836e-01 9.227336645126342773e-01 8.736034631729125977e-01 8.113235831260681152e-01 8.979999423027038574e-01 8.061013817787170410e-01
7.039476633071899414e-01 5.000000000000000000e-01 9.353175759315490723e-01 2.126398086547851562e-01 5.401052236557006836e-01 9.227336645126342773e-01 8.736034631729125977e-01 8.113235831260681152e-01 8.979999423027038574e-01 8.061013817787170410e-01
7.039476633071899414e-01 5.000000000000000000e-01 6.793577671051025391e-01 8.188490867614746094e-01 5.401052236557006836e-01 9.227336645126342773e-01 5.923305749893188477e-01 8.113235831260681152e-01 8.979999423027038574e-01 8.061013817787170410e-01
7.039476633071899414e-01 1.842054575681686401e-01 6.793577671051025391e-01 8.188490867614746094e-01 5.401052236557006836e-01 9.227336645126342773e-01 4.046373367309570312e-01 8.113235831260681152e-01 8.979999423027038574e-01 8.061013817787170410e-01
7.039476633071899414e-01 1.842054575681686401e-01 6.793577671051025391e-01 8.188490867614746094e-01 5.401052236557006836e-01 9.154836535453796387e-01 4.046373367309570312e-01 8.113235831260681152e-01 8.979999423027038574e-01 8.061013817787170410e-01
7.039476633071899414e-01 1.842054575681686401e-01 9.353175759315490723e-01 8.188490867614746094e-01 5.401052236557006836e-01 9.154836535453796387e-01 7.637617588043212891e-01 8.113235831260681152e-01 8.979999423027038574e-01 8.061013817787170410e-01
7.039476633071899414e-01 1.842054575681686401e-01 6.793577671051025391e-01 8.188490867614746094e-01 5.401052236557006836e-01 9.154836535453796387e-01 8.628748059272766113e-01 8.113235831260681152e-01 8.979999423027038574e-01 8.061013817787170410e-01
7.039476633071899414e-01 1.842054575681686401e-01 6.793577671051025391e-01 8.188490867614746094e-01 5.401052236557006836e-01 9.154836535453796387e-01 7.637617588043212891e-01 8.113235831260681152e-01 8.979999423027038574e-01 8.061013817787170410e-01
6.700063943862915039e-01 1.842054575681686401e-01 9.353175759315490723e-01 8.188490867614746094e-01 5.401052236557006836e-01 9.783571362495422363e-01 7.637617588043212891e-01 8.113235831260681152e-01 8.979999423027038574e-01 8.061013817787170410e-01
6.700063943862915039e-01 1.842054575681686401e-01 9.353175759315490723e-01 8.188490867614746094e-01 5.401052236557006836e-01 9.783571362495422363e-01 7.637617588043212891e-01 8.113235831260681152e-01 8.979999423027038574e-01 8.061013817787170410e-01
6.700063943862915039e-01 1.842054575681686401e-01 9.353175759315490723e-01 8.188490867614746094e-01 5.401052236557006836e-01 9.783571362495422363e-01 7.637617588043212891e-01 8.113235831260681152e-01 8.979999423027038574e-01 8.061013817787170410e-01
6.700063943862915039e-01 1.842054575681686401e-01 9.353175759315490723e-01 8.188490867614746094e-01 5.401052236557006836e-01 9.783571362495422363e-01 7.637617588043212891e-01 8.113235831260681152e-01 8.979999423027038574e-01 8.061013817787170410e-01
6.064897179603576660e-01 1.842054575681686401e-01 9.353175759315490723e-01 8.188490867614746094e-01 5.401052236557006836e-01 9.783571362495422363e-01 7.637617588043212891e-01 8.113235831260681152e-01 8.979999423027038574e-01 8.061013817787170410e-01
6.064897179603576660e-01 1.842054575681686401e-01 9.353175759315490723e-01 8.188490867614746094e-01 5.401052236557006836e-01 9.783571362495422363e-01 7.637617588043212891e-01 8.113235831260681152e-01 8.979999423027038574e-01 8.061013817787170410e-01
6.064897179603576660e-01 1.842054575681686401e-01 9.353175759315490723e-01 8.188490867614746094e-01 5.401052236557006836e-01 9.783571362495422363e-01 7.637617588043212891e-01 8.113235831260681152e-01 8.979999423027038574e-01 8.061013817787170410e-01
5.375903472304344177e-02 1.842054575681686401e-01 9.353175759315490723e-01 8.188490867614746094e-01 5.401052236557006836e-01 9.783571362495422363e-01 7.637617588043212891e-01 8.113235831260681152e-01 8.979999423027038574e-01 8.061013817787170410e-01
5.375903472304344177e-02 1.842054575681686401e-01 9.353175759315490723e-01 8.188490867614746094e-01 5.401052236557006836e-01 9.783571362495422363e-01 7.637617588043212891e-01 8.113235831260681152e-01 8.979999423027038574e-01 8.061013817787170410e-01
6.703872233629226685e-02 1.842054575681686401e-01 9.353175759315490723e-01 8.188490867614746094e-01 5.401052236557006836e-01 9.783571362495422363e-01 7.637617588043212891e-01 8.113235831260681152e-01 8.979999423027038574e-01 8.061013817787170410e-01
6.064897179603576660e-01 1.842054575681686401e-01 6.793577671051025391e-01 8.188490867614746094e-01 5.401052236557006836e-01 9.488999843597412109e-01 8.628748059272766113e-01 8.113235831260681152e-01 8.979999423027038574e-01 8.061013817787170410e-01
6.064897179603576660e-01 1.842054575681686401e-01 6.793577671051025391e-01 8.188490867614746094e-01 5.401052236557006836e-01 9.154836535453796387e-01 7.637617588043212891e-01 8.113235831260681152e-01 8.979999423027038574e-01 8.061013817787170410e-01
6.064897179603576660e-01 1.842054575681686401e-01 6.793577671051025391e-01 8.188490867614746094e-01 5.401052236557006836e-01 9.783571362495422363e-01 7.637617588043212891e-01 8.113235831260681152e-01 8.979999423027038574e-01 8.061013817787170410e-01
6.703872233629226685e-02 1.842054575681686401e-01 6.793577671051025391e-01 8.188490867614746094e-01 5.401052236557006836e-01 9.783571362495422363e-01 7.637617588043212891e-01 8.113235831260681152e-01 8.979999423027038574e-01 8.061013817787170410e-01
6.703872233629226685e-02 1.842054575681686401e-01 9.353175759315490723e-01 8.188490867614746094e-01 5.401052236557006836e-01 9.783571362495422363e-01 7.637617588043212891e-01 8.113235831260681152e-01 8.979999423027038574e-01 8.061013817787170410e-01
5.375903472304344177e-02 1.842054575681686401e-01 6.793577671051025391e-01 8.188490867614746094e-01 5.401052236557006836e-01 9.783571362495422363e-01 7.637617588043212891e-01 8.113235831260681152e-01 8.979999423027038574e-01 8.061013817787170410e-01
2.886776626110076904e-02 1.842054575681686401e-01 6.793577671051025391e-01 8.188490867614746094e-01 5.401052236557006836e-01 8.451688289642333984e-01 7.637617588043212891e-01 8.113235831260681152e-01 8.979999423027038574e-01 8.061013817787170410e-01
6.703872233629226685e-02 1.842054575681686401e-01 6.793577671051025391e-01 8.188490867614746094e-01 5.401052236557006836e-01 9.488999843597412109e-01 8.628748059272766113e-01 8.113235831260681152e-01 8.979999423027038574e-01 8.061013817787170410e-01
3.623418882489204407e-02 1.842054575681686401e-01 6.793577671051025391e-01 8.188490867614746094e-01 5.401052236557006836e-01 6.915807127952575684e-01 7.637617588043212891e-01 8.113235831260681152e-01 8.979999423027038574e-01 8.061013817787170410e-01
1.451021581888198853e-01 1.842054575681686401e-01 6.793577671051025391e-01 8.188490867614746094e-01 5.401052236557006836e-01 6.915807127952575684e-01 7.637617588043212891e-01 8.113235831260681152e-01 8.979999423027038574e-01 8.061013817787170410e-01
6.064897179603576660e-01 2.836744785308837891e-01 6.793577671051025391e-01 8.188490867614746094e-01 5.401052236557006836e-01 9.808694124221801758e-01 5.694923996925354004e-01 8.113235831260681152e-01 8.979999423027038574e-01 8.061013817787170410e-01
6.064897179603576660e-01 2.836744785308837891e-01 6.793577671051025391e-01 8.188490867614746094e-01 5.401052236557006836e-01 9.636449217796325684e-01 4.046373367309570312e-01 8.113235831260681152e-01 8.979999423027038574e-01 8.061013817787170410e-01
6.703872233629226685e-02 1.842054575681686401e-01 6.793577671051025391e-01 8.188490867614746094e-01 5.401052236557006836e-01 9.636449217796325684e-01 4.046373367309570312e-01 8.113235831260681152e-01 8.979999423027038574e-01 8.061013817787170410e-01
6.703872233629226685e-02 1.842054575681686401e-01 6.793577671051025391e-01 8.188490867614746094e-01 5.401052236557006836e-01 9.636449217796325684e-01 4.046373367309570312e-01 8.113235831260681152e-01 8.979999423027038574e-01 8.061013817787170410e-01
6.703872233629226685e-02 1.842054575681686401e-01 6.793577671051025391e-01 8.188490867614746094e-01 5.401052236557006836e-01 9.636449217796325684e-01 7.437723278999328613e-01 8.113235831260681152e-01 8.979999423027038574e-01 8.061013817787170410e-01
6.703872233629226685e-02 1.842054575681686401e-01 6.793577671051025391e-01 8.188490867614746094e-01 5.401052236557006836e-01 9.808694124221801758e-01 7.437723278999328613e-01 8.113235831260681152e-01 8.979999423027038574e-01 8.061013817787170410e-01
6.703872233629226685e-02 1.842054575681686401e-01 6.793577671051025391e-01 8.188490867614746094e-01 5.401052236557006836e-01 9.808694124221801758e-01 7.437723278999328613e-01 8.113235831260681152e-01 8.979999423027038574e-01 8.061013817787170410e-01
6.700063943862915039e-01 2.836744785308837891e-01 6.793577671051025391e-01 8.188490867614746094e-01 5.401052236557006836e-01 8.091372251510620117e-01 7.437723278999328613e-01 8.113235831260681152e-01 8.979999423027038574e-01 8.061013817787170410e-01
7.039476633071899414e-01 2.836744785308837891e-01 6.793577671051025391e-01 8.188490867614746094e-01 3.436228632926940918e-01 4.256071150302886963e-01 1.537161469459533691e-01 2.052430957555770874e-01 7.787339091300964355e-01 6.302566528320312500e-01
7.039476633071899414e-01 2.836744785308837891e-01 6.793577671051025391e-01 8.188490867614746094e-01 3.436228632926940918e-01 7.490605711936950684e-01 4.079303890466690063e-02 2.052430957555770874e-01 7.787339091300964355e-01 6.302566528320312500e-01
7.039476633071899414e-01 1.842054575681686401e-01 6.793577671051025391e-01 8.188490867614746094e-01 3.436228632926940918e-01 8.996137976646423340e-01 4.046373367309570312e-01 2.052430957555770874e-01 7.787339091300964355e-01 6.302566528320312500e-01
7.039476633071899414e-01 1.842054575681686401e-01 6.793577671051025391e-01 8.188490867614746094e-01 5.401052236557006836e-01 9.590049386024475098e-01 4.046373367309570312e-01 8.113235831260681152e-01 8.979999423027038574e-01 8.061013817787170410e-01
6.700063943862915039e-01 1.842054575681686401e-01 6.793577671051025391e-01 8.188490867614746094e-01 5.401052236557006836e-01 9.808694124221801758e-01 4.046373367309570312e-01 8.113235831260681152e-01 8.979999423027038574e-01 8.061013817787170410e-01
6.700063943862915039e-01 1.842054575681686401e-01 6.793577671051025391e-01 8.188490867614746094e-01 5.401052236557006836e-01 9.808694124221801758e-01 5.694923996925354004e-01 8.113235831260681152e-01 8.979999423027038574e-01 8.061013817787170410e-01
6.700063943862915039e-01 1.842054575681686401e-01 6.793577671051025391e-01 8.188490867614746094e-01 5.401052236557006836e-01 9.561845660209655762e-01 4.046373367309570312e-01 8.113235831260681152e-01 8.979999423027038574e-01 8.061013817787170410e-01
6.064897179603576660e-01 1.842054575681686401e-01 6.793577671051025391e-01 8.188490867614746094e-01 7.257762551307678223e-01 9.847389459609985352e-01 4.046373367309570312e-01 8.113235831260681152e-01 8.979999423027038574e-01 8.061013817787170410e-01
6.064897179603576660e-01 1.842054575681686401e-01 6.793577671051025391e-01 8.188490867614746094e-01 7.257762551307678223e-01 9.847389459609985352e-01 9.324699640274047852e-01 8.113235831260681152e-01 8.979999423027038574e-01 8.061013817787170410e-01
6.064897179603576660e-01 1.842054575681686401e-01 6.793577671051025391e-01 8.188490867614746094e-01 7.257762551307678223e-01 9.847389459609985352e-01 9.324699640274047852e-01 8.113235831260681152e-01 8.979999423027038574e-01 8.061013817787170410e-01
6.703872233629226685e-02 1.842054575681686401e-01 6.793577671051025391e-01 8.188490867614746094e-01 7.257762551307678223e-01 9.847389459609985352e-01 9.324699640274047852e-01 8.113235831260681152e-01 8.979999423027038574e-01 8.061013817787170410e-01
6.703872233629226685e-02 1.842054575681686401e-01 6.793577671051025391e-01 8.188490867614746094e-01 7.257762551307678223e-01 9.847389459609985352e-01 9.324699640274047852e-01 8.113235831260681152e-01 8.979999423027038574e-01 8.061013817787170410e-01
1.327114552259445190e-01 1.842054575681686401e-01 6.793577671051025391e-01 8.188490867614746094e-01 7.257762551307678223e-01 8.862577080726623535e-01 9.324699640274047852e-01 8.113235831260681152e-01 8.979999423027038574e-01 8.061013817787170410e-01
1.327114552259445190e-01 1.842054575681686401e-01 6.793577671051025391e-01 8.188490867614746094e-01 7.257762551307678223e-01 8.862577080726623535e-01 9.324699640274047852e-01 8.113235831260681152e-01 8.979999423027038574e-01 8.061013817787170410e-01
1.327114552259445190e-01 1.842054575681686401e-01 6.793577671051025391e-01 8.188490867614746094e-01 7.257762551307678223e-01 8.862577080726623535e-01 9.324699640274047852e-01 8.113235831260681152e-01 8.979999423027038574e-01 8.061013817787170410e-01
2.262789607048034668e-01 1.842054575681686401e-01 6.793577671051025391e-01 8.188490867614746094e-01 9.445510506629943848e-01 9.919354915618896484e-01 9.324699640274047852e-01 8.113235831260681152e-01 8.979999423027038574e-01 8.061013817787170410e-01
1.327114552259445190e-01 8.234915137290954590e-01 9.666955471038818359e-01 8.188490867614746094e-01 9.445510506629943848e-01 9.369193315505981445e-01 9.870188236236572266e-01 8.113235831260681152e-01 8.979999423027038574e-01 8.061013817787170410e-01
1.327114552259445190e-01 8.234915137290954590e-01 9.666955471038818359e-01 8.188490867614746094e-01 9.445510506629943848e-01 9.699419736862182617e-01 9.870188236236572266e-01 8.113235831260681152e-01 8.979999423027038574e-01 8.061013817787170410e-01
4.126413762569427490e-01 8.234915137290954590e-01 9.666955471038818359e-01 8.188490867614746094e-01 9.445510506629943848e-01 9.699419736862182617e-01 9.870188236236572266e-01 8.113235831260681152e-01 8.979999423027038574e-01 8.061013817787170410e-01
7.602853178977966309e-01 8.234915137290954590e-01 9.666955471038818359e-01 8.188490867614746094e-01 9.445510506629943848e-01 9.699419736862182617e-01 9.870188236236572266e-01 8.113235831260681152e-01 8.979999423027038574e-01 8.061013817787170410e-01
7.101831436157226562e-01 8.234915137290954590e-01 9.666955471038818359e-01 8.188490867614746094e-01 9.445510506629943848e-01 9.699419736862182617e-01 9.765805006027221680e-01 8.113235831260681152e-01 6.223602890968322754e-01 8.061013817787170410e-01
7.101831436157226562e-01 8.234915137290954590e-01 9.666955471038818359e-01 8.188490867614746094e-01 9.445510506629943848e-01 9.699419736862182617e-01 9.765805006027221680e-01 8.113235831260681152e-01 6.223602890968322754e-01 8.061013817787170410e-01
9.238787293434143066e-01 8.234915137290954590e-01 9.666955471038818359e-01 8.188490867614746094e-01 9.445510506629943848e-01 9.970197081565856934e-01 9.870188236236572266e-01 8.113235831260681152e-01 8.979999423027038574e-01 8.061013817787170410e-01
9.652292132377624512e-01 8.234915137290954590e-01 9.666955471038818359e-01 8.188490867614746094e-01 9.445510506629943848e-01 9.953125715255737305e-01 9.870188236236572266e-01 8.113235831260681152e-01 8.979999423027038574e-01 8.061013817787170410e-01
9.652292132377624512e-01 8.234915137290954590e-01 9.666955471038818359e-01 8.188490867614746094e-01 9.445510506629943848e-01 9.973766803741455078e-01 9.870188236236572266e-01 8.113235831260681152e-01 9.453071355819702148e-01 8.061013817787170410e-01
9.652292132377624512e-01 8.234915137290954590e-01 9.666955471038818359e-01 8.188490867614746094e-01 9.766808152198791504e-01 9.983333945274353027e-01 9.870188236236572266e-01 8.113235831260681152e-01 9.453071355819702148e-01 8.061013817787170410e-01
9.630856513977050781e-01 8.234915137290954590e-01 9.666955471038818359e-01 8.188490867614746094e-01 9.766808152198791504e-01 9.979034662246704102e-01 9.870188236236572266e-01 8.113235831260681152e-01 9.453071355819702148e-01 8.061013817787170410e-01
