3.073524236679077148e-01 2.872652709484100342e-01 3.032366931438446045e-01 1.685729622840881348e-01 3.769167959690093994e-01 2.070292681455612183e-01 2.846321463584899902e-01 3.926946520805358887e-01 3.060041964054107666e-01 3.194497227668762207e-01
3.073524236679077148e-01 2.872652709484100342e-01 3.032366931438446045e-01 3.879488110542297363e-01 3.769167959690093994e-01 5.021390318870544434e-01 2.846321463584899902e-01 3.926946520805358887e-01 3.060041964054107666e-01 3.194497227668762207e-01
3.073524236679077148e-01 2.872652709484100342e-01 3.032366931438446045e-01 2.541813552379608154e-01 2.822391688823699951e-01 2.353636175394058228e-01 2.846321463584899902e-01 3.926946520805358887e-01 3.060041964054107666e-01 3.194497227668762207e-01
5.209169387817382812e-01 2.872652709484100342e-01 3.032366931438446045e-01 3.879488110542297363e-01 3.769167959690093994e-01 3.569070696830749512e-01 2.846321463584899902e-01 3.926946520805358887e-01 3.060041964054107666e-01 3.194497227668762207e-01
3.073524236679077148e-01 2.872652709484100342e-01 3.032366931438446045e-01 3.879488110542297363e-01 3.769167959690093994e-01 5.021390318870544434e-01 2.846321463584899902e-01 3.926946520805358887e-01 3.060041964054107666e-01 3.194497227668762207e-01
5.209169387817382812e-01 2.872652709484100342e-01 3.032366931438446045e-01 2.541813552379608154e-01 2.822391688823699951e-01 2.353636175394058228e-01 2.846321463584899902e-01 3.926946520805358887e-01 3.060041964054107666e-01 3.194497227668762207e-01
5.209169387817382812e-01 2.872652709484100342e-01 3.032366931438446045e-01 3.879488110542297363e-01 3.769167959690093994e-01 5.516708493232727051e-01 2.846321463584899902e-01 3.926946520805358887e-01 3.060041964054107666e-01 3.194497227668762207e-01
3.073524236679077148e-01 2.872652709484100342e-01 3.032366931438446045e-01 2.541813552379608154e-01 2.822391688823699951e-01 4.056371152400970459e-01 2.846321463584899902e-01 3.926946520805358887e-01 3.060041964054107666e-01 3.194497227668762207e-01
3.073524236679077148e-01 2.872652709484100342e-01 3.032366931438446045e-01 2.541813552379608154e-01 2.822391688823699951e-01 3.018844425678253174e-01 2.846321463584899902e-01 3.926946520805358887e-01 3.060041964054107666e-01 3.194497227668762207e-01
3.073524236679077148e-01 2.872652709484100342e-01 3.032366931438446045e-01 2.541813552379608154e-01 2.822391688823699951e-01 1.217177212238311768e-01 2.846321463584899902e-01 3.926946520805358887e-01 3.060041964054107666e-01 3.194497227668762207e-01
3.073524236679077148e-01 2.872652709484100342e-01 3.032366931438446045e-01 3.879488110542297363e-01 3.769167959690093994e-01 1.903311759233474731e-01 2.846321463584899902e-01 3.926946520805358887e-01 3.060041964054107666e-01 3.194497227668762207e-01
3.073524236679077148e-01 2.872652709484100342e-01 3.032366931438446045e-01 2.541813552379608154e-01 2.822391688823699951e-01 2.059118896722793579e-01 2.846321463584899902e-01 3.926946520805358887e-01 3.060041964054107666e-01 3.194497227668762207e-01
3.073524236679077148e-01 2.872652709484100342e-01 3.032366931438446045e-01 2.541813552379608154e-01 2.822391688823699951e-01 1.632041931152343750e-01 2.846321463584899902e-01 3.926946520805358887e-01 3.060041964054107666e-01 3.194497227668762207e-01
3.073524236679077148e-01 2.872652709484100342e-01 3.032366931438446045e-01 1.685729622840881348e-01 3.769167959690093994e-01 1.802871078252792358e-01 2.846321463584899902e-01 3.926946520805358887e-01 3.060041964054107666e-01 3.194497227668762207e-01
3.073524236679077148e-01 2.872652709484100342e-01 3.032366931438446045e-01 2.541813552379608154e-01 2.822391688823699951e-01 1.695969551801681519e-01 2.846321463584899902e-01 3.926946520805358887e-01 3.060041964054107666e-01 3.194497227668762207e-01
3.073524236679077148e-01 2.872652709484100342e-01 3.032366931438446045e-01 2.541813552379608154e-01 2.822391688823699951e-01 2.616890668869018555e-01 2.846321463584899902e-01 3.926946520805358887e-01 3.060041964054107666e-01 3.194497227668762207e-01
3.073524236679077148e-01 2.872652709484100342e-01 3.032366931438446045e-01 3.517386019229888916e-01 2.822391688823699951e-01 3.189370930194854736e-01 2.846321463584899902e-01 3.926946520805358887e-01 3.060041964054107666e-01 3.194497227668762207e-01
3.073524236679077148e-01 2.872652709484100342e-01 3.032366931438446045e-01 1.685729622840881348e-01 2.822391688823699951e-01 1.476511210203170776e-01 2.846321463584899902e-01 3.926946520805358887e-01 3.060041964054107666e-01 3.194497227668762207e-01
3.073524236679077148e-01 2.872652709484100342e-01 3.032366931438446045e-01 1.685729622840881348e-01 2.822391688823699951e-01 1.802871078252792358e-01 2.846321463584899902e-01 3.926946520805358887e-01 3.060041964054107666e-01 3.194497227668762207e-01
3.073524236679077148e-01 2.872652709484100342e-01 3.032366931438446045e-01 1.685729622840881348e-01 3.769167959690093994e-01 1.476511210203170776e-01 2.846321463584899902e-01 3.926946520805358887e-01 3.060041964054107666e-01 3.194497227668762207e-01
3.073524236679077148e-01 2.872652709484100342e-01 3.032366931438446045e-01 1.685729622840881348e-01 2.822391688823699951e-01 1.476511210203170776e-01 2.846321463584899902e-01 3.926946520805358887e-01 3.060041964054107666e-01 3.194497227668762207e-01
3.073524236679077148e-01 2.872652709484100342e-01 3.032366931438446045e-01 3.517386019229888916e-01 2.822391688823699951e-01 3.189370930194854736e-01 2.846321463584899902e-01 3.926946520805358887e-01 3.060041964054107666e-01 3.194497227668762207e-01
3.073524236679077148e-01 2.872652709484100342e-01 3.032366931438446045e-01 3.517386019229888916e-01 2.822391688823699951e-01 1.713912636041641235e-01 2.846321463584899902e-01 4.171372652053833008e-01 3.060041964054107666e-01 3.194497227668762207e-01
3.073524236679077148e-01 2.872652709484100342e-01 3.032366931438446045e-01 1.685729622840881348e-01 2.822391688823699951e-01 1.802871078252792358e-01 2.846321463584899902e-01 4.171372652053833008e-01 3.060041964054107666e-01 3.194497227668762207e-01
3.073524236679077148e-01 2.872652709484100342e-01 3.032366931438446045e-01 1.685729622840881348e-01 2.822391688823699951e-01 1.419441699981689453e-01 2.846321463584899902e-01 1.545305848121643066e-01 3.060041964054107666e-01 3.194497227668762207e-01
3.073524236679077148e-01 2.872652709484100342e-01 3.032366931438446045e-01 1.685729622840881348e-01 3.769167959690093994e-01 1.476511210203170776e-01 2.846321463584899902e-01 2.764038741588592529e-01 3.060041964054107666e-01 3.194497227668762207e-01
5.209169387817382812e-01 6.626192927360534668e-01 8.251608014106750488e-01 7.022228240966796875e-01 7.978185415267944336e-01 7.953135371208190918e-01 8.251608014106750488e-01 5.776547789573669434e-01 6.599683165550231934e-01 6.419364809989929199e-01
5.209169387817382812e-01 6.626192927360534668e-01 8.251608014106750488e-01 7.022228240966796875e-01 8.585672974586486816e-01 9.251964092254638672e-01 8.251608014106750488e-01 3.955655992031097412e-01 6.599683165550231934e-01 6.419364809989929199e-01
5.209169387817382812e-01 2.872652709484100342e-01 3.032366931438446045e-01 1.685729622840881348e-01 1.585433334112167358e-01 1.802871078252792358e-01 2.846321463584899902e-01 1.545305848121643066e-01 3.060041964054107666e-01 6.419364809989929199e-01
5.209169387817382812e-01 2.872652709484100342e-01 3.032366931438446045e-01 1.685729622840881348e-01 2.822391688823699951e-01 9.957353770732879639e-02 2.846321463584899902e-01 1.545305848121643066e-01 3.060041964054107666e-01 3.194497227668762207e-01
5.209169387817382812e-01 2.872652709484100342e-01 3.032366931438446045e-01 1.685729622840881348e-01 2.822391688823699951e-01 9.957353770732879639e-02 2.846321463584899902e-01 1.545305848121643066e-01 3.060041964054107666e-01 3.194497227668762207e-01
5.209169387817382812e-01 2.872652709484100342e-01 3.032366931438446045e-01 3.517386019229888916e-01 3.769167959690093994e-01 1.649442911148071289e-01 2.846321463584899902e-01 1.545305848121643066e-01 3.060041964054107666e-01 3.194497227668762207e-01
3.073524236679077148e-01 2.872652709484100342e-01 3.032366931438446045e-01 1.685729622840881348e-01 3.769167959690093994e-01 1.419441699981689453e-01 2.846321463584899902e-01 1.545305848121643066e-01 3.060041964054107666e-01 3.194497227668762207e-01
3.073524236679077148e-01 2.872652709484100342e-01 3.032366931438446045e-01 1.685729622840881348e-01 2.822391688823699951e-01 8.629398047924041748e-02 2.846321463584899902e-01 2.764038741588592529e-01 3.060041964054107666e-01 3.194497227668762207e-01
3.073524236679077148e-01 2.872652709484100342e-01 3.032366931438446045e-01 1.685729622840881348e-01 1.585433334112167358e-01 1.476511210203170776e-01 2.846321463584899902e-01 2.764038741588592529e-01 3.060041964054107666e-01 3.194497227668762207e-01
3.073524236679077148e-01 2.872652709484100342e-01 3.032366931438446045e-01 1.685729622840881348e-01 1.585433334112167358e-01 1.476511210203170776e-01 2.846321463584899902e-01 2.764038741588592529e-01 3.060041964054107666e-01 3.194497227668762207e-01
3.073524236679077148e-01 2.872652709484100342e-01 3.032366931438446045e-01 3.517386019229888916e-01 2.822391688823699951e-01 1.649442911148071289e-01 2.846321463584899902e-01 1.545305848121643066e-01 3.060041964054107666e-01 3.194497227668762207e-01
3.073524236679077148e-01 2.872652709484100342e-01 3.032366931438446045e-01 1.685729622840881348e-01 1.585433334112167358e-01 1.476511210203170776e-01 2.846321463584899902e-01 1.545305848121643066e-01 3.060041964054107666e-01 3.194497227668762207e-01
5.209169387817382812e-01 2.872652709484100342e-01 3.032366931438446045e-01 1.685729622840881348e-01 2.822391688823699951e-01 1.476511210203170776e-01 2.846321463584899902e-01 1.545305848121643066e-01 3.060041964054107666e-01 3.194497227668762207e-01
5.209169387817382812e-01 2.872652709484100342e-01 3.032366931438446045e-01 1.685729622840881348e-01 3.769167959690093994e-01 2.311435490846633911e-01 2.846321463584899902e-01 1.545305848121643066e-01 3.060041964054107666e-01 3.194497227668762207e-01
3.073524236679077148e-01 2.872652709484100342e-01 3.032366931438446045e-01 1.685729622840881348e-01 2.822391688823699951e-01 1.476511210203170776e-01 2.846321463584899902e-01 1.545305848121643066e-01 3.060041964054107666e-01 3.194497227668762207e-01
3.073524236679077148e-01 2.872652709484100342e-01 3.032366931438446045e-01 1.685729622840881348e-01 2.822391688823699951e-01 1.802871078252792358e-01 2.846321463584899902e-01 1.545305848121643066e-01 3.060041964054107666e-01 3.194497227668762207e-01
3.073524236679077148e-01 2.872652709484100342e-01 3.032366931438446045e-01 1.685729622840881348e-01 2.822391688823699951e-01 8.629398047924041748e-02 2.846321463584899902e-01 4.171372652053833008e-01 3.060041964054107666e-01 3.194497227668762207e-01
3.073524236679077148e-01 2.872652709484100342e-01 3.032366931438446045e-01 1.685729622840881348e-01 2.822391688823699951e-01 1.476511210203170776e-01 2.846321463584899902e-01 4.171372652053833008e-01 3.060041964054107666e-01 3.194497227668762207e-01
3.073524236679077148e-01 2.872652709484100342e-01 3.032366931438446045e-01 1.685729622840881348e-01 2.822391688823699951e-01 8.629398047924041748e-02 2.846321463584899902e-01 4.171372652053833008e-01 3.060041964054107666e-01 3.194497227668762207e-01
3.073524236679077148e-01 2.872652709484100342e-01 3.032366931438446045e-01 1.685729622840881348e-01 2.822391688823699951e-01 1.802871078252792358e-01 2.846321463584899902e-01 3.926946520805358887e-01 3.060041964054107666e-01 3.194497227668762207e-01
3.073524236679077148e-01 2.872652709484100342e-01 3.032366931438446045e-01 1.685729622840881348e-01 3.769167959690093994e-01 2.683524489402770996e-01 2.846321463584899902e-01 3.926946520805358887e-01 3.060041964054107666e-01 3.194497227668762207e-01
3.073524236679077148e-01 2.872652709484100342e-01 3.032366931438446045e-01 1.685729622840881348e-01 3.769167959690093994e-01 1.802871078252792358e-01 2.846321463584899902e-01 3.926946520805358887e-01 3.060041964054107666e-01 3.194497227668762207e-01
3.073524236679077148e-01 2.872652709484100342e-01 3.032366931438446045e-01 1.685729622840881348e-01 2.822391688823699951e-01 9.957353770732879639e-02 2.846321463584899902e-01 3.926946520805358887e-01 3.060041964054107666e-01 3.194497227668762207e-01
3.073524236679077148e-01 2.872652709484100342e-01 3.032366931438446045e-01 1.685729622840881348e-01 3.769167959690093994e-01 8.629398047924041748e-02 2.846321463584899902e-01 3.926946520805358887e-01 3.060041964054107666e-01 3.194497227668762207e-01
3.073524236679077148e-01 2.872652709484100342e-01 3.032366931438446045e-01 1.685729622840881348e-01 2.822391688823699951e-01 8.629398047924041748e-02 2.846321463584899902e-01 3.926946520805358887e-01 3.060041964054107666e-01 3.194497227668762207e-01
3.073524236679077148e-01 2.872652709484100342e-01 3.032366931438446045e-01 1.685729622840881348e-01 3.769167959690093994e-01 1.419441699981689453e-01 2.846321463584899902e-01 3.926946520805358887e-01 3.060041964054107666e-01 3.194497227668762207e-01
3.073524236679077148e-01 2.872652709484100342e-01 3.032366931438446045e-01 1.685729622840881348e-01 3.769167959690093994e-01 2.311435490846633911e-01 2.846321463584899902e-01 3.926946520805358887e-01 3.060041964054107666e-01 3.194497227668762207e-01
3.073524236679077148e-01 2.872652709484100342e-01 3.032366931438446045e-01 1.685729622840881348e-01 2.822391688823699951e-01 1.476511210203170776e-01 2.846321463584899902e-01 2.764038741588592529e-01 3.060041964054107666e-01 3.194497227668762207e-01
3.073524236679077148e-01 2.872652709484100342e-01 3.032366931438446045e-01 3.517386019229888916e-01 2.822391688823699951e-01 1.713912636041641235e-01 2.846321463584899902e-01 1.545305848121643066e-01 3.060041964054107666e-01 3.194497227668762207e-01
3.073524236679077148e-01 2.872652709484100342e-01 3.032366931438446045e-01 1.685729622840881348e-01 2.822391688823699951e-01 1.802871078252792358e-01 2.846321463584899902e-01 4.171372652053833008e-01 3.060041964054107666e-01 3.194497227668762207e-01
3.073524236679077148e-01 2.872652709484100342e-01 3.032366931438446045e-01 1.685729622840881348e-01 2.822391688823699951e-01 9.957353770732879639e-02 2.846321463584899902e-01 1.545305848121643066e-01 3.060041964054107666e-01 3.194497227668762207e-01
3.073524236679077148e-01 2.872652709484100342e-01 3.032366931438446045e-01 1.685729622840881348e-01 2.822391688823699951e-01 1.802871078252792358e-01 2.846321463584899902e-01 3.926946520805358887e-01 3.060041964054107666e-01 3.194497227668762207e-01
3.073524236679077148e-01 2.872652709484100342e-01 3.032366931438446045e-01 1.685729622840881348e-01 3.769167959690093994e-01 1.419441699981689453e-01 2.846321463584899902e-01 3.926946520805358887e-01 3.060041964054107666e-01 3.194497227668762207e-01
3.073524236679077148e-01 2.872652709484100342e-01 3.032366931438446045e-01 1.685729622840881348e-01 3.769167959690093994e-01 2.311435490846633911e-01 2.846321463584899902e-01 3.926946520805358887e-01 3.060041964054107666e-01 3.194497227668762207e-01
3.073524236679077148e-01 2.872652709484100342e-01 3.032366931438446045e-01 1.685729622840881348e-01 2.822391688823699951e-01 1.476511210203170776e-01 2.846321463584899902e-01 3.926946520805358887e-01 3.060041964054107666e-01 3.194497227668762207e-01
3.073524236679077148e-01 2.872652709484100342e-01 3.032366931438446045e-01 1.685729622840881348e-01 2.822391688823699951e-01 8.629398047924041748e-02 2.846321463584899902e-01 3.926946520805358887e-01 3.060041964054107666e-01 3.194497227668762207e-01
3.073524236679077148e-01 2.872652709484100342e-01 3.032366931438446045e-01 1.685729622840881348e-01 2.822391688823699951e-01 1.476511210203170776e-01 2.846321463584899902e-01 3.926946520805358887e-01 3.060041964054107666e-01 3.194497227668762207e-01
3.073524236679077148e-01 2.872652709484100342e-01 3.032366931438446045e-01 1.685729622840881348e-01 2.822391688823699951e-01 9.957353770732879639e-02 2.846321463584899902e-01 3.926946520805358887e-01 3.060041964054107666e-01 3.194497227668762207e-01
3.073524236679077148e-01 2.872652709484100342e-01 3.032366931438446045e-01 2.541813552379608154e-01 2.822391688823699951e-01 1.632041931152343750e-01 2.846321463584899902e-01 3.926946520805358887e-01 3.060041964054107666e-01 3.194497227668762207e-01
3.073524236679077148e-01 2.872652709484100342e-01 3.032366931438446045e-01 3.879488110542297363e-01 3.769167959690093994e-01 4.380978345870971680e-01 2.846321463584899902e-01 3.926946520805358887e-01 3.060041964054107666e-01 3.194497227668762207e-01
3.073524236679077148e-01 2.872652709484100342e-01 3.032366931438446045e-01 2.541813552379608154e-01 2.822391688823699951e-01 2.465277612209320068e-01 2.846321463584899902e-01 3.926946520805358887e-01 3.060041964054107666e-01 3.194497227668762207e-01
3.073524236679077148e-01 2.872652709484100342e-01 3.032366931438446045e-01 3.879488110542297363e-01 3.769167959690093994e-01 3.898951113224029541e-01 2.846321463584899902e-01 3.926946520805358887e-01 3.060041964054107666e-01 3.194497227668762207e-01
3.073524236679077148e-01 2.872652709484100342e-01 3.032366931438446045e-01 2.541813552379608154e-01 2.822391688823699951e-01 1.695969551801681519e-01 2.846321463584899902e-01 3.926946520805358887e-01 3.060041964054107666e-01 3.194497227668762207e-01
3.073524236679077148e-01 2.872652709484100342e-01 3.032366931438446045e-01 1.685729622840881348e-01 2.822391688823699951e-01 1.476511210203170776e-01 2.846321463584899902e-01 3.926946520805358887e-01 3.060041964054107666e-01 3.194497227668762207e-01
3.073524236679077148e-01 2.872652709484100342e-01 3.032366931438446045e-01 1.685729622840881348e-01 2.822391688823699951e-01 1.802871078252792358e-01 2.846321463584899902e-01 2.764038741588592529e-01 3.060041964054107666e-01 3.194497227668762207e-01
3.073524236679077148e-01 2.872652709484100342e-01 3.032366931438446045e-01 1.685729622840881348e-01 2.822391688823699951e-01 1.476511210203170776e-01 2.846321463584899902e-01 3.926946520805358887e-01 3.060041964054107666e-01 3.194497227668762207e-01
3.073524236679077148e-01 2.872652709484100342e-01 3.032366931438446045e-01 1.685729622840881348e-01 3.769167959690093994e-01 2.311435490846633911e-01 2.846321463584899902e-01 3.926946520805358887e-01 3.060041964054107666e-01 3.194497227668762207e-01
3.073524236679077148e-01 2.872652709484100342e-01 3.032366931438446045e-01 1.685729622840881348e-01 2.822391688823699951e-01 1.476511210203170776e-01 2.846321463584899902e-01 2.764038741588592529e-01 3.060041964054107666e-01 3.194497227668762207e-01
3.073524236679077148e-01 2.872652709484100342e-01 3.032366931438446045e-01 1.685729622840881348e-01 2.822391688823699951e-01 2.146982103586196899e-01 2.846321463584899902e-01 4.171372652053833008e-01 3.060041964054107666e-01 3.194497227668762207e-01
3.073524236679077148e-01 2.872652709484100342e-01 3.032366931438446045e-01 1.685729622840881348e-01 2.822391688823699951e-01 2.146982103586196899e-01 2.846321463584899902e-01 3.926946520805358887e-01 3.060041964054107666e-01 3.194497227668762207e-01
3.073524236679077148e-01 2.872652709484100342e-01 3.032366931438446045e-01 1.685729622840881348e-01 2.822391688823699951e-01 1.802871078252792358e-01 2.846321463584899902e-01 3.926946520805358887e-01 3.060041964054107666e-01 3.194497227668762207e-01
3.073524236679077148e-01 2.872652709484100342e-01 3.032366931438446045e-01 1.685729622840881348e-01 3.769167959690093994e-01 1.802871078252792358e-01 2.846321463584899902e-01 3.926946520805358887e-01 3.060041964054107666e-01 3.194497227668762207e-01
3.073524236679077148e-01 2.872652709484100342e-01 3.032366931438446045e-01 1.685729622840881348e-01 2.822391688823699951e-01 1.419441699981689453e-01 2.846321463584899902e-01 3.926946520805358887e-01 3.060041964054107666e-01 3.194497227668762207e-01
3.073524236679077148e-01 2.872652709484100342e-01 3.032366931438446045e-01 1.685729622840881348e-01 3.769167959690093994e-01 1.419441699981689453e-01 2.846321463584899902e-01 3.926946520805358887e-01 3.060041964054107666e-01 3.194497227668762207e-01
3.073524236679077148e-01 2.872652709484100342e-01 3.032366931438446045e-01 1.685729622840881348e-01 2.822391688823699951e-01 1.476511210203170776e-01 2.846321463584899902e-01 3.926946520805358887e-01 3.060041964054107666e-01 3.194497227668762207e-01
3.073524236679077148e-01 2.872652709484100342e-01 3.032366931438446045e-01 1.685729622840881348e-01 3.769167959690093994e-01 1.476511210203170776e-01 2.846321463584899902e-01 1.545305848121643066e-01 3.060041964054107666e-01 3.194497227668762207e-01
3.073524236679077148e-01 2.872652709484100342e-01 3.032366931438446045e-01 1.685729622840881348e-01 2.822391688823699951e-01 1.476511210203170776e-01 2.846321463584899902e-01 2.764038741588592529e-01 3.060041964054107666e-01 3.194497227668762207e-01
3.073524236679077148e-01 2.872652709484100342e-01 3.032366931438446045e-01 1.685729622840881348e-01 2.822391688823699951e-01 1.802871078252792358e-01 2.846321463584899902e-01 3.926946520805358887e-01 3.060041964054107666e-01 3.194497227668762207e-01
3.073524236679077148e-01 2.872652709484100342e-01 3.032366931438446045e-01 1.685729622840881348e-01 3.769167959690093994e-01 1.419441699981689453e-01 2.846321463584899902e-01 3.926946520805358887e-01 3.060041964054107666e-01 3.194497227668762207e-01
3.073524236679077148e-01 2.872652709484100342e-01 3.032366931438446045e-01 1.685729622840881348e-01 2.822391688823699951e-01 9.957353770732879639e-02 2.846321463584899902e-01 3.926946520805358887e-01 3.060041964054107666e-01 3.194497227668762207e-01
3.073524236679077148e-01 2.872652709484100342e-01 3.032366931438446045e-01 3.517386019229888916e-01 3.769167959690093994e-01 3.189370930194854736e-01 2.846321463584899902e-01 3.926946520805358887e-01 3.060041964054107666e-01 3.194497227668762207e-01
3.073524236679077148e-01 2.872652709484100342e-01 3.032366931438446045e-01 1.685729622840881348e-01 2.822391688823699951e-01 2.683524489402770996e-01 2.846321463584899902e-01 3.926946520805358887e-01 3.060041964054107666e-01 3.194497227668762207e-01
3.073524236679077148e-01 2.872652709484100342e-01 3.032366931438446045e-01 1.685729622840881348e-01 3.769167959690093994e-01 1.408230662345886230e-01 2.846321463584899902e-01 3.926946520805358887e-01 3.060041964054107666e-01 3.194497227668762207e-01
3.073524236679077148e-01 2.872652709484100342e-01 3.032366931438446045e-01 1.685729622840881348e-01 2.822391688823699951e-01 1.476511210203170776e-01 2.846321463584899902e-01 2.764038741588592529e-01 3.060041964054107666e-01 3.194497227668762207e-01
3.073524236679077148e-01 2.872652709484100342e-01 3.032366931438446045e-01 1.685729622840881348e-01 2.822391688823699951e-01 1.476511210203170776e-01 2.846321463584899902e-01 3.926946520805358887e-01 3.060041964054107666e-01 3.194497227668762207e-01
3.073524236679077148e-01 2.872652709484100342e-01 3.032366931438446045e-01 3.517386019229888916e-01 3.769167959690093994e-01 4.483394026756286621e-01 2.846321463584899902e-01 3.926946520805358887e-01 3.060041964054107666e-01 3.194497227668762207e-01
3.073524236679077148e-01 2.872652709484100342e-01 3.032366931438446045e-01 1.685729622840881348e-01 2.822391688823699951e-01 8.629398047924041748e-02 2.846321463584899902e-01 3.926946520805358887e-01 3.060041964054107666e-01 3.194497227668762207e-01
3.073524236679077148e-01 2.872652709484100342e-01 3.032366931438446045e-01 1.685729622840881348e-01 2.822391688823699951e-01 8.629398047924041748e-02 2.846321463584899902e-01 3.926946520805358887e-01 3.060041964054107666e-01 3.194497227668762207e-01
3.073524236679077148e-01 2.872652709484100342e-01 3.032366931438446045e-01 1.685729622840881348e-01 2.822391688823699951e-01 1.802871078252792358e-01 2.846321463584899902e-01 3.926946520805358887e-01 3.060041964054107666e-01 3.194497227668762207e-01
3.073524236679077148e-01 2.872652709484100342e-01 3.032366931438446045e-01 3.879488110542297363e-01 3.769167959690093994e-01 2.601627111434936523e-01 2.846321463584899902e-01 3.926946520805358887e-01 3.060041964054107666e-01 3.194497227668762207e-01
3.073524236679077148e-01 2.872652709484100342e-01 3.032366931438446045e-01 3.879488110542297363e-01 3.769167959690093994e-01 1.729383617639541626e-01 2.846321463584899902e-01 3.926946520805358887e-01 3.060041964054107666e-01 3.194497227668762207e-01
3.073524236679077148e-01 2.872652709484100342e-01 3.032366931438446045e-01 2.541813552379608154e-01 2.822391688823699951e-01 1.717142015695571899e-01 2.846321463584899902e-01 3.926946520805358887e-01 3.060041964054107666e-01 3.194497227668762207e-01
3.073524236679077148e-01 2.872652709484100342e-01 3.032366931438446045e-01 3.879488110542297363e-01 3.769167959690093994e-01 1.664448976516723633e-01 2.846321463584899902e-01 3.926946520805358887e-01 3.060041964054107666e-01 3.194497227668762207e-01
3.073524236679077148e-01 2.872652709484100342e-01 3.032366931438446045e-01 2.541813552379608154e-01 2.822391688823699951e-01 1.971421092748641968e-01 2.846321463584899902e-01 3.926946520805358887e-01 3.060041964054107666e-01 3.194497227668762207e-01
3.073524236679077148e-01 2.872652709484100342e-01 3.032366931438446045e-01 2.541813552379608154e-01 2.822391688823699951e-01 2.059118896722793579e-01 2.846321463584899902e-01 3.926946520805358887e-01 3.060041964054107666e-01 3.194497227668762207e-01
3.073524236679077148e-01 2.872652709484100342e-01 3.032366931438446045e-01 2.541813552379608154e-01 2.822391688823699951e-01 1.695969551801681519e-01 2.846321463584899902e-01 3.926946520805358887e-01 3.060041964054107666e-01 3.194497227668762207e-01
3.073524236679077148e-01 2.872652709484100342e-01 3.032366931438446045e-01 1.685729622840881348e-01 2.822391688823699951e-01 1.476511210203170776e-01 2.846321463584899902e-01 3.926946520805358887e-01 3.060041964054107666e-01 3.194497227668762207e-01
3.073524236679077148e-01 2.872652709484100342e-01 3.032366931438446045e-01 1.685729622840881348e-01 2.822391688823699951e-01 1.476511210203170776e-01 2.846321463584899902e-01 3.926946520805358887e-01 3.060041964054107666e-01 3.194497227668762207e-01
3.073524236679077148e-01 2.872652709484100342e-01 3.032366931438446045e-01 1.685729622840881348e-01 2.822391688823699951e-01 1.476511210203170776e-01 2.846321463584899902e-01 3.926946520805358887e-01 3.060041964054107666e-01 3.194497227668762207e-01
3.073524236679077148e-01 2.872652709484100342e-01 3.032366931438446045e-01 3.517386019229888916e-01 2.822391688823699951e-01 3.189370930194854736e-01 2.846321463584899902e-01 3.926946520805358887e-01 3.060041964054107666e-01 3.194497227668762207e-01
3.073524236679077148e-01 2.872652709484100342e-01 3.032366931438446045e-01 1.685729622840881348e-01 2.822391688823699951e-01 1.476511210203170776e-01 2.846321463584899902e-01 4.171372652053833008e-01 3.060041964054107666e-01 3.194497227668762207e-01
3.073524236679077148e-01 2.872652709484100342e-01 3.032366931438446045e-01 1.685729622840881348e-01 2.822391688823699951e-01 1.802871078252792358e-01 2.846321463584899902e-01 1.545305848121643066e-01 3.060041964054107666e-01 3.194497227668762207e-01
3.073524236679077148e-01 2.872652709484100342e-01 3.032366931438446045e-01 1.685729622840881348e-01 3.769167959690093994e-01 1.476511210203170776e-01 2.846321463584899902e-01 4.171372652053833008e-01 3.060041964054107666e-01 3.194497227668762207e-01
3.073524236679077148e-01 2.872652709484100342e-01 3.032366931438446045e-01 1.685729622840881348e-01 2.822391688823699951e-01 1.802871078252792358e-01 2.846321463584899902e-01 2.764038741588592529e-01 3.060041964054107666e-01 3.194497227668762207e-01
3.073524236679077148e-01 2.872652709484100342e-01 3.032366931438446045e-01 3.517386019229888916e-01 1.585433334112167358e-01 2.641477286815643311e-01 2.846321463584899902e-01 1.545305848121643066e-01 3.060041964054107666e-01 3.194497227668762207e-01
3.073524236679077148e-01 2.872652709484100342e-01 3.032366931438446045e-01 1.685729622840881348e-01 2.822391688823699951e-01 1.802871078252792358e-01 2.846321463584899902e-01 1.545305848121643066e-01 3.060041964054107666e-01 3.194497227668762207e-01
3.073524236679077148e-01 2.872652709484100342e-01 3.032366931438446045e-01 1.685729622840881348e-01 3.769167959690093994e-01 1.802871078252792358e-01 2.846321463584899902e-01 1.545305848121643066e-01 3.060041964054107666e-01 3.194497227668762207e-01
3.073524236679077148e-01 2.872652709484100342e-01 3.032366931438446045e-01 1.685729622840881348e-01 3.769167959690093994e-01 2.311435490846633911e-01 2.846321463584899902e-01 1.545305848121643066e-01 3.060041964054107666e-01 3.194497227668762207e-01
3.073524236679077148e-01 2.872652709484100342e-01 3.032366931438446045e-01 1.685729622840881348e-01 2.822391688823699951e-01 2.683524489402770996e-01 2.846321463584899902e-01 3.926946520805358887e-01 3.060041964054107666e-01 3.194497227668762207e-01
3.073524236679077148e-01 2.872652709484100342e-01 3.032366931438446045e-01 3.517386019229888916e-01 3.769167959690093994e-01 3.090098798274993896e-01 2.846321463584899902e-01 3.926946520805358887e-01 3.060041964054107666e-01 3.194497227668762207e-01
3.073524236679077148e-01 2.872652709484100342e-01 3.032366931438446045e-01 1.685729622840881348e-01 2.822391688823699951e-01 1.802871078252792358e-01 2.846321463584899902e-01 1.545305848121643066e-01 3.060041964054107666e-01 3.194497227668762207e-01
3.073524236679077148e-01 2.872652709484100342e-01 3.032366931438446045e-01 1.685729622840881348e-01 2.822391688823699951e-01 8.629398047924041748e-02 2.846321463584899902e-01 2.764038741588592529e-01 3.060041964054107666e-01 3.194497227668762207e-01
3.073524236679077148e-01 2.872652709484100342e-01 3.032366931438446045e-01 1.685729622840881348e-01 2.822391688823699951e-01 1.476511210203170776e-01 2.846321463584899902e-01 2.764038741588592529e-01 3.060041964054107666e-01 3.194497227668762207e-01
3.073524236679077148e-01 2.872652709484100342e-01 3.032366931438446045e-01 1.685729622840881348e-01 2.822391688823699951e-01 9.957353770732879639e-02 2.846321463584899902e-01 1.545305848121643066e-01 3.060041964054107666e-01 3.194497227668762207e-01
3.073524236679077148e-01 2.872652709484100342e-01 3.032366931438446045e-01 1.685729622840881348e-01 2.822391688823699951e-01 1.419441699981689453e-01 2.846321463584899902e-01 1.545305848121643066e-01 3.060041964054107666e-01 3.194497227668762207e-01
3.073524236679077148e-01 2.872652709484100342e-01 3.032366931438446045e-01 1.685729622840881348e-01 3.769167959690093994e-01 9.957353770732879639e-02 2.846321463584899902e-01 1.545305848121643066e-01 3.060041964054107666e-01 3.194497227668762207e-01
3.073524236679077148e-01 2.872652709484100342e-01 3.032366931438446045e-01 1.685729622840881348e-01 2.822391688823699951e-01 1.476511210203170776e-01 2.846321463584899902e-01 2.764038741588592529e-01 3.060041964054107666e-01 3.194497227668762207e-01
3.073524236679077148e-01 2.872652709484100342e-01 3.032366931438446045e-01 1.685729622840881348e-01 2.822391688823699951e-01 1.802871078252792358e-01 2.846321463584899902e-01 1.545305848121643066e-01 3.060041964054107666e-01 3.194497227668762207e-01
3.073524236679077148e-01 2.872652709484100342e-01 3.032366931438446045e-01 1.685729622840881348e-01 2.822391688823699951e-01 1.476511210203170776e-01 2.846321463584899902e-01 2.764038741588592529e-01 3.060041964054107666e-01 3.194497227668762207e-01
