6.409593224525451660e-01 7.468351125717163086e-01 5.064804553985595703e-01 5.475813150405883789e-01 6.467844843864440918e-01 9.252005219459533691e-01 7.539500594139099121e-01 7.407739162445068359e-01 7.029812932014465332e-01 7.313365936279296875e-01
3.370603024959564209e-01 3.511179983615875244e-01 5.064804553985595703e-01 7.459102272987365723e-01 7.439612746238708496e-01 1.505539566278457642e-01 4.460175037384033203e-01 7.407739162445068359e-01 5.580672025680541992e-01 8.186559081077575684e-01
2.482296079397201538e-01 4.176224172115325928e-01 3.348635435104370117e-01 7.459102272987365723e-01 7.439612746238708496e-01 8.979554176330566406e-01 8.179364204406738281e-01 7.407739162445068359e-01 5.580672025680541992e-01 5.155863761901855469e-01
9.010751843452453613e-01 6.084575057029724121e-01 3.348635435104370117e-01 5.475813150405883789e-01 3.678783476352691650e-01 5.547568202018737793e-01 8.056071996688842773e-01 5.986864566802978516e-01 5.614514350891113281e-01 6.959198713302612305e-01
3.315098285675048828e-01 5.867703557014465332e-01 5.000000000000000000e-01 5.475813150405883789e-01 3.678783476352691650e-01 9.550484418869018555e-01 4.348968863487243652e-01 5.986864566802978516e-01 5.580672025680541992e-01 9.170029163360595703e-01
7.258592844009399414e-01 2.741147577762603760e-01 5.064804553985595703e-01 5.475813150405883789e-01 6.467844843864440918e-01 1.755703836679458618e-01 3.995802402496337891e-01 5.986864566802978516e-01 7.029812932014465332e-01 2.952790856361389160e-01
6.470710039138793945e-01 6.613922715187072754e-01 5.000000000000000000e-01 6.015089750289916992e-01 6.467844843864440918e-01 9.920180439949035645e-01 6.889499425888061523e-01 3.611537516117095947e-01 5.614514350891113281e-01 8.508648276329040527e-01
4.428112208843231201e-01 7.307420969009399414e-01 3.573033511638641357e-01 7.459102272987365723e-01 7.439612746238708496e-01 7.359716892242431641e-01 8.125747442245483398e-01 5.986864566802978516e-01 6.681860685348510742e-01 3.790539503097534180e-01
2.906664907932281494e-01 3.804471790790557861e-01 3.573033511638641357e-01 7.459102272987365723e-01 7.439612746238708496e-01 7.103686332702636719e-01 7.057644724845886230e-01 4.638586938381195068e-01 3.256362378597259521e-01 6.093718409538269043e-01
6.302915215492248535e-01 5.102326273918151855e-01 3.573033511638641357e-01 6.015089750289916992e-01 3.278852999210357666e-01 4.591270387172698975e-01 4.403332471847534180e-01 5.986864566802978516e-01 5.897549986839294434e-01 4.503440856933593750e-01
5.089508295059204102e-01 3.216204345226287842e-01 3.573033511638641357e-01 6.015089750289916992e-01 3.278852999210357666e-01 6.991638541221618652e-01 5.450334548950195312e-01 4.501684904098510742e-01 6.681860685348510742e-01 4.781384468078613281e-01
2.754357755184173584e-01 5.664097666740417480e-01 3.573033511638641357e-01 6.015089750289916992e-01 6.145917177200317383e-01 1.978416293859481812e-01 4.965503811836242676e-01 5.986864566802978516e-01 5.897549986839294434e-01 3.649840056896209717e-01
7.079792022705078125e-01 5.067594647407531738e-01 3.573033511638641357e-01 6.015089750289916992e-01 3.278852999210357666e-01 1.570215225219726562e-01 4.883829355239868164e-01 7.407739162445068359e-01 6.681860685348510742e-01 2.631544768810272217e-01
5.026360750198364258e-01 3.007113337516784668e-01 3.573033511638641357e-01 6.015089750289916992e-01 6.145917177200317383e-01 2.612332105636596680e-01 4.600363969802856445e-01 7.407739162445068359e-01 5.897549986839294434e-01 2.034233212471008301e-01
4.878315031528472900e-01 2.743592858314514160e-01 3.573033511638641357e-01 2.871481180191040039e-01 6.145917177200317383e-01 9.337381124496459961e-01 5.143358707427978516e-01 7.407739162445068359e-01 5.897549986839294434e-01 4.577141702175140381e-01
5.196127295494079590e-01 2.634871304035186768e-01 3.573033511638641357e-01 2.871481180191040039e-01 3.278852999210357666e-01 9.950849413871765137e-01 8.049073219299316406e-01 4.638586938381195068e-01 6.681860685348510742e-01 4.912399649620056152e-01
5.314317941665649414e-01 4.962096214294433594e-01 3.573033511638641357e-01 2.871481180191040039e-01 3.278852999210357666e-01 7.708037644624710083e-02 3.118122518062591553e-01 7.407739162445068359e-01 3.256362378597259521e-01 2.775475680828094482e-01
1.832629144191741943e-01 4.962096214294433594e-01 3.573033511638641357e-01 4.414213001728057861e-01 3.278852999210357666e-01 6.768148392438888550e-02 1.328471899032592773e-01 5.986864566802978516e-01 5.897549986839294434e-01 5.563874244689941406e-01
2.560882568359375000e-01 2.634871304035186768e-01 3.083828389644622803e-01 4.414213001728057861e-01 3.278852999210357666e-01 1.321070492267608643e-01 3.570217266678810120e-02 2.662391364574432373e-01 3.000810742378234863e-01 1.684414446353912354e-01
9.417498856782913208e-02 3.341293632984161377e-01 3.083828389644622803e-01 4.414213001728057861e-01 3.278852999210357666e-01 3.412683680653572083e-02 8.576865494251251221e-02 2.662391364574432373e-01 3.000810742378234863e-01 2.363445609807968140e-01
1.974471956491470337e-01 2.634871304035186768e-01 3.083828389644622803e-01 2.871481180191040039e-01 3.278852999210357666e-01 2.931015565991401672e-02 1.397516727447509766e-01 2.662391364574432373e-01 3.000810742378234863e-01 8.366070389747619629e-01
4.527417197823524475e-02 2.634871304035186768e-01 3.083828389644622803e-01 2.871481180191040039e-01 3.278852999210357666e-01 6.271845102310180664e-02 5.351892113685607910e-02 3.611537516117095947e-01 3.000810742378234863e-01 4.334778487682342529e-01
2.391919195652008057e-01 5.067594647407531738e-01 3.083828389644622803e-01 4.414213001728057861e-01 3.278852999210357666e-01 1.048215553164482117e-01 2.727022469043731689e-01 7.407739162445068359e-01 3.000810742378234863e-01 1.220400333404541016e-01
1.266954988241195679e-01 3.216204345226287842e-01 3.083828389644622803e-01 5.475813150405883789e-01 3.278852999210357666e-01 3.874882757663726807e-01 2.461724579334259033e-01 3.611537516117095947e-01 3.000810742378234863e-01 5.780693888664245605e-01
8.879725635051727295e-02 5.172538757324218750e-01 5.064804553985595703e-01 5.475813150405883789e-01 6.467844843864440918e-01 8.195801079273223877e-02 2.565316557884216309e-01 5.986864566802978516e-01 7.029812932014465332e-01 3.054506182670593262e-01
2.723371386528015137e-01 7.213347554206848145e-01 5.064804553985595703e-01 5.475813150405883789e-01 6.467844843864440918e-01 9.969485551118850708e-02 6.568674743175506592e-02 2.662391364574432373e-01 5.614514350891113281e-01 4.296452701091766357e-01
2.723371386528015137e-01 7.213347554206848145e-01 5.064804553985595703e-01 5.475813150405883789e-01 3.939452171325683594e-01 1.243785768747329712e-02 1.697317510843276978e-01 2.662391364574432373e-01 3.256362378597259521e-01 4.079156816005706787e-01
1.435262113809585571e-01 5.867703557014465332e-01 5.064804553985595703e-01 5.475813150405883789e-01 3.278852999210357666e-01 1.153104230761528015e-01 1.857698410749435425e-01 2.662391364574432373e-01 3.000810742378234863e-01 6.036821007728576660e-02
3.018285930156707764e-01 7.213347554206848145e-01 5.064804553985595703e-01 6.015089750289916992e-01 6.467844843864440918e-01 1.292947828769683838e-01 1.124834343791007996e-01 2.662391364574432373e-01 3.256362378597259521e-01 2.414279133081436157e-01
2.101245224475860596e-01 2.634871304035186768e-01 3.573033511638641357e-01 6.015089750289916992e-01 6.145917177200317383e-01 9.016534090042114258e-01 2.688283920288085938e-01 2.662391364574432373e-01 3.000810742378234863e-01 2.668027281761169434e-01
5.990934967994689941e-01 3.007113337516784668e-01 3.083828389644622803e-01 6.015089750289916992e-01 6.145917177200317383e-01 3.578517436981201172e-01 3.968760073184967041e-01 4.260487258434295654e-01 3.000810742378234863e-01 5.956872105598449707e-01
1.381672173738479614e-01 7.307420969009399414e-01 7.109473943710327148e-01 6.015089750289916992e-01 6.145917177200317383e-01 6.545371413230895996e-01 8.635255694389343262e-01 3.611537516117095947e-01 3.000810742378234863e-01 1.342442035675048828e-01
8.373652398586273193e-02 3.216204345226287842e-01 7.109473943710327148e-01 4.414213001728057861e-01 6.145917177200317383e-01 6.268915534019470215e-01 7.909642457962036133e-01 2.662391364574432373e-01 6.681860685348510742e-01 7.403304576873779297e-01
3.882614672183990479e-01 5.664097666740417480e-01 7.109473943710327148e-01 2.871481180191040039e-01 3.278852999210357666e-01 6.848447322845458984e-01 7.136725187301635742e-01 2.662391364574432373e-01 6.681860685348510742e-01 2.713139653205871582e-01
7.760891318321228027e-01 5.067594647407531738e-01 7.109473943710327148e-01 5.475813150405883789e-01 3.278852999210357666e-01 6.641584634780883789e-01 4.929300546646118164e-01 4.638586938381195068e-01 6.681860685348510742e-01 1.081157773733139038e-01
2.808608412742614746e-01 3.511179983615875244e-01 3.348635435104370117e-01 5.475813150405883789e-01 3.678783476352691650e-01 6.786527633666992188e-01 6.270236968994140625e-01 2.662391364574432373e-01 7.029812932014465332e-01 1.767826527357101440e-01
2.478761225938796997e-01 6.084575057029724121e-01 3.348635435104370117e-01 3.288916647434234619e-01 3.678783476352691650e-01 6.960927248001098633e-01 2.993769645690917969e-01 2.662391364574432373e-01 5.614514350891113281e-01 8.635137081146240234e-01
9.417498856782913208e-02 2.159668803215026855e-01 3.348635435104370117e-01 3.288916647434234619e-01 3.678783476352691650e-01 6.322512775659561157e-02 1.857698410749435425e-01 7.407739162445068359e-01 5.614514350891113281e-01 2.581247091293334961e-01
9.417498856782913208e-02 7.468351125717163086e-01 5.064804553985595703e-01 5.475813150405883789e-01 3.678783476352691650e-01 1.327949315309524536e-01 5.047686100006103516e-01 5.986864566802978516e-01 3.256362378597259521e-01 9.161633849143981934e-01
3.022025525569915771e-01 3.511179983615875244e-01 5.064804553985595703e-01 5.475813150405883789e-01 6.467844843864440918e-01 1.976604387164115906e-02 2.094311267137527466e-01 5.986864566802978516e-01 3.256362378597259521e-01 9.024010300636291504e-01
4.074057340621948242e-01 5.172538757324218750e-01 5.064804553985595703e-01 5.475813150405883789e-01 6.467844843864440918e-01 8.889330551028251648e-03 2.082386612892150879e-01 7.407739162445068359e-01 5.614514350891113281e-01 3.500253260135650635e-01
5.276889801025390625e-01 5.172538757324218750e-01 7.249640226364135742e-01 5.475813150405883789e-01 3.678783476352691650e-01 9.149880148470401764e-03 5.047686100006103516e-01 5.986864566802978516e-01 5.614514350891113281e-01 8.135859966278076172e-01
3.022025525569915771e-01 4.176224172115325928e-01 5.064804553985595703e-01 5.475813150405883789e-01 6.015089750289916992e-01 4.615329205989837646e-01 5.280141234397888184e-01 5.986864566802978516e-01 7.029812932014465332e-01 8.808533549308776855e-01
5.018762946128845215e-01 5.172538757324218750e-01 5.064804553985595703e-01 5.475813150405883789e-01 3.678783476352691650e-01 2.549306116998195648e-02 3.396219313144683838e-01 7.407739162445068359e-01 5.614514350891113281e-01 1.308326274156570435e-01
1.907833516597747803e-01 5.172538757324218750e-01 5.064804553985595703e-01 5.475813150405883789e-01 6.015089750289916992e-01 4.314315691590309143e-02 2.235674113035202026e-01 5.986864566802978516e-01 3.256362378597259521e-01 9.290200471878051758e-01
1.266954988241195679e-01 4.176224172115325928e-01 3.348635435104370117e-01 7.459102272987365723e-01 7.439612746238708496e-01 3.663145005702972412e-01 6.787398457527160645e-01 7.407739162445068359e-01 3.256362378597259521e-01 7.874072790145874023e-01
1.588233709335327148e-01 5.310471057891845703e-01 5.064804553985595703e-01 7.459102272987365723e-01 7.439612746238708496e-01 2.775135934352874756e-01 4.460175037384033203e-01 7.407739162445068359e-01 5.614514350891113281e-01 2.333691716194152832e-01
1.719168126583099365e-01 4.176224172115325928e-01 5.064804553985595703e-01 7.459102272987365723e-01 7.439612746238708496e-01 7.146413922309875488e-01 2.420773655176162720e-01 5.986864566802978516e-01 5.614514350891113281e-01 7.279472351074218750e-01
1.907833516597747803e-01 5.172538757324218750e-01 5.064804553985595703e-01 7.459102272987365723e-01 7.439612746238708496e-01 4.263056814670562744e-01 6.255130767822265625e-01 5.986864566802978516e-01 7.029812932014465332e-01 1.623199284076690674e-01
5.276889801025390625e-01 5.172538757324218750e-01 5.064804553985595703e-01 7.459102272987365723e-01 7.439612746238708496e-01 9.736979007720947266e-01 3.628794848918914795e-01 7.407739162445068359e-01 5.614514350891113281e-01 5.145159363746643066e-01
6.236461997032165527e-01 5.172538757324218750e-01 5.064804553985595703e-01 7.459102272987365723e-01 7.439612746238708496e-01 8.297579288482666016e-01 8.412670493125915527e-01 5.986864566802978516e-01 7.029812932014465332e-01 8.852158188819885254e-01
4.501354396343231201e-01 3.529368340969085693e-01 7.249640226364135742e-01 7.459102272987365723e-01 7.439612746238708496e-01 9.409236311912536621e-01 5.352939367294311523e-01 5.986864566802978516e-01 5.614514350891113281e-01 8.095560073852539062e-01
9.016746878623962402e-01 7.792809009552001953e-01 7.249640226364135742e-01 7.459102272987365723e-01 7.439612746238708496e-01 8.362605571746826172e-01 6.643198132514953613e-01 7.407739162445068359e-01 5.614514350891113281e-01 4.201785624027252197e-01
7.817209362983703613e-01 3.881428241729736328e-01 3.348635435104370117e-01 7.459102272987365723e-01 7.439612746238708496e-01 9.850333333015441895e-01 6.768794655799865723e-01 4.638586938381195068e-01 5.614514350891113281e-01 8.693894147872924805e-01
7.727477550506591797e-01 7.468351125717163086e-01 5.064804553985595703e-01 7.459102272987365723e-01 7.439612746238708496e-01 4.852653741836547852e-01 9.448330998420715332e-01 7.407739162445068359e-01 5.614514350891113281e-01 9.583191275596618652e-01
4.705359041690826416e-01 6.613922715187072754e-01 7.249640226364135742e-01 7.459102272987365723e-01 7.439612746238708496e-01 6.846499443054199219e-01 5.401712059974670410e-01 7.407739162445068359e-01 5.614514350891113281e-01 8.189947009086608887e-01
1.548718959093093872e-01 2.634871304035186768e-01 3.573033511638641357e-01 5.475813150405883789e-01 3.278852999210357666e-01 7.790135741233825684e-01 1.668680906295776367e-01 5.986864566802978516e-01 3.000810742378234863e-01 5.020309090614318848e-01
3.035812973976135254e-01 7.213347554206848145e-01 5.064804553985595703e-01 5.475813150405883789e-01 3.678783476352691650e-01 1.044855788350105286e-01 2.597289085388183594e-01 7.407739162445068359e-01 5.614514350891113281e-01 5.532051920890808105e-01
4.517521858215332031e-01 3.511179983615875244e-01 5.064804553985595703e-01 5.475813150405883789e-01 3.678783476352691650e-01 6.526905298233032227e-02 3.354941308498382568e-01 5.986864566802978516e-01 7.029812932014465332e-01 3.520203828811645508e-01
3.035812973976135254e-01 3.529368340969085693e-01 5.000000000000000000e-01 5.475813150405883789e-01 3.939452171325683594e-01 4.431450366973876953e-01 1.061574518680572510e-01 5.986864566802978516e-01 3.256362378597259521e-01 7.440457344055175781e-01
4.287241995334625244e-01 3.511179983615875244e-01 3.348635435104370117e-01 3.288916647434234619e-01 3.939452171325683594e-01 9.853969514369964600e-02 2.619985342025756836e-01 5.986864566802978516e-01 3.256362378597259521e-01 8.144681453704833984e-01
6.413648128509521484e-01 7.547307610511779785e-01 5.064804553985595703e-01 3.288916647434234619e-01 6.467844843864440918e-01 2.068308144807815552e-01 4.077481031417846680e-01 7.407739162445068359e-01 5.614514350891113281e-01 6.045364141464233398e-01
5.293161273002624512e-01 5.172538757324218750e-01 5.064804553985595703e-01 3.288916647434234619e-01 6.467844843864440918e-01 4.620451033115386963e-01 3.079192042350769043e-01 5.986864566802978516e-01 7.029812932014465332e-01 3.299317955970764160e-01
2.089377045631408691e-01 3.511179983615875244e-01 5.064804553985595703e-01 3.288916647434234619e-01 6.467844843864440918e-01 6.579294055700302124e-02 2.252121865749359131e-01 3.611537516117095947e-01 5.614514350891113281e-01 6.469390988349914551e-01
4.578749537467956543e-01 5.310471057891845703e-01 5.064804553985595703e-01 3.288916647434234619e-01 3.678783476352691650e-01 1.098387036472558975e-02 3.422080278396606445e-01 7.407739162445068359e-01 3.256362378597259521e-01 7.364095449447631836e-01
4.388666749000549316e-01 3.511179983615875244e-01 5.064804553985595703e-01 3.288916647434234619e-01 3.678783476352691650e-01 8.190717101097106934e-01 8.635255694389343262e-01 5.986864566802978516e-01 5.614514350891113281e-01 5.101451277732849121e-01
6.357315182685852051e-01 5.567656755447387695e-01 5.064804553985595703e-01 3.288916647434234619e-01 6.467844843864440918e-01 3.149603307247161865e-01 5.554254651069641113e-01 5.986864566802978516e-01 7.029812932014465332e-01 9.401269555091857910e-01
8.171465992927551270e-01 7.792809009552001953e-01 5.064804553985595703e-01 3.288916647434234619e-01 3.678783476352691650e-01 5.961353182792663574e-01 3.136981725692749023e-01 5.986864566802978516e-01 5.614514350891113281e-01 3.116401731967926025e-01
8.171465992927551270e-01 6.406782865524291992e-01 5.064804553985595703e-01 3.288916647434234619e-01 6.015089750289916992e-01 3.580463826656341553e-01 3.270536959171295166e-01 5.986864566802978516e-01 5.614514350891113281e-01 5.367147326469421387e-01
8.171465992927551270e-01 7.792809009552001953e-01 5.064804553985595703e-01 3.288916647434234619e-01 3.678783476352691650e-01 3.766213953495025635e-01 7.255558371543884277e-01 4.638586938381195068e-01 5.614514350891113281e-01 7.427802681922912598e-01
4.035209417343139648e-01 5.567656755447387695e-01 5.064804553985595703e-01 7.459102272987365723e-01 7.439612746238708496e-01 3.383069038391113281e-01 4.460175037384033203e-01 2.662391364574432373e-01 5.614514350891113281e-01 7.070464640855789185e-02
4.035209417343139648e-01 3.881428241729736328e-01 5.064804553985595703e-01 7.459102272987365723e-01 7.439612746238708496e-01 4.611939191818237305e-01 6.052466034889221191e-01 7.407739162445068359e-01 4.471697807312011719e-01 2.849128544330596924e-01
8.689057230949401855e-01 6.406782865524291992e-01 3.348635435104370117e-01 3.288916647434234619e-01 6.015089750289916992e-01 1.818447411060333252e-01 4.220195412635803223e-01 2.662391364574432373e-01 5.614514350891113281e-01 5.933201313018798828e-01
6.340039968490600586e-01 6.406782865524291992e-01 7.249640226364135742e-01 5.475813150405883789e-01 3.678783476352691650e-01 3.304851055145263672e-01 5.402308106422424316e-01 2.662391364574432373e-01 4.471697807312011719e-01 1.212094277143478394e-01
6.568604111671447754e-01 7.792809009552001953e-01 5.064804553985595703e-01 3.288916647434234619e-01 6.015089750289916992e-01 4.555803909897804260e-02 2.542235255241394043e-01 2.662391364574432373e-01 7.029812932014465332e-01 8.832270503044128418e-01
7.333260774612426758e-01 7.792809009552001953e-01 7.249640226364135742e-01 3.288916647434234619e-01 3.678783476352691650e-01 4.362896382808685303e-01 8.085832595825195312e-01 3.611537516117095947e-01 4.471697807312011719e-01 5.767235755920410156e-01
8.171465992927551270e-01 6.406782865524291992e-01 5.064804553985595703e-01 3.288916647434234619e-01 6.015089750289916992e-01 1.564329564571380615e-01 3.830403387546539307e-01 2.662391364574432373e-01 4.471697807312011719e-01 3.811587393283843994e-01
3.022025525569915771e-01 4.176224172115325928e-01 3.348635435104370117e-01 3.288916647434234619e-01 3.678783476352691650e-01 5.732124298810958862e-02 7.466575503349304199e-01 4.638586938381195068e-01 3.256362378597259521e-01 7.884702086448669434e-02
3.022025525569915771e-01 3.511179983615875244e-01 3.348635435104370117e-01 3.288916647434234619e-01 3.678783476352691650e-01 1.078621894121170044e-01 3.122588396072387695e-01 4.638586938381195068e-01 3.256362378597259521e-01 3.333409428596496582e-01
4.870217144489288330e-01 3.511179983615875244e-01 3.348635435104370117e-01 3.288916647434234619e-01 3.678783476352691650e-01 1.520112995058298111e-02 4.901789128780364990e-01 2.662391364574432373e-01 5.614514350891113281e-01 3.169012069702148438e-01
2.304262816905975342e-01 3.511179983615875244e-01 5.000000000000000000e-01 3.288916647434234619e-01 6.467844843864440918e-01 9.974756836891174316e-02 7.827052474021911621e-01 2.662391364574432373e-01 7.029812932014465332e-01 2.029253244400024414e-01
4.870217144489288330e-01 2.159668803215026855e-01 5.064804553985595703e-01 3.288916647434234619e-01 6.467844843864440918e-01 1.121355295181274414e-01 4.863860011100769043e-01 5.997534990310668945e-01 4.471697807312011719e-01 6.603496670722961426e-01
5.276889801025390625e-01 5.867703557014465332e-01 5.064804553985595703e-01 3.288916647434234619e-01 3.939452171325683594e-01 1.552737038582563400e-02 1.040864437818527222e-01 7.407739162445068359e-01 3.256362378597259521e-01 2.468068152666091919e-01
7.347808480262756348e-01 5.567656755447387695e-01 5.064804553985595703e-01 3.288916647434234619e-01 6.467844843864440918e-01 1.486480981111526489e-01 5.143358707427978516e-01 2.662391364574432373e-01 3.256362378597259521e-01 8.010464310646057129e-01
5.178213119506835938e-01 3.881428241729736328e-01 5.064804553985595703e-01 3.288916647434234619e-01 6.467844843864440918e-01 2.337240129709243774e-01 3.369815349578857422e-01 5.986864566802978516e-01 7.029812932014465332e-01 5.981001257896423340e-01
8.171465992927551270e-01 6.406782865524291992e-01 5.064804553985595703e-01 3.288916647434234619e-01 3.939452171325683594e-01 6.118784099817276001e-02 2.094311267137527466e-01 3.611537516117095947e-01 3.256362378597259521e-01 7.154130935668945312e-01
7.347808480262756348e-01 5.567656755447387695e-01 5.064804553985595703e-01 3.288916647434234619e-01 3.678783476352691650e-01 1.048438325524330139e-01 3.968760073184967041e-01 5.986864566802978516e-01 5.614514350891113281e-01 5.642778277397155762e-01
6.357315182685852051e-01 5.567656755447387695e-01 5.064804553985595703e-01 3.288916647434234619e-01 6.467844843864440918e-01 2.379406243562698364e-01 9.047823399305343628e-02 5.986864566802978516e-01 3.256362378597259521e-01 5.183250308036804199e-01
7.347808480262756348e-01 5.567656755447387695e-01 5.064804553985595703e-01 3.288916647434234619e-01 3.678783476352691650e-01 1.735242009162902832e-01 6.851413846015930176e-01 5.986864566802978516e-01 5.614514350891113281e-01 8.988859057426452637e-01
6.340039968490600586e-01 6.406782865524291992e-01 5.064804553985595703e-01 3.288916647434234619e-01 3.678783476352691650e-01 1.127166301012039185e-02 1.752986609935760498e-01 7.407739162445068359e-01 3.256362378597259521e-01 3.500253260135650635e-01
6.357315182685852051e-01 5.567656755447387695e-01 5.064804553985595703e-01 3.288916647434234619e-01 3.678783476352691650e-01 6.544065475463867188e-02 5.047686100006103516e-01 5.986864566802978516e-01 3.256362378597259521e-01 7.924966812133789062e-01
7.347808480262756348e-01 5.567656755447387695e-01 5.064804553985595703e-01 3.288916647434234619e-01 3.678783476352691650e-01 1.582970321178436279e-01 2.505527436733245850e-01 7.407739162445068359e-01 3.256362378597259521e-01 7.524667382240295410e-01
8.250982165336608887e-01 5.567656755447387695e-01 5.064804553985595703e-01 3.288916647434234619e-01 3.678783476352691650e-01 8.876132369041442871e-01 7.419889569282531738e-01 5.986864566802978516e-01 7.029812932014465332e-01 2.283516675233840942e-01
8.651733398437500000e-01 6.406782865524291992e-01 7.249640226364135742e-01 3.288916647434234619e-01 3.678783476352691650e-01 9.585837721824645996e-01 6.851413846015930176e-01 7.407739162445068359e-01 5.614514350891113281e-01 4.547452926635742188e-01
8.122588992118835449e-01 7.792809009552001953e-01 7.249640226364135742e-01 3.288916647434234619e-01 6.015089750289916992e-01 4.414110779762268066e-01 4.803439676761627197e-01 5.986864566802978516e-01 3.256362378597259521e-01 7.662996053695678711e-01
7.992574572563171387e-01 5.567656755447387695e-01 5.064804553985595703e-01 7.459102272987365723e-01 7.439612746238708496e-01 5.787413120269775391e-01 9.369798302650451660e-01 7.407739162445068359e-01 5.614514350891113281e-01 8.649634122848510742e-01
8.470532298088073730e-01 7.792809009552001953e-01 7.249640226364135742e-01 7.459102272987365723e-01 7.439612746238708496e-01 6.802082061767578125e-01 9.091898202896118164e-01 7.407739162445068359e-01 7.029812932014465332e-01 5.997391343116760254e-01
9.235457181930541992e-01 4.613397419452667236e-01 7.249640226364135742e-01 7.459102272987365723e-01 7.439612746238708496e-01 9.272213578224182129e-01 6.530588865280151367e-01 5.986864566802978516e-01 5.614514350891113281e-01 8.971855044364929199e-01
7.968305349349975586e-01 6.739826798439025879e-01 7.249640226364135742e-01 7.459102272987365723e-01 7.439612746238708496e-01 6.716919541358947754e-01 8.133966922760009766e-01 4.501684904098510742e-01 5.614514350891113281e-01 7.204417586326599121e-01
8.017405271530151367e-01 7.792809009552001953e-01 7.249640226364135742e-01 4.341700375080108643e-01 6.015089750289916992e-01 8.859620094299316406e-01 3.830403387546539307e-01 2.662391364574432373e-01 5.580672025680541992e-01 7.757205367088317871e-01
5.812782049179077148e-01 3.881428241729736328e-01 5.064804553985595703e-01 7.459102272987365723e-01 7.439612746238708496e-01 1.960408836603164673e-01 9.480489492416381836e-01 2.662391364574432373e-01 7.029812932014465332e-01 4.011597931385040283e-01
4.229620397090911865e-01 6.406782865524291992e-01 3.348635435104370117e-01 7.459102272987365723e-01 7.439612746238708496e-01 1.686059683561325073e-01 8.694934248924255371e-01 2.662391364574432373e-01 5.580672025680541992e-01 6.870164871215820312e-01
6.786075830459594727e-01 3.881428241729736328e-01 3.348635435104370117e-01 3.288916647434234619e-01 3.678783476352691650e-01 9.881857633590698242e-01 4.511965215206146240e-01 2.662391364574432373e-01 5.580672025680541992e-01 1.593580693006515503e-01
6.863561868667602539e-01 3.881428241729736328e-01 3.348635435104370117e-01 3.288916647434234619e-01 3.678783476352691650e-01 6.018301844596862793e-01 7.695676088333129883e-01 5.986864566802978516e-01 5.580672025680541992e-01 5.208233594894409180e-01
8.165875673294067383e-01 5.567656755447387695e-01 5.064804553985595703e-01 3.288916647434234619e-01 6.467844843864440918e-01 3.833939731121063232e-01 7.146477103233337402e-01 5.986864566802978516e-01 7.029812932014465332e-01 6.703445315361022949e-01
6.714064478874206543e-01 3.881428241729736328e-01 3.348635435104370117e-01 3.288916647434234619e-01 6.467844843864440918e-01 3.672998249530792236e-01 4.719267785549163818e-01 5.986864566802978516e-01 7.029812932014465332e-01 3.006570339202880859e-01
8.592970967292785645e-01 7.792809009552001953e-01 5.000000000000000000e-01 3.288916647434234619e-01 6.467844843864440918e-01 6.301758289337158203e-01 8.880421519279479980e-01 5.986864566802978516e-01 4.471697807312011719e-01 2.390560507774353027e-01
7.536166310310363770e-01 7.792809009552001953e-01 5.064804553985595703e-01 3.288916647434234619e-01 6.467844843864440918e-01 6.745479106903076172e-01 7.266097068786621094e-01 2.662391364574432373e-01 5.614514350891113281e-01 8.757002949714660645e-01
8.122588992118835449e-01 7.792809009552001953e-01 7.249640226364135742e-01 3.288916647434234619e-01 3.939452171325683594e-01 4.666922390460968018e-01 7.894197106361389160e-01 2.662391364574432373e-01 5.580672025680541992e-01 8.786889314651489258e-01
7.315742373466491699e-01 7.792809009552001953e-01 5.064804553985595703e-01 3.288916647434234619e-01 6.015089750289916992e-01 3.088600635528564453e-01 5.263390541076660156e-01 4.638586938381195068e-01 5.614514350891113281e-01 6.280698776245117188e-01
1.763342171907424927e-01 3.881428241729736328e-01 3.348635435104370117e-01 3.288916647434234619e-01 3.678783476352691650e-01 1.538354903459548950e-01 2.973569929599761963e-01 4.638586938381195068e-01 5.614514350891113281e-01 1.873207092285156250e-01
8.771587014198303223e-01 6.406782865524291992e-01 3.348635435104370117e-01 3.288916647434234619e-01 3.678783476352691650e-01 4.896890223026275635e-01 6.062630414962768555e-01 4.638586938381195068e-01 5.614514350891113281e-01 5.466216206550598145e-01
5.988368391990661621e-01 3.881428241729736328e-01 3.348635435104370117e-01 3.288916647434234619e-01 3.678783476352691650e-01 6.062391996383666992e-01 3.455454111099243164e-01 4.638586938381195068e-01 4.471697807312011719e-01 5.648260712623596191e-01
8.181202411651611328e-01 6.406782865524291992e-01 5.064804553985595703e-01 3.288916647434234619e-01 6.467844843864440918e-01 8.646465539932250977e-01 3.136981725692749023e-01 4.260487258434295654e-01 7.029812932014465332e-01 5.135911107063293457e-01
9.137241244316101074e-01 7.792809009552001953e-01 5.064804553985595703e-01 3.288916647434234619e-01 3.678783476352691650e-01 2.792756855487823486e-01 8.635255694389343262e-01 5.997534990310668945e-01 5.614514350891113281e-01 3.866519033908843994e-01
7.346011400222778320e-01 6.406782865524291992e-01 7.249640226364135742e-01 6.087599992752075195e-01 6.467844843864440918e-01 3.489777147769927979e-01 2.652807533740997314e-01 4.260487258434295654e-01 7.029812932014465332e-01 8.551489710807800293e-01
8.181202411651611328e-01 7.792809009552001953e-01 5.064804553985595703e-01 3.288916647434234619e-01 6.015089750289916992e-01 6.775180250406265259e-02 2.094311267137527466e-01 4.260487258434295654e-01 5.614514350891113281e-01 4.118699431419372559e-01
7.346011400222778320e-01 6.406782865524291992e-01 3.348635435104370117e-01 3.288916647434234619e-01 3.678783476352691650e-01 9.037746787071228027e-01 5.220254063606262207e-01 5.997534990310668945e-01 3.256362378597259521e-01 8.648719787597656250e-01
5.627725720405578613e-01 3.881428241729736328e-01 5.064804553985595703e-01 3.288916647434234619e-01 3.678783476352691650e-01 1.920359134674072266e-01 1.857698410749435425e-01 4.260487258434295654e-01 7.029812932014465332e-01 1.661133170127868652e-01
6.355178356170654297e-01 6.406782865524291992e-01 5.000000000000000000e-01 6.087599992752075195e-01 3.678783476352691650e-01 2.360929548740386963e-02 2.777090370655059814e-01 4.260487258434295654e-01 3.256362378597259521e-01 8.613531589508056641e-01
7.346011400222778320e-01 6.406782865524291992e-01 3.348635435104370117e-01 6.087599992752075195e-01 6.015089750289916992e-01 9.445981979370117188e-01 6.160211563110351562e-01 4.260487258434295654e-01 4.471697807312011719e-01 7.168454527854919434e-01
6.291494369506835938e-01 6.406782865524291992e-01 5.064804553985595703e-01 6.087599992752075195e-01 3.678783476352691650e-01 2.118536084890365601e-02 6.252188086509704590e-01 5.986864566802978516e-01 7.029812932014465332e-01 8.465325832366943359e-01
7.536166310310363770e-01 7.792809009552001953e-01 5.064804553985595703e-01 6.087599992752075195e-01 6.467844843864440918e-01 3.249238943681120872e-03 5.571426749229431152e-01 7.407739162445068359e-01 7.029812932014465332e-01 8.706344962120056152e-01
7.346011400222778320e-01 6.406782865524291992e-01 7.249640226364135742e-01 6.087599992752075195e-01 6.467844843864440918e-01 3.044599480926990509e-02 5.808039903640747070e-01 7.407739162445068359e-01 7.029812932014465332e-01 6.417226195335388184e-01
8.181202411651611328e-01 6.406782865524291992e-01 3.348635435104370117e-01 6.087599992752075195e-01 6.467844843864440918e-01 3.841700777411460876e-02 3.976591229438781738e-01 4.260487258434295654e-01 5.614514350891113281e-01 2.451983988285064697e-01
6.340039968490600586e-01 6.406782865524291992e-01 3.348635435104370117e-01 6.087599992752075195e-01 3.678783476352691650e-01 2.753319591283798218e-02 6.784760951995849609e-01 4.638586938381195068e-01 4.471697807312011719e-01 8.423008322715759277e-01
7.226408720016479492e-01 3.881428241729736328e-01 5.064804553985595703e-01 3.288916647434234619e-01 6.467844843864440918e-01 8.959519863128662109e-02 5.100232362747192383e-01 2.662391364574432373e-01 7.029812932014465332e-01 6.862143278121948242e-01
6.502599120140075684e-01 6.406782865524291992e-01 5.000000000000000000e-01 3.288916647434234619e-01 3.678783476352691650e-01 7.321178168058395386e-02 1.668680906295776367e-01 2.662391364574432373e-01 5.614514350891113281e-01 2.268225699663162231e-01
