6.751816868782043457e-01 3.275303840637207031e-01 7.320786118507385254e-01 6.853294372558593750e-01 5.293136835098266602e-01 6.332662701606750488e-01 6.498956084251403809e-01 6.590852737426757812e-01 8.888259530067443848e-01 8.155988454818725586e-01
6.393717527389526367e-01 7.950227856636047363e-01 6.181941628456115723e-01 4.348106086254119873e-01 4.726164937019348145e-01 5.613381266593933105e-01 4.369494915008544922e-01 6.453191637992858887e-01 6.563467383384704590e-01 5.918784737586975098e-01
8.661537170410156250e-01 5.209857821464538574e-01 8.451589941978454590e-01 6.853294372558593750e-01 5.293136835098266602e-01 6.762182712554931641e-01 5.248231291770935059e-01 6.590852737426757812e-01 7.871759533882141113e-01 9.659010171890258789e-01
5.003312230110168457e-01 3.334172368049621582e-01 1.838720589876174927e-01 5.738039016723632812e-01 5.904559493064880371e-01 1.563901156187057495e-01 7.845442891120910645e-01 7.697784304618835449e-01 5.705456137657165527e-01 5.485394597053527832e-01
9.102398157119750977e-01 9.284980893135070801e-01 6.897450685501098633e-01 4.719074666500091553e-01 5.293136835098266602e-01 4.954970777034759521e-01 6.498956084251403809e-01 8.381392359733581543e-01 7.255093455314636230e-01 9.030032753944396973e-01
6.393717527389526367e-01 6.084666848182678223e-01 8.846908807754516602e-01 4.348106086254119873e-01 4.726164937019348145e-01 5.613381266593933105e-01 3.452252745628356934e-01 6.453191637992858887e-01 4.928881824016571045e-01 4.011737108230590820e-01
8.661537170410156250e-01 5.209857821464538574e-01 9.064621925354003906e-01 6.853294372558593750e-01 5.293136835098266602e-01 8.815381526947021484e-01 6.498956084251403809e-01 6.590852737426757812e-01 8.511588573455810547e-01 9.030032753944396973e-01
5.319830775260925293e-01 7.272570729255676270e-01 9.253797531127929688e-01 3.796820342540740967e-01 5.293136835098266602e-01 8.328037261962890625e-01 5.382013320922851562e-01 6.769950985908508301e-01 3.158513009548187256e-01 6.002129316329956055e-01
6.910373568534851074e-01 7.698235511779785156e-01 8.910128474235534668e-01 7.464920282363891602e-01 4.726164937019348145e-01 7.103503346443176270e-01 7.149080634117126465e-01 5.651721954345703125e-01 2.098665088415145874e-01 9.187356829643249512e-01
8.539066314697265625e-01 9.932487010955810547e-01 8.095251321792602539e-01 7.464912533760070801e-01 6.433451175689697266e-01 9.518901109695434570e-01 5.793944597244262695e-01 6.974509358406066895e-01 9.955413937568664551e-01 7.460083961486816406e-01
8.431591391563415527e-01 9.873020648956298828e-01 9.453374743461608887e-01 6.772484779357910156e-01 5.293136835098266602e-01 9.275721311569213867e-01 5.382013320922851562e-01 8.335685729980468750e-01 8.940705657005310059e-01 6.002129316329956055e-01
6.342063546180725098e-01 7.753446698188781738e-01 4.928771853446960449e-01 4.867691099643707275e-01 6.433451175689697266e-01 3.257144093513488770e-01 5.793944597244262695e-01 7.702207565307617188e-01 4.402534067630767822e-01 5.086370110511779785e-01
5.054116845130920410e-01 6.453067660331726074e-01 6.572390198707580566e-01 4.348106086254119873e-01 4.726164937019348145e-01 2.146094143390655518e-01 3.425027132034301758e-01 8.111476898193359375e-01 4.256145358085632324e-01 5.086370110511779785e-01
8.431591391563415527e-01 9.419554471969604492e-01 7.224483489990234375e-01 3.796820342540740967e-01 5.293136835098266602e-01 9.008191227912902832e-01 5.382013320922851562e-01 7.594883441925048828e-01 8.915686607360839844e-01 6.002129316329956055e-01
8.793022036552429199e-01 4.950254261493682861e-01 9.137089848518371582e-01 4.348106086254119873e-01 4.726164937019348145e-01 8.244196176528930664e-01 5.793944597244262695e-01 7.484922409057617188e-01 6.992213129997253418e-01 7.829405069351196289e-01
6.996670961380004883e-01 7.877241373062133789e-01 9.298843741416931152e-01 3.663725554943084717e-01 2.598971426486968994e-01 2.981213629245758057e-01 4.668914973735809326e-01 6.128826737403869629e-01 2.025674879550933838e-01 7.743213772773742676e-01
9.594414830207824707e-01 9.641264677047729492e-01 9.775350093841552734e-01 7.464920282363891602e-01 4.726164937019348145e-01 8.185464143753051758e-01 4.668914973735809326e-01 7.484922409057617188e-01 3.685689866542816162e-01 6.848872900009155273e-01
7.111120820045471191e-01 8.059244155883789062e-01 9.594520330429077148e-01 4.348106086254119873e-01 4.726164937019348145e-01 2.806656956672668457e-01 3.425027132034301758e-01 6.425270438194274902e-01 4.713266789913177490e-01 5.086370110511779785e-01
2.471125125885009766e-01 4.817510545253753662e-01 5.566084980964660645e-01 4.348106086254119873e-01 4.726164937019348145e-01 4.285089671611785889e-01 5.793944597244262695e-01 8.111476898193359375e-01 1.139654442667961121e-01 7.766502499580383301e-01
7.171424031257629395e-01 8.319393396377563477e-01 4.015456140041351318e-01 7.464912533760070801e-01 6.433451175689697266e-01 9.478502273559570312e-01 4.711828529834747314e-01 7.980741858482360840e-01 9.649946689605712891e-01 6.533927321434020996e-01
2.471125125885009766e-01 3.255237340927124023e-01 6.195190548896789551e-01 4.348106086254119873e-01 4.726164937019348145e-01 4.442334771156311035e-01 4.564929604530334473e-01 4.848215878009796143e-01 1.779056936502456665e-01 8.744790554046630859e-01
2.471125125885009766e-01 4.132842719554901123e-01 2.219019643962383270e-02 4.348106086254119873e-01 4.726164937019348145e-01 1.320303380489349365e-01 2.848231792449951172e-01 3.723874390125274658e-01 2.929867804050445557e-01 7.708987593650817871e-01
5.328335165977478027e-01 7.097626328468322754e-01 6.046350002288818359e-01 6.853294372558593750e-01 5.293136835098266602e-01 7.850285172462463379e-01 4.711828529834747314e-01 4.999904036521911621e-01 8.512094616889953613e-01 8.880923986434936523e-01
5.062656402587890625e-01 7.499220967292785645e-01 8.773718774318695068e-02 4.867691099643707275e-01 6.433451175689697266e-01 9.045588970184326172e-01 6.498956084251403809e-01 8.001008033752441406e-01 7.889353036880493164e-01 6.435740590095520020e-01
4.701696932315826416e-01 2.385503500699996948e-01 4.224961102008819580e-01 4.348106086254119873e-01 4.726164937019348145e-01 5.613381266593933105e-01 4.369494915008544922e-01 7.544516921043395996e-01 7.253589034080505371e-01 6.793003678321838379e-01
7.505028247833251953e-01 3.255237340927124023e-01 7.936155200004577637e-01 4.348106086254119873e-01 4.726164937019348145e-01 5.613381266593933105e-01 4.369494915008544922e-01 2.232816815376281738e-01 7.867677211761474609e-01 6.793003678321838379e-01
2.439340800046920776e-01 1.751718372106552124e-01 1.497489959001541138e-01 5.738039016723632812e-01 5.904559493064880371e-01 1.320303380489349365e-01 7.210031151771545410e-01 4.364082515239715576e-01 2.171024382114410400e-01 4.117912650108337402e-01
6.524568796157836914e-01 3.346709907054901123e-01 6.789242625236511230e-01 4.867691099643707275e-01 6.433451175689697266e-01 5.414229631423950195e-01 4.711828529834747314e-01 9.289158582687377930e-01 6.517421603202819824e-01 5.663001537322998047e-01
8.436104059219360352e-01 7.097626328468322754e-01 9.574802517890930176e-01 6.772484779357910156e-01 5.293136835098266602e-01 4.803302884101867676e-01 4.711828529834747314e-01 3.037303388118743896e-01 7.212863564491271973e-01 7.133771181106567383e-01
4.292430281639099121e-01 3.255237340927124023e-01 3.300723731517791748e-01 4.867691099643707275e-01 6.433451175689697266e-01 8.542861938476562500e-01 2.848231792449951172e-01 5.221348404884338379e-01 2.107851654291152954e-01 1.681294888257980347e-01
2.356493473052978516e-01 3.255237340927124023e-01 3.242850303649902344e-01 4.348106086254119873e-01 4.726164937019348145e-01 5.369271039962768555e-01 4.564929604530334473e-01 5.952740311622619629e-01 3.048630952835083008e-01 2.051865309476852417e-01
8.436104059219360352e-01 7.097626328468322754e-01 4.356322586536407471e-01 6.772484779357910156e-01 5.293136835098266602e-01 6.377748250961303711e-01 2.848897874355316162e-01 3.037303388118743896e-01 5.487073063850402832e-01 6.788936257362365723e-01
6.787266731262207031e-01 6.420952081680297852e-01 7.229154109954833984e-01 3.796820342540740967e-01 5.293136835098266602e-01 2.508057057857513428e-01 4.625599980354309082e-01 6.769950985908508301e-01 4.698974192142486572e-01 6.341693401336669922e-01
8.612752556800842285e-01 8.018348217010498047e-01 8.745803236961364746e-01 7.464920282363891602e-01 2.413232922554016113e-01 7.720387578010559082e-01 6.911095976829528809e-01 5.318474769592285156e-01 6.020429730415344238e-01 9.086008071899414062e-01
6.787266731262207031e-01 4.205504059791564941e-01 9.444136619567871094e-01 6.772484779357910156e-01 5.293136835098266602e-01 6.180812120437622070e-01 6.947472691535949707e-01 7.594883441925048828e-01 5.416762232780456543e-01 6.341693401336669922e-01
9.157068133354187012e-01 7.824680805206298828e-01 9.454442262649536133e-01 7.464912533760070801e-01 6.433451175689697266e-01 9.008302688598632812e-01 8.506776690483093262e-01 9.481000304222106934e-01 7.920095324516296387e-01 9.579131007194519043e-01
9.594414830207824707e-01 8.841760754585266113e-01 9.683517813682556152e-01 7.464920282363891602e-01 5.904559493064880371e-01 8.646638989448547363e-01 4.668914973735809326e-01 6.617074012756347656e-01 7.757831811904907227e-01 6.848872900009155273e-01
9.313245415687561035e-01 7.346140742301940918e-01 7.949343323707580566e-01 7.464920282363891602e-01 4.726164937019348145e-01 9.172161817550659180e-01 7.149080634117126465e-01 8.111476898193359375e-01 2.987090647220611572e-01 7.743213772773742676e-01
4.432872235774993896e-01 8.862316608428955078e-01 7.942035794258117676e-01 5.738039016723632812e-01 5.904559493064880371e-01 8.433458805084228516e-01 7.961478829383850098e-01 4.842385649681091309e-01 9.548534154891967773e-01 9.626067876815795898e-01
6.519248485565185547e-01 6.844870448112487793e-01 8.561180233955383301e-01 5.738039016723632812e-01 4.726164937019348145e-01 9.012500047683715820e-01 6.220815181732177734e-01 7.484922409057617188e-01 7.146963477134704590e-01 7.973594665527343750e-01
7.165122032165527344e-01 8.059244155883789062e-01 8.987517952919006348e-01 4.348106086254119873e-01 4.726164937019348145e-01 5.050041079521179199e-01 6.220815181732177734e-01 8.111476898193359375e-01 6.829630136489868164e-01 6.774645447731018066e-01
5.112273693084716797e-01 8.873555660247802734e-01 6.606124043464660645e-01 4.348106086254119873e-01 4.726164937019348145e-01 8.451750874519348145e-01 6.220815181732177734e-01 6.754258871078491211e-01 5.621005296707153320e-01 6.774645447731018066e-01
6.524568796157836914e-01 8.914247155189514160e-01 8.764995932579040527e-01 7.464912533760070801e-01 6.433451175689697266e-01 7.698599696159362793e-01 5.139579176902770996e-01 9.481000304222106934e-01 7.346739172935485840e-01 5.541456937789916992e-01
5.100868940353393555e-01 9.272071123123168945e-01 3.405290246009826660e-01 7.464920282363891602e-01 4.726164937019348145e-01 9.414250254631042480e-01 3.209480047225952148e-01 7.403147220611572266e-01 7.889759540557861328e-01 2.161427289247512817e-01
3.987387418746948242e-01 4.658830463886260986e-01 5.630679130554199219e-01 5.738039016723632812e-01 5.904559493064880371e-01 3.470825552940368652e-01 2.714109420776367188e-01 2.136653661727905273e-01 2.155988067388534546e-01 4.655734896659851074e-01
6.925570964813232422e-01 7.649231553077697754e-01 4.901596605777740479e-01 6.853294372558593750e-01 5.293136835098266602e-01 8.786277770996093750e-01 7.766791582107543945e-01 4.075766801834106445e-01 1.416607946157455444e-01 7.210754156112670898e-01
1.611456722021102905e-01 8.037248253822326660e-01 6.148402690887451172e-01 1.955610066652297974e-01 5.293136835098266602e-01 1.853760927915573120e-01 5.139579176902770996e-01 8.335685729980468750e-01 5.337647795677185059e-01 4.106885790824890137e-01
9.336848258972167969e-01 8.914247155189514160e-01 9.091949462890625000e-01 7.464912533760070801e-01 6.433451175689697266e-01 8.921631574630737305e-01 4.427803754806518555e-01 9.666377305984497070e-01 9.204005599021911621e-01 8.326708674430847168e-01
3.174104690551757812e-01 9.641264677047729492e-01 9.352310299873352051e-01 7.464920282363891602e-01 5.904559493064880371e-01 8.014985322952270508e-01 3.209480047225952148e-01 8.237622380256652832e-01 8.241431117057800293e-01 1.269841194152832031e-01
5.034482479095458984e-01 8.588801622390747070e-01 6.974787712097167969e-01 6.772484779357910156e-01 5.293136835098266602e-01 8.929644227027893066e-01 7.149080634117126465e-01 5.692374706268310547e-01 5.092949271202087402e-01 6.788936257362365723e-01
1.007943600416183472e-01 6.420952081680297852e-01 7.229154109954833984e-01 3.796820342540740967e-01 3.227515518665313721e-01 3.914800584316253662e-01 4.668914973735809326e-01 7.433241009712219238e-01 7.197921276092529297e-01 2.502242326736450195e-01
1.999158263206481934e-01 5.411822199821472168e-01 9.297770857810974121e-01 5.738039016723632812e-01 5.904559493064880371e-01 2.790232002735137939e-01 3.209480047225952148e-01 8.237622380256652832e-01 6.981108784675598145e-01 3.406636714935302734e-01
2.471125125885009766e-01 5.307130217552185059e-01 7.365821003913879395e-01 4.348106086254119873e-01 4.726164937019348145e-01 4.530259072780609131e-01 3.425027132034301758e-01 7.484922409057617188e-01 8.462744355201721191e-01 7.406715154647827148e-01
4.704662561416625977e-01 5.563321709632873535e-01 5.227363109588623047e-01 4.348106086254119873e-01 4.726164937019348145e-01 6.704958677291870117e-01 3.064864575862884521e-01 2.898850739002227783e-01 1.644666343927383423e-01 4.030463993549346924e-01
1.078527122735977173e-01 1.352059990167617798e-01 7.805114239454269409e-02 5.738039016723632812e-01 5.904559493064880371e-01 6.545475721359252930e-01 1.908145397901535034e-01 4.469451606273651123e-01 6.896035373210906982e-02 1.330502629280090332e-01
2.528022527694702148e-01 5.933848619461059570e-01 3.276968300342559814e-01 4.348106086254119873e-01 4.726164937019348145e-01 2.266194671392440796e-01 6.965849995613098145e-01 2.898850739002227783e-01 6.701295822858810425e-02 2.782720923423767090e-01
5.902829170227050781e-01 2.822221517562866211e-01 2.133825421333312988e-01 4.439916610717773438e-01 5.293136835098266602e-01 8.890845775604248047e-01 3.366091251373291016e-01 2.308441847562789917e-01 1.261954158544540405e-01 5.733846426010131836e-01
9.336848258972167969e-01 7.602204084396362305e-01 7.567316293716430664e-02 7.464912533760070801e-01 6.433451175689697266e-01 6.121787428855895996e-01 3.366091251373291016e-01 7.336010932922363281e-01 4.279659986495971680e-01 3.730983734130859375e-01
2.048144340515136719e-01 1.352059990167617798e-01 1.902696788311004639e-01 5.738039016723632812e-01 5.904559493064880371e-01 4.072165191173553467e-01 1.908145397901535034e-01 3.075966835021972656e-01 1.443086564540863037e-01 1.228143647313117981e-01
2.528022527694702148e-01 5.933848619461059570e-01 3.323924541473388672e-01 4.348106086254119873e-01 4.726164937019348145e-01 2.266194671392440796e-01 6.965849995613098145e-01 2.898850739002227783e-01 4.127795994281768799e-02 7.166481018066406250e-02
5.902829170227050781e-01 7.649231553077697754e-01 9.558657407760620117e-01 1.955610066652297974e-01 5.293136835098266602e-01 7.678071856498718262e-01 6.253785490989685059e-01 3.225025534629821777e-01 8.741612434387207031e-01 7.031841278076171875e-01
5.902829170227050781e-01 9.351347088813781738e-01 8.787631392478942871e-01 3.796820342540740967e-01 5.293136835098266602e-01 6.840694546699523926e-01 5.382013320922851562e-01 8.335685729980468750e-01 8.762059211730957031e-01 7.031841278076171875e-01
3.434349000453948975e-01 8.059244155883789062e-01 9.269809126853942871e-01 5.738039016723632812e-01 4.726164937019348145e-01 4.721062183380126953e-01 3.209480047225952148e-01 5.546436905860900879e-01 2.047645598649978638e-01 6.585046648979187012e-01
1.999158263206481934e-01 3.125674724578857422e-01 6.691102981567382812e-01 5.738039016723632812e-01 4.726164937019348145e-01 8.097491264343261719e-01 3.209480047225952148e-01 7.484922409057617188e-01 7.530301809310913086e-01 7.406715154647827148e-01
2.471125125885009766e-01 3.149780631065368652e-01 2.341823130846023560e-01 2.165812849998474121e-01 2.598971426486968994e-01 1.155718863010406494e-01 1.935569643974304199e-01 2.383968681097030640e-01 2.486577257513999939e-02 5.769558548927307129e-01
7.036242485046386719e-01 4.658830463886260986e-01 4.996304810047149658e-01 4.348106086254119873e-01 4.726164937019348145e-01 8.577875494956970215e-01 3.828468918800354004e-01 3.704358637332916260e-01 4.833178222179412842e-02 7.315686345100402832e-02
3.967092633247375488e-01 8.588801622390747070e-01 9.706701636314392090e-01 1.955610066652297974e-01 5.293136835098266602e-01 5.973537564277648926e-01 7.149080634117126465e-01 5.692374706268310547e-01 8.773723840713500977e-01 5.258820652961730957e-01
9.336848258972167969e-01 9.728597998619079590e-01 7.363116145133972168e-01 7.464912533760070801e-01 6.433451175689697266e-01 4.724526107311248779e-01 3.209480047225952148e-01 8.984834551811218262e-01 6.107649207115173340e-01 5.419048666954040527e-01
6.903504133224487305e-01 9.129106402397155762e-01 7.935823202133178711e-01 7.464912533760070801e-01 3.227515518665313721e-01 8.398910760879516602e-01 6.946786642074584961e-01 2.782510817050933838e-01 1.422160565853118896e-01 8.019406795501708984e-01
8.836080431938171387e-01 9.668439626693725586e-01 9.033626317977905273e-01 6.772484779357910156e-01 5.293136835098266602e-01 3.011895120143890381e-01 4.384885132312774658e-01 6.047319173812866211e-01 3.303509652614593506e-01 8.031547069549560547e-01
9.090212583541870117e-01 8.588801622390747070e-01 9.207050204277038574e-01 3.796820342540740967e-01 5.293136835098266602e-01 8.127776980400085449e-01 4.625599980354309082e-01 6.769950985908508301e-01 4.055035114288330078e-01 6.341693401336669922e-01
6.989866495132446289e-01 9.380145668983459473e-01 9.568206071853637695e-01 7.464912533760070801e-01 3.227515518665313721e-01 9.075978994369506836e-01 7.550172805786132812e-01 7.433241009712219238e-01 3.136831223964691162e-01 7.903707027435302734e-01
2.718486189842224121e-01 6.837110966444015503e-02 2.554691731929779053e-01 2.959511578083038330e-01 4.763382375240325928e-01 5.927175283432006836e-01 1.908145397901535034e-01 1.948947906494140625e-01 7.546360790729522705e-02 5.088675618171691895e-01
2.397283166646957397e-01 1.504592895507812500e-01 2.075854092836380005e-01 2.959511578083038330e-01 2.314778715372085571e-01 4.114339053630828857e-01 1.908145397901535034e-01 3.075966835021972656e-01 7.320343703031539917e-02 2.351418435573577881e-01
1.306044012308120728e-01 3.278516232967376709e-01 3.226558119058609009e-02 2.959511578083038330e-01 2.314778715372085571e-01 2.294205427169799805e-01 1.908145397901535034e-01 8.660075813531875610e-02 1.135923862457275391e-01 1.380533725023269653e-01
3.566688299179077148e-01 2.295637875795364380e-01 6.750369071960449219e-01 4.719074666500091553e-01 5.293136835098266602e-01 5.888683721423149109e-02 1.913000792264938354e-01 2.308441847562789917e-01 2.158871740102767944e-01 5.961104631423950195e-01
9.353028535842895508e-01 9.070328474044799805e-01 6.364368796348571777e-01 4.439916610717773438e-01 6.433451175689697266e-01 7.208961844444274902e-01 1.913000792264938354e-01 3.225025534629821777e-01 1.584273129701614380e-01 7.094662785530090332e-01
8.033288717269897461e-01 8.588801622390747070e-01 5.310741662979125977e-01 1.955610066652297974e-01 5.293136835098266602e-01 2.295139878988265991e-01 6.946786642074584961e-01 8.335685729980468750e-01 6.364394426345825195e-01 6.788936257362365723e-01
8.068153858184814453e-01 2.626287937164306641e-01 4.778971970081329346e-01 2.165812849998474121e-01 2.598971426486968994e-01 1.083314344286918640e-01 1.848681867122650146e-01 4.352851584553718567e-02 2.956754900515079498e-02 1.026175916194915771e-01
2.471125125885009766e-01 3.979586362838745117e-01 6.212916374206542969e-01 4.348106086254119873e-01 4.726164937019348145e-01 9.710354357957839966e-02 1.848681867122650146e-01 2.898850739002227783e-01 7.093740999698638916e-02 2.118150889873504639e-01
2.471125125885009766e-01 6.894577741622924805e-01 6.363134980201721191e-01 4.348106086254119873e-01 4.726164937019348145e-01 2.403045743703842163e-01 4.273127019405364990e-01 2.898850739002227783e-01 1.423665583133697510e-01 8.026353269815444946e-02
6.524568796157836914e-01 9.504082202911376953e-01 9.091904759407043457e-01 4.867691099643707275e-01 6.433451175689697266e-01 8.304126858711242676e-01 4.273127019405364990e-01 6.345332860946655273e-01 4.146392047405242920e-01 2.745060324668884277e-01
2.471125125885009766e-01 9.332311153411865234e-02 9.604883939027786255e-02 4.348106086254119873e-01 4.726164937019348145e-01 1.529549658298492432e-01 9.662613272666931152e-02 7.021523267030715942e-02 2.053322643041610718e-01 4.069066420197486877e-02
5.967423915863037109e-01 5.792438387870788574e-01 3.050974309444427490e-01 4.867691099643707275e-01 6.433451175689697266e-01 7.332787513732910156e-01 1.930952072143554688e-01 5.366861820220947266e-01 3.069018423557281494e-01 3.610945940017700195e-01
2.059924006462097168e-01 4.690066576004028320e-01 4.751203060150146484e-01 3.796820342540740967e-01 5.293136835098266602e-01 4.689210951328277588e-01 4.711828529834747314e-01 1.744729727506637573e-01 6.843866109848022461e-01 7.031841278076171875e-01
2.634133100509643555e-01 5.407691001892089844e-01 2.024032175540924072e-01 3.796820342540740967e-01 5.293136835098266602e-01 1.526343822479248047e-01 4.711828529834747314e-01 4.089420139789581299e-01 7.295680642127990723e-01 8.326708674430847168e-01
9.336848258972167969e-01 8.914247155189514160e-01 8.772233724594116211e-01 7.464912533760070801e-01 6.433451175689697266e-01 6.486601233482360840e-01 4.668914973735809326e-01 9.666377305984497070e-01 8.886289000511169434e-01 8.326708674430847168e-01
9.594414830207824707e-01 7.602747082710266113e-01 9.692364931106567383e-01 7.464920282363891602e-01 5.904559493064880371e-01 4.908717870712280273e-01 4.668914973735809326e-01 8.237622380256652832e-01 7.906451225280761719e-01 4.176650047302246094e-01
1.956537067890167236e-01 7.463687658309936523e-01 1.293750405311584473e-01 7.464920282363891602e-01 5.904559493064880371e-01 9.279513955116271973e-01 2.875058948993682861e-01 3.072801828384399414e-01 3.991465568542480469e-01 4.857284426689147949e-01
8.836080431938171387e-01 8.588801622390747070e-01 7.518321871757507324e-01 6.772484779357910156e-01 5.293136835098266602e-01 8.929644227027893066e-01 4.384885132312774658e-01 7.594883441925048828e-01 6.678102612495422363e-01 6.341693401336669922e-01
6.187231540679931641e-01 8.037248253822326660e-01 9.222778081893920898e-01 3.796820342540740967e-01 3.227515518665313721e-01 2.032608091831207275e-01 8.506776690483093262e-01 7.433241009712219238e-01 6.025142073631286621e-01 3.917458057403564453e-01
8.582906723022460938e-01 9.349336624145507812e-01 9.495790600776672363e-01 7.464920282363891602e-01 4.726164937019348145e-01 5.218762755393981934e-01 7.621764540672302246e-01 2.204853743314743042e-01 7.757831811904907227e-01 9.086008071899414062e-01
3.987387418746948242e-01 2.766672968864440918e-01 3.404511213302612305e-01 5.738039016723632812e-01 5.904559493064880371e-01 2.654649615287780762e-01 3.828468918800354004e-01 6.241010427474975586e-01 6.358807682991027832e-01 1.892486065626144409e-01
3.525994420051574707e-01 6.797627210617065430e-01 5.442356467247009277e-01 1.955610066652297974e-01 5.293136835098266602e-01 7.442221045494079590e-02 7.822248935699462891e-01 6.456524729728698730e-01 3.381402194499969482e-01 6.350875496864318848e-01
8.033288717269897461e-01 8.588801622390747070e-01 5.715861916542053223e-01 3.796820342540740967e-01 5.293136835098266602e-01 7.468989491462707520e-01 4.427803754806518555e-01 8.335685729980468750e-01 7.076688408851623535e-01 6.788936257362365723e-01
7.594308853149414062e-01 8.841760754585266113e-01 8.977971673011779785e-01 7.464920282363891602e-01 4.726164937019348145e-01 7.720387578010559082e-01 6.878143548965454102e-01 7.484922409057617188e-01 4.464593529701232910e-01 9.086008071899414062e-01
4.280022680759429932e-01 7.877241373062133789e-01 8.279270529747009277e-01 7.464920282363891602e-01 4.726164937019348145e-01 8.014985322952270508e-01 4.668914973735809326e-01 8.111476898193359375e-01 5.352156758308410645e-01 8.471675515174865723e-01
9.336848258972167969e-01 9.680533409118652344e-01 9.768925905227661133e-01 1.955610066652297974e-01 5.293136835098266602e-01 8.062400817871093750e-01 5.382013320922851562e-01 7.594883441925048828e-01 9.411027431488037109e-01 7.366899847984313965e-01
5.454551577568054199e-01 6.906307935714721680e-01 1.195942535996437073e-01 5.738039016723632812e-01 5.904559493064880371e-01 3.127419948577880859e-01 5.925443172454833984e-01 4.842385649681091309e-01 9.102134108543395996e-01 9.268399477005004883e-01
4.864543676376342773e-01 3.794332742691040039e-01 4.089962840080261230e-01 4.348106086254119873e-01 4.726164937019348145e-01 2.489560246467590332e-01 7.221171259880065918e-01 2.898850739002227783e-01 6.661930680274963379e-02 6.095776706933975220e-02
6.508778929710388184e-01 7.649231553077697754e-01 8.561049699783325195e-01 1.955610066652297974e-01 5.293136835098266602e-01 6.238681077957153320e-01 7.822248935699462891e-01 2.308441847562789917e-01 5.216765999794006348e-01 2.524299621582031250e-01
6.946584582328796387e-01 7.527489066123962402e-01 6.372916102409362793e-01 7.464920282363891602e-01 5.904559493064880371e-01 4.779476225376129150e-01 4.334422945976257324e-01 1.296108663082122803e-01 4.124698415398597717e-02 1.864837855100631714e-01
9.364024996757507324e-01 5.222338438034057617e-01 8.819414675235748291e-02 7.109471559524536133e-01 6.433451175689697266e-01 8.673470616340637207e-01 5.076022744178771973e-01 7.831650972366333008e-01 9.270651340484619141e-01 5.807523131370544434e-01
5.030466318130493164e-01 4.025935232639312744e-01 5.875900983810424805e-01 4.439916610717773438e-01 5.293136835098266602e-01 2.613479495048522949e-01 2.839521467685699463e-01 2.322386354207992554e-01 7.463362812995910645e-01 5.539921522140502930e-01
8.033288717269897461e-01 8.037248253822326660e-01 8.669121861457824707e-01 1.955610066652297974e-01 5.293136835098266602e-01 6.682011485099792480e-02 4.427803754806518555e-01 8.335685729980468750e-01 9.452829360961914062e-01 8.326708674430847168e-01
8.836080431938171387e-01 8.588801622390747070e-01 9.720537662506103516e-01 3.796820342540740967e-01 5.293136835098266602e-01 6.056149005889892578e-01 4.625599980354309082e-01 6.047319173812866211e-01 7.879591584205627441e-01 6.341693401336669922e-01
3.792703747749328613e-01 1.985598802566528320e-01 2.618892192840576172e-01 4.348106086254119873e-01 4.726164937019348145e-01 2.201921194791793823e-01 1.935569643974304199e-01 3.767580687999725342e-01 5.297268629074096680e-01 3.862152695655822754e-01
2.471125125885009766e-01 9.332311153411865234e-02 6.167597696185112000e-02 4.348106086254119873e-01 4.726164937019348145e-01 1.331652253866195679e-01 9.662613272666931152e-02 1.998016536235809326e-01 1.139654442667961121e-01 6.895056962966918945e-01
2.048144340515136719e-01 5.146651342511177063e-02 6.724776029586791992e-01 5.738039016723632812e-01 5.904559493064880371e-01 5.745814740657806396e-02 2.476146519184112549e-01 2.136653661727905273e-01 2.957935631275177002e-01 8.469458669424057007e-02
7.165122032165527344e-01 3.793936073780059814e-01 4.418206214904785156e-02 6.691475510597229004e-01 6.433451175689697266e-01 1.613312512636184692e-01 3.326895833015441895e-01 2.269556671380996704e-01 3.580740392208099365e-01 5.755733847618103027e-01
5.615835189819335938e-01 1.066508144140243530e-01 3.288316130638122559e-01 5.738039016723632812e-01 5.904559493064880371e-01 5.920845866203308105e-01 2.714109420776367188e-01 1.153776422142982483e-01 1.627205908298492432e-01 7.315686345100402832e-02
9.353028535842895508e-01 9.057310223579406738e-01 2.274399846792221069e-01 1.955610066652297974e-01 5.293136835098266602e-01 9.007941186428070068e-02 5.060285329818725586e-01 4.499114453792572021e-01 6.700383424758911133e-01 5.961104631423950195e-01
8.109021782875061035e-01 5.907679200172424316e-01 9.188530445098876953e-01 4.348106086254119873e-01 4.726164937019348145e-01 2.557360231876373291e-01 8.520039916038513184e-01 6.409677863121032715e-01 8.162412047386169434e-01 4.253137111663818359e-01
7.165122032165527344e-01 4.321396350860595703e-01 4.311197698116302490e-01 4.348106086254119873e-01 4.726164937019348145e-01 1.170923188328742981e-01 5.572045445442199707e-01 5.266197919845581055e-01 5.791646242141723633e-01 7.669715881347656250e-01
7.761871814727783203e-01 4.690066576004028320e-01 3.948565721511840820e-01 6.853294372558593750e-01 5.293136835098266602e-01 5.426453351974487305e-01 4.711828529834747314e-01 4.999904036521911621e-01 2.950742244720458984e-01 8.754078745841979980e-01
2.048144340515136719e-01 5.485334992408752441e-01 1.646878272294998169e-01 5.738039016723632812e-01 5.904559493064880371e-01 1.563901156187057495e-01 7.198183536529541016e-01 5.505452752113342285e-01 1.941112726926803589e-01 3.659876286983489990e-01
2.528022527694702148e-01 6.230788826942443848e-01 2.914773821830749512e-01 4.348106086254119873e-01 4.726164937019348145e-01 2.212965041399002075e-01 5.264565944671630859e-01 5.295433402061462402e-01 4.500246942043304443e-01 5.918784737586975098e-01
6.023063063621520996e-01 7.086844444274902344e-01 5.119797587394714355e-01 6.853294372558593750e-01 5.293136835098266602e-01 3.542883694171905518e-01 6.376338601112365723e-01 4.789139032363891602e-01 7.474812865257263184e-01 7.210754156112670898e-01
7.505028247833251953e-01 5.907679200172424316e-01 8.699005246162414551e-01 4.348106086254119873e-01 4.726164937019348145e-01 7.959366440773010254e-01 5.359013676643371582e-01 6.409677863121032715e-01 8.658876419067382812e-01 5.918784737586975098e-01
8.755580782890319824e-01 8.473995327949523926e-01 3.373499512672424316e-01 7.464912533760070801e-01 6.433451175689697266e-01 8.355575799942016602e-01 6.274411082267761230e-01 8.272081017494201660e-01 7.255093455314636230e-01 7.210754156112670898e-01
3.513684272766113281e-01 4.321396350860595703e-01 6.605567336082458496e-01 5.738039016723632812e-01 5.904559493064880371e-01 3.180322051048278809e-01 6.458062529563903809e-01 5.505452752113342285e-01 6.627979278564453125e-01 6.899740695953369141e-01
5.515891909599304199e-01 3.901758790016174316e-01 9.177644848823547363e-01 3.663725554943084717e-01 2.598971426486968994e-01 4.254163801670074463e-01 6.274411082267761230e-01 2.908087968826293945e-01 2.325952202081680298e-01 3.325258195400238037e-01
3.291485011577606201e-01 5.907679200172424316e-01 9.720946550369262695e-01 4.348106086254119873e-01 4.726164937019348145e-01 6.498934030532836914e-01 5.264565944671630859e-01 3.528935909271240234e-01 5.472937226295471191e-02 7.669715881347656250e-01
8.755580782890319824e-01 8.372052907943725586e-01 9.912521243095397949e-01 6.691475510597229004e-01 6.433451175689697266e-01 6.552894115447998047e-01 6.498956084251403809e-01 8.299011588096618652e-01 3.656843900680541992e-01 8.155988454818725586e-01
1.312703043222427368e-01 2.275254577398300171e-01 2.993588447570800781e-01 4.348106086254119873e-01 4.726164937019348145e-01 2.078962326049804688e-01 3.235686421394348145e-01 6.487994194030761719e-01 1.946691274642944336e-01 5.227280259132385254e-01
3.139029443264007568e-01 2.898971140384674072e-01 2.925568819046020508e-01 5.738039016723632812e-01 5.904559493064880371e-01 9.021009504795074463e-02 3.235686421394348145e-01 5.820629596710205078e-01 3.821396231651306152e-01 3.977192640304565430e-01
2.116117030382156372e-01 6.230788826942443848e-01 1.233670487999916077e-01 4.348106086254119873e-01 4.726164937019348145e-01 5.323382019996643066e-01 5.264565944671630859e-01 4.352855980396270752e-01 9.053123593330383301e-01 3.977192640304565430e-01
5.966605544090270996e-01 8.423667550086975098e-01 8.230671286582946777e-01 1.955610066652297974e-01 5.293136835098266602e-01 1.340571790933609009e-01 2.737131118774414062e-01 4.528164565563201904e-01 7.551854252815246582e-01 5.961104631423950195e-01
