6.357463598251342773e-01 6.460907459259033203e-01 5.362751483917236328e-01 5.666475296020507812e-01 7.959145307540893555e-01 5.908076167106628418e-01 6.127344369888305664e-01 5.282908082008361816e-01 4.796750843524932861e-01 4.833930730819702148e-01
6.357463598251342773e-01 5.161705017089843750e-01 5.362751483917236328e-01 5.364592671394348145e-01 4.455205798149108887e-01 7.647880315780639648e-01 6.127344369888305664e-01 6.308526396751403809e-01 4.796750843524932861e-01 5.271134376525878906e-01
6.357463598251342773e-01 3.779255151748657227e-01 5.756580829620361328e-01 4.519300460815429688e-01 4.377361834049224854e-01 5.150402188301086426e-01 6.127344369888305664e-01 6.308526396751403809e-01 4.308662712574005127e-01 6.075292825698852539e-01
6.357463598251342773e-01 5.161705017089843750e-01 5.362751483917236328e-01 5.364592671394348145e-01 4.058477580547332764e-01 7.567104697227478027e-01 6.127344369888305664e-01 6.308526396751403809e-01 4.727329313755035400e-01 5.952540040016174316e-01
6.580328345298767090e-01 3.779255151748657227e-01 5.756580829620361328e-01 4.168925583362579346e-01 2.500173449516296387e-01 4.140964150428771973e-01 6.127344369888305664e-01 4.597431123256683350e-01 5.023174285888671875e-01 6.075292825698852539e-01
6.580328345298767090e-01 5.791962146759033203e-01 6.964474916458129883e-01 7.771694660186767578e-01 3.903525769710540771e-01 6.105967164039611816e-01 5.856837630271911621e-01 4.597431123256683350e-01 4.992087483406066895e-01 7.228073477745056152e-01
6.357463598251342773e-01 8.148676156997680664e-01 5.544214844703674316e-01 4.939370453357696533e-01 5.270205140113830566e-01 7.567104697227478027e-01 6.861534118652343750e-01 5.282908082008361816e-01 7.604334950447082520e-01 7.268611788749694824e-01
5.511234998703002930e-01 5.745382308959960938e-01 5.489996671676635742e-01 5.364592671394348145e-01 5.689819455146789551e-01 4.339593946933746338e-01 4.562495648860931396e-01 5.173273086547851562e-01 4.678968489170074463e-01 4.724555015563964844e-01
5.511234998703002930e-01 6.371393203735351562e-01 5.489996671676635742e-01 5.961707830429077148e-01 8.070379495620727539e-01 7.098972201347351074e-01 7.352874279022216797e-01 5.173273086547851562e-01 8.075059652328491211e-01 6.915671229362487793e-01
5.511234998703002930e-01 6.371393203735351562e-01 5.489996671676635742e-01 4.716663062572479248e-01 8.070379495620727539e-01 6.355844140052795410e-01 7.352874279022216797e-01 5.173273086547851562e-01 8.075059652328491211e-01 6.564789414405822754e-01
5.511234998703002930e-01 6.371393203735351562e-01 5.489996671676635742e-01 6.757488846778869629e-01 7.041153907775878906e-01 7.150350809097290039e-01 3.741924166679382324e-01 5.173273086547851562e-01 7.382339239120483398e-01 4.214000105857849121e-01
5.511234998703002930e-01 6.371393203735351562e-01 5.489996671676635742e-01 3.832088112831115723e-01 7.041153907775878906e-01 4.419424533843994141e-01 7.352874279022216797e-01 5.173273086547851562e-01 8.075059652328491211e-01 6.564789414405822754e-01
5.511234998703002930e-01 5.375203490257263184e-01 5.489996671676635742e-01 7.290074229240417480e-01 4.709200561046600342e-01 7.296044230461120605e-01 6.416080594062805176e-01 5.173273086547851562e-01 5.455590486526489258e-01 6.268445849418640137e-01
5.511234998703002930e-01 5.375203490257263184e-01 5.489996671676635742e-01 5.905146002769470215e-01 7.415330410003662109e-01 7.862178683280944824e-01 6.416080594062805176e-01 5.173273086547851562e-01 5.820469260215759277e-01 5.524728894233703613e-01
5.511234998703002930e-01 5.375203490257263184e-01 5.489996671676635742e-01 5.128802657127380371e-01 7.415330410003662109e-01 8.629963994026184082e-01 4.562495648860931396e-01 5.173273086547851562e-01 4.469795823097229004e-01 5.123795270919799805e-01
5.511234998703002930e-01 5.375203490257263184e-01 5.489996671676635742e-01 5.013652443885803223e-01 4.284198582172393799e-01 4.954606294631958008e-01 4.562495648860931396e-01 5.173273086547851562e-01 4.469795823097229004e-01 5.123795270919799805e-01
5.511234998703002930e-01 5.375203490257263184e-01 5.489996671676635742e-01 5.128802657127380371e-01 7.415330410003662109e-01 8.629963994026184082e-01 4.562495648860931396e-01 5.173273086547851562e-01 4.469795823097229004e-01 5.123795270919799805e-01
5.511234998703002930e-01 5.745382308959960938e-01 5.489996671676635742e-01 5.666475296020507812e-01 6.202466487884521484e-01 7.296044230461120605e-01 6.416080594062805176e-01 5.173273086547851562e-01 5.461013317108154297e-01 5.524728894233703613e-01
5.511234998703002930e-01 5.375203490257263184e-01 5.489996671676635742e-01 5.128802657127380371e-01 7.415330410003662109e-01 8.629963994026184082e-01 4.562495648860931396e-01 5.173273086547851562e-01 4.469795823097229004e-01 5.123795270919799805e-01
5.511234998703002930e-01 5.745382308959960938e-01 5.489996671676635742e-01 4.597662389278411865e-01 4.534607231616973877e-01 4.339593946933746338e-01 4.562495648860931396e-01 5.173273086547851562e-01 4.111693799495697021e-01 4.328817129135131836e-01
4.843172430992126465e-01 3.382054269313812256e-01 3.027084469795227051e-01 2.997865974903106689e-01 3.407622277736663818e-01 3.786465227603912354e-01 4.885290265083312988e-01 3.823762238025665283e-01 3.959293365478515625e-01 3.632914125919342041e-01
4.843172430992126465e-01 2.664643228054046631e-01 3.027084469795227051e-01 1.761850565671920776e-01 3.016352951526641846e-01 4.486225247383117676e-01 4.885290265083312988e-01 3.823762238025665283e-01 2.775506079196929932e-01 5.143052935600280762e-01
4.843172430992126465e-01 2.218218296766281128e-01 4.840946495532989502e-01 2.119529843330383301e-01 3.466311991214752197e-01 1.823165565729141235e-01 4.885290265083312988e-01 3.823762238025665283e-01 2.756884098052978516e-01 3.903588950634002686e-01
4.843172430992126465e-01 2.032212913036346436e-01 4.840946495532989502e-01 2.265846729278564453e-01 2.929913401603698730e-01 3.556379079818725586e-01 4.885290265083312988e-01 4.868572056293487549e-01 1.781305521726608276e-01 3.535889089107513428e-01
4.843172430992126465e-01 2.218218296766281128e-01 4.840946495532989502e-01 1.240232586860656738e-01 2.954456508159637451e-01 3.556379079818725586e-01 4.885290265083312988e-01 4.868572056293487549e-01 2.756884098052978516e-01 3.903588950634002686e-01
4.591832756996154785e-01 1.115655004978179932e-01 3.715990483760833740e-01 5.816915631294250488e-01 5.140048265457153320e-01 4.115386605262756348e-01 6.456537842750549316e-01 5.173273086547851562e-01 4.411726295948028564e-01 3.617655932903289795e-01
4.843172430992126465e-01 3.382953405380249023e-01 4.234081208705902100e-01 4.249437153339385986e-01 2.233047187328338623e-01 2.924201190471649170e-01 2.845622897148132324e-01 4.868572056293487549e-01 2.756884098052978516e-01 2.940610647201538086e-01
4.843172430992126465e-01 2.218218296766281128e-01 4.840946495532989502e-01 2.981147170066833496e-01 3.201882541179656982e-01 5.321901440620422363e-01 4.885290265083312988e-01 4.868572056293487549e-01 4.774139523506164551e-01 3.535889089107513428e-01
4.843172430992126465e-01 2.855725586414337158e-01 4.234081208705902100e-01 3.620699048042297363e-01 2.977033555507659912e-01 4.453744888305664062e-01 2.845622897148132324e-01 4.868572056293487549e-01 2.756884098052978516e-01 2.471372932195663452e-01
4.843172430992126465e-01 3.382953405380249023e-01 4.234081208705902100e-01 4.017131328582763672e-01 3.850289881229400635e-01 4.639548063278198242e-01 4.967632889747619629e-01 4.868572056293487549e-01 7.510169148445129395e-01 3.934900462627410889e-01
5.584236979484558105e-01 5.641131401062011719e-01 4.234081208705902100e-01 2.626167535781860352e-01 3.595701754093170166e-01 4.160449504852294922e-01 4.501709640026092529e-01 3.983132541179656982e-01 8.045550584793090820e-01 1.981154084205627441e-01
5.584236979484558105e-01 5.641131401062011719e-01 4.234081208705902100e-01 2.626167535781860352e-01 3.595701754093170166e-01 4.160449504852294922e-01 4.501709640026092529e-01 3.983132541179656982e-01 8.045550584793090820e-01 1.981154084205627441e-01
5.584236979484558105e-01 5.641131401062011719e-01 4.234081208705902100e-01 1.699393093585968018e-01 3.420693576335906982e-01 6.515274643898010254e-01 4.501709640026092529e-01 3.983132541179656982e-01 7.790948748588562012e-01 4.071431457996368408e-01
3.250434398651123047e-01 5.641131401062011719e-01 4.234081208705902100e-01 1.507753878831863403e-01 5.015382766723632812e-01 3.006735742092132568e-01 4.501709640026092529e-01 3.983132541179656982e-01 5.179622769355773926e-01 2.040611952543258667e-01
5.584236979484558105e-01 5.641131401062011719e-01 4.234081208705902100e-01 2.286353260278701782e-01 4.767560660839080811e-01 4.160449504852294922e-01 4.501709640026092529e-01 3.983132541179656982e-01 6.714232563972473145e-01 2.308343797922134399e-01
3.644690811634063721e-01 3.382953405380249023e-01 4.234081208705902100e-01 7.275458574295043945e-01 5.892653465270996094e-01 3.902930319309234619e-01 5.111544132232666016e-01 4.868572056293487549e-01 2.174550741910934448e-01 4.333749413490295410e-01
3.644690811634063721e-01 2.854489386081695557e-01 4.234081208705902100e-01 5.901311635971069336e-01 2.897309660911560059e-01 6.029876470565795898e-01 3.122830688953399658e-01 4.868572056293487549e-01 2.378937602043151855e-01 4.086414575576782227e-01
3.644690811634063721e-01 2.854489386081695557e-01 3.445554375648498535e-01 7.874953150749206543e-01 3.890450596809387207e-01 4.826655685901641846e-01 3.122830688953399658e-01 3.823762238025665283e-01 3.681002855300903320e-01 4.086414575576782227e-01
3.644690811634063721e-01 3.610526621341705322e-01 3.548423647880554199e-01 5.471383333206176758e-01 6.925391554832458496e-01 4.989829063415527344e-01 5.111544132232666016e-01 3.823762238025665283e-01 1.634964495897293091e-01 4.128389656543731689e-01
3.644690811634063721e-01 3.610526621341705322e-01 3.548423647880554199e-01 6.563645601272583008e-01 8.380543589591979980e-01 4.503782689571380615e-01 5.111544132232666016e-01 3.823762238025665283e-01 1.634964495897293091e-01 4.128389656543731689e-01
3.644690811634063721e-01 5.641131401062011719e-01 4.344886541366577148e-01 4.725542962551116943e-01 3.275358974933624268e-01 4.231408238410949707e-01 2.575363814830780029e-01 3.983132541179656982e-01 3.363334536552429199e-01 2.133997976779937744e-01
3.644690811634063721e-01 3.074123561382293701e-01 4.344886541366577148e-01 1.908362358808517456e-01 3.477160930633544922e-01 5.424036383628845215e-01 3.769679069519042969e-01 3.983132541179656982e-01 3.363334536552429199e-01 3.903851211071014404e-01
3.644690811634063721e-01 2.588239014148712158e-01 4.344886541366577148e-01 2.305992543697357178e-01 2.190743386745452881e-01 4.231408238410949707e-01 2.575363814830780029e-01 3.983132541179656982e-01 3.363334536552429199e-01 2.414513826370239258e-01
3.644690811634063721e-01 3.074123561382293701e-01 4.344886541366577148e-01 1.908362358808517456e-01 3.477160930633544922e-01 5.902736783027648926e-01 3.769679069519042969e-01 3.983132541179656982e-01 3.363334536552429199e-01 3.903851211071014404e-01
3.612720370292663574e-01 3.074123561382293701e-01 3.564745187759399414e-01 1.908362358808517456e-01 2.937346398830413818e-01 4.317517876625061035e-01 4.439879655838012695e-01 2.988824546337127686e-01 1.030410379171371460e-01 3.834077119827270508e-01
3.612720370292663574e-01 2.588239014148712158e-01 3.564745187759399414e-01 3.319412767887115479e-01 2.639095783233642578e-01 2.657764256000518799e-01 3.769679069519042969e-01 2.988824546337127686e-01 1.509910225868225098e-01 1.471534520387649536e-01
3.612720370292663574e-01 4.312603473663330078e-01 2.308450490236282349e-01 4.153592288494110107e-01 3.354239463806152344e-01 3.568490147590637207e-01 3.769679069519042969e-01 2.988824546337127686e-01 4.075484350323677063e-02 1.650090962648391724e-01
3.612720370292663574e-01 2.952534258365631104e-01 2.308450490236282349e-01 3.112010061740875244e-01 2.441330850124359131e-01 3.568490147590637207e-01 3.769679069519042969e-01 2.988824546337127686e-01 5.245206132531166077e-02 1.567743420600891113e-01
3.612720370292663574e-01 2.952534258365631104e-01 4.012017250061035156e-01 3.112010061740875244e-01 1.843566894531250000e-01 3.568490147590637207e-01 3.769679069519042969e-01 2.988824546337127686e-01 9.147348254919052124e-02 3.479048013687133789e-01
3.612720370292663574e-01 4.066448211669921875e-01 4.275577962398529053e-01 2.647289633750915527e-01 2.915152609348297119e-01 3.750053346157073975e-01 3.769679069519042969e-01 2.988824546337127686e-01 3.356070816516876221e-01 3.564860224723815918e-01
3.612720370292663574e-01 4.066448211669921875e-01 3.708169758319854736e-01 2.647289633750915527e-01 3.112478852272033691e-01 2.830119132995605469e-01 3.769679069519042969e-01 2.988824546337127686e-01 3.356070816516876221e-01 3.564860224723815918e-01
3.250434398651123047e-01 4.066448211669921875e-01 3.708169758319854736e-01 2.647289633750915527e-01 2.127067297697067261e-01 2.830119132995605469e-01 3.769679069519042969e-01 2.988824546337127686e-01 4.063843190670013428e-01 2.283621579408645630e-01
4.535838663578033447e-01 4.620293676853179932e-01 5.392591953277587891e-01 5.008572936058044434e-01 4.390464723110198975e-01 2.945275306701660156e-01 5.856837630271911621e-01 3.347911536693572998e-01 3.577310144901275635e-01 6.598982810974121094e-01
6.357463598251342773e-01 3.779255151748657227e-01 5.392591953277587891e-01 5.310223102569580078e-01 7.126380205154418945e-01 6.530464291572570801e-01 6.861534118652343750e-01 6.308526396751403809e-01 5.977117419242858887e-01 6.331912875175476074e-01
6.357463598251342773e-01 4.620293676853179932e-01 5.392591953277587891e-01 6.805179119110107422e-01 6.754115819931030273e-01 6.530464291572570801e-01 6.861534118652343750e-01 5.282908082008361816e-01 5.301099419593811035e-01 7.512967586517333984e-01
5.042847394943237305e-01 4.250190556049346924e-01 4.108524322509765625e-01 6.131504178047180176e-01 4.521123468875885010e-01 3.855018317699432373e-01 3.034853935241699219e-01 5.282908082008361816e-01 4.037069082260131836e-01 7.757583856582641602e-01
5.042847394943237305e-01 4.250190556049346924e-01 4.108524322509765625e-01 5.358011126518249512e-01 2.223190963268280029e-01 5.659791827201843262e-01 6.127344369888305664e-01 5.282908082008361816e-01 4.864703416824340820e-01 6.355057358741760254e-01
5.042847394943237305e-01 4.250190556049346924e-01 4.108524322509765625e-01 5.775786042213439941e-01 2.213848382234573364e-01 5.659791827201843262e-01 6.127344369888305664e-01 6.308526396751403809e-01 4.864703416824340820e-01 4.621506929397583008e-01
5.042847394943237305e-01 4.250190556049346924e-01 4.691514074802398682e-01 5.046695470809936523e-01 6.386969089508056641e-01 6.137059926986694336e-01 6.127344369888305664e-01 5.282908082008361816e-01 4.864703416824340820e-01 5.881884098052978516e-01
5.042847394943237305e-01 4.786822795867919922e-01 5.362751483917236328e-01 5.905146002769470215e-01 7.127504348754882812e-01 6.744786500930786133e-01 6.127344369888305664e-01 5.282908082008361816e-01 4.864703416824340820e-01 4.482253789901733398e-01
6.357463598251342773e-01 5.161705017089843750e-01 5.362751483917236328e-01 5.364592671394348145e-01 4.652070105075836182e-01 5.895089507102966309e-01 6.127344369888305664e-01 6.308526396751403809e-01 4.796750843524932861e-01 6.075292825698852539e-01
6.357463598251342773e-01 3.779255151748657227e-01 6.948256492614746094e-01 4.519300460815429688e-01 2.470256537199020386e-01 6.571601629257202148e-01 6.861534118652343750e-01 6.308526396751403809e-01 4.852632582187652588e-01 6.612403988838195801e-01
6.580328345298767090e-01 4.274826049804687500e-01 6.964474916458129883e-01 4.168925583362579346e-01 2.562224566936492920e-01 4.506083130836486816e-01 5.856837630271911621e-01 4.597431123256683350e-01 3.590808212757110596e-01 5.512344241142272949e-01
6.357463598251342773e-01 5.673231482505798340e-01 6.616866588592529297e-01 5.364592671394348145e-01 5.022944808006286621e-01 6.571601629257202148e-01 6.861534118652343750e-01 6.308526396751403809e-01 4.883195459842681885e-01 6.790757775306701660e-01
6.357463598251342773e-01 5.161705017089843750e-01 6.599696874618530273e-01 5.364592671394348145e-01 5.022944808006286621e-01 6.571601629257202148e-01 6.861534118652343750e-01 6.308526396751403809e-01 4.883195459842681885e-01 6.790757775306701660e-01
5.042847394943237305e-01 4.786822795867919922e-01 5.362751483917236328e-01 5.775786042213439941e-01 4.652070105075836182e-01 5.895089507102966309e-01 6.127344369888305664e-01 6.308526396751403809e-01 4.796750843524932861e-01 6.075292825698852539e-01
6.580328345298767090e-01 5.282801985740661621e-01 6.050472855567932129e-01 6.059094667434692383e-01 3.078865706920623779e-01 7.200021743774414062e-01 5.856837630271911621e-01 7.217048406600952148e-01 7.648524641990661621e-01 7.753579616546630859e-01
6.580328345298767090e-01 6.709042191505432129e-01 7.199060320854187012e-01 3.831810057163238525e-01 3.316878378391265869e-01 7.529590725898742676e-01 5.856837630271911621e-01 7.217048406600952148e-01 2.896635830402374268e-01 5.007613301277160645e-01
6.357463598251342773e-01 7.079929709434509277e-01 6.616866588592529297e-01 6.137779951095581055e-01 7.595858573913574219e-01 6.571601629257202148e-01 6.861534118652343750e-01 6.308526396751403809e-01 5.929417610168457031e-01 6.144869923591613770e-01
6.357463598251342773e-01 7.591882348060607910e-01 7.199060320854187012e-01 6.335629224777221680e-01 8.655346035957336426e-01 7.850651741027832031e-01 6.861534118652343750e-01 6.308526396751403809e-01 7.571965456008911133e-01 6.975219845771789551e-01
6.357463598251342773e-01 5.537096261978149414e-01 5.544214844703674316e-01 7.813829183578491211e-01 6.556406021118164062e-01 6.571601629257202148e-01 6.861534118652343750e-01 5.282908082008361816e-01 4.069407880306243896e-01 6.144869923591613770e-01
5.042847394943237305e-01 4.786822795867919922e-01 5.362751483917236328e-01 5.905146002769470215e-01 7.162557244300842285e-01 6.744786500930786133e-01 6.127344369888305664e-01 5.282908082008361816e-01 3.435136377811431885e-01 4.482253789901733398e-01
5.511234998703002930e-01 6.371393203735351562e-01 5.489996671676635742e-01 6.355913281440734863e-01 7.340824007987976074e-01 2.756908535957336426e-01 7.352874279022216797e-01 5.173273086547851562e-01 7.168163657188415527e-01 6.568237543106079102e-01
5.511234998703002930e-01 5.540892481803894043e-01 5.489996671676635742e-01 5.905146002769470215e-01 7.315574288368225098e-01 5.202293395996093750e-01 5.420862436294555664e-01 5.173273086547851562e-01 5.820469260215759277e-01 6.525160670280456543e-01
5.511234998703002930e-01 4.833770692348480225e-01 4.819385111331939697e-01 5.128802657127380371e-01 6.714795231819152832e-01 6.596863865852355957e-01 4.562495648860931396e-01 5.173273086547851562e-01 3.607579469680786133e-01 4.699035882949829102e-01
5.511234998703002930e-01 5.208657383918762207e-01 4.819385111331939697e-01 4.597662389278411865e-01 5.378097295761108398e-01 6.770309805870056152e-01 4.562495648860931396e-01 5.173273086547851562e-01 3.277614414691925049e-01 3.631859421730041504e-01
5.511234998703002930e-01 5.208657383918762207e-01 4.819385111331939697e-01 4.597662389278411865e-01 5.378097295761108398e-01 6.770309805870056152e-01 4.562495648860931396e-01 5.173273086547851562e-01 3.277614414691925049e-01 3.631859421730041504e-01
5.511234998703002930e-01 4.833770692348480225e-01 4.819385111331939697e-01 5.046695470809936523e-01 5.611419677734375000e-01 6.596863865852355957e-01 6.416080594062805176e-01 5.173273086547851562e-01 5.422077178955078125e-01 5.101504921913146973e-01
5.511234998703002930e-01 4.833770692348480225e-01 4.233176410198211670e-01 5.013652443885803223e-01 3.094739615917205811e-01 3.589782416820526123e-01 4.562495648860931396e-01 5.173273086547851562e-01 3.337851464748382568e-01 4.699035882949829102e-01
5.511234998703002930e-01 5.208657383918762207e-01 4.819385111331939697e-01 5.666475296020507812e-01 4.212709367275238037e-01 6.770309805870056152e-01 6.416080594062805176e-01 5.173273086547851562e-01 5.057453513145446777e-01 6.379967927932739258e-01
5.511234998703002930e-01 5.208657383918762207e-01 4.233176410198211670e-01 4.597662389278411865e-01 4.174571633338928223e-01 4.294925630092620850e-01 4.562495648860931396e-01 5.173273086547851562e-01 3.020898401737213135e-01 4.029957354068756104e-01
4.458189606666564941e-01 3.319776654243469238e-01 3.920517861843109131e-01 3.510263860225677490e-01 2.983206510543823242e-01 3.337756693363189697e-01 4.562495648860931396e-01 3.347911536693572998e-01 6.571464240550994873e-02 2.374909073114395142e-01
5.511234998703002930e-01 4.347060620784759521e-01 4.233176410198211670e-01 3.821380734443664551e-01 3.945480585098266602e-01 4.294925630092620850e-01 4.562495648860931396e-01 5.173273086547851562e-01 3.905119597911834717e-01 3.717050254344940186e-01
5.511234998703002930e-01 5.208657383918762207e-01 4.233176410198211670e-01 4.597662389278411865e-01 4.609485566616058350e-01 4.294925630092620850e-01 4.562495648860931396e-01 5.173273086547851562e-01 3.272796571254730225e-01 3.907386660575866699e-01
5.511234998703002930e-01 4.833770692348480225e-01 4.819385111331939697e-01 5.046695470809936523e-01 5.611419677734375000e-01 6.596863865852355957e-01 6.416080594062805176e-01 5.173273086547851562e-01 5.422077178955078125e-01 5.101504921913146973e-01
5.511234998703002930e-01 4.833770692348480225e-01 4.233176410198211670e-01 5.013652443885803223e-01 3.732638657093048096e-01 4.104305505752563477e-01 4.562495648860931396e-01 5.173273086547851562e-01 3.607579469680786133e-01 3.917021155357360840e-01
5.511234998703002930e-01 5.208657383918762207e-01 4.233176410198211670e-01 4.597662389278411865e-01 4.605796039104461670e-01 4.294925630092620850e-01 4.562495648860931396e-01 5.173273086547851562e-01 3.277614414691925049e-01 4.029957354068756104e-01
5.511234998703002930e-01 5.208657383918762207e-01 4.233176410198211670e-01 4.597662389278411865e-01 4.605796039104461670e-01 4.294925630092620850e-01 4.562495648860931396e-01 5.173273086547851562e-01 3.804158568382263184e-01 4.029957354068756104e-01
5.511234998703002930e-01 5.745382308959960938e-01 5.489996671676635742e-01 4.597662389278411865e-01 5.046715140342712402e-01 4.339593946933746338e-01 4.562495648860931396e-01 5.173273086547851562e-01 4.106398820877075195e-01 4.203556478023529053e-01
4.458189606666564941e-01 3.319776654243469238e-01 1.927691698074340820e-01 2.617384493350982666e-01 3.466904759407043457e-01 3.378365933895111084e-01 4.562495648860931396e-01 3.347911536693572998e-01 1.891041547060012817e-01 2.373811751604080200e-01
4.458189606666564941e-01 4.660058617591857910e-01 3.496455550193786621e-01 3.278878927230834961e-01 4.609485566616058350e-01 3.378365933895111084e-01 4.562495648860931396e-01 3.347911536693572998e-01 3.511720895767211914e-01 2.282355129718780518e-01
5.511234998703002930e-01 5.745382308959960938e-01 5.489996671676635742e-01 4.597662389278411865e-01 4.609485566616058350e-01 4.339593946933746338e-01 4.562495648860931396e-01 5.173273086547851562e-01 4.595618247985839844e-01 3.905943930149078369e-01
5.511234998703002930e-01 5.375203490257263184e-01 5.489996671676635742e-01 5.013652443885803223e-01 3.950845897197723389e-01 4.339593946933746338e-01 4.562495648860931396e-01 5.173273086547851562e-01 4.595618247985839844e-01 3.905943930149078369e-01
5.511234998703002930e-01 5.745382308959960938e-01 5.489996671676635742e-01 4.597662389278411865e-01 4.534607231616973877e-01 4.339593946933746338e-01 4.562495648860931396e-01 5.173273086547851562e-01 4.008342623710632324e-01 4.028499722480773926e-01
4.843172430992126465e-01 6.079347133636474609e-01 6.319226026535034180e-01 4.880880415439605713e-01 3.583602905273437500e-01 4.779987335205078125e-01 4.885290265083312988e-01 3.823762238025665283e-01 4.639707505702972412e-01 3.821562826633453369e-01
4.843172430992126465e-01 3.382054269313812256e-01 3.027084469795227051e-01 2.997865974903106689e-01 3.407622277736663818e-01 3.786465227603912354e-01 4.885290265083312988e-01 3.823762238025665283e-01 3.959293365478515625e-01 3.632914125919342041e-01
4.843172430992126465e-01 2.664643228054046631e-01 3.027084469795227051e-01 2.118006497621536255e-01 3.016352951526641846e-01 3.786465227603912354e-01 4.885290265083312988e-01 3.823762238025665283e-01 2.775506079196929932e-01 4.199669063091278076e-01
4.843172430992126465e-01 4.532142579555511475e-01 5.622407197952270508e-01 4.028624296188354492e-01 4.656012952327728271e-01 4.779987335205078125e-01 4.885290265083312988e-01 3.823762238025665283e-01 4.639707505702972412e-01 3.821562826633453369e-01
4.843172430992126465e-01 4.729678034782409668e-01 5.622407197952270508e-01 7.721737027168273926e-01 6.217390894889831543e-01 4.779987335205078125e-01 5.545783638954162598e-01 3.823762238025665283e-01 4.639707505702972412e-01 3.821562826633453369e-01
4.843172430992126465e-01 5.552136301994323730e-01 5.086678862571716309e-01 5.225676894187927246e-01 2.392378151416778564e-01 4.734576940536499023e-01 5.545783638954162598e-01 3.823762238025665283e-01 4.616357088088989258e-01 5.125768780708312988e-01
4.843172430992126465e-01 4.081702828407287598e-01 3.503318428993225098e-01 4.880880415439605713e-01 1.798899769783020020e-01 4.539972543716430664e-01 4.885290265083312988e-01 3.823762238025665283e-01 4.197517633438110352e-01 3.832551538944244385e-01
4.843172430992126465e-01 4.194298088550567627e-01 3.708169758319854736e-01 4.466040134429931641e-01 2.392378151416778564e-01 4.734576940536499023e-01 4.885290265083312988e-01 3.823762238025665283e-01 3.846058845520019531e-01 3.944631814956665039e-01
4.843172430992126465e-01 4.194298088550567627e-01 3.708169758319854736e-01 5.535607337951660156e-01 4.819892346858978271e-01 4.197292327880859375e-01 5.545783638954162598e-01 3.823762238025665283e-01 4.045623540878295898e-01 4.898746013641357422e-01
4.843172430992126465e-01 4.081702828407287598e-01 4.059606194496154785e-01 4.913910925388336182e-01 5.143617987632751465e-01 5.500487685203552246e-01 5.545783638954162598e-01 4.868572056293487549e-01 4.116640388965606689e-01 3.739356398582458496e-01
4.843172430992126465e-01 4.081702828407287598e-01 3.503318428993225098e-01 4.880880415439605713e-01 1.416767537593841553e-01 3.794835209846496582e-01 4.885290265083312988e-01 4.868572056293487549e-01 3.377414941787719727e-01 4.610483646392822266e-01
4.843172430992126465e-01 4.194298088550567627e-01 3.708169758319854736e-01 5.232279300689697266e-01 2.241046726703643799e-01 3.980786502361297607e-01 4.885290265083312988e-01 4.868572056293487549e-01 3.058429658412933350e-01 3.549950420856475830e-01
4.843172430992126465e-01 4.194298088550567627e-01 3.708169758319854736e-01 5.232279300689697266e-01 2.241046726703643799e-01 3.980786502361297607e-01 4.885290265083312988e-01 4.868572056293487549e-01 3.058429658412933350e-01 3.549950420856475830e-01
4.843172430992126465e-01 4.194298088550567627e-01 3.708169758319854736e-01 5.535607337951660156e-01 5.076189041137695312e-01 3.980786502361297607e-01 5.545783638954162598e-01 4.868572056293487549e-01 3.767555952072143555e-01 5.026757121086120605e-01
4.843172430992126465e-01 4.081702828407287598e-01 3.503318428993225098e-01 4.880880415439605713e-01 3.148073256015777588e-01 4.318947196006774902e-01 4.885290265083312988e-01 4.868572056293487549e-01 3.377414941787719727e-01 3.832551538944244385e-01
4.843172430992126465e-01 3.382054269313812256e-01 3.708169758319854736e-01 3.696775138378143311e-01 1.674534678459167480e-01 4.511906206607818604e-01 4.885290265083312988e-01 4.868572056293487549e-01 2.078448385000228882e-01 3.944631814956665039e-01
4.843172430992126465e-01 4.194298088550567627e-01 3.708169758319854736e-01 6.541858315467834473e-01 4.061393737792968750e-01 3.536355793476104736e-01 5.545783638954162598e-01 4.868572056293487549e-01 2.973044812679290771e-01 4.997769296169281006e-01
4.843172430992126465e-01 4.081702828407287598e-01 3.503318428993225098e-01 4.880880415439605713e-01 3.148073256015777588e-01 4.318947196006774902e-01 4.885290265083312988e-01 4.868572056293487549e-01 3.377414941787719727e-01 3.832551538944244385e-01
4.843172430992126465e-01 4.194298088550567627e-01 3.708169758319854736e-01 4.466040134429931641e-01 2.392378151416778564e-01 4.734576940536499023e-01 4.885290265083312988e-01 3.823762238025665283e-01 3.846058845520019531e-01 3.944631814956665039e-01
4.843172430992126465e-01 4.194298088550567627e-01 3.708169758319854736e-01 4.466040134429931641e-01 2.728587687015533447e-01 4.734576940536499023e-01 4.885290265083312988e-01 3.823762238025665283e-01 3.311972022056579590e-01 3.822994232177734375e-01
4.843172430992126465e-01 4.194298088550567627e-01 4.840946495532989502e-01 4.466040134429931641e-01 4.656012952327728271e-01 4.734576940536499023e-01 4.885290265083312988e-01 3.823762238025665283e-01 3.767041563987731934e-01 3.535889089107513428e-01
4.843172430992126465e-01 4.438452720642089844e-01 4.840946495532989502e-01 2.997865974903106689e-01 3.249302804470062256e-01 3.536355793476104736e-01 4.885290265083312988e-01 4.868572056293487549e-01 3.992703855037689209e-01 3.353688120841979980e-01
5.511234998703002930e-01 3.184530735015869141e-01 5.388967394828796387e-01 5.117185711860656738e-01 3.670770227909088135e-01 4.294925630092620850e-01 4.562495648860931396e-01 5.173273086547851562e-01 3.725481331348419189e-01 3.617655932903289795e-01
5.511234998703002930e-01 5.208657383918762207e-01 5.388967394828796387e-01 5.388815402984619141e-01 4.675418734550476074e-01 4.294925630092620850e-01 4.562495648860931396e-01 5.173273086547851562e-01 4.313325881958007812e-01 3.617655932903289795e-01
4.591832756996154785e-01 2.240698784589767456e-01 3.715990483760833740e-01 5.310223102569580078e-01 3.586224019527435303e-01 4.294925630092620850e-01 4.562495648860931396e-01 5.173273086547851562e-01 3.638930320739746094e-01 3.433479368686676025e-01
4.458189606666564941e-01 3.319776654243469238e-01 1.927691698074340820e-01 3.778899312019348145e-01 4.583745300769805908e-01 4.338974654674530029e-01 4.562495648860931396e-01 5.537874698638916016e-01 2.669228613376617432e-01 3.663387596607208252e-01
4.843172430992126465e-01 2.218218296766281128e-01 5.622407197952270508e-01 2.458767890930175781e-01 5.363647341728210449e-01 3.111548423767089844e-01 4.885290265083312988e-01 3.823762238025665283e-01 3.345088362693786621e-01 3.821562826633453369e-01
4.843172430992126465e-01 3.405753672122955322e-01 2.522827684879302979e-01 5.964274406433105469e-01 1.937585026025772095e-01 3.635137379169464111e-01 2.845622897148132324e-01 3.823762238025665283e-01 4.790954589843750000e-01 3.518543839454650879e-01
4.843172430992126465e-01 5.211712718009948730e-01 2.522827684879302979e-01 6.594675779342651367e-01 1.937585026025772095e-01 4.309722781181335449e-01 2.845622897148132324e-01 3.823762238025665283e-01 4.790954589843750000e-01 3.506270945072174072e-01
4.843172430992126465e-01 3.977985978126525879e-01 3.445554375648498535e-01 6.594675779342651367e-01 1.937585026025772095e-01 3.648930490016937256e-01 2.845622897148132324e-01 3.823762238025665283e-01 4.790954589843750000e-01 2.461365759372711182e-01
4.843172430992126465e-01 3.977985978126525879e-01 3.445554375648498535e-01 4.224502742290496826e-01 1.794894337654113770e-01 2.820866405963897705e-01 2.845622897148132324e-01 3.823762238025665283e-01 3.447029888629913330e-01 2.839776873588562012e-01
