4.670232534408569336e-01 6.819205284118652344e-01 4.886316955089569092e-01 4.984499812126159668e-01 3.990725576877593994e-01 5.745285153388977051e-01 4.209043979644775391e-01 4.423318803310394287e-01 6.059316992759704590e-01 6.763734221458435059e-01
2.932435870170593262e-01 3.934289813041687012e-01 4.369978010654449463e-01 4.984499812126159668e-01 3.689289689064025879e-01 5.095012187957763672e-01 2.524311840534210205e-01 3.129298388957977295e-01 4.516530036926269531e-01 5.835690498352050781e-01
2.567936182022094727e-01 3.934289813041687012e-01 4.927443563938140869e-01 5.823934674263000488e-01 4.249445796012878418e-01 3.020454645156860352e-01 2.896196246147155762e-01 3.661840260028839111e-01 4.103773832321166992e-01 5.835690498352050781e-01
2.567936182022094727e-01 3.333307802677154541e-01 4.095621705055236816e-01 4.820000827312469482e-01 4.249445796012878418e-01 3.020454645156860352e-01 2.896196246147155762e-01 3.661840260028839111e-01 4.103773832321166992e-01 4.193903207778930664e-01
5.452920198440551758e-01 3.934289813041687012e-01 4.927443563938140869e-01 5.823934674263000488e-01 4.249445796012878418e-01 4.478509426116943359e-01 2.896196246147155762e-01 2.647476494312286377e-01 4.103773832321166992e-01 4.252696931362152100e-01
4.728966653347015381e-01 5.615872740745544434e-01 4.095621705055236816e-01 4.820000827312469482e-01 4.234191477298736572e-01 3.429481685161590576e-01 5.245509743690490723e-01 2.816711962223052979e-01 4.103773832321166992e-01 1.990795731544494629e-01
7.632355093955993652e-01 3.333307802677154541e-01 4.095621705055236816e-01 4.820000827312469482e-01 4.719968736171722412e-01 3.429481685161590576e-01 3.188903927803039551e-01 2.816711962223052979e-01 4.103773832321166992e-01 1.990795731544494629e-01
6.206066608428955078e-01 1.847711652517318726e-01 2.107458263635635376e-01 4.820000827312469482e-01 5.429503321647644043e-01 2.387456148862838745e-01 3.518521189689636230e-01 4.279127418994903564e-01 4.516530036926269531e-01 1.297737658023834229e-01
2.598653435707092285e-01 2.272133976221084595e-01 2.300523817539215088e-01 4.984499812126159668e-01 4.372184574604034424e-01 3.879602253437042236e-01 1.890436708927154541e-01 3.129298388957977295e-01 4.516530036926269531e-01 2.291806042194366455e-01
2.598653435707092285e-01 2.272133976221084595e-01 2.300523817539215088e-01 4.984499812126159668e-01 4.372184574604034424e-01 3.879602253437042236e-01 1.890436708927154541e-01 3.129298388957977295e-01 4.516530036926269531e-01 2.291806042194366455e-01
6.403939723968505859e-01 6.176213622093200684e-01 4.369978010654449463e-01 4.984499812126159668e-01 4.188707768917083740e-01 4.961026012897491455e-01 4.061376750469207764e-01 5.425571799278259277e-01 4.321293830871582031e-01 5.318327546119689941e-01
5.015664100646972656e-01 2.212659418582916260e-01 3.144275844097137451e-01 3.360389769077301025e-01 4.207248091697692871e-01 3.494389653205871582e-01 4.113590419292449951e-01 4.775640368461608887e-01 4.103773832321166992e-01 3.296934068202972412e-01
4.760981202125549316e-01 3.668246567249298096e-01 3.144275844097137451e-01 3.360389769077301025e-01 3.736892640590667725e-01 2.912535965442657471e-01 3.414479792118072510e-01 3.431383371353149414e-01 4.103773832321166992e-01 3.296934068202972412e-01
1.564963161945343018e-01 3.341718316078186035e-01 3.588838577270507812e-01 3.360389769077301025e-01 3.240554332733154297e-01 1.833178699016571045e-01 3.414479792118072510e-01 3.431383371353149414e-01 4.103773832321166992e-01 3.296934068202972412e-01
1.564963161945343018e-01 3.341718316078186035e-01 3.588838577270507812e-01 3.360389769077301025e-01 3.240554332733154297e-01 2.268417477607727051e-01 3.414479792118072510e-01 3.431383371353149414e-01 4.103773832321166992e-01 3.296934068202972412e-01
3.799480795860290527e-01 3.584653437137603760e-01 5.532786846160888672e-01 3.360389769077301025e-01 4.234172999858856201e-01 2.937130331993103027e-01 4.530620574951171875e-01 2.777627706527709961e-01 4.103773832321166992e-01 3.422419428825378418e-01
1.640254259109497070e-01 4.244672954082489014e-01 4.141954183578491211e-01 3.360389769077301025e-01 3.368967473506927490e-01 9.684702754020690918e-02 2.393162846565246582e-01 2.777627706527709961e-01 3.161303400993347168e-01 2.426412850618362427e-01
2.478209435939788818e-01 4.160405397415161133e-01 6.100423932075500488e-01 3.360389769077301025e-01 4.234172999858856201e-01 3.047206103801727295e-01 2.393162846565246582e-01 2.777627706527709961e-01 3.161303400993347168e-01 3.422419428825378418e-01
8.208314329385757446e-02 2.460079640150070190e-01 6.100423932075500488e-01 1.589927226305007935e-01 3.937128484249114990e-01 3.241593539714813232e-01 2.291173934936523438e-01 2.494528144598007202e-01 2.435487806797027588e-01 3.067057728767395020e-01
1.734714396297931671e-02 3.155395090579986572e-01 4.141954183578491211e-01 2.638665735721588135e-01 4.384281039237976074e-01 6.612877845764160156e-01 2.291173934936523438e-01 2.494528144598007202e-01 3.251598775386810303e-01 1.390154361724853516e-01
4.368936419486999512e-01 4.847299158573150635e-01 4.141954183578491211e-01 3.360389769077301025e-01 3.679336309432983398e-01 6.265320181846618652e-01 2.393162846565246582e-01 2.777627706527709961e-01 4.089154601097106934e-01 1.595949232578277588e-01
2.989071309566497803e-01 4.244672954082489014e-01 4.141954183578491211e-01 3.360389769077301025e-01 3.368967473506927490e-01 1.677049696445465088e-01 2.393162846565246582e-01 2.777627706527709961e-01 4.089154601097106934e-01 2.426412850618362427e-01
9.723537415266036987e-02 3.905923366546630859e-01 4.963522851467132568e-01 3.360389769077301025e-01 2.214103192090988159e-01 1.677049696445465088e-01 2.393162846565246582e-01 2.777627706527709961e-01 3.630928397178649902e-01 2.426412850618362427e-01
2.081881016492843628e-01 4.756788015365600586e-01 4.963522851467132568e-01 4.455914199352264404e-01 2.760943174362182617e-01 1.677049696445465088e-01 2.393162846565246582e-01 3.741181194782257080e-01 5.542639493942260742e-01 3.692399561405181885e-01
6.047233343124389648e-01 5.711051821708679199e-01 5.625439882278442383e-01 4.455914199352264404e-01 5.079672932624816895e-01 1.750545352697372437e-01 2.393162846565246582e-01 3.741181194782257080e-01 5.542639493942260742e-01 2.576017379760742188e-01
6.683189868927001953e-01 4.089069664478302002e-01 4.053794741630554199e-01 3.357772827148437500e-01 5.079672932624816895e-01 5.051665902137756348e-01 2.564195096492767334e-01 2.494528144598007202e-01 5.542639493942260742e-01 1.390154361724853516e-01
2.362664490938186646e-01 5.876074433326721191e-01 3.675723969936370850e-01 6.424783468246459961e-01 5.199887156486511230e-01 6.744697093963623047e-01 2.393162846565246582e-01 3.741181194782257080e-01 5.542639493942260742e-01 2.576017379760742188e-01
1.354351937770843506e-01 5.711051821708679199e-01 4.963522851467132568e-01 4.455914199352264404e-01 3.040985465049743652e-01 6.403308510780334473e-01 2.393162846565246582e-01 3.741181194782257080e-01 5.542639493942260742e-01 2.576017379760742188e-01
1.787753254175186157e-01 6.153715848922729492e-01 1.367719024419784546e-01 4.455914199352264404e-01 2.287995070219039917e-01 2.293950021266937256e-01 5.113943815231323242e-01 4.465571343898773193e-01 3.134290277957916260e-01 4.909057915210723877e-01
2.311707586050033569e-01 4.978181421756744385e-01 3.028461635112762451e-01 3.863577246665954590e-01 3.585253655910491943e-01 1.986412554979324341e-01 4.247087538242340088e-01 3.417315781116485596e-01 2.758527696132659912e-01 3.296934068202972412e-01
2.311707586050033569e-01 4.978181421756744385e-01 3.028461635112762451e-01 3.863577246665954590e-01 3.585253655910491943e-01 1.986412554979324341e-01 4.247087538242340088e-01 3.417315781116485596e-01 2.758527696132659912e-01 3.296934068202972412e-01
5.897627472877502441e-01 2.352446019649505615e-01 1.920923888683319092e-01 3.863577246665954590e-01 3.166248798370361328e-01 2.168722897768020630e-01 1.666001677513122559e-01 3.228211700916290283e-01 2.337424308061599731e-01 3.236889839172363281e-01
5.897627472877502441e-01 4.899498522281646729e-01 2.497923672199249268e-01 4.855012595653533936e-01 3.166248798370361328e-01 5.891684293746948242e-01 2.280091047286987305e-01 4.294739067554473877e-01 3.147313594818115234e-01 5.941883921623229980e-01
5.897627472877502441e-01 4.899498522281646729e-01 2.675501406192779541e-01 4.855012595653533936e-01 3.166248798370361328e-01 5.891684293746948242e-01 2.280091047286987305e-01 4.294739067554473877e-01 3.147313594818115234e-01 5.941883921623229980e-01
5.897627472877502441e-01 4.899498522281646729e-01 2.675501406192779541e-01 4.855012595653533936e-01 3.166248798370361328e-01 5.891684293746948242e-01 2.280091047286987305e-01 4.294739067554473877e-01 3.147313594818115234e-01 5.941883921623229980e-01
8.020788431167602539e-01 5.595393180847167969e-01 4.901406466960906982e-01 4.855012595653533936e-01 4.102345705032348633e-01 5.628974437713623047e-01 3.579324483871459961e-01 4.294739067554473877e-01 3.644919097423553467e-01 5.941883921623229980e-01
5.843123793601989746e-01 2.198273390531539917e-01 4.814167618751525879e-01 3.360389769077301025e-01 2.846559882164001465e-01 6.370229721069335938e-01 1.889227032661437988e-01 5.695788264274597168e-01 3.644919097423553467e-01 4.440753459930419922e-01
7.436925768852233887e-01 4.815731346607208252e-01 5.145492553710937500e-01 3.360389769077301025e-01 2.660685479640960693e-01 5.527600049972534180e-01 3.942666947841644287e-01 3.417315781116485596e-01 6.057325005531311035e-01 4.271374046802520752e-01
8.998707532882690430e-01 6.385550498962402344e-01 5.145492553710937500e-01 4.455914199352264404e-01 2.660685479640960693e-01 6.176594495773315430e-01 3.942666947841644287e-01 4.465571343898773193e-01 5.617383718490600586e-01 5.766982436180114746e-01
2.280413359403610229e-01 4.221732914447784424e-01 3.899688720703125000e-01 4.735350906848907471e-01 3.569743633270263672e-01 3.991535305976867676e-01 3.942666947841644287e-01 3.431383371353149414e-01 6.057325005531311035e-01 2.673347592353820801e-01
1.888787895441055298e-01 3.562652766704559326e-01 3.899688720703125000e-01 4.735350906848907471e-01 3.569743633270263672e-01 5.889530181884765625e-01 3.942666947841644287e-01 3.431383371353149414e-01 6.057325005531311035e-01 2.673347592353820801e-01
3.274077475070953369e-01 3.498636484146118164e-01 3.705075979232788086e-01 5.869513750076293945e-01 3.104047477245330811e-01 3.572053909301757812e-01 3.942666947841644287e-01 4.775640368461608887e-01 6.057325005531311035e-01 6.190868616104125977e-01
5.125015974044799805e-01 4.723958969116210938e-01 4.913725554943084717e-01 5.869513750076293945e-01 5.321187973022460938e-01 2.098286300897598267e-01 2.644546329975128174e-01 5.381374359130859375e-01 6.595254540443420410e-01 4.852483272552490234e-01
5.377237200736999512e-01 2.417258918285369873e-01 4.090062975883483887e-01 5.867455005645751953e-01 2.705626487731933594e-01 3.121159672737121582e-01 2.417052537202835083e-01 5.699838399887084961e-01 5.907883644104003906e-01 5.449279546737670898e-01
6.937355995178222656e-01 2.417258918285369873e-01 3.067558407783508301e-01 5.867455005645751953e-01 2.705626487731933594e-01 4.881411492824554443e-01 2.417052537202835083e-01 5.699838399887084961e-01 5.907883644104003906e-01 5.449279546737670898e-01
4.149084687232971191e-01 2.275825440883636475e-01 3.500523567199707031e-01 4.984499812126159668e-01 5.251734852790832520e-01 4.881411492824554443e-01 2.417052537202835083e-01 5.699838399887084961e-01 5.907883644104003906e-01 5.449279546737670898e-01
5.271267890930175781e-01 2.382913827896118164e-01 4.927443563938140869e-01 5.823934674263000488e-01 2.448149323463439941e-01 4.478509426116943359e-01 2.896196246147155762e-01 2.254049628973007202e-01 4.103773832321166992e-01 4.252696931362152100e-01
5.137216448783874512e-01 5.031692385673522949e-01 4.927443563938140869e-01 5.823934674263000488e-01 4.249445796012878418e-01 4.478509426116943359e-01 2.896196246147155762e-01 3.876251876354217529e-01 4.103773832321166992e-01 4.252696931362152100e-01
4.728966653347015381e-01 5.615872740745544434e-01 4.095621705055236816e-01 4.820000827312469482e-01 4.234191477298736572e-01 2.915062904357910156e-01 2.952870726585388184e-01 2.816711962223052979e-01 3.161303400993347168e-01 1.990795731544494629e-01
4.787138402462005615e-01 4.313513934612274170e-01 6.409248709678649902e-01 3.360389769077301025e-01 4.061098396778106689e-01 2.877994179725646973e-01 4.530620574951171875e-01 2.816711962223052979e-01 4.103773832321166992e-01 2.875888645648956299e-01
2.814132869243621826e-01 5.778867602348327637e-01 6.927365064620971680e-01 4.455914199352264404e-01 3.768259882926940918e-01 1.864470839500427246e-01 2.133128046989440918e-01 3.786714971065521240e-01 3.161303400993347168e-01 4.244946241378784180e-01
4.896055161952972412e-01 6.438362598419189453e-01 5.047011971473693848e-01 4.455914199352264404e-01 5.102699398994445801e-01 3.246753215789794922e-01 2.393162846565246582e-01 4.123429358005523682e-01 4.089154601097106934e-01 2.121063619852066040e-01
3.539800643920898438e-01 6.319582462310791016e-01 5.167627930641174316e-01 4.820000827312469482e-01 7.159357666969299316e-01 1.733762472867965698e-01 2.408181428909301758e-01 3.179548978805541992e-01 3.357312977313995361e-01 2.756257653236389160e-01
8.555111289024353027e-01 6.010363698005676270e-01 4.584740996360778809e-01 4.820000827312469482e-01 6.102145314216613770e-01 2.218515872955322266e-01 3.188903927803039551e-01 2.816711962223052979e-01 4.103773832321166992e-01 1.990795731544494629e-01
4.557725191116333008e-01 2.472627907991409302e-01 3.601158559322357178e-01 3.360389769077301025e-01 3.825672268867492676e-01 2.218515872955322266e-01 2.600968778133392334e-01 2.816711962223052979e-01 4.327938556671142578e-01 1.990795731544494629e-01
2.893443703651428223e-01 3.865761458873748779e-01 5.351522564888000488e-01 4.820000827312469482e-01 5.625680088996887207e-01 1.835011541843414307e-01 2.952870726585388184e-01 2.816711962223052979e-01 3.363353312015533447e-01 1.990795731544494629e-01
3.647459745407104492e-01 2.609793543815612793e-01 2.300523817539215088e-01 4.820000827312469482e-01 4.372181892395019531e-01 3.700381815433502197e-01 5.594974756240844727e-01 3.955711424350738525e-01 4.321293830871582031e-01 1.303648650646209717e-01
6.736777424812316895e-01 2.887979149818420410e-01 3.666472733020782471e-01 3.360389769077301025e-01 4.253898262977600098e-01 1.647501140832901001e-01 4.982552826404571533e-01 3.613824248313903809e-01 4.103773832321166992e-01 5.366936326026916504e-01
3.802357614040374756e-01 2.067389488220214844e-01 3.979422450065612793e-01 3.360389769077301025e-01 3.417915701866149902e-01 2.915062904357910156e-01 2.393162846565246582e-01 2.816711962223052979e-01 3.161303400993347168e-01 1.990795731544494629e-01
1.211774647235870361e-01 2.491171061992645264e-01 5.928051471710205078e-01 3.360389769077301025e-01 3.781732022762298584e-01 3.683581054210662842e-01 2.393162846565246582e-01 2.816711962223052979e-01 3.161303400993347168e-01 2.875888645648956299e-01
2.845712304115295410e-01 2.067389488220214844e-01 3.979422450065612793e-01 3.360389769077301025e-01 3.417915701866149902e-01 2.638732790946960449e-01 2.393162846565246582e-01 3.110351264476776123e-01 4.089154601097106934e-01 1.990795731544494629e-01
5.469092130661010742e-01 4.368366003036499023e-01 4.095621705055236816e-01 4.820000827312469482e-01 4.751830697059631348e-01 2.915062904357910156e-01 4.084784388542175293e-01 3.475239872932434082e-01 3.161303400993347168e-01 2.762027382850646973e-01
4.457027912139892578e-01 1.897981762886047363e-01 2.300523817539215088e-01 4.820000827312469482e-01 6.165561676025390625e-01 3.164901435375213623e-01 3.763434886932373047e-01 5.256264805793762207e-01 3.357312977313995361e-01 1.297737658023834229e-01
3.877562284469604492e-01 8.252009004354476929e-02 2.300523817539215088e-01 4.820000827312469482e-01 2.687813043594360352e-01 3.700381815433502197e-01 3.763434886932373047e-01 5.256264805793762207e-01 4.516530036926269531e-01 1.297737658023834229e-01
4.149084687232971191e-01 2.275825440883636475e-01 3.500523567199707031e-01 4.984499812126159668e-01 5.251734852790832520e-01 4.881411492824554443e-01 2.417052537202835083e-01 5.699838399887084961e-01 5.907883644104003906e-01 5.449279546737670898e-01
4.349276423454284668e-01 2.956720590591430664e-01 4.026397466659545898e-01 5.823934674263000488e-01 4.158144891262054443e-01 5.457741022109985352e-01 3.579324483871459961e-01 5.699838399887084961e-01 4.103773832321166992e-01 4.882889091968536377e-01
7.933425307273864746e-01 3.853363096714019775e-01 4.026397466659545898e-01 5.823934674263000488e-01 4.591886997222900391e-01 5.457741022109985352e-01 3.579324483871459961e-01 5.699838399887084961e-01 4.103773832321166992e-01 5.941883921623229980e-01
6.446998119354248047e-01 3.928804397583007812e-01 3.249250054359436035e-01 4.820000827312469482e-01 5.066918134689331055e-01 1.687343865633010864e-01 4.820674955844879150e-01 4.775640368461608887e-01 4.103773832321166992e-01 3.296934068202972412e-01
5.546648502349853516e-01 3.858395814895629883e-01 3.249250054359436035e-01 4.820000827312469482e-01 4.429863691329956055e-01 2.974642515182495117e-01 2.952870726585388184e-01 2.777627706527709961e-01 3.161303400993347168e-01 2.426412850618362427e-01
5.546648502349853516e-01 3.858395814895629883e-01 3.249250054359436035e-01 4.820000827312469482e-01 4.429863691329956055e-01 1.687343865633010864e-01 5.245509743690490723e-01 2.609887421131134033e-01 4.103773832321166992e-01 2.426412850618362427e-01
3.911225795745849609e-01 2.216587066650390625e-01 4.294797480106353760e-01 4.820000827312469482e-01 3.920370340347290039e-01 3.083090782165527344e-01 3.188903927803039551e-01 2.609887421131134033e-01 4.103773832321166992e-01 2.426412850618362427e-01
2.196336388587951660e-01 3.032063543796539307e-01 3.144275844097137451e-01 3.360389769077301025e-01 4.063693583011627197e-01 4.221062958240509033e-01 2.600968778133392334e-01 2.777627706527709961e-01 4.103773832321166992e-01 2.426412850618362427e-01
1.740335524082183838e-01 4.791680276393890381e-01 5.025300979614257812e-01 3.360389769077301025e-01 4.483784735202789307e-01 7.427473664283752441e-01 2.393162846565246582e-01 2.777627706527709961e-01 3.161303400993347168e-01 3.422419428825378418e-01
1.627767235040664673e-01 4.964695572853088379e-01 6.100423932075500488e-01 3.142575323581695557e-01 3.937128484249114990e-01 5.315332412719726562e-01 2.291173934936523438e-01 2.777627706527709961e-01 2.435487806797027588e-01 3.422419428825378418e-01
3.766871616244316101e-02 1.716043949127197266e-01 2.340838462114334106e-01 3.142575323581695557e-01 3.240554332733154297e-01 5.766419172286987305e-01 3.287778198719024658e-01 3.431383371353149414e-01 3.251598775386810303e-01 2.718679308891296387e-01
2.931196391582489014e-01 2.487340271472930908e-01 4.034152626991271973e-01 3.142575323581695557e-01 3.799467384815216064e-01 2.122218012809753418e-01 3.287778198719024658e-01 3.110347092151641846e-01 3.251598775386810303e-01 4.651848077774047852e-01
1.563307195901870728e-01 4.410085082054138184e-01 4.034152626991271973e-01 3.142575323581695557e-01 3.799467384815216064e-01 1.233841180801391602e-01 3.287778198719024658e-01 3.110347092151641846e-01 3.251598775386810303e-01 2.409620434045791626e-01
2.340594977140426636e-01 2.933280169963836670e-01 2.340838462114334106e-01 3.360389769077301025e-01 3.240554332733154297e-01 5.766419172286987305e-01 3.414479792118072510e-01 3.431383371353149414e-01 4.089154601097106934e-01 2.718679308891296387e-01
1.053608581423759460e-01 2.479415684938430786e-01 2.340838462114334106e-01 3.360389769077301025e-01 3.240554332733154297e-01 4.203127324581146240e-01 3.414479792118072510e-01 3.431383371353149414e-01 4.089154601097106934e-01 3.864702880382537842e-01
1.621427685022354126e-01 2.830637693405151367e-01 3.588838577270507812e-01 4.455914199352264404e-01 3.913482725620269775e-01 4.542195200920104980e-01 2.818699777126312256e-01 4.481016397476196289e-01 2.337424308061599731e-01 4.295274615287780762e-01
1.006407141685485840e-01 6.199160814285278320e-01 4.141954183578491211e-01 3.360389769077301025e-01 4.989112615585327148e-01 4.203127324581146240e-01 2.562529444694519043e-01 2.777627706527709961e-01 3.134290277957916260e-01 3.290554881095886230e-01
2.363614290952682495e-01 4.431916773319244385e-01 4.788413047790527344e-01 4.820000827312469482e-01 5.847278833389282227e-01 4.542195200920104980e-01 2.562529444694519043e-01 3.815977275371551514e-01 2.337424308061599731e-01 3.290554881095886230e-01
1.841454952955245972e-01 4.345900714397430420e-01 3.588838577270507812e-01 3.360389769077301025e-01 5.093692541122436523e-01 4.542195200920104980e-01 2.600968778133392334e-01 2.777627706527709961e-01 3.161303400993347168e-01 2.426412850618362427e-01
9.564958512783050537e-02 2.743948996067047119e-01 2.041428685188293457e-01 3.360389769077301025e-01 3.062305152416229248e-01 6.037436723709106445e-01 1.580950617790222168e-01 2.777627706527709961e-01 2.337424308061599731e-01 2.376601845026016235e-01
1.895354539155960083e-01 2.708589434623718262e-01 2.379868477582931519e-01 4.820000827312469482e-01 4.262294471263885498e-01 2.053304463624954224e-01 3.188903927803039551e-01 3.616934120655059814e-01 2.758527696132659912e-01 2.426412850618362427e-01
3.289368003606796265e-02 3.365345001220703125e-01 4.988842010498046875e-01 3.863577246665954590e-01 3.229399621486663818e-01 3.653570711612701416e-01 1.296358257532119751e-01 3.228211700916290283e-01 3.147313594818115234e-01 2.376601845026016235e-01
2.597744762897491455e-01 1.445409953594207764e-01 3.304030001163482666e-01 3.863577246665954590e-01 3.166248798370361328e-01 2.599764466285705566e-01 3.326281905174255371e-01 3.228211700916290283e-01 3.644919097423553467e-01 3.296934068202972412e-01
4.349531233310699463e-01 1.749464422464370728e-01 5.145492553710937500e-01 3.360389769077301025e-01 2.158738374710083008e-01 5.303726196289062500e-01 3.566206693649291992e-01 3.417315781116485596e-01 3.644919097423553467e-01 3.296934068202972412e-01
4.489808976650238037e-01 6.942098587751388550e-02 3.304030001163482666e-01 3.863577246665954590e-01 3.166248798370361328e-01 2.168722897768020630e-01 3.326281905174255371e-01 3.228211700916290283e-01 2.758527696132659912e-01 3.296934068202972412e-01
2.601888477802276611e-01 1.011788472533226013e-01 3.304030001163482666e-01 3.863577246665954590e-01 2.411062717437744141e-01 3.531400859355926514e-01 4.740590751171112061e-01 4.294739067554473877e-01 3.644919097423553467e-01 2.426412850618362427e-01
8.384776115417480469e-02 2.119485884904861450e-01 6.603652238845825195e-01 3.863577246665954590e-01 3.057645261287689209e-01 4.479097425937652588e-01 1.776325404644012451e-01 2.892463803291320801e-01 4.321293830871582031e-01 1.947627812623977661e-01
8.974346518516540527e-02 1.371722668409347534e-01 3.171097934246063232e-01 3.863577246665954590e-01 3.692023456096649170e-01 3.801887631416320801e-01 1.857511848211288452e-01 1.879817396402359009e-01 4.321293830871582031e-01 1.297737658023834229e-01
5.280848592519760132e-02 3.317561149597167969e-01 3.171097934246063232e-01 4.020771384239196777e-01 1.791645139455795288e-01 3.982916176319122314e-01 1.890436708927154541e-01 1.235468238592147827e-01 4.321293830871582031e-01 1.090926453471183777e-01
1.777718067169189453e-01 2.333190590143203735e-01 4.287115335464477539e-01 4.984499812126159668e-01 1.821703463792800903e-01 5.491112470626831055e-01 2.417052537202835083e-01 4.028775990009307861e-01 4.321293830871582031e-01 1.090926453471183777e-01
3.107194900512695312e-01 2.470570355653762817e-01 2.826780378818511963e-01 3.508817851543426514e-01 1.615328043699264526e-01 7.501540184020996094e-01 4.061376750469207764e-01 8.570760488510131836e-01 3.147313594818115234e-01 5.941883921623229980e-01
5.548154711723327637e-01 2.274093329906463623e-01 4.294797480106353760e-01 4.820000827312469482e-01 4.142981469631195068e-01 4.818043112754821777e-01 3.179718255996704102e-01 3.241884112358093262e-01 3.161303400993347168e-01 3.816569447517395020e-01
6.267403960227966309e-01 1.922872513532638550e-01 4.090062975883483887e-01 5.867455005645751953e-01 2.705626487731933594e-01 3.121159672737121582e-01 2.417052537202835083e-01 5.699838399887084961e-01 5.907883644104003906e-01 5.449279546737670898e-01
3.859767913818359375e-01 5.143489241600036621e-01 4.641257524490356445e-01 6.804876923561096191e-01 2.216359525918960571e-01 5.170747637748718262e-01 4.522707760334014893e-01 8.570760488510131836e-01 4.103773832321166992e-01 5.941883921623229980e-01
4.694941639900207520e-01 2.501704990863800049e-01 3.821352124214172363e-01 4.735350906848907471e-01 2.205604165792465210e-01 2.680402398109436035e-01 4.084784388542175293e-01 3.431383371353149414e-01 4.103773832321166992e-01 3.296934068202972412e-01
3.535096943378448486e-01 2.740822434425354004e-01 3.144275844097137451e-01 3.360389769077301025e-01 3.736892640590667725e-01 4.221062958240509033e-01 3.414479792118072510e-01 3.431383371353149414e-01 4.103773832321166992e-01 3.296934068202972412e-01
5.928925871849060059e-01 3.936952054500579834e-01 3.249250054359436035e-01 4.820000827312469482e-01 4.576382040977478027e-01 2.974642515182495117e-01 4.084784388542175293e-01 3.431383371353149414e-01 3.161303400993347168e-01 2.298659384250640869e-01
6.479055285453796387e-01 4.436475336551666260e-01 4.095621705055236816e-01 4.820000827312469482e-01 4.751830697059631348e-01 3.429481685161590576e-01 4.084784388542175293e-01 3.475239872932434082e-01 4.103773832321166992e-01 2.762027382850646973e-01
3.047674298286437988e-01 2.216587066650390625e-01 3.500523567199707031e-01 4.820000827312469482e-01 2.966204285621643066e-01 1.883127391338348389e-01 3.101617395877838135e-01 2.609887421131134033e-01 3.147313594818115234e-01 3.752359449863433838e-01
4.009588360786437988e-01 2.216587066650390625e-01 3.500523567199707031e-01 4.820000827312469482e-01 2.966204285621643066e-01 1.883127391338348389e-01 3.101617395877838135e-01 3.616934120655059814e-01 3.147313594818115234e-01 3.752359449863433838e-01
6.353286504745483398e-01 2.162314206361770630e-01 3.500523567199707031e-01 4.984499812126159668e-01 5.103942751884460449e-01 4.881411492824554443e-01 3.400972783565521240e-01 4.722328186035156250e-01 5.907883644104003906e-01 5.449279546737670898e-01
6.353286504745483398e-01 2.162314206361770630e-01 3.500523567199707031e-01 4.984499812126159668e-01 5.103942751884460449e-01 4.881411492824554443e-01 3.400972783565521240e-01 4.722328186035156250e-01 5.907883644104003906e-01 5.449279546737670898e-01
7.599016427993774414e-01 2.821654081344604492e-01 4.026397466659545898e-01 5.823934674263000488e-01 4.445280134677886963e-01 5.457741022109985352e-01 4.740590751171112061e-01 4.722328186035156250e-01 4.103773832321166992e-01 4.881588816642761230e-01
5.546648502349853516e-01 2.886381447315216064e-01 3.249250054359436035e-01 4.820000827312469482e-01 4.429863691329956055e-01 1.687343865633010864e-01 5.245509743690490723e-01 2.609887421131134033e-01 4.103773832321166992e-01 2.426412850618362427e-01
5.546648502349853516e-01 2.886381447315216064e-01 3.249250054359436035e-01 4.820000827312469482e-01 4.429863691329956055e-01 1.687343865633010864e-01 5.245509743690490723e-01 2.777627706527709961e-01 4.103773832321166992e-01 2.426412850618362427e-01
2.889185845851898193e-01 4.398547112941741943e-01 4.465158879756927490e-01 3.360389769077301025e-01 2.307602614164352417e-01 7.828196138143539429e-02 2.393162846565246582e-01 1.649283915758132935e-01 3.161303400993347168e-01 2.875888645648956299e-01
3.672073781490325928e-01 5.003076791763305664e-01 5.047011971473693848e-01 3.360389769077301025e-01 4.762736558914184570e-01 1.835011541843414307e-01 2.393162846565246582e-01 2.816711962223052979e-01 3.161303400993347168e-01 1.990795731544494629e-01
5.898405909538269043e-01 4.398547112941741943e-01 4.465158879756927490e-01 3.360389769077301025e-01 4.762736558914184570e-01 1.835011541843414307e-01 2.393162846565246582e-01 2.816711962223052979e-01 3.161303400993347168e-01 1.990795731544494629e-01
2.930179536342620850e-01 4.398547112941741943e-01 4.465158879756927490e-01 3.360389769077301025e-01 2.851761281490325928e-01 7.828196138143539429e-02 2.393162846565246582e-01 1.649283915758132935e-01 3.161303400993347168e-01 1.990795731544494629e-01
4.854170083999633789e-01 4.398547112941741943e-01 4.465158879756927490e-01 3.360389769077301025e-01 4.762736558914184570e-01 1.835011541843414307e-01 2.393162846565246582e-01 2.816711962223052979e-01 3.161303400993347168e-01 1.990795731544494629e-01
3.027764558792114258e-01 5.003076791763305664e-01 5.047011971473693848e-01 3.360389769077301025e-01 4.762736558914184570e-01 1.198723539710044861e-01 2.393162846565246582e-01 2.816711962223052979e-01 3.161303400993347168e-01 1.990795731544494629e-01
4.634185433387756348e-01 5.282096862792968750e-01 4.465158879756927490e-01 3.360389769077301025e-01 6.405662298202514648e-01 1.835011541843414307e-01 2.393162846565246582e-01 2.816711962223052979e-01 3.161303400993347168e-01 1.990795731544494629e-01
7.721818089485168457e-01 4.398547112941741943e-01 4.465158879756927490e-01 3.360389769077301025e-01 6.501410007476806641e-01 7.828196138143539429e-02 2.600968778133392334e-01 2.816711962223052979e-01 3.161303400993347168e-01 1.990795731544494629e-01
2.673562467098236084e-01 3.664577603340148926e-01 3.588838577270507812e-01 3.360389769077301025e-01 3.368967473506927490e-01 1.878369152545928955e-01 2.393162846565246582e-01 2.777627706527709961e-01 3.161303400993347168e-01 2.426412850618362427e-01
3.035855889320373535e-01 4.244672954082489014e-01 4.141954183578491211e-01 3.360389769077301025e-01 3.368967473506927490e-01 1.878369152545928955e-01 2.393162846565246582e-01 2.777627706527709961e-01 3.161303400993347168e-01 2.426412850618362427e-01
3.845992386341094971e-01 4.240778386592864990e-01 5.532786846160888672e-01 3.360389769077301025e-01 3.937128484249114990e-01 4.590679705142974854e-01 2.393162846565246582e-01 2.777627706527709961e-01 3.161303400993347168e-01 3.422419428825378418e-01
2.796468436717987061e-01 3.155395090579986572e-01 3.284603357315063477e-01 1.589927226305007935e-01 5.079672932624816895e-01 5.073965787887573242e-01 2.291173934936523438e-01 2.494528144598007202e-01 3.251598775386810303e-01 1.390154361724853516e-01
1.292279660701751709e-01 3.187103569507598877e-01 3.639055490493774414e-01 2.638665735721588135e-01 4.715041816234588623e-01 6.744697093963623047e-01 2.510684430599212646e-01 3.110347092151641846e-01 3.251598775386810303e-01 2.409620434045791626e-01
2.065279781818389893e-01 3.187103569507598877e-01 4.015749394893646240e-01 1.589927226305007935e-01 4.595305025577545166e-01 4.694314301013946533e-01 2.510684430599212646e-01 3.110347092151641846e-01 3.251598775386810303e-01 2.409620434045791626e-01
5.223212838172912598e-01 5.436325669288635254e-01 4.015749394893646240e-01 1.589927226305007935e-01 3.506273627281188965e-01 4.694314301013946533e-01 2.510684430599212646e-01 3.938785791397094727e-01 3.251598775386810303e-01 2.091338932514190674e-01
5.180890560150146484e-01 5.892978906631469727e-01 6.116431951522827148e-01 3.357772827148437500e-01 2.298870533704757690e-01 7.128198742866516113e-01 3.292340040206909180e-01 3.938785791397094727e-01 5.542639493942260742e-01 3.175932765007019043e-01
8.075798153877258301e-01 6.350690722465515137e-01 5.693650841712951660e-01 7.712024450302124023e-01 3.118496537208557129e-01 5.699799656867980957e-01 6.708850860595703125e-01 5.041257143020629883e-01 5.542639493942260742e-01 7.485072612762451172e-01
8.201803565025329590e-01 6.350690722465515137e-01 5.432068109512329102e-01 7.712024450302124023e-01 2.180447727441787720e-01 7.340716123580932617e-01 8.404311537742614746e-01 5.766388177871704102e-01 5.542639493942260742e-01 7.485072612762451172e-01
7.570446133613586426e-01 7.757539749145507812e-01 5.693650841712951660e-01 7.712024450302124023e-01 2.867679297924041748e-01 3.830471634864807129e-01 7.970629930496215820e-01 5.041257143020629883e-01 5.542639493942260742e-01 7.485072612762451172e-01
