5.293098688125610352e-01 4.514580965042114258e-01 5.332451462745666504e-01 5.546151995658874512e-01 7.131716609001159668e-01 5.189338922500610352e-01 4.786095023155212402e-01 4.202278256416320801e-01 1.977778673171997070e-01 5.713704824447631836e-01
5.293098688125610352e-01 5.849681496620178223e-01 4.339418411254882812e-01 5.546151995658874512e-01 3.439943492412567139e-01 3.707375824451446533e-01 3.685957491397857666e-01 4.202278256416320801e-01 4.453019499778747559e-01 4.534296393394470215e-01
4.530808031558990479e-01 5.849681496620178223e-01 3.831028938293457031e-01 5.546151995658874512e-01 4.304538965225219727e-01 4.718540310859680176e-01 4.786095023155212402e-01 4.202278256416320801e-01 4.502145349979400635e-01 3.773168325424194336e-01
4.530808031558990479e-01 5.608322024345397949e-01 4.684373736381530762e-01 4.318363666534423828e-01 2.692497074604034424e-01 4.164153039455413818e-01 3.635055720806121826e-01 4.202278256416320801e-01 7.270163297653198242e-01 3.773168325424194336e-01
6.921920776367187500e-01 4.132328629493713379e-01 5.791143774986267090e-01 4.318363666534423828e-01 6.030889749526977539e-01 5.551562309265136719e-01 4.618239402770996094e-01 4.202278256416320801e-01 7.110164761543273926e-01 3.773168325424194336e-01
4.158966541290283203e-01 5.608322024345397949e-01 4.350912868976593018e-01 4.318363666534423828e-01 3.510571718215942383e-01 1.303733587265014648e-01 4.786095023155212402e-01 4.202278256416320801e-01 6.483748555183410645e-01 3.773168325424194336e-01
4.158966541290283203e-01 4.132328629493713379e-01 2.721700668334960938e-01 4.318363666534423828e-01 5.357556939125061035e-01 3.251557946205139160e-01 5.455457568168640137e-01 4.202278256416320801e-01 2.639871835708618164e-01 2.097061872482299805e-01
6.921920776367187500e-01 4.132328629493713379e-01 5.210360884666442871e-01 5.546151995658874512e-01 2.808728218078613281e-01 4.069715738296508789e-01 3.824611604213714600e-01 4.202278256416320801e-01 2.503374814987182617e-01 4.534296393394470215e-01
5.293098688125610352e-01 5.849681496620178223e-01 4.806507825851440430e-01 5.546151995658874512e-01 1.104197874665260315e-01 6.562676429748535156e-01 3.630867302417755127e-01 7.086599469184875488e-01 7.134601473808288574e-02 1.586312949657440186e-01
5.181737542152404785e-01 5.849681496620178223e-01 5.210360884666442871e-01 5.546151995658874512e-01 9.619593620300292969e-01 3.223094046115875244e-01 3.922234177589416504e-01 4.202278256416320801e-01 2.732256948947906494e-01 4.534296393394470215e-01
5.181737542152404785e-01 4.514580965042114258e-01 6.184930801391601562e-01 5.546151995658874512e-01 2.716360390186309814e-01 4.377658665180206299e-01 3.213840723037719727e-01 4.202278256416320801e-01 7.172451615333557129e-01 4.617537856101989746e-01
5.293098688125610352e-01 5.849681496620178223e-01 5.210360884666442871e-01 5.546151995658874512e-01 6.383126378059387207e-01 5.189338922500610352e-01 3.922234177589416504e-01 4.202278256416320801e-01 3.649895191192626953e-01 4.617537856101989746e-01
4.530808031558990479e-01 5.849681496620178223e-01 5.791143774986267090e-01 5.546151995658874512e-01 7.896056175231933594e-01 8.187170028686523438e-01 4.786095023155212402e-01 4.202278256416320801e-01 7.476179003715515137e-01 1.629141867160797119e-01
5.293098688125610352e-01 5.608322024345397949e-01 4.684373736381530762e-01 5.546151995658874512e-01 3.999082148075103760e-01 1.069135814905166626e-01 8.361269533634185791e-02 4.202278256416320801e-01 1.510422527790069580e-01 3.773168325424194336e-01
5.181737542152404785e-01 4.132328629493713379e-01 5.701388716697692871e-01 4.318363666534423828e-01 7.071455717086791992e-01 6.079607009887695312e-01 5.927543640136718750e-01 4.202278256416320801e-01 4.876637160778045654e-01 3.773168325424194336e-01
5.181737542152404785e-01 5.608322024345397949e-01 4.684373736381530762e-01 4.318363666534423828e-01 2.627753317356109619e-01 6.853814125061035156e-01 3.213840723037719727e-01 4.202278256416320801e-01 8.113107681274414062e-01 3.773168325424194336e-01
6.921920776367187500e-01 4.132328629493713379e-01 5.701388716697692871e-01 4.318363666534423828e-01 7.414672970771789551e-01 6.715233325958251953e-01 5.927543640136718750e-01 4.202278256416320801e-01 7.632508277893066406e-01 3.773168325424194336e-01
4.158966541290283203e-01 5.608322024345397949e-01 4.684373736381530762e-01 4.318363666534423828e-01 3.116318583488464355e-01 7.228640317916870117e-01 4.786095023155212402e-01 4.202278256416320801e-01 2.842547595500946045e-01 4.617537856101989746e-01
6.921920776367187500e-01 4.132328629493713379e-01 5.210360884666442871e-01 4.318363666534423828e-01 8.877093791961669922e-01 7.747008800506591797e-01 3.213840723037719727e-01 4.202278256416320801e-01 3.172160387039184570e-01 4.617537856101989746e-01
4.158966541290283203e-01 4.132328629493713379e-01 4.011979997158050537e-01 4.318363666534423828e-01 6.214216351509094238e-01 4.526309370994567871e-01 4.786095023155212402e-01 4.202278256416320801e-01 5.160087943077087402e-01 1.629141867160797119e-01
4.158966541290283203e-01 4.132328629493713379e-01 5.104510188102722168e-01 4.318363666534423828e-01 2.576036155223846436e-01 3.223094046115875244e-01 3.747830092906951904e-01 4.202278256416320801e-01 1.563540101051330566e-01 2.213584333658218384e-01
4.530808031558990479e-01 4.132328629493713379e-01 3.769067823886871338e-01 4.318363666534423828e-01 4.225931167602539062e-01 5.436267852783203125e-01 1.912575662136077881e-01 4.202278256416320801e-01 6.543478369712829590e-01 3.773168325424194336e-01
6.921920776367187500e-01 5.608322024345397949e-01 1.723115891218185425e-01 4.318363666534423828e-01 6.443214416503906250e-01 6.180932521820068359e-01 5.927543640136718750e-01 4.202278256416320801e-01 7.664050459861755371e-01 4.617537856101989746e-01
4.158966541290283203e-01 5.608322024345397949e-01 3.831028938293457031e-01 4.318363666534423828e-01 1.700441688299179077e-01 2.397642284631729126e-01 3.213840723037719727e-01 4.202278256416320801e-01 5.404868721961975098e-01 3.773168325424194336e-01
4.158966541290283203e-01 4.132328629493713379e-01 5.332451462745666504e-01 4.318363666534423828e-01 1.367571949958801270e-01 2.555581331253051758e-01 4.786095023155212402e-01 4.202278256416320801e-01 6.047571897506713867e-01 3.773168325424194336e-01
6.921920776367187500e-01 4.132328629493713379e-01 1.723115891218185425e-01 4.318363666534423828e-01 6.859307289123535156e-01 6.281204819679260254e-01 3.922234177589416504e-01 4.202278256416320801e-01 5.354332327842712402e-01 4.534296393394470215e-01
4.158966541290283203e-01 5.608322024345397949e-01 3.831028938293457031e-01 4.318363666534423828e-01 5.455565452575683594e-01 5.348837971687316895e-01 4.786095023155212402e-01 4.202278256416320801e-01 5.456421375274658203e-01 3.773168325424194336e-01
4.158966541290283203e-01 4.132328629493713379e-01 5.332451462745666504e-01 4.318363666534423828e-01 2.564243786036968231e-02 2.555581331253051758e-01 4.786095023155212402e-01 4.202278256416320801e-01 7.089580297470092773e-01 3.773168325424194336e-01
4.158966541290283203e-01 4.132328629493713379e-01 3.518109619617462158e-01 4.318363666534423828e-01 1.593061834573745728e-01 1.653646230697631836e-01 2.925424575805664062e-01 4.202278256416320801e-01 1.761644035577774048e-01 4.617537856101989746e-01
6.921920776367187500e-01 4.132328629493713379e-01 2.303443849086761475e-01 4.318363666534423828e-01 5.862596631050109863e-01 1.707622259855270386e-01 4.593425393104553223e-01 4.202278256416320801e-01 2.193390130996704102e-01 4.534296393394470215e-01
4.158966541290283203e-01 5.608322024345397949e-01 3.518109619617462158e-01 4.318363666534423828e-01 3.383174538612365723e-01 1.761443167924880981e-01 3.213840723037719727e-01 4.202278256416320801e-01 2.288357615470886230e-01 3.773168325424194336e-01
5.293098688125610352e-01 4.514580965042114258e-01 5.382413268089294434e-01 5.546151995658874512e-01 8.958041071891784668e-01 2.748586833477020264e-01 6.334718465805053711e-01 4.202278256416320801e-01 2.576048374176025391e-01 2.213584333658218384e-01
5.293098688125610352e-01 5.849681496620178223e-01 3.831028938293457031e-01 5.546151995658874512e-01 5.518258213996887207e-01 4.075713753700256348e-01 4.786095023155212402e-01 4.202278256416320801e-01 5.353555679321289062e-01 4.617537856101989746e-01
6.921920776367187500e-01 4.514580965042114258e-01 3.831028938293457031e-01 5.546151995658874512e-01 1.865262687206268311e-01 3.853634893894195557e-01 4.434191882610321045e-01 4.202278256416320801e-01 3.129015266895294189e-01 3.773168325424194336e-01
4.530808031558990479e-01 5.608322024345397949e-01 3.831028938293457031e-01 5.546151995658874512e-01 5.738839507102966309e-01 3.893996775150299072e-01 3.213840723037719727e-01 4.202278256416320801e-01 7.145226001739501953e-01 4.617537856101989746e-01
4.530808031558990479e-01 5.608322024345397949e-01 3.831028938293457031e-01 5.546151995658874512e-01 1.926312744617462158e-01 4.069715738296508789e-01 4.786095023155212402e-01 4.202278256416320801e-01 8.231477141380310059e-01 3.773168325424194336e-01
5.293098688125610352e-01 5.849681496620178223e-01 4.011979997158050537e-01 5.546151995658874512e-01 6.580913662910461426e-01 2.580395042896270752e-01 6.221807003021240234e-01 4.202278256416320801e-01 1.811699867248535156e-01 2.755507230758666992e-01
4.530808031558990479e-01 5.849681496620178223e-01 4.922902286052703857e-01 5.546151995658874512e-01 5.540949106216430664e-01 2.208954542875289917e-01 4.593425393104553223e-01 4.202278256416320801e-01 5.197809934616088867e-01 4.534296393394470215e-01
4.530808031558990479e-01 5.608322024345397949e-01 4.922902286052703857e-01 4.318363666534423828e-01 3.062645792961120605e-01 5.567610263824462891e-01 1.976389586925506592e-01 4.202278256416320801e-01 3.014819324016571045e-01 3.773168325424194336e-01
5.293098688125610352e-01 5.849681496620178223e-01 2.721700668334960938e-01 5.546151995658874512e-01 2.978747189044952393e-01 2.671762108802795410e-01 4.786095023155212402e-01 4.202278256416320801e-01 3.954380750656127930e-01 3.773168325424194336e-01
4.530808031558990479e-01 5.849681496620178223e-01 2.303443849086761475e-01 5.546151995658874512e-01 5.764706134796142578e-01 2.208954542875289917e-01 3.922234177589416504e-01 4.202278256416320801e-01 7.335364222526550293e-01 4.534296393394470215e-01
5.293098688125610352e-01 5.849681496620178223e-01 4.011979997158050537e-01 5.546151995658874512e-01 2.333324104547500610e-01 2.083330303430557251e-01 4.786095023155212402e-01 4.202278256416320801e-01 6.512314081192016602e-01 2.213584333658218384e-01
6.921920776367187500e-01 5.849681496620178223e-01 5.382413268089294434e-01 5.546151995658874512e-01 2.610519528388977051e-01 3.472973406314849854e-01 4.407617747783660889e-01 5.552473664283752441e-01 8.455859422683715820e-01 2.446001768112182617e-01
6.921920776367187500e-01 4.514580965042114258e-01 4.256694912910461426e-01 5.546151995658874512e-01 3.747762143611907959e-01 4.531319141387939453e-01 2.497811466455459595e-01 4.202278256416320801e-01 1.463589370250701904e-01 4.617537856101989746e-01
5.293098688125610352e-01 5.849681496620178223e-01 4.339418411254882812e-01 5.546151995658874512e-01 7.781155109405517578e-01 1.797802746295928955e-01 4.786095023155212402e-01 4.202278256416320801e-01 6.928315758705139160e-01 4.617537856101989746e-01
5.293098688125610352e-01 5.849681496620178223e-01 5.382413268089294434e-01 5.546151995658874512e-01 2.854893207550048828e-01 2.897171080112457275e-01 4.407617747783660889e-01 5.552473664283752441e-01 1.032195389270782471e-01 4.220737516880035400e-01
4.530808031558990479e-01 5.849681496620178223e-01 3.127450644969940186e-01 5.546151995658874512e-01 4.356985092163085938e-01 2.227308750152587891e-01 4.886527657508850098e-01 5.552473664283752441e-01 2.441578656435012817e-01 3.403051495552062988e-01
5.293098688125610352e-01 4.514580965042114258e-01 4.856669306755065918e-01 5.546151995658874512e-01 4.943006336688995361e-01 3.058878481388092041e-01 3.760438263416290283e-01 7.054979205131530762e-01 7.505398392677307129e-01 3.403051495552062988e-01
5.293098688125610352e-01 5.849681496620178223e-01 4.856669306755065918e-01 5.546151995658874512e-01 3.040079772472381592e-01 2.274503260850906372e-01 3.760438263416290283e-01 7.054979205131530762e-01 2.487520277500152588e-01 2.446001768112182617e-01
5.293098688125610352e-01 5.849681496620178223e-01 5.382413268089294434e-01 5.546151995658874512e-01 5.535654425621032715e-01 2.870489656925201416e-01 4.407617747783660889e-01 5.552473664283752441e-01 3.291521966457366943e-01 1.948576867580413818e-01
5.293098688125610352e-01 5.849681496620178223e-01 3.831028938293457031e-01 5.546151995658874512e-01 4.706336855888366699e-01 3.859521746635437012e-01 2.925424575805664062e-01 4.202278256416320801e-01 2.111315578222274780e-01 4.617537856101989746e-01
6.921920776367187500e-01 5.849681496620178223e-01 4.339418411254882812e-01 5.546151995658874512e-01 6.821026206016540527e-01 3.859521746635437012e-01 4.786095023155212402e-01 4.202278256416320801e-01 6.442055702209472656e-01 4.617537856101989746e-01
4.530808031558990479e-01 5.849681496620178223e-01 1.723115891218185425e-01 5.546151995658874512e-01 3.969457149505615234e-01 2.499276548624038696e-01 3.213840723037719727e-01 4.202278256416320801e-01 7.145729064941406250e-01 4.617537856101989746e-01
5.293098688125610352e-01 5.849681496620178223e-01 3.831028938293457031e-01 5.546151995658874512e-01 4.755942821502685547e-01 7.252760529518127441e-01 5.585331916809082031e-01 4.906989932060241699e-01 5.671053007245063782e-02 4.634598791599273682e-01
5.293098688125610352e-01 5.849681496620178223e-01 5.332451462745666504e-01 5.546151995658874512e-01 6.242265701293945312e-01 7.625868916511535645e-01 5.845122933387756348e-01 6.366927623748779297e-01 6.410928964614868164e-01 6.884409189224243164e-01
5.293098688125610352e-01 4.514580965042114258e-01 6.291620135307312012e-01 5.546151995658874512e-01 3.804514706134796143e-01 4.220357835292816162e-01 1.853065341711044312e-01 6.004992127418518066e-01 4.901475012302398682e-01 6.485022902488708496e-01
6.921920776367187500e-01 5.849681496620178223e-01 7.299112677574157715e-01 3.527700006961822510e-01 2.773313820362091064e-01 5.642006993293762207e-01 3.612737059593200684e-01 4.202278256416320801e-01 8.252851963043212891e-01 3.773168325424194336e-01
5.293098688125610352e-01 4.514580965042114258e-01 5.788394212722778320e-01 5.546151995658874512e-01 2.909428775310516357e-01 4.742990732192993164e-01 5.229748487472534180e-01 4.202278256416320801e-01 2.824753522872924805e-01 3.773168325424194336e-01
6.921920776367187500e-01 5.849681496620178223e-01 4.922902286052703857e-01 5.546151995658874512e-01 7.455428242683410645e-01 4.399416744709014893e-01 5.447871088981628418e-01 4.202278256416320801e-01 3.381004333496093750e-01 3.773168325424194336e-01
5.293098688125610352e-01 5.849681496620178223e-01 3.831028938293457031e-01 5.546151995658874512e-01 5.212056040763854980e-01 5.219470262527465820e-01 6.184577941894531250e-01 6.366927623748779297e-01 3.548322618007659912e-01 6.094907522201538086e-01
5.293098688125610352e-01 5.849681496620178223e-01 6.763529181480407715e-01 5.546151995658874512e-01 3.450387418270111084e-01 6.035162210464477539e-01 5.635623931884765625e-01 5.552473664283752441e-01 3.037092387676239014e-01 2.446001768112182617e-01
6.921920776367187500e-01 5.849681496620178223e-01 5.788394212722778320e-01 5.546151995658874512e-01 1.643272936344146729e-01 5.458960533142089844e-01 7.441090345382690430e-01 4.202278256416320801e-01 6.783303022384643555e-01 4.617537856101989746e-01
4.530808031558990479e-01 5.849681496620178223e-01 1.723115891218185425e-01 5.546151995658874512e-01 8.352050185203552246e-01 5.436267852783203125e-01 2.886550724506378174e-01 4.202278256416320801e-01 4.238686859607696533e-01 4.617537856101989746e-01
5.293098688125610352e-01 5.849681496620178223e-01 3.831028938293457031e-01 5.546151995658874512e-01 5.909907817840576172e-01 3.120902478694915771e-01 4.786095023155212402e-01 4.202278256416320801e-01 9.080008864402770996e-01 2.755507230758666992e-01
5.293098688125610352e-01 5.849681496620178223e-01 5.972292423248291016e-01 5.546151995658874512e-01 5.087211132049560547e-01 7.280653715133666992e-01 4.254764616489410400e-01 4.906989932060241699e-01 3.919498324394226074e-01 2.883858382701873779e-01
6.921920776367187500e-01 4.514580965042114258e-01 6.792063713073730469e-01 5.546151995658874512e-01 2.158120870590209961e-01 7.341994643211364746e-01 5.223617553710937500e-01 4.906989932060241699e-01 1.854953467845916748e-01 5.418290495872497559e-01
5.293098688125610352e-01 5.849681496620178223e-01 3.831028938293457031e-01 5.546151995658874512e-01 4.079002141952514648e-01 8.076590895652770996e-01 6.184577941894531250e-01 6.366927623748779297e-01 6.216907501220703125e-01 6.884409189224243164e-01
4.158966541290283203e-01 4.132328629493713379e-01 4.011979997158050537e-01 4.318363666534423828e-01 1.871825009584426880e-01 8.011769056320190430e-01 6.794642806053161621e-01 4.906989932060241699e-01 9.015230834484100342e-02 2.883858382701873779e-01
4.158966541290283203e-01 4.132328629493713379e-01 3.831028938293457031e-01 4.318363666534423828e-01 5.190655589103698730e-01 7.178317904472351074e-01 6.184577941894531250e-01 6.366927623748779297e-01 5.142215490341186523e-01 6.884409189224243164e-01
4.158966541290283203e-01 4.132328629493713379e-01 5.332451462745666504e-01 4.318363666534423828e-01 1.740466505289077759e-01 7.084968686103820801e-01 3.615518510341644287e-01 4.906989932060241699e-01 1.362943947315216064e-01 4.634598791599273682e-01
6.921920776367187500e-01 5.849681496620178223e-01 1.723115891218185425e-01 5.546151995658874512e-01 1.079581230878829956e-01 9.542588591575622559e-01 5.326151251792907715e-01 4.906989932060241699e-01 3.406021595001220703e-01 5.418290495872497559e-01
5.293098688125610352e-01 5.849681496620178223e-01 4.011979997158050537e-01 7.104464173316955566e-01 7.342151403427124023e-01 6.143016219139099121e-01 3.615518510341644287e-01 4.906989932060241699e-01 1.943870484828948975e-01 3.515782654285430908e-01
5.293098688125610352e-01 4.514580965042114258e-01 3.084438443183898926e-01 5.546151995658874512e-01 1.161912456154823303e-01 9.084996581077575684e-01 6.000937819480895996e-01 4.906989932060241699e-01 3.751966655254364014e-01 5.418290495872497559e-01
4.530808031558990479e-01 5.849681496620178223e-01 3.831028938293457031e-01 5.546151995658874512e-01 2.488076537847518921e-01 7.781253457069396973e-01 5.845122933387756348e-01 4.906989932060241699e-01 7.949506640434265137e-01 4.634598791599273682e-01
5.293098688125610352e-01 5.849681496620178223e-01 4.339418411254882812e-01 5.546151995658874512e-01 7.448628544807434082e-01 7.625868916511535645e-01 6.184577941894531250e-01 4.906989932060241699e-01 7.323660850524902344e-01 5.501425862312316895e-01
5.293098688125610352e-01 5.849681496620178223e-01 6.112443208694458008e-01 5.546151995658874512e-01 1.701742112636566162e-01 8.675078153610229492e-01 4.220298528671264648e-01 4.906989932060241699e-01 5.584841370582580566e-01 5.501425862312316895e-01
5.293098688125610352e-01 5.849681496620178223e-01 4.806507825851440430e-01 5.546151995658874512e-01 3.690484166145324707e-01 7.267985343933105469e-01 6.184577941894531250e-01 6.366927623748779297e-01 4.702887535095214844e-01 6.094907522201538086e-01
6.921920776367187500e-01 4.514580965042114258e-01 4.831158518791198730e-01 5.546151995658874512e-01 4.290963113307952881e-01 7.821348309516906738e-01 5.700807571411132812e-01 6.366927623748779297e-01 3.693241178989410400e-01 6.094907522201538086e-01
5.293098688125610352e-01 5.849681496620178223e-01 3.831028938293457031e-01 5.546151995658874512e-01 7.348072528839111328e-01 3.472073972225189209e-01 6.184577941894531250e-01 4.129744470119476318e-01 6.797071099281311035e-01 4.717233777046203613e-01
6.921920776367187500e-01 4.514580965042114258e-01 2.280504852533340454e-01 5.546151995658874512e-01 4.748340249061584473e-01 4.642761349678039551e-01 6.673422455787658691e-01 4.129744470119476318e-01 6.599943637847900391e-01 3.867733478546142578e-01
5.293098688125610352e-01 5.849681496620178223e-01 3.056810796260833740e-01 5.546151995658874512e-01 3.905307054519653320e-01 4.908917248249053955e-01 3.915152847766876221e-01 4.906989932060241699e-01 3.775466680526733398e-01 2.883858382701873779e-01
6.921920776367187500e-01 5.849681496620178223e-01 5.726404190063476562e-01 5.546151995658874512e-01 3.191477358341217041e-01 4.991369843482971191e-01 6.562609076499938965e-01 6.366927623748779297e-01 2.523847818374633789e-01 6.812021732330322266e-01
5.293098688125610352e-01 5.849681496620178223e-01 3.099610209465026855e-01 5.546151995658874512e-01 2.129575163125991821e-01 6.832250952720642090e-01 4.279758334159851074e-01 6.366927623748779297e-01 5.249747037887573242e-01 6.812021732330322266e-01
5.293098688125610352e-01 5.849681496620178223e-01 4.856669306755065918e-01 5.546151995658874512e-01 3.121931254863739014e-01 5.749239325523376465e-01 5.155567526817321777e-01 4.906989932060241699e-01 6.048325896263122559e-01 4.634598791599273682e-01
5.293098688125610352e-01 5.849681496620178223e-01 4.856669306755065918e-01 5.546151995658874512e-01 3.236785233020782471e-01 6.632124185562133789e-01 5.692609548568725586e-01 5.552473664283752441e-01 4.242715835571289062e-01 5.844340324401855469e-01
5.181737542152404785e-01 5.849681496620178223e-01 5.382413268089294434e-01 5.546151995658874512e-01 5.555094480514526367e-01 6.113141179084777832e-01 5.692609548568725586e-01 7.054979205131530762e-01 6.577603220939636230e-01 5.844340324401855469e-01
5.293098688125610352e-01 5.849681496620178223e-01 7.629963159561157227e-01 5.546151995658874512e-01 7.420793771743774414e-01 5.340880751609802246e-01 7.000336050987243652e-01 6.366927623748779297e-01 6.073458790779113770e-01 6.094907522201538086e-01
5.293098688125610352e-01 4.514580965042114258e-01 5.382413268089294434e-01 5.546151995658874512e-01 4.158081412315368652e-01 5.340880751609802246e-01 7.000336050987243652e-01 6.004992127418518066e-01 6.625574827194213867e-01 5.740348100662231445e-01
5.293098688125610352e-01 5.849681496620178223e-01 5.382413268089294434e-01 5.546151995658874512e-01 7.158583998680114746e-01 1.997227966785430908e-01 7.000336050987243652e-01 4.129744470119476318e-01 2.664185464382171631e-01 3.867733478546142578e-01
5.293098688125610352e-01 4.514580965042114258e-01 5.382413268089294434e-01 5.546151995658874512e-01 5.749867558479309082e-01 3.776904046535491943e-01 7.000336050987243652e-01 4.129744470119476318e-01 3.209514170885086060e-02 3.867733478546142578e-01
4.530808031558990479e-01 5.849681496620178223e-01 3.831028938293457031e-01 5.546151995658874512e-01 2.654944062232971191e-01 4.230429828166961670e-01 6.184577941894531250e-01 6.004992127418518066e-01 6.807616353034973145e-01 5.740348100662231445e-01
4.530808031558990479e-01 5.849681496620178223e-01 4.339418411254882812e-01 5.546151995658874512e-01 8.318564295768737793e-01 5.340880751609802246e-01 4.554194808006286621e-01 4.129744470119476318e-01 2.408742010593414307e-01 3.867733478546142578e-01
5.293098688125610352e-01 4.514580965042114258e-01 4.339418411254882812e-01 5.546151995658874512e-01 3.360742628574371338e-01 6.769302487373352051e-01 6.184577941894531250e-01 6.366927623748779297e-01 4.354191720485687256e-01 6.094907522201538086e-01
5.181737542152404785e-01 5.849681496620178223e-01 3.831028938293457031e-01 5.546151995658874512e-01 9.044641852378845215e-01 8.469926118850708008e-01 5.585331916809082031e-01 6.366927623748779297e-01 9.137274026870727539e-01 6.884409189224243164e-01
5.293098688125610352e-01 5.849681496620178223e-01 6.291620135307312012e-01 5.546151995658874512e-01 7.454480528831481934e-01 8.012042045593261719e-01 5.229748487472534180e-01 4.202278256416320801e-01 8.488079905509948730e-01 2.097061872482299805e-01
6.921920776367187500e-01 5.849681496620178223e-01 6.112443208694458008e-01 5.546151995658874512e-01 7.756597399711608887e-01 9.115772247314453125e-01 6.000399589538574219e-01 4.906989932060241699e-01 7.498321533203125000e-01 5.501425862312316895e-01
5.293098688125610352e-01 5.608322024345397949e-01 3.831028938293457031e-01 5.546151995658874512e-01 5.947492718696594238e-01 7.267985343933105469e-01 6.184577941894531250e-01 6.366927623748779297e-01 3.394154012203216553e-01 6.094907522201538086e-01
6.921920776367187500e-01 4.132328629493713379e-01 6.112443208694458008e-01 4.318363666534423828e-01 3.222434222698211670e-01 6.094132065773010254e-01 6.673422455787658691e-01 6.366927623748779297e-01 8.416963219642639160e-01 6.094907522201538086e-01
4.158966541290283203e-01 5.608322024345397949e-01 3.831028938293457031e-01 4.318363666534423828e-01 5.444117784500122070e-01 7.267985343933105469e-01 4.554194808006286621e-01 4.906989932060241699e-01 5.572611689567565918e-01 4.634598791599273682e-01
4.530808031558990479e-01 4.132328629493713379e-01 4.339418411254882812e-01 4.318363666534423828e-01 4.029056429862976074e-01 6.799705028533935547e-01 2.634392678737640381e-01 6.366927623748779297e-01 4.779816269874572754e-01 6.094907522201538086e-01
4.158966541290283203e-01 4.132328629493713379e-01 3.831028938293457031e-01 4.318363666534423828e-01 4.664531052112579346e-01 1.635779589414596558e-01 6.184577941894531250e-01 4.202278256416320801e-01 5.262884497642517090e-01 3.773168325424194336e-01
6.921920776367187500e-01 4.132328629493713379e-01 6.112443208694458008e-01 8.116645812988281250e-01 4.317949414253234863e-01 7.006024122238159180e-01 4.205588400363922119e-01 4.202278256416320801e-01 7.600746750831604004e-01 5.713704824447631836e-01
4.530808031558990479e-01 5.608322024345397949e-01 6.792063713073730469e-01 4.318363666534423828e-01 6.894291937351226807e-02 1.254461407661437988e-01 2.497811466455459595e-01 4.202278256416320801e-01 4.343545734882354736e-01 4.534296393394470215e-01
4.158966541290283203e-01 4.132328629493713379e-01 3.230927586555480957e-01 4.318363666534423828e-01 1.659949868917465210e-01 3.001500368118286133e-01 5.229748487472534180e-01 4.202278256416320801e-01 5.657359361648559570e-01 2.213584333658218384e-01
6.921920776367187500e-01 4.132328629493713379e-01 4.945650696754455566e-01 4.318363666534423828e-01 3.652131259441375732e-01 7.032982707023620605e-01 5.891052484512329102e-01 4.202278256416320801e-01 7.152264714241027832e-01 4.617537856101989746e-01
5.293098688125610352e-01 5.849681496620178223e-01 3.230927586555480957e-01 5.546151995658874512e-01 8.533585667610168457e-01 8.305674791336059570e-01 2.032525241374969482e-01 4.906989932060241699e-01 6.071403026580810547e-01 3.515782654285430908e-01
6.921920776367187500e-01 4.132328629493713379e-01 4.403346776962280273e-01 5.546151995658874512e-01 1.070957183837890625e-01 2.883408665657043457e-01 3.471866548061370850e-01 4.906989932060241699e-01 3.790162801742553711e-01 5.418290495872497559e-01
4.158966541290283203e-01 5.608322024345397949e-01 5.415564179420471191e-01 4.318363666534423828e-01 4.610086679458618164e-01 8.287299871444702148e-01 2.634392678737640381e-01 4.906989932060241699e-01 2.987569570541381836e-01 4.634598791599273682e-01
4.158966541290283203e-01 5.608322024345397949e-01 4.421716332435607910e-01 4.318363666534423828e-01 3.522233068943023682e-01 8.647683858871459961e-01 7.441090345382690430e-01 6.366927623748779297e-01 5.183252692222595215e-01 6.884409189224243164e-01
6.921920776367187500e-01 4.132328629493713379e-01 4.945650696754455566e-01 4.318363666534423828e-01 3.217264413833618164e-01 8.588536977767944336e-01 7.441090345382690430e-01 4.906989932060241699e-01 8.687672615051269531e-01 5.501425862312316895e-01
4.158966541290283203e-01 4.132328629493713379e-01 4.421716332435607910e-01 4.318363666534423828e-01 1.767230331897735596e-01 8.411751389503479004e-01 2.634392678737640381e-01 4.906989932060241699e-01 2.807895541191101074e-01 4.634598791599273682e-01
4.158966541290283203e-01 4.132328629493713379e-01 5.932030081748962402e-01 4.318363666534423828e-01 6.561080217361450195e-01 8.407191038131713867e-01 6.184577941894531250e-01 4.906989932060241699e-01 7.120403647422790527e-01 3.515782654285430908e-01
5.181737542152404785e-01 4.132328629493713379e-01 2.764135301113128662e-01 4.318363666534423828e-01 3.760186135768890381e-01 7.564666271209716797e-01 6.000399589538574219e-01 6.366927623748779297e-01 8.684573173522949219e-01 6.812021732330322266e-01
3.169122636318206787e-01 5.608322024345397949e-01 4.421716332435607910e-01 4.318363666534423828e-01 1.866518706083297729e-01 7.774118185043334961e-01 2.272441238164901733e-01 4.906989932060241699e-01 5.534631609916687012e-01 4.634598791599273682e-01
4.158966541290283203e-01 4.132328629493713379e-01 4.945650696754455566e-01 4.318363666534423828e-01 3.623240888118743896e-01 6.036470532417297363e-01 3.965326547622680664e-01 6.366927623748779297e-01 3.925864398479461670e-01 6.094907522201538086e-01
4.158966541290283203e-01 4.132328629493713379e-01 4.421716332435607910e-01 4.318363666534423828e-01 5.523316264152526855e-01 8.411751389503479004e-01 5.401617884635925293e-01 6.366927623748779297e-01 7.985078096389770508e-01 6.094907522201538086e-01
4.372168183326721191e-01 4.132328629493713379e-01 3.230927586555480957e-01 4.390631020069122314e-01 2.323563545942306519e-01 7.876527905464172363e-01 4.308826625347137451e-01 6.366927623748779297e-01 8.580889701843261719e-01 4.227137863636016846e-01
5.181737542152404785e-01 4.132328629493713379e-01 4.421716332435607910e-01 4.318363666534423828e-01 3.659938871860504150e-01 6.680778264999389648e-01 4.975132048130035400e-01 6.366927623748779297e-01 5.574868321418762207e-01 6.884409189224243164e-01
5.181737542152404785e-01 4.132328629493713379e-01 6.674315333366394043e-01 4.318363666534423828e-01 5.650079846382141113e-01 4.169995486736297607e-01 6.506668329238891602e-01 6.366927623748779297e-01 5.791988968849182129e-01 6.094907522201538086e-01
4.158966541290283203e-01 5.608322024345397949e-01 4.421716332435607910e-01 4.318363666534423828e-01 2.896925508975982666e-01 6.071165204048156738e-01 4.308826625347137451e-01 4.906989932060241699e-01 5.159549117088317871e-01 4.634598791599273682e-01
4.530808031558990479e-01 4.132328629493713379e-01 4.421716332435607910e-01 4.318363666534423828e-01 2.893711924552917480e-01 6.071165204048156738e-01 6.184577941894531250e-01 6.366927623748779297e-01 7.960624098777770996e-01 6.094907522201538086e-01
4.158966541290283203e-01 5.608322024345397949e-01 3.230927586555480957e-01 4.318363666534423828e-01 1.533081084489822388e-01 5.386394858360290527e-01 6.184577941894531250e-01 6.366927623748779297e-01 9.156000018119812012e-01 4.227137863636016846e-01
4.158966541290283203e-01 4.132328629493713379e-01 5.932030081748962402e-01 4.318363666534423828e-01 2.147648781538009644e-01 2.116276770830154419e-01 6.794642806053161621e-01 4.906989932060241699e-01 1.924261599779129028e-01 2.883858382701873779e-01
6.921920776367187500e-01 4.132328629493713379e-01 7.299112677574157715e-01 4.318363666534423828e-01 5.554910898208618164e-01 3.170963227748870850e-01 6.000399589538574219e-01 6.366927623748779297e-01 5.924729108810424805e-01 6.812021732330322266e-01
4.158966541290283203e-01 4.132328629493713379e-01 5.932030081748962402e-01 4.318363666534423828e-01 3.797032535076141357e-01 3.584820628166198730e-01 6.835999488830566406e-01 4.202278256416320801e-01 8.263589739799499512e-01 3.773168325424194336e-01
6.921920776367187500e-01 4.132328629493713379e-01 4.945650696754455566e-01 4.318363666534423828e-01 5.890225172042846680e-01 4.954734444618225098e-01 6.629331707954406738e-01 4.202278256416320801e-01 8.110558390617370605e-01 4.534296393394470215e-01
4.158966541290283203e-01 5.608322024345397949e-01 5.415564179420471191e-01 4.318363666534423828e-01 1.688417196273803711e-01 6.426119208335876465e-01 7.277262210845947266e-01 4.202278256416320801e-01 8.609964251518249512e-01 2.755507230758666992e-01
4.158966541290283203e-01 4.132328629493713379e-01 4.945650696754455566e-01 4.318363666534423828e-01 4.380324184894561768e-01 4.954734444618225098e-01 5.891052484512329102e-01 4.202278256416320801e-01 4.715167880058288574e-01 4.534296393394470215e-01
6.921920776367187500e-01 4.132328629493713379e-01 2.099400460720062256e-01 4.318363666534423828e-01 7.112627625465393066e-01 7.856507301330566406e-01 7.441090345382690430e-01 4.202278256416320801e-01 5.507465004920959473e-01 4.534296393394470215e-01
