7.362765669822692871e-01 4.665460586547851562e-01 5.394458174705505371e-01 4.013171494007110596e-01 6.752600073814392090e-01 4.447704851627349854e-01 9.484663009643554688e-01 8.320179581642150879e-01 5.950557589530944824e-01 6.327793002128601074e-01
8.284935951232910156e-01 8.979517817497253418e-01 1.774782836437225342e-01 4.355225265026092529e-01 6.752600073814392090e-01 7.197825312614440918e-01 9.484663009643554688e-01 6.258075833320617676e-01 9.350332617759704590e-01 6.327793002128601074e-01
8.284935951232910156e-01 7.812146544456481934e-01 6.327301859855651855e-01 4.355225265026092529e-01 6.752600073814392090e-01 2.914851605892181396e-01 9.473078250885009766e-01 6.258075833320617676e-01 9.151303172111511230e-01 6.327793002128601074e-01
8.284935951232910156e-01 8.979517817497253418e-01 5.394458174705505371e-01 4.355225265026092529e-01 6.752600073814392090e-01 7.197825312614440918e-01 9.812736511230468750e-01 6.258075833320617676e-01 9.350332617759704590e-01 6.327793002128601074e-01
8.284935951232910156e-01 7.998180985450744629e-01 7.678748965263366699e-01 4.355225265026092529e-01 6.752600073814392090e-01 2.914851605892181396e-01 8.159199953079223633e-01 6.258075833320617676e-01 9.721341729164123535e-01 6.745452880859375000e-01
8.284935951232910156e-01 9.789951443672180176e-01 9.224917888641357422e-01 4.355225265026092529e-01 6.752600073814392090e-01 8.499615788459777832e-01 9.382938742637634277e-01 6.258075833320617676e-01 9.335752725601196289e-01 6.327793002128601074e-01
8.284935951232910156e-01 7.812146544456481934e-01 6.327301859855651855e-01 4.355225265026092529e-01 6.752600073814392090e-01 8.968645930290222168e-01 8.873986005783081055e-01 6.258075833320617676e-01 9.151303172111511230e-01 6.327793002128601074e-01
8.284935951232910156e-01 9.449328184127807617e-01 5.394458174705505371e-01 4.355225265026092529e-01 6.752600073814392090e-01 8.499615788459777832e-01 9.907037615776062012e-01 6.258075833320617676e-01 9.350332617759704590e-01 6.327793002128601074e-01
8.284935951232910156e-01 7.812146544456481934e-01 9.070898294448852539e-01 4.355225265026092529e-01 6.752600073814392090e-01 8.968645930290222168e-01 9.605410695075988770e-01 6.258075833320617676e-01 5.804882645606994629e-01 6.327793002128601074e-01
8.284935951232910156e-01 9.789951443672180176e-01 5.394458174705505371e-01 4.355225265026092529e-01 6.752600073814392090e-01 8.499615788459777832e-01 9.605410695075988770e-01 6.258075833320617676e-01 9.350332617759704590e-01 6.327793002128601074e-01
8.284935951232910156e-01 9.789951443672180176e-01 5.394458174705505371e-01 4.355225265026092529e-01 6.752600073814392090e-01 7.713319361209869385e-02 5.665966868400573730e-01 6.258075833320617676e-01 4.462612271308898926e-01 4.853179454803466797e-01
8.284935951232910156e-01 6.303855776786804199e-01 5.394458174705505371e-01 4.355225265026092529e-01 6.752600073814392090e-01 7.713319361209869385e-02 4.582528397440910339e-02 6.258075833320617676e-01 1.638395190238952637e-01 5.950953364372253418e-01
7.362765669822692871e-01 6.303855776786804199e-01 5.394458174705505371e-01 8.292570114135742188e-01 6.752600073814392090e-01 7.713319361209869385e-02 1.264275796711444855e-02 5.000000000000000000e-01 1.638395190238952637e-01 5.950953364372253418e-01
7.362765669822692871e-01 6.303855776786804199e-01 2.929449975490570068e-01 8.292570114135742188e-01 7.095666527748107910e-01 1.515163481235504150e-01 9.508722275495529175e-02 5.000000000000000000e-01 1.638395190238952637e-01 5.950953364372253418e-01
7.362765669822692871e-01 6.303855776786804199e-01 1.774782836437225342e-01 4.013171494007110596e-01 7.095666527748107910e-01 1.515163481235504150e-01 6.617749929428100586e-01 8.320179581642150879e-01 5.582467466592788696e-02 5.950953364372253418e-01
7.362765669822692871e-01 6.303855776786804199e-01 2.929449975490570068e-01 4.013171494007110596e-01 7.095666527748107910e-01 1.515163481235504150e-01 6.617749929428100586e-01 8.320179581642150879e-01 5.582467466592788696e-02 4.853179454803466797e-01
7.362765669822692871e-01 4.060922861099243164e-01 7.582637071609497070e-01 4.013171494007110596e-01 7.095666527748107910e-01 6.229273080825805664e-01 5.105569362640380859e-01 8.320179581642150879e-01 3.085187673568725586e-01 1.861346364021301270e-01
7.362765669822692871e-01 6.012507081031799316e-01 9.642368555068969727e-01 4.013171494007110596e-01 9.018145799636840820e-01 6.229273080825805664e-01 8.951281905174255371e-01 8.320179581642150879e-01 5.525641441345214844e-01 4.623164534568786621e-01
7.362765669822692871e-01 6.012507081031799316e-01 4.695770516991615295e-02 1.457737386226654053e-01 7.852396368980407715e-01 9.405942559242248535e-01 8.042670041322708130e-02 4.109630882740020752e-01 1.998764574527740479e-01 3.047670423984527588e-01
7.362765669822692871e-01 6.012507081031799316e-01 6.613852977752685547e-01 1.457737386226654053e-01 7.852396368980407715e-01 8.188204169273376465e-01 5.212192237377166748e-02 4.109630882740020752e-01 4.795291125774383545e-01 1.250252574682235718e-01
7.362765669822692871e-01 4.360499978065490723e-01 4.695770516991615295e-02 1.457737386226654053e-01 7.852396368980407715e-01 8.188204169273376465e-01 1.525653898715972900e-01 4.109630882740020752e-01 7.183234095573425293e-01 1.250252574682235718e-01
7.362765669822692871e-01 4.360499978065490723e-01 8.196003437042236328e-01 4.013171494007110596e-01 9.018145799636840820e-01 9.405942559242248535e-01 8.804159164428710938e-01 8.320179581642150879e-01 4.795291125774383545e-01 4.867014661431312561e-02
7.362765669822692871e-01 4.360499978065490723e-01 2.422708868980407715e-01 1.457737386226654053e-01 2.859343588352203369e-01 8.188204169273376465e-01 4.426677227020263672e-01 1.454613804817199707e-01 5.092790126800537109e-01 4.867014661431312561e-02
7.362765669822692871e-01 4.360499978065490723e-01 3.412896767258644104e-02 1.457737386226654053e-01 2.859343588352203369e-01 4.403010606765747070e-01 2.919697947800159454e-02 1.454613804817199707e-01 2.236370593309402466e-01 4.867014661431312561e-02
7.362765669822692871e-01 4.360499978065490723e-01 1.340502202510833740e-01 1.457737386226654053e-01 2.859343588352203369e-01 9.405942559242248535e-01 7.012374997138977051e-01 1.454613804817199707e-01 8.083826899528503418e-01 5.117290616035461426e-01
7.362765669822692871e-01 4.360499978065490723e-01 1.340502202510833740e-01 1.457737386226654053e-01 2.859343588352203369e-01 4.403010606765747070e-01 1.887191273272037506e-02 1.454613804817199707e-01 3.205461204051971436e-01 2.423309385776519775e-01
7.362765669822692871e-01 4.334608912467956543e-01 6.983975768089294434e-01 4.013171494007110596e-01 7.095666527748107910e-01 6.312006115913391113e-01 8.281009793281555176e-01 8.320179581642150879e-01 4.731882214546203613e-01 3.906154036521911621e-01
7.362765669822692871e-01 4.334608912467956543e-01 6.983975768089294434e-01 4.013171494007110596e-01 7.095666527748107910e-01 6.312006115913391113e-01 9.014350771903991699e-01 8.320179581642150879e-01 4.731882214546203613e-01 6.642425656318664551e-01
7.362765669822692871e-01 4.334608912467956543e-01 3.457908928394317627e-01 4.013171494007110596e-01 7.095666527748107910e-01 6.312006115913391113e-01 9.448833465576171875e-01 8.320179581642150879e-01 1.209013536572456360e-01 6.642425656318664551e-01
7.362765669822692871e-01 4.334608912467956543e-01 1.248246803879737854e-01 4.013171494007110596e-01 7.095666527748107910e-01 6.312006115913391113e-01 7.358214855194091797e-01 8.320179581642150879e-01 1.209013536572456360e-01 1.510546803474426270e-01
7.362765669822692871e-01 4.334608912467956543e-01 3.586379811167716980e-02 1.457737386226654053e-01 9.626051783561706543e-02 1.515163481235504150e-01 7.312651276588439941e-01 1.454613804817199707e-01 6.889734417200088501e-02 4.008201658725738525e-01
7.362765669822692871e-01 4.334608912467956543e-01 2.929449975490570068e-01 4.013171494007110596e-01 7.095666527748107910e-01 6.312006115913391113e-01 2.129844725131988525e-01 8.320179581642150879e-01 5.661411881446838379e-01 2.523984313011169434e-01
7.362765669822692871e-01 6.561695337295532227e-01 6.922191977500915527e-01 8.292570114135742188e-01 7.095666527748107910e-01 6.312006115913391113e-01 3.366969227790832520e-01 8.320179581642150879e-01 6.969180107116699219e-01 5.593299269676208496e-01
7.362765669822692871e-01 4.334608912467956543e-01 2.929449975490570068e-01 4.013171494007110596e-01 7.095666527748107910e-01 6.312006115913391113e-01 4.422926008701324463e-01 8.320179581642150879e-01 6.969180107116699219e-01 7.799815535545349121e-01
7.362765669822692871e-01 4.334608912467956543e-01 2.929449975490570068e-01 4.013171494007110596e-01 7.095666527748107910e-01 6.312006115913391113e-01 1.494814604520797729e-01 8.320179581642150879e-01 1.209013536572456360e-01 7.799815535545349121e-01
7.362765669822692871e-01 4.060922861099243164e-01 5.037025213241577148e-01 4.013171494007110596e-01 7.095666527748107910e-01 6.312006115913391113e-01 3.399520516395568848e-01 8.320179581642150879e-01 8.368839025497436523e-01 5.020169019699096680e-01
7.362765669822692871e-01 4.334608912467956543e-01 8.163904547691345215e-01 4.013171494007110596e-01 7.095666527748107910e-01 6.312006115913391113e-01 2.133997231721878052e-01 8.320179581642150879e-01 7.343089580535888672e-01 1.434911787509918213e-01
7.362765669822692871e-01 4.060922861099243164e-01 8.163904547691345215e-01 4.013171494007110596e-01 9.626051783561706543e-02 9.405942559242248535e-01 7.231304049491882324e-02 1.454613804817199707e-01 9.542458057403564453e-01 5.867469906806945801e-01
7.362765669822692871e-01 4.060922861099243164e-01 7.289704084396362305e-01 1.457737386226654053e-01 2.859343588352203369e-01 9.405942559242248535e-01 2.133997231721878052e-01 1.454613804817199707e-01 9.542458057403564453e-01 1.909073442220687866e-01
7.362765669822692871e-01 4.334608912467956543e-01 8.163904547691345215e-01 4.013171494007110596e-01 7.095666527748107910e-01 6.312006115913391113e-01 6.927613019943237305e-01 8.320179581642150879e-01 7.343089580535888672e-01 7.420712709426879883e-01
7.362765669822692871e-01 4.334608912467956543e-01 8.163904547691345215e-01 4.013171494007110596e-01 7.095666527748107910e-01 9.405942559242248535e-01 5.428980588912963867e-01 8.320179581642150879e-01 9.542458057403564453e-01 1.434911787509918213e-01
7.362765669822692871e-01 6.012507081031799316e-01 1.340502202510833740e-01 1.457737386226654053e-01 2.859343588352203369e-01 4.403010606765747070e-01 2.192506799474358559e-03 1.454613804817199707e-01 6.999037861824035645e-01 8.113065361976623535e-02
7.362765669822692871e-01 6.012507081031799316e-01 1.340502202510833740e-01 1.457737386226654053e-01 2.859343588352203369e-01 4.403010606765747070e-01 1.301212143152952194e-02 1.454613804817199707e-01 6.999037861824035645e-01 3.790991753339767456e-02
3.700938820838928223e-01 6.012507081031799316e-01 7.710390537977218628e-02 1.457737386226654053e-01 2.859343588352203369e-01 4.403010606765747070e-01 1.301212143152952194e-02 1.454613804817199707e-01 5.565100908279418945e-01 1.453070342540740967e-02
1.705385148525238037e-01 6.173718720674514771e-02 8.567552082240581512e-03 1.457737386226654053e-01 2.859343588352203369e-01 4.403010606765747070e-01 1.391321513801813126e-02 1.454613804817199707e-01 2.134082317352294922e-01 1.043697223067283630e-01
3.700938820838928223e-01 6.012507081031799316e-01 8.567552082240581512e-03 1.457737386226654053e-01 2.859343588352203369e-01 4.403010606765747070e-01 6.532073020935058594e-03 1.454613804817199707e-01 4.200920835137367249e-02 1.043697223067283630e-01
1.705385148525238037e-01 6.173718720674514771e-02 4.878151044249534607e-02 1.457737386226654053e-01 2.859343588352203369e-01 4.403010606765747070e-01 6.532073020935058594e-03 1.454613804817199707e-01 2.396363019943237305e-02 1.043697223067283630e-01
3.700938820838928223e-01 6.012507081031799316e-01 4.878151044249534607e-02 1.457737386226654053e-01 2.859343588352203369e-01 4.403010606765747070e-01 1.152337994426488876e-02 1.454613804817199707e-01 2.396363019943237305e-02 3.599013388156890869e-01
3.700938820838928223e-01 4.334608912467956543e-01 7.710390537977218628e-02 1.457737386226654053e-01 2.859343588352203369e-01 4.403010606765747070e-01 1.241510082036256790e-02 1.454613804817199707e-01 2.396363019943237305e-02 1.738260686397552490e-01
3.700938820838928223e-01 6.012507081031799316e-01 4.878151044249534607e-02 1.696333289146423340e-01 2.859343588352203369e-01 4.403010606765747070e-01 4.187531769275665283e-03 1.454613804817199707e-01 2.127771228551864624e-01 3.599013388156890869e-01
3.700938820838928223e-01 6.012507081031799316e-01 3.499029278755187988e-01 1.696333289146423340e-01 2.859343588352203369e-01 4.403010606765747070e-01 1.152337994426488876e-02 1.454613804817199707e-01 2.554907649755477905e-02 1.738260686397552490e-01
3.700938820838928223e-01 4.334608912467956543e-01 5.892814323306083679e-02 1.457737386226654053e-01 9.626051783561706543e-02 4.403010606765747070e-01 1.386941373348236084e-01 1.454613804817199707e-01 6.003581453114748001e-03 4.178453236818313599e-02
3.700938820838928223e-01 4.334608912467956543e-01 3.974601998925209045e-02 1.457737386226654053e-01 9.626051783561706543e-02 7.837094366550445557e-02 1.307833939790725708e-01 1.454613804817199707e-01 6.003581453114748001e-03 4.178453236818313599e-02
3.700938820838928223e-01 4.334608912467956543e-01 2.381487935781478882e-02 1.457737386226654053e-01 9.626051783561706543e-02 7.837094366550445557e-02 1.078883484005928040e-01 1.454613804817199707e-01 3.281148616224527359e-03 1.342527940869331360e-02
3.700938820838928223e-01 6.012507081031799316e-01 3.499029278755187988e-01 1.457737386226654053e-01 2.859343588352203369e-01 4.403010606765747070e-01 2.042461186647415161e-02 1.454613804817199707e-01 2.423952333629131317e-02 1.537280902266502380e-02
3.700938820838928223e-01 4.334608912467956543e-01 3.499029278755187988e-01 1.457737386226654053e-01 2.859343588352203369e-01 4.403010606765747070e-01 7.771573960781097412e-02 1.454613804817199707e-01 1.568857580423355103e-01 1.342527940869331360e-02
3.700938820838928223e-01 4.334608912467956543e-01 2.624151706695556641e-01 1.457737386226654053e-01 2.859343588352203369e-01 4.403010606765747070e-01 7.771573960781097412e-02 1.454613804817199707e-01 1.568857580423355103e-01 1.342527940869331360e-02
3.700938820838928223e-01 4.334608912467956543e-01 6.539958994835615158e-03 1.457737386226654053e-01 9.626051783561706543e-02 7.837094366550445557e-02 2.035211957991123199e-02 1.454613804817199707e-01 2.406524866819381714e-02 1.342527940869331360e-02
3.700938820838928223e-01 4.334608912467956543e-01 1.661619357764720917e-02 1.457737386226654053e-01 9.626051783561706543e-02 7.837094366550445557e-02 8.153537288308143616e-03 1.454613804817199707e-01 2.406524866819381714e-02 7.005360722541809082e-02
3.700938820838928223e-01 4.060922861099243164e-01 6.598544865846633911e-02 1.696333289146423340e-01 9.626051783561706543e-02 4.403010606765747070e-01 1.186176855117082596e-02 1.454613804817199707e-01 7.665504813194274902e-01 7.005360722541809082e-02
3.700938820838928223e-01 4.060922861099243164e-01 3.549374267458915710e-02 1.457737386226654053e-01 2.859343588352203369e-01 4.403010606765747070e-01 8.324662223458290100e-03 1.454613804817199707e-01 4.468316733837127686e-01 1.738260686397552490e-01
3.700938820838928223e-01 4.060922861099243164e-01 3.974601998925209045e-02 1.696333289146423340e-01 9.626051783561706543e-02 4.403010606765747070e-01 1.186176855117082596e-02 1.454613804817199707e-01 4.468316733837127686e-01 1.738260686397552490e-01
3.700938820838928223e-01 4.334608912467956543e-01 3.974601998925209045e-02 1.457737386226654053e-01 9.626051783561706543e-02 7.837094366550445557e-02 1.186176855117082596e-02 1.454613804817199707e-01 1.568857580423355103e-01 4.178453236818313599e-02
3.700938820838928223e-01 4.334608912467956543e-01 1.733445227146148682e-01 1.457737386226654053e-01 2.859343588352203369e-01 4.403010606765747070e-01 4.952811077237129211e-02 1.454613804817199707e-01 6.299257278442382812e-02 4.178453236818313599e-02
3.700938820838928223e-01 2.227310240268707275e-01 1.586997881531715393e-02 1.457737386226654053e-01 9.626051783561706543e-02 4.403010606765747070e-01 1.268422324210405350e-02 1.454613804817199707e-01 6.299257278442382812e-02 4.178453236818313599e-02
1.705385148525238037e-01 2.897366695106029510e-02 5.070363357663154602e-02 1.457737386226654053e-01 2.859343588352203369e-01 4.403010606765747070e-01 8.324662223458290100e-03 1.454613804817199707e-01 6.299257278442382812e-02 2.985246246680617332e-03
1.705385148525238037e-01 2.897366695106029510e-02 5.070363357663154602e-02 1.457737386226654053e-01 2.859343588352203369e-01 4.403010606765747070e-01 8.324662223458290100e-03 1.454613804817199707e-01 6.299257278442382812e-02 8.777254261076450348e-03
1.705385148525238037e-01 6.173718720674514771e-02 1.205658987164497375e-01 1.457737386226654053e-01 2.859343588352203369e-01 1.565998792648315430e-01 2.483344636857509613e-02 1.454613804817199707e-01 1.568857580423355103e-01 8.777254261076450348e-03
3.700938820838928223e-01 2.227310240268707275e-01 1.586997881531715393e-02 1.457737386226654053e-01 9.626051783561706543e-02 7.837094366550445557e-02 8.272204548120498657e-02 1.454613804817199707e-01 6.299257278442382812e-02 3.661541640758514404e-02
1.705385148525238037e-01 2.897366695106029510e-02 5.273634940385818481e-02 1.457737386226654053e-01 2.859343588352203369e-01 4.403010606765747070e-01 4.952811077237129211e-02 1.454613804817199707e-01 2.423952333629131317e-02 4.178453236818313599e-02
3.700938820838928223e-01 2.227310240268707275e-01 2.122933231294155121e-02 1.457737386226654053e-01 9.626051783561706543e-02 4.403010606765747070e-01 6.958273053169250488e-02 1.454613804817199707e-01 2.423952333629131317e-02 4.178453236818313599e-02
1.705385148525238037e-01 2.897366695106029510e-02 4.878151044249534607e-02 1.457737386226654053e-01 2.859343588352203369e-01 1.565998792648315430e-01 1.272976584732532501e-02 1.454613804817199707e-01 4.306572973728179932e-01 4.005185887217521667e-02
3.700938820838928223e-01 2.227310240268707275e-01 4.878151044249534607e-02 1.457737386226654053e-01 9.626051783561706543e-02 7.837094366550445557e-02 6.958273053169250488e-02 1.454613804817199707e-01 4.306572973728179932e-01 1.537280902266502380e-02
3.700938820838928223e-01 2.227310240268707275e-01 1.401846203953027725e-02 1.457737386226654053e-01 9.626051783561706543e-02 7.837094366550445557e-02 6.958273053169250488e-02 1.454613804817199707e-01 1.387088745832443237e-01 1.537280902266502380e-02
3.700938820838928223e-01 2.227310240268707275e-01 6.539958994835615158e-03 1.457737386226654053e-01 9.626051783561706543e-02 7.837094366550445557e-02 1.810441166162490845e-02 1.454613804817199707e-01 8.830127306282520294e-03 1.537280902266502380e-02
3.700938820838928223e-01 4.334608912467956543e-01 1.108056516386568546e-03 1.457737386226654053e-01 9.626051783561706543e-02 7.837094366550445557e-02 9.563950821757316589e-03 1.454613804817199707e-01 1.187918009236454964e-03 1.710376143455505371e-02
3.700938820838928223e-01 4.334608912467956543e-01 5.960958544164896011e-03 1.457737386226654053e-01 9.626051783561706543e-02 7.837094366550445557e-02 2.871745498850941658e-03 1.454613804817199707e-01 5.526989232748746872e-03 5.152853950858116150e-02
3.700938820838928223e-01 8.382797241210937500e-01 1.030150614678859711e-02 1.457737386226654053e-01 9.626051783561706543e-02 7.837094366550445557e-02 5.373009014874696732e-03 1.454613804817199707e-01 5.526989232748746872e-03 4.521087929606437683e-02
7.362765669822692871e-01 7.266308665275573730e-01 1.030150614678859711e-02 1.457737386226654053e-01 9.626051783561706543e-02 6.312006115913391113e-01 1.411019414663314819e-01 1.454613804817199707e-01 4.496565461158752441e-01 1.534287072718143463e-02
7.362765669822692871e-01 3.752843737602233887e-01 7.185677532106637955e-03 1.457737386226654053e-01 9.626051783561706543e-02 6.312006115913391113e-01 2.644279599189758301e-01 1.454613804817199707e-01 4.496565461158752441e-01 1.534287072718143463e-02
3.700938820838928223e-01 3.752843737602233887e-01 7.185677532106637955e-03 1.457737386226654053e-01 9.626051783561706543e-02 7.837094366550445557e-02 1.396492589265108109e-02 1.454613804817199707e-01 2.506112866103649139e-02 1.534287072718143463e-02
3.700938820838928223e-01 3.752843737602233887e-01 1.145196706056594849e-01 1.457737386226654053e-01 9.626051783561706543e-02 7.837094366550445557e-02 1.610931195318698883e-02 1.454613804817199707e-01 5.470758769661188126e-03 4.170533642172813416e-02
3.700938820838928223e-01 9.720633178949356079e-02 3.971173986792564392e-02 1.457737386226654053e-01 9.626051783561706543e-02 7.837094366550445557e-02 4.952649399638175964e-02 1.454613804817199707e-01 5.470758769661188126e-03 7.821171730756759644e-02
3.700938820838928223e-01 9.720633178949356079e-02 1.145196706056594849e-01 1.457737386226654053e-01 9.626051783561706543e-02 7.837094366550445557e-02 4.952649399638175964e-02 1.454613804817199707e-01 5.470758769661188126e-03 7.821171730756759644e-02
7.362765669822692871e-01 9.720633178949356079e-02 4.820256829261779785e-01 8.292570114135742188e-01 6.752600073814392090e-01 4.447704851627349854e-01 2.420918047428131104e-01 5.000000000000000000e-01 4.496565461158752441e-01 1.213562190532684326e-01
7.362765669822692871e-01 9.720633178949356079e-02 4.820256829261779785e-01 8.292570114135742188e-01 7.095666527748107910e-01 6.312006115913391113e-01 2.420918047428131104e-01 5.000000000000000000e-01 4.496565461158752441e-01 7.935545444488525391e-01
7.362765669822692871e-01 9.720633178949356079e-02 4.820256829261779785e-01 8.292570114135742188e-01 7.095666527748107910e-01 6.312006115913391113e-01 4.992465376853942871e-01 5.000000000000000000e-01 7.951505780220031738e-01 2.306936979293823242e-01
7.362765669822692871e-01 9.720633178949356079e-02 8.417008519172668457e-01 8.292570114135742188e-01 7.095666527748107910e-01 6.312006115913391113e-01 4.992465376853942871e-01 8.320179581642150879e-01 2.395280599594116211e-01 8.929979801177978516e-01
7.362765669822692871e-01 9.720633178949356079e-02 8.417008519172668457e-01 8.292570114135742188e-01 7.095666527748107910e-01 6.312006115913391113e-01 4.992465376853942871e-01 8.320179581642150879e-01 2.395280599594116211e-01 8.929979801177978516e-01
7.362765669822692871e-01 9.720633178949356079e-02 5.703912973403930664e-01 8.292570114135742188e-01 7.095666527748107910e-01 6.312006115913391113e-01 4.992465376853942871e-01 8.320179581642150879e-01 5.954462885856628418e-01 9.618240594863891602e-01
7.362765669822692871e-01 9.720633178949356079e-02 5.703912973403930664e-01 8.292570114135742188e-01 7.095666527748107910e-01 6.312006115913391113e-01 4.992465376853942871e-01 8.320179581642150879e-01 2.395280599594116211e-01 9.618240594863891602e-01
7.362765669822692871e-01 9.720633178949356079e-02 5.703912973403930664e-01 8.292570114135742188e-01 6.752600073814392090e-01 4.447704851627349854e-01 4.992465376853942871e-01 8.320179581642150879e-01 3.332156240940093994e-01 9.618240594863891602e-01
7.362765669822692871e-01 3.226871192455291748e-01 5.703912973403930664e-01 8.292570114135742188e-01 6.752600073814392090e-01 4.447704851627349854e-01 7.152660489082336426e-01 8.320179581642150879e-01 3.724305629730224609e-01 9.299638867378234863e-01
2.037080526351928711e-01 3.226871192455291748e-01 7.954028248786926270e-01 8.292570114135742188e-01 6.752600073814392090e-01 4.447704851627349854e-01 4.032399952411651611e-01 1.912612318992614746e-01 3.724305629730224609e-01 9.299638867378234863e-01
7.362765669822692871e-01 4.816177487373352051e-01 2.103281393647193909e-02 1.457737386226654053e-01 8.312005549669265747e-02 2.202210724353790283e-01 4.425482451915740967e-01 1.454613804817199707e-01 3.724305629730224609e-01 6.939125061035156250e-01
7.362765669822692871e-01 4.816177487373352051e-01 2.103281393647193909e-02 1.457737386226654053e-01 8.312005549669265747e-02 2.202210724353790283e-01 2.434120774269104004e-01 1.454613804817199707e-01 3.724305629730224609e-01 6.939125061035156250e-01
4.337264001369476318e-01 8.944157361984252930e-01 5.449118018150329590e-01 4.355225265026092529e-01 6.752600073814392090e-01 2.202210724353790283e-01 4.032399952411651611e-01 1.912612318992614746e-01 3.724305629730224609e-01 4.016059339046478271e-01
4.337264001369476318e-01 8.944157361984252930e-01 5.449118018150329590e-01 4.355225265026092529e-01 6.752600073814392090e-01 2.202210724353790283e-01 4.032399952411651611e-01 1.912612318992614746e-01 3.724305629730224609e-01 4.016059339046478271e-01
7.362765669822692871e-01 8.944157361984252930e-01 2.819067053496837616e-02 1.457737386226654053e-01 8.312005549669265747e-02 1.894800066947937012e-01 9.863680601119995117e-02 1.454613804817199707e-01 3.724305629730224609e-01 8.072371780872344971e-02
7.362765669822692871e-01 8.944157361984252930e-01 2.819067053496837616e-02 1.457737386226654053e-01 8.312005549669265747e-02 3.827677294611930847e-02 2.594115212559700012e-02 1.454613804817199707e-01 1.790588721632957458e-02 8.072371780872344971e-02
4.337264001369476318e-01 8.944157361984252930e-01 2.819067053496837616e-02 1.457737386226654053e-01 8.312005549669265747e-02 1.894800066947937012e-01 2.218078076839447021e-01 1.454613804817199707e-01 6.101460456848144531e-01 4.016059339046478271e-01
4.337264001369476318e-01 8.944157361984252930e-01 8.291163481771945953e-03 1.457737386226654053e-01 8.312005549669265747e-02 3.827677294611930847e-02 2.594115212559700012e-02 1.454613804817199707e-01 1.790588721632957458e-02 8.072371780872344971e-02
7.362765669822692871e-01 5.322766304016113281e-01 8.291163481771945953e-03 1.457737386226654053e-01 8.312005549669265747e-02 3.827677294611930847e-02 1.385620515793561935e-02 1.454613804817199707e-01 1.790588721632957458e-02 8.072371780872344971e-02
3.700938820838928223e-01 5.322766304016113281e-01 5.337410140782594681e-03 1.457737386226654053e-01 8.312005549669265747e-02 3.827677294611930847e-02 1.385620515793561935e-02 1.454613804817199707e-01 3.926506731659173965e-03 8.072371780872344971e-02
3.700938820838928223e-01 5.042217373847961426e-01 5.337410140782594681e-03 1.457737386226654053e-01 8.312005549669265747e-02 3.827677294611930847e-02 1.385620515793561935e-02 1.454613804817199707e-01 3.926506731659173965e-03 8.072371780872344971e-02
3.700938820838928223e-01 5.042217373847961426e-01 5.337410140782594681e-03 1.457737386226654053e-01 8.312005549669265747e-02 3.827677294611930847e-02 1.385620515793561935e-02 1.454613804817199707e-01 3.926506731659173965e-03 8.072371780872344971e-02
3.700938820838928223e-01 5.042217373847961426e-01 5.337410140782594681e-03 1.457737386226654053e-01 9.626051783561706543e-02 7.837094366550445557e-02 1.385620515793561935e-02 1.454613804817199707e-01 3.926506731659173965e-03 8.072371780872344971e-02
3.700938820838928223e-01 5.042217373847961426e-01 4.641361534595489502e-03 1.457737386226654053e-01 9.626051783561706543e-02 7.837094366550445557e-02 1.385620515793561935e-02 1.454613804817199707e-01 6.898491643369197845e-03 8.547163009643554688e-02
3.700938820838928223e-01 5.322766304016113281e-01 1.789826899766921997e-03 1.457737386226654053e-01 9.626051783561706543e-02 7.837094366550445557e-02 1.385620515793561935e-02 1.454613804817199707e-01 6.898491643369197845e-03 5.047233402729034424e-02
3.700938820838928223e-01 5.322766304016113281e-01 1.789826899766921997e-03 1.457737386226654053e-01 9.626051783561706543e-02 7.837094366550445557e-02 3.954745456576347351e-02 1.454613804817199707e-01 4.945924133062362671e-02 3.018918335437774658e-01
3.700938820838928223e-01 5.322766304016113281e-01 1.789826899766921997e-03 1.457737386226654053e-01 9.626051783561706543e-02 7.837094366550445557e-02 3.954745456576347351e-02 1.454613804817199707e-01 4.945924133062362671e-02 3.018918335437774658e-01
3.700938820838928223e-01 5.322766304016113281e-01 1.555692986585199833e-03 1.457737386226654053e-01 9.626051783561706543e-02 7.837094366550445557e-02 1.385620515793561935e-02 1.454613804817199707e-01 2.868092432618141174e-02 2.737374007701873779e-01
3.700938820838928223e-01 5.322766304016113281e-01 1.555692986585199833e-03 1.457737386226654053e-01 9.626051783561706543e-02 7.837094366550445557e-02 1.385620515793561935e-02 1.454613804817199707e-01 2.868092432618141174e-02 2.737374007701873779e-01
3.700938820838928223e-01 5.322766304016113281e-01 1.789826899766921997e-03 1.457737386226654053e-01 9.626051783561706543e-02 7.837094366550445557e-02 1.385620515793561935e-02 1.454613804817199707e-01 2.868092432618141174e-02 2.737374007701873779e-01
3.700938820838928223e-01 5.322766304016113281e-01 1.789826899766921997e-03 1.457737386226654053e-01 9.626051783561706543e-02 7.837094366550445557e-02 1.385620515793561935e-02 1.454613804817199707e-01 2.868092432618141174e-02 2.737374007701873779e-01
3.700938820838928223e-01 5.322766304016113281e-01 1.789826899766921997e-03 1.457737386226654053e-01 9.626051783561706543e-02 7.837094366550445557e-02 4.395653493702411652e-03 1.454613804817199707e-01 2.868092432618141174e-02 1.032242625951766968e-01
3.700938820838928223e-01 5.322766304016113281e-01 2.785826101899147034e-03 1.457737386226654053e-01 8.312005549669265747e-02 3.827677294611930847e-02 1.692193793132901192e-03 1.454613804817199707e-01 3.667281940579414368e-03 1.597385108470916748e-02
3.700938820838928223e-01 5.322766304016113281e-01 2.785826101899147034e-03 1.457737386226654053e-01 2.229363471269607544e-01 6.999734789133071899e-02 1.692193793132901192e-03 1.454613804817199707e-01 3.667281940579414368e-03 3.714081831276416779e-03
3.700938820838928223e-01 5.322766304016113281e-01 2.785826101899147034e-03 1.457737386226654053e-01 9.626051783561706543e-02 7.837094366550445557e-02 1.692193793132901192e-03 1.454613804817199707e-01 3.926506731659173965e-03 6.766385398805141449e-03
3.700938820838928223e-01 5.322766304016113281e-01 1.789826899766921997e-03 1.457737386226654053e-01 9.626051783561706543e-02 7.837094366550445557e-02 1.385620515793561935e-02 1.454613804817199707e-01 3.926506731659173965e-03 6.766385398805141449e-03
3.700938820838928223e-01 5.322766304016113281e-01 1.789826899766921997e-03 1.457737386226654053e-01 9.626051783561706543e-02 7.837094366550445557e-02 1.385620515793561935e-02 1.454613804817199707e-01 3.926506731659173965e-03 1.425954326987266541e-02
3.700938820838928223e-01 5.042217373847961426e-01 3.958560526371002197e-03 1.457737386226654053e-01 9.626051783561706543e-02 7.837094366550445557e-02 1.385620515793561935e-02 1.454613804817199707e-01 3.926506731659173965e-03 1.425954326987266541e-02
3.700938820838928223e-01 5.322766304016113281e-01 3.958560526371002197e-03 1.457737386226654053e-01 9.626051783561706543e-02 7.837094366550445557e-02 5.365578457713127136e-03 1.454613804817199707e-01 3.926506731659173965e-03 1.425954326987266541e-02
3.700938820838928223e-01 5.042217373847961426e-01 1.068536192178726196e-02 1.457737386226654053e-01 2.229363471269607544e-01 6.999734789133071899e-02 4.096988588571548462e-03 1.454613804817199707e-01 3.926506731659173965e-03 1.425954326987266541e-02
3.700938820838928223e-01 5.042217373847961426e-01 1.068536192178726196e-02 1.457737386226654053e-01 9.626051783561706543e-02 7.837094366550445557e-02 1.909423246979713440e-02 1.454613804817199707e-01 3.926506731659173965e-03 3.283014055341482162e-03
3.700938820838928223e-01 1.948041915893554688e-01 1.068536192178726196e-02 1.457737386226654053e-01 9.626051783561706543e-02 7.837094366550445557e-02 2.304533030837774277e-03 1.454613804817199707e-01 3.926506731659173965e-03 3.283014055341482162e-03
3.700938820838928223e-01 5.273967385292053223e-01 5.362113006412982941e-03 1.457737386226654053e-01 9.626051783561706543e-02 7.837094366550445557e-02 2.304533030837774277e-03 1.454613804817199707e-01 3.926506731659173965e-03 3.283014055341482162e-03
