2.269430309534072876e-01 6.934698820114135742e-01 5.313698053359985352e-01 4.108061790466308594e-01 6.001944541931152344e-01 4.270160794258117676e-01 5.378347039222717285e-01 4.006928503513336182e-01 7.399867177009582520e-01 3.968267440795898438e-01
3.858024775981903076e-01 6.934698820114135742e-01 5.313698053359985352e-01 4.108061790466308594e-01 6.001944541931152344e-01 4.270160794258117676e-01 7.729821801185607910e-01 7.934242486953735352e-01 4.782402813434600830e-01 3.968267440795898438e-01
6.045885682106018066e-01 6.087351441383361816e-01 5.313698053359985352e-01 4.108061790466308594e-01 6.454556584358215332e-01 4.270160794258117676e-01 3.515212237834930420e-01 5.673753023147583008e-01 6.366297602653503418e-01 3.968267440795898438e-01
3.858024775981903076e-01 6.087351441383361816e-01 7.629689574241638184e-01 4.108061790466308594e-01 6.454556584358215332e-01 4.270160794258117676e-01 3.515212237834930420e-01 7.395536899566650391e-01 6.065743565559387207e-01 3.968267440795898438e-01
3.858024775981903076e-01 6.087351441383361816e-01 7.057851552963256836e-01 4.108061790466308594e-01 6.454556584358215332e-01 4.270160794258117676e-01 7.001634240150451660e-01 6.562267541885375977e-01 4.260053634643554688e-01 3.968267440795898438e-01
3.858024775981903076e-01 6.087351441383361816e-01 7.629689574241638184e-01 4.108061790466308594e-01 6.454556584358215332e-01 4.270160794258117676e-01 7.729821801185607910e-01 7.395536899566650391e-01 2.568154036998748779e-01 3.968267440795898438e-01
3.858024775981903076e-01 4.493268132209777832e-01 7.629689574241638184e-01 4.108061790466308594e-01 6.454556584358215332e-01 4.270160794258117676e-01 4.934186339378356934e-01 5.673753023147583008e-01 6.065743565559387207e-01 3.968267440795898438e-01
6.164896488189697266e-01 6.491474509239196777e-01 7.629689574241638184e-01 7.262638807296752930e-01 6.757147908210754395e-01 4.270160794258117676e-01 7.604143023490905762e-01 5.673753023147583008e-01 8.816021084785461426e-01 7.428047060966491699e-01
6.164896488189697266e-01 6.491474509239196777e-01 7.629689574241638184e-01 7.262638807296752930e-01 6.757147908210754395e-01 4.270160794258117676e-01 7.480683922767639160e-01 4.685475826263427734e-01 8.816021084785461426e-01 7.428047060966491699e-01
6.164896488189697266e-01 6.491474509239196777e-01 7.629689574241638184e-01 4.825088679790496826e-01 6.757147908210754395e-01 4.270160794258117676e-01 7.556255459785461426e-01 5.673753023147583008e-01 6.724613308906555176e-01 3.775430321693420410e-01
6.164896488189697266e-01 6.491474509239196777e-01 7.629689574241638184e-01 7.262638807296752930e-01 6.757147908210754395e-01 4.270160794258117676e-01 7.556255459785461426e-01 5.673753023147583008e-01 8.816021084785461426e-01 7.428047060966491699e-01
6.164896488189697266e-01 6.491474509239196777e-01 7.629689574241638184e-01 4.825088679790496826e-01 6.757147908210754395e-01 4.270160794258117676e-01 7.480683922767639160e-01 4.685475826263427734e-01 6.724613308906555176e-01 3.775430321693420410e-01
3.977288007736206055e-01 6.491474509239196777e-01 4.801969826221466064e-01 4.825088679790496826e-01 6.757147908210754395e-01 4.270160794258117676e-01 6.095271110534667969e-01 6.562267541885375977e-01 4.178797304630279541e-01 3.968267440795898438e-01
3.977288007736206055e-01 6.491474509239196777e-01 4.801969826221466064e-01 4.825088679790496826e-01 6.757147908210754395e-01 4.270160794258117676e-01 8.288279771804809570e-01 7.395536899566650391e-01 6.437109708786010742e-01 3.775430321693420410e-01
3.977288007736206055e-01 3.430622220039367676e-01 4.801969826221466064e-01 4.825088679790496826e-01 6.757147908210754395e-01 4.270160794258117676e-01 6.627525091171264648e-01 6.562267541885375977e-01 6.065743565559387207e-01 3.968267440795898438e-01
3.977288007736206055e-01 6.491474509239196777e-01 4.801969826221466064e-01 4.825088679790496826e-01 6.757147908210754395e-01 4.270160794258117676e-01 8.053806424140930176e-01 7.395536899566650391e-01 4.568795263767242432e-01 3.775430321693420410e-01
2.358442693948745728e-01 3.430622220039367676e-01 3.979414105415344238e-01 4.825088679790496826e-01 4.224514663219451904e-01 4.270160794258117676e-01 4.024724364280700684e-01 4.848332405090332031e-01 2.356015443801879883e-01 3.968267440795898438e-01
3.977288007736206055e-01 3.430622220039367676e-01 3.979414105415344238e-01 4.825088679790496826e-01 4.224514663219451904e-01 4.270160794258117676e-01 8.661897182464599609e-01 7.395536899566650391e-01 4.568795263767242432e-01 5.744400620460510254e-01
6.740350127220153809e-01 3.430622220039367676e-01 3.979414105415344238e-01 4.825088679790496826e-01 4.224514663219451904e-01 4.270160794258117676e-01 4.871764779090881348e-01 5.679231882095336914e-01 4.568795263767242432e-01 5.744400620460510254e-01
4.914582669734954834e-01 3.430622220039367676e-01 3.979414105415344238e-01 4.825088679790496826e-01 4.224514663219451904e-01 4.270160794258117676e-01 1.701471507549285889e-01 5.412688255310058594e-01 4.568795263767242432e-01 5.744400620460510254e-01
6.740350127220153809e-01 3.430622220039367676e-01 6.972485780715942383e-01 4.825088679790496826e-01 4.224514663219451904e-01 4.270160794258117676e-01 5.918954610824584961e-01 7.395536899566650391e-01 4.568795263767242432e-01 5.744400620460510254e-01
4.914582669734954834e-01 3.430622220039367676e-01 6.972485780715942383e-01 4.825088679790496826e-01 4.224514663219451904e-01 4.270160794258117676e-01 1.141882389783859253e-01 3.532426953315734863e-01 5.577726364135742188e-01 5.744400620460510254e-01
4.914582669734954834e-01 3.430622220039367676e-01 6.972485780715942383e-01 4.825088679790496826e-01 4.224514663219451904e-01 4.270160794258117676e-01 6.351151466369628906e-01 3.935776948928833008e-01 7.460377812385559082e-01 5.744400620460510254e-01
2.217817157506942749e-01 3.430622220039367676e-01 6.972485780715942383e-01 4.825088679790496826e-01 4.224514663219451904e-01 4.270160794258117676e-01 2.782689332962036133e-01 3.535920381546020508e-01 7.460377812385559082e-01 5.744400620460510254e-01
2.217817157506942749e-01 3.430622220039367676e-01 6.972485780715942383e-01 4.825088679790496826e-01 4.224514663219451904e-01 4.270160794258117676e-01 4.584644138813018799e-01 2.897317409515380859e-01 5.577726364135742188e-01 5.744400620460510254e-01
2.217817157506942749e-01 3.430622220039367676e-01 6.972485780715942383e-01 4.825088679790496826e-01 4.224514663219451904e-01 4.270160794258117676e-01 6.759526133537292480e-01 4.486415386199951172e-01 4.299656748771667480e-01 5.744400620460510254e-01
2.217817157506942749e-01 3.430622220039367676e-01 6.972485780715942383e-01 4.825088679790496826e-01 4.224514663219451904e-01 4.270160794258117676e-01 2.256377339363098145e-01 5.412688255310058594e-01 5.577726364135742188e-01 5.744400620460510254e-01
2.217817157506942749e-01 4.115167558193206787e-01 6.998470425605773926e-01 4.825088679790496826e-01 5.683444142341613770e-01 4.270160794258117676e-01 2.256377339363098145e-01 2.897317409515380859e-01 5.577726364135742188e-01 5.744400620460510254e-01
4.914582669734954834e-01 4.115167558193206787e-01 4.009014964103698730e-01 4.825088679790496826e-01 5.683444142341613770e-01 4.270160794258117676e-01 2.874532341957092285e-01 2.897317409515380859e-01 5.577726364135742188e-01 5.744400620460510254e-01
4.914582669734954834e-01 5.314299464225769043e-01 4.009014964103698730e-01 4.825088679790496826e-01 4.224514663219451904e-01 4.270160794258117676e-01 4.816395938396453857e-01 3.935776948928833008e-01 4.299656748771667480e-01 5.744400620460510254e-01
6.740350127220153809e-01 5.314299464225769043e-01 6.998470425605773926e-01 7.262638807296752930e-01 4.520890414714813232e-01 4.270160794258117676e-01 8.769867420196533203e-01 7.489408254623413086e-01 9.141931533813476562e-01 7.428047060966491699e-01
6.740350127220153809e-01 8.007290363311767578e-01 6.998470425605773926e-01 7.262638807296752930e-01 4.520890414714813232e-01 4.270160794258117676e-01 8.264421224594116211e-01 5.673753023147583008e-01 9.141931533813476562e-01 7.428047060966491699e-01
8.342571854591369629e-01 9.396017193794250488e-01 6.998470425605773926e-01 7.262638807296752930e-01 8.579996228218078613e-01 4.270160794258117676e-01 7.633799910545349121e-01 5.673753023147583008e-01 8.740130662918090820e-01 7.428047060966491699e-01
6.740350127220153809e-01 8.774964213371276855e-01 6.998470425605773926e-01 7.262638807296752930e-01 8.579996228218078613e-01 4.270160794258117676e-01 4.193042814731597900e-01 4.685475826263427734e-01 9.535379409790039062e-01 7.428047060966491699e-01
8.342571854591369629e-01 8.774964213371276855e-01 6.998470425605773926e-01 4.825088679790496826e-01 8.579996228218078613e-01 4.270160794258117676e-01 7.633799910545349121e-01 5.673753023147583008e-01 8.654159903526306152e-01 3.775430321693420410e-01
6.740350127220153809e-01 8.774964213371276855e-01 6.972485780715942383e-01 4.825088679790496826e-01 8.579996228218078613e-01 4.270160794258117676e-01 8.841726779937744141e-01 5.673753023147583008e-01 8.498201370239257812e-01 3.775430321693420410e-01
4.914582669734954834e-01 6.471706032752990723e-01 6.972485780715942383e-01 4.825088679790496826e-01 8.108226060867309570e-01 4.270160794258117676e-01 5.974110960960388184e-01 3.161120414733886719e-01 8.498201370239257812e-01 3.775430321693420410e-01
4.914582669734954834e-01 3.214724957942962646e-01 6.972485780715942383e-01 4.825088679790496826e-01 4.520890414714813232e-01 4.270160794258117676e-01 4.419321715831756592e-01 3.161120414733886719e-01 7.248747348785400391e-01 5.744400620460510254e-01
4.914582669734954834e-01 3.430622220039367676e-01 6.998470425605773926e-01 4.825088679790496826e-01 4.520890414714813232e-01 4.270160794258117676e-01 1.368088275194168091e-01 3.535920381546020508e-01 7.248747348785400391e-01 5.744400620460510254e-01
3.927131891250610352e-01 2.632410228252410889e-01 4.009014964103698730e-01 4.108061790466308594e-01 2.859623432159423828e-01 4.270160794258117676e-01 1.795876771211624146e-01 4.268217980861663818e-01 1.556357592344284058e-01 3.968267440795898438e-01
3.927131891250610352e-01 2.632410228252410889e-01 4.009014964103698730e-01 4.108061790466308594e-01 2.859623432159423828e-01 4.270160794258117676e-01 1.518604904413223267e-01 2.563364803791046143e-01 3.155988752841949463e-01 3.968267440795898438e-01
3.927131891250610352e-01 2.632410228252410889e-01 4.009014964103698730e-01 4.108061790466308594e-01 2.859623432159423828e-01 4.270160794258117676e-01 2.416513860225677490e-01 2.649551331996917725e-01 3.770764172077178955e-01 3.968267440795898438e-01
4.914582669734954834e-01 2.355251312255859375e-01 4.009014964103698730e-01 4.108061790466308594e-01 2.859623432159423828e-01 4.270160794258117676e-01 8.042325079441070557e-02 4.486415386199951172e-01 2.571462690830230713e-01 3.968267440795898438e-01
4.914582669734954834e-01 2.355251312255859375e-01 4.009014964103698730e-01 4.108061790466308594e-01 2.859623432159423828e-01 4.270160794258117676e-01 8.042325079441070557e-02 4.486415386199951172e-01 5.741314888000488281e-01 3.968267440795898438e-01
4.914582669734954834e-01 2.355251312255859375e-01 4.009014964103698730e-01 4.108061790466308594e-01 2.859623432159423828e-01 4.270160794258117676e-01 4.683997482061386108e-02 3.535920381546020508e-01 2.571462690830230713e-01 3.968267440795898438e-01
4.914582669734954834e-01 5.439530014991760254e-01 4.009014964103698730e-01 4.108061790466308594e-01 6.753585934638977051e-01 4.270160794258117676e-01 6.253811120986938477e-01 4.486415386199951172e-01 5.741314888000488281e-01 3.968267440795898438e-01
4.914582669734954834e-01 5.439530014991760254e-01 4.009014964103698730e-01 4.108061790466308594e-01 6.753585934638977051e-01 4.270160794258117676e-01 3.354074060916900635e-01 3.535920381546020508e-01 5.741314888000488281e-01 3.968267440795898438e-01
4.914582669734954834e-01 2.355251312255859375e-01 4.009014964103698730e-01 4.108061790466308594e-01 4.189079105854034424e-01 4.270160794258117676e-01 2.983254194259643555e-01 3.535920381546020508e-01 7.515024542808532715e-01 3.968267440795898438e-01
4.914582669734954834e-01 2.355251312255859375e-01 4.009014964103698730e-01 4.108061790466308594e-01 4.189079105854034424e-01 4.270160794258117676e-01 2.126635313034057617e-01 4.486415386199951172e-01 8.870245218276977539e-01 3.968267440795898438e-01
4.914582669734954834e-01 6.792709827423095703e-01 6.998470425605773926e-01 4.108061790466308594e-01 6.753585934638977051e-01 4.270160794258117676e-01 4.731776416301727295e-01 4.486415386199951172e-01 8.870245218276977539e-01 3.968267440795898438e-01
8.342571854591369629e-01 7.807387113571166992e-01 6.998470425605773926e-01 4.108061790466308594e-01 7.457233667373657227e-01 4.270160794258117676e-01 4.913481473922729492e-01 8.647580742835998535e-01 8.659688234329223633e-01 3.968267440795898438e-01
4.914582669734954834e-01 8.145006895065307617e-01 6.998470425605773926e-01 4.108061790466308594e-01 6.753585934638977051e-01 4.270160794258117676e-01 1.355752497911453247e-01 3.535920381546020508e-01 8.870245218276977539e-01 3.968267440795898438e-01
4.914582669734954834e-01 8.145006895065307617e-01 6.998470425605773926e-01 4.108061790466308594e-01 6.753585934638977051e-01 4.270160794258117676e-01 4.731776416301727295e-01 4.486415386199951172e-01 8.870245218276977539e-01 3.968267440795898438e-01
4.914582669734954834e-01 8.145006895065307617e-01 6.998470425605773926e-01 4.108061790466308594e-01 5.072660446166992188e-01 4.270160794258117676e-01 3.360536098480224609e-01 7.598644495010375977e-01 8.870245218276977539e-01 3.968267440795898438e-01
4.914582669734954834e-01 8.145006895065307617e-01 4.009014964103698730e-01 4.108061790466308594e-01 5.072660446166992188e-01 4.270160794258117676e-01 2.806262373924255371e-01 7.598644495010375977e-01 8.870245218276977539e-01 3.968267440795898438e-01
4.914582669734954834e-01 8.145006895065307617e-01 4.009014964103698730e-01 4.108061790466308594e-01 6.753585934638977051e-01 4.270160794258117676e-01 3.201086819171905518e-01 3.535920381546020508e-01 8.870245218276977539e-01 3.968267440795898438e-01
3.927131891250610352e-01 3.881644606590270996e-01 5.552434325218200684e-01 4.108061790466308594e-01 4.189079105854034424e-01 4.270160794258117676e-01 2.983254194259643555e-01 4.635745584964752197e-01 7.515024542808532715e-01 3.968267440795898438e-01
3.927131891250610352e-01 2.632410228252410889e-01 5.992524623870849609e-01 4.108061790466308594e-01 4.189079105854034424e-01 4.270160794258117676e-01 2.983254194259643555e-01 2.857270836830139160e-01 6.788575053215026855e-01 3.968267440795898438e-01
3.927131891250610352e-01 2.632410228252410889e-01 5.992524623870849609e-01 4.108061790466308594e-01 3.001200854778289795e-01 4.270160794258117676e-01 7.550530135631561279e-02 2.857270836830139160e-01 6.788575053215026855e-01 3.968267440795898438e-01
3.808421194553375244e-01 2.632410228252410889e-01 5.992524623870849609e-01 4.108061790466308594e-01 3.001200854778289795e-01 4.270160794258117676e-01 4.404386878013610840e-02 2.857270836830139160e-01 6.788575053215026855e-01 3.968267440795898438e-01
1.601563841104507446e-01 2.632410228252410889e-01 5.992524623870849609e-01 4.108061790466308594e-01 3.001200854778289795e-01 4.270160794258117676e-01 2.949966490268707275e-02 3.449623584747314453e-01 6.788575053215026855e-01 3.968267440795898438e-01
1.601563841104507446e-01 2.632410228252410889e-01 5.992524623870849609e-01 4.108061790466308594e-01 3.001200854778289795e-01 4.270160794258117676e-01 1.193834766745567322e-01 2.857270836830139160e-01 6.788575053215026855e-01 3.968267440795898438e-01
1.601563841104507446e-01 2.632410228252410889e-01 5.992524623870849609e-01 4.108061790466308594e-01 3.001200854778289795e-01 4.270160794258117676e-01 1.193834766745567322e-01 3.449623584747314453e-01 6.788575053215026855e-01 3.968267440795898438e-01
4.436686038970947266e-01 4.548590481281280518e-01 1.424731612205505371e-01 4.108061790466308594e-01 3.348947167396545410e-01 4.270160794258117676e-01 1.090057268738746643e-01 2.450672835111618042e-01 1.486279070377349854e-01 3.968267440795898438e-01
4.436686038970947266e-01 5.077665448188781738e-01 1.645212918519973755e-01 4.108061790466308594e-01 3.348947167396545410e-01 4.270160794258117676e-01 6.554540246725082397e-02 1.565986424684524536e-01 1.838785111904144287e-01 3.968267440795898438e-01
4.436686038970947266e-01 5.077665448188781738e-01 1.424731612205505371e-01 4.108061790466308594e-01 3.348947167396545410e-01 4.270160794258117676e-01 9.130448848009109497e-02 1.565986424684524536e-01 1.838785111904144287e-01 3.968267440795898438e-01
4.436686038970947266e-01 5.077665448188781738e-01 1.424731612205505371e-01 4.108061790466308594e-01 3.348947167396545410e-01 4.270160794258117676e-01 1.409136503934860229e-01 3.068781793117523193e-01 1.838785111904144287e-01 3.968267440795898438e-01
4.436686038970947266e-01 5.077665448188781738e-01 1.424731612205505371e-01 4.108061790466308594e-01 3.348947167396545410e-01 4.270160794258117676e-01 1.946977227926254272e-01 1.565986424684524536e-01 1.838785111904144287e-01 3.968267440795898438e-01
4.436686038970947266e-01 5.077665448188781738e-01 1.424731612205505371e-01 4.108061790466308594e-01 3.348947167396545410e-01 4.270160794258117676e-01 3.095824718475341797e-01 3.068781793117523193e-01 1.838785111904144287e-01 3.968267440795898438e-01
4.436686038970947266e-01 5.077665448188781738e-01 1.424731612205505371e-01 4.108061790466308594e-01 3.348947167396545410e-01 4.270160794258117676e-01 3.531549870967864990e-01 3.068781793117523193e-01 1.838785111904144287e-01 3.968267440795898438e-01
4.436686038970947266e-01 5.077665448188781738e-01 2.623278200626373291e-01 4.108061790466308594e-01 4.514304101467132568e-01 4.270160794258117676e-01 1.592974066734313965e-01 1.462731510400772095e-01 4.334514141082763672e-01 3.968267440795898438e-01
4.436686038970947266e-01 5.077665448188781738e-01 1.424731612205505371e-01 4.108061790466308594e-01 4.514304101467132568e-01 4.270160794258117676e-01 2.383981198072433472e-01 3.328630626201629639e-01 1.838785111904144287e-01 3.968267440795898438e-01
4.436686038970947266e-01 5.970286726951599121e-01 1.424731612205505371e-01 4.108061790466308594e-01 3.348947167396545410e-01 4.270160794258117676e-01 9.602298587560653687e-02 2.900515794754028320e-01 5.609511137008666992e-01 3.968267440795898438e-01
4.436686038970947266e-01 5.077665448188781738e-01 1.424731612205505371e-01 4.108061790466308594e-01 4.514304101467132568e-01 4.270160794258117676e-01 3.376387059688568115e-01 2.146212458610534668e-01 1.935728341341018677e-01 3.968267440795898438e-01
4.436686038970947266e-01 5.970286726951599121e-01 1.424731612205505371e-01 4.108061790466308594e-01 2.342882454395294189e-01 4.270160794258117676e-01 2.059025466442108154e-01 2.645756006240844727e-01 4.385963976383209229e-01 3.968267440795898438e-01
4.436686038970947266e-01 3.221271634101867676e-01 1.424731612205505371e-01 4.108061790466308594e-01 2.342882454395294189e-01 4.270160794258117676e-01 1.474717855453491211e-01 2.613232135772705078e-01 1.935728341341018677e-01 3.968267440795898438e-01
4.436686038970947266e-01 5.077665448188781738e-01 3.307101428508758545e-01 4.108061790466308594e-01 2.342882454395294189e-01 4.270160794258117676e-01 9.448146075010299683e-02 2.146212458610534668e-01 1.935728341341018677e-01 3.968267440795898438e-01
4.436686038970947266e-01 5.077665448188781738e-01 2.920079827308654785e-01 4.108061790466308594e-01 4.514304101467132568e-01 4.270160794258117676e-01 9.448146075010299683e-02 2.146212458610534668e-01 1.935728341341018677e-01 3.968267440795898438e-01
4.436686038970947266e-01 5.077665448188781738e-01 3.307101428508758545e-01 4.108061790466308594e-01 2.342882454395294189e-01 4.270160794258117676e-01 1.236232072114944458e-01 3.052435815334320068e-01 1.838785111904144287e-01 3.968267440795898438e-01
4.436686038970947266e-01 5.077665448188781738e-01 4.715520441532135010e-01 4.108061790466308594e-01 4.514304101467132568e-01 4.270160794258117676e-01 3.914665803313255310e-02 2.502232789993286133e-01 4.459863305091857910e-01 3.968267440795898438e-01
4.436686038970947266e-01 5.077665448188781738e-01 4.715520441532135010e-01 4.108061790466308594e-01 4.514304101467132568e-01 4.270160794258117676e-01 1.038928627967834473e-01 2.502232789993286133e-01 5.066738724708557129e-01 3.968267440795898438e-01
4.436686038970947266e-01 5.077665448188781738e-01 4.715520441532135010e-01 5.000000000000000000e-01 4.514304101467132568e-01 4.270160794258117676e-01 6.646225601434707642e-02 3.978553116321563721e-01 5.066738724708557129e-01 3.968267440795898438e-01
4.436686038970947266e-01 7.277155518531799316e-01 3.307101428508758545e-01 5.000000000000000000e-01 4.514304101467132568e-01 5.978859663009643555e-01 1.988843381404876709e-01 4.227455854415893555e-01 1.528908908367156982e-01 3.968267440795898438e-01
4.436686038970947266e-01 7.277155518531799316e-01 5.771880745887756348e-01 5.000000000000000000e-01 4.514304101467132568e-01 5.978859663009643555e-01 1.454885154962539673e-01 3.878895640373229980e-01 3.294189572334289551e-01 3.968267440795898438e-01
4.436686038970947266e-01 7.277155518531799316e-01 4.715520441532135010e-01 5.000000000000000000e-01 4.514304101467132568e-01 5.978859663009643555e-01 2.623341381549835205e-01 1.957729607820510864e-01 3.294189572334289551e-01 3.968267440795898438e-01
4.436686038970947266e-01 7.414649128913879395e-01 2.307930141687393188e-01 5.000000000000000000e-01 4.514304101467132568e-01 4.270160794258117676e-01 3.074434995651245117e-01 1.957729607820510864e-01 3.882851302623748779e-01 3.968267440795898438e-01
5.437541007995605469e-01 5.253787040710449219e-01 1.424731612205505371e-01 4.108061790466308594e-01 2.342882454395294189e-01 4.270160794258117676e-01 7.159709930419921875e-01 5.024199485778808594e-01 4.315920174121856689e-01 3.968267440795898438e-01
4.436686038970947266e-01 5.253787040710449219e-01 1.424731612205505371e-01 4.108061790466308594e-01 4.514304101467132568e-01 4.270160794258117676e-01 5.370838642120361328e-01 2.914083302021026611e-01 3.730961680412292480e-01 3.968267440795898438e-01
4.436686038970947266e-01 5.368290543556213379e-01 1.424731612205505371e-01 4.108061790466308594e-01 4.514304101467132568e-01 4.270160794258117676e-01 3.985783755779266357e-01 2.914083302021026611e-01 3.730961680412292480e-01 3.968267440795898438e-01
4.375500380992889404e-01 5.609254837036132812e-01 1.424731612205505371e-01 4.108061790466308594e-01 3.244613111019134521e-01 4.270160794258117676e-01 4.958473742008209229e-01 3.905090689659118652e-01 5.540313720703125000e-01 3.968267440795898438e-01
4.375500380992889404e-01 5.609254837036132812e-01 1.424731612205505371e-01 4.108061790466308594e-01 3.244613111019134521e-01 4.270160794258117676e-01 5.896166563034057617e-01 3.345564007759094238e-01 5.696200728416442871e-01 3.968267440795898438e-01
5.375890731811523438e-01 5.609254837036132812e-01 4.021129906177520752e-01 4.108061790466308594e-01 3.244613111019134521e-01 4.270160794258117676e-01 5.560606122016906738e-01 2.405364811420440674e-01 6.054072976112365723e-01 3.968267440795898438e-01
4.375500380992889404e-01 5.609254837036132812e-01 1.424731612205505371e-01 4.108061790466308594e-01 5.636568665504455566e-01 4.270160794258117676e-01 6.479750871658325195e-01 3.180495798587799072e-01 6.204304695129394531e-01 3.968267440795898438e-01
4.375500380992889404e-01 5.609254837036132812e-01 1.241386383771896362e-01 4.108061790466308594e-01 3.244613111019134521e-01 4.270160794258117676e-01 5.492334365844726562e-01 2.763541340827941895e-01 6.204304695129394531e-01 3.968267440795898438e-01
4.375500380992889404e-01 5.609254837036132812e-01 1.241386383771896362e-01 4.108061790466308594e-01 3.244613111019134521e-01 4.270160794258117676e-01 5.492334365844726562e-01 3.804169297218322754e-01 6.204304695129394531e-01 3.968267440795898438e-01
4.375500380992889404e-01 6.368357539176940918e-01 1.797700077295303345e-01 4.108061790466308594e-01 3.244613111019134521e-01 4.270160794258117676e-01 5.492334365844726562e-01 3.804169297218322754e-01 6.054072976112365723e-01 3.968267440795898438e-01
6.404200792312622070e-01 6.368357539176940918e-01 1.241386383771896362e-01 4.108061790466308594e-01 3.244613111019134521e-01 4.270160794258117676e-01 5.492334365844726562e-01 3.180495798587799072e-01 6.054072976112365723e-01 3.968267440795898438e-01
4.436686038970947266e-01 4.946977198123931885e-01 4.433700740337371826e-01 4.108061790466308594e-01 4.514304101467132568e-01 4.270160794258117676e-01 5.001754164695739746e-01 5.605232119560241699e-01 1.748971641063690186e-01 3.968267440795898438e-01
4.436686038970947266e-01 5.558426380157470703e-01 5.492546558380126953e-01 4.108061790466308594e-01 4.514304101467132568e-01 4.270160794258117676e-01 4.719669222831726074e-01 3.091763257980346680e-01 3.805887699127197266e-01 3.968267440795898438e-01
4.436686038970947266e-01 5.558426380157470703e-01 5.492546558380126953e-01 4.108061790466308594e-01 4.514304101467132568e-01 4.270160794258117676e-01 2.964842021465301514e-01 3.707496523857116699e-01 3.805887699127197266e-01 3.968267440795898438e-01
4.436686038970947266e-01 4.946977198123931885e-01 4.433700740337371826e-01 4.108061790466308594e-01 4.514304101467132568e-01 4.270160794258117676e-01 4.366798698902130127e-01 3.707496523857116699e-01 4.236317276954650879e-01 3.968267440795898438e-01
4.436686038970947266e-01 5.558426380157470703e-01 1.845342218875885010e-01 4.108061790466308594e-01 4.514304101467132568e-01 4.270160794258117676e-01 2.891702651977539062e-01 3.091763257980346680e-01 1.748971641063690186e-01 3.968267440795898438e-01
4.375500380992889404e-01 3.287471830844879150e-01 1.241386383771896362e-01 4.108061790466308594e-01 6.594728827476501465e-01 4.270160794258117676e-01 1.855133175849914551e-01 1.886187642812728882e-01 2.915406525135040283e-01 3.968267440795898438e-01
3.475783765316009521e-01 5.887770652770996094e-01 1.241386383771896362e-01 4.108061790466308594e-01 3.018238842487335205e-01 4.270160794258117676e-01 8.187798857688903809e-01 2.589697837829589844e-01 5.879541039466857910e-01 3.968267440795898438e-01
2.963864207267761230e-01 5.887770652770996094e-01 1.241386383771896362e-01 5.000000000000000000e-01 9.275060892105102539e-02 4.270160794258117676e-01 7.556748390197753906e-01 2.589697837829589844e-01 3.093121647834777832e-01 3.968267440795898438e-01
1.632963567972183228e-01 7.440566420555114746e-01 1.797700077295303345e-01 4.108061790466308594e-01 4.493914246559143066e-01 4.270160794258117676e-01 8.784536719322204590e-01 1.176025122404098511e-01 3.093121647834777832e-01 3.968267440795898438e-01
1.632963567972183228e-01 4.288665056228637695e-01 1.797700077295303345e-01 4.108061790466308594e-01 9.275060892105102539e-02 4.270160794258117676e-01 7.556748390197753906e-01 1.640577167272567749e-01 3.250183165073394775e-01 3.968267440795898438e-01
1.155099272727966309e-01 5.887770652770996094e-01 1.241386383771896362e-01 4.108061790466308594e-01 9.275060892105102539e-02 4.270160794258117676e-01 7.207333445549011230e-01 1.640577167272567749e-01 3.250183165073394775e-01 3.968267440795898438e-01
3.475783765316009521e-01 3.837072551250457764e-01 1.241386383771896362e-01 4.108061790466308594e-01 3.829845190048217773e-01 4.270160794258117676e-01 3.970526754856109619e-01 1.769898235797882080e-01 3.067451715469360352e-01 3.968267440795898438e-01
3.532288968563079834e-01 6.280326843261718750e-01 1.241386383771896362e-01 4.108061790466308594e-01 3.829845190048217773e-01 4.270160794258117676e-01 2.835495471954345703e-01 9.745042026042938232e-02 1.646755635738372803e-01 3.968267440795898438e-01
3.532288968563079834e-01 5.095626711845397949e-01 2.817386090755462646e-01 4.108061790466308594e-01 3.829845190048217773e-01 4.270160794258117676e-01 1.428619474172592163e-01 1.720963120460510254e-01 1.646755635738372803e-01 3.968267440795898438e-01
3.532288968563079834e-01 5.095626711845397949e-01 2.817386090755462646e-01 4.108061790466308594e-01 6.253832578659057617e-01 4.270160794258117676e-01 4.550265371799468994e-01 1.909798979759216309e-01 1.646755635738372803e-01 3.968267440795898438e-01
3.532288968563079834e-01 6.280326843261718750e-01 3.060702383518218994e-01 4.108061790466308594e-01 3.829845190048217773e-01 4.270160794258117676e-01 3.510029911994934082e-01 1.643745750188827515e-01 1.646755635738372803e-01 3.968267440795898438e-01
3.532288968563079834e-01 5.095626711845397949e-01 3.060702383518218994e-01 4.108061790466308594e-01 3.829845190048217773e-01 4.270160794258117676e-01 3.526194393634796143e-01 1.643745750188827515e-01 1.646755635738372803e-01 3.968267440795898438e-01
3.532288968563079834e-01 5.095626711845397949e-01 3.060702383518218994e-01 4.108061790466308594e-01 6.253832578659057617e-01 4.270160794258117676e-01 3.526194393634796143e-01 1.825977712869644165e-01 1.646755635738372803e-01 3.968267440795898438e-01
3.532288968563079834e-01 5.095626711845397949e-01 3.060702383518218994e-01 4.108061790466308594e-01 6.253832578659057617e-01 4.270160794258117676e-01 3.618804216384887695e-01 1.909798979759216309e-01 1.646755635738372803e-01 3.968267440795898438e-01
3.532288968563079834e-01 4.589701294898986816e-01 4.433700740337371826e-01 4.108061790466308594e-01 6.253832578659057617e-01 4.270160794258117676e-01 2.715967297554016113e-01 1.128057613968849182e-01 3.636439442634582520e-01 3.968267440795898438e-01
2.963864207267761230e-01 4.815025925636291504e-01 3.217875659465789795e-01 4.108061790466308594e-01 5.870695710182189941e-01 4.270160794258117676e-01 3.526194393634796143e-01 1.006897762417793274e-01 3.157489299774169922e-01 3.968267440795898438e-01
2.963864207267761230e-01 6.014493107795715332e-01 1.020114123821258545e-01 4.108061790466308594e-01 1.664508581161499023e-01 4.270160794258117676e-01 3.448118269443511963e-01 1.643745750188827515e-01 2.723951041698455811e-01 3.968267440795898438e-01
5.390556454658508301e-01 4.557353258132934570e-01 3.217875659465789795e-01 4.108061790466308594e-01 1.664508581161499023e-01 4.270160794258117676e-01 4.445788860321044922e-01 1.006897762417793274e-01 2.723951041698455811e-01 3.968267440795898438e-01
5.390556454658508301e-01 3.957896232604980469e-01 3.217875659465789795e-01 4.108061790466308594e-01 1.664508581161499023e-01 4.270160794258117676e-01 2.645151317119598389e-01 1.006897762417793274e-01 2.723951041698455811e-01 3.968267440795898438e-01
5.390556454658508301e-01 3.957896232604980469e-01 4.205750226974487305e-01 4.108061790466308594e-01 1.664508581161499023e-01 4.270160794258117676e-01 7.493255287408828735e-02 1.057986021041870117e-01 2.723951041698455811e-01 3.968267440795898438e-01
5.494720935821533203e-01 8.055669069290161133e-01 3.217875659465789795e-01 4.108061790466308594e-01 1.664508581161499023e-01 4.270160794258117676e-01 1.242668107151985168e-01 1.006897762417793274e-01 2.723951041698455811e-01 3.968267440795898438e-01
3.582111597061157227e-01 8.461664319038391113e-01 1.322945207357406616e-01 4.108061790466308594e-01 1.664508581161499023e-01 4.270160794258117676e-01 7.194576859474182129e-01 1.169977039098739624e-01 2.723951041698455811e-01 3.968267440795898438e-01
3.582111597061157227e-01 6.963623762130737305e-01 4.642465412616729736e-01 4.108061790466308594e-01 1.664508581161499023e-01 4.270160794258117676e-01 6.488394737243652344e-01 6.356536597013473511e-02 2.723951041698455811e-01 3.968267440795898438e-01
4.138014316558837891e-01 8.461664319038391113e-01 1.891310811042785645e-01 4.108061790466308594e-01 2.690424919128417969e-01 4.270160794258117676e-01 5.615178942680358887e-01 3.180495798587799072e-01 5.439727306365966797e-01 3.968267440795898438e-01
4.138014316558837891e-01 5.465165972709655762e-01 4.642465412616729736e-01 4.108061790466308594e-01 2.690424919128417969e-01 4.270160794258117676e-01 2.534830272197723389e-01 2.405364811420440674e-01 3.526023924350738525e-01 3.968267440795898438e-01
3.582111597061157227e-01 5.465165972709655762e-01 5.700113177299499512e-01 4.108061790466308594e-01 1.664508581161499023e-01 4.270160794258117676e-01 4.798842072486877441e-01 3.180495798587799072e-01 2.723951041698455811e-01 3.968267440795898438e-01
