2.542980909347534180e-01 3.664892017841339111e-01 4.708809852600097656e-01 2.762746214866638184e-01 4.379082024097442627e-01 3.656386435031890869e-01 5.017527937889099121e-01 4.464536011219024658e-01 5.005623698234558105e-01 5.035956501960754395e-01
4.988764822483062744e-01 1.865527331829071045e-01 2.961480617523193359e-01 3.851115107536315918e-01 3.484639227390289307e-01 4.285933375358581543e-01 4.963036179542541504e-01 3.641385734081268311e-01 5.005623698234558105e-01 3.381177484989166260e-01
2.542980909347534180e-01 3.490265309810638428e-01 4.618827998638153076e-01 3.038019239902496338e-01 3.927398025989532471e-01 6.018670201301574707e-01 4.963036179542541504e-01 3.985408842563629150e-01 5.005623698234558105e-01 4.347161352634429932e-01
4.354614913463592529e-01 2.639150917530059814e-01 4.618827998638153076e-01 1.949409693479537964e-01 3.676243126392364502e-01 4.447902143001556396e-01 4.963036179542541504e-01 5.298047661781311035e-01 5.005623698234558105e-01 4.347161352634429932e-01
4.983636140823364258e-01 3.980359435081481934e-01 5.174956321716308594e-01 1.496405452489852905e-01 6.676793098449707031e-01 6.337153315544128418e-01 5.387644767761230469e-01 5.597510337829589844e-01 5.005623698234558105e-01 4.586210250854492188e-01
5.457810759544372559e-01 7.033855915069580078e-01 5.174956321716308594e-01 1.773527413606643677e-01 7.336553335189819336e-01 3.382664918899536133e-01 5.387644767761230469e-01 5.478419661521911621e-01 5.177556276321411133e-01 4.586210250854492188e-01
4.983636140823364258e-01 4.990243315696716309e-01 5.174956321716308594e-01 2.720436453819274902e-01 5.356100201606750488e-01 7.171601057052612305e-01 5.387644767761230469e-01 6.645922064781188965e-01 5.177556276321411133e-01 4.347161352634429932e-01
5.457810759544372559e-01 5.243116021156311035e-01 5.174956321716308594e-01 2.941595613956451416e-01 7.336553335189819336e-01 7.400705814361572266e-01 5.387644767761230469e-01 8.885056972503662109e-01 5.177556276321411133e-01 4.586210250854492188e-01
6.179547905921936035e-01 3.773160576820373535e-01 5.174956321716308594e-01 5.100368261337280273e-01 6.668147444725036621e-01 7.071323394775390625e-01 5.387644767761230469e-01 5.650868415832519531e-01 5.177556276321411133e-01 4.586210250854492188e-01
5.626229643821716309e-01 5.721435546875000000e-01 5.174956321716308594e-01 3.218458592891693115e-01 5.560480952262878418e-01 7.184048891067504883e-01 5.387644767761230469e-01 6.659074425697326660e-01 5.177556276321411133e-01 5.020762085914611816e-01
4.001053273677825928e-01 5.721435546875000000e-01 5.174956321716308594e-01 4.256154298782348633e-01 7.336553335189819336e-01 6.752854585647583008e-01 5.387644767761230469e-01 5.571140646934509277e-01 5.177556276321411133e-01 4.586210250854492188e-01
4.001053273677825928e-01 5.513201951980590820e-01 5.174956321716308594e-01 4.256154298782348633e-01 5.295969843864440918e-01 5.356698036193847656e-01 5.387644767761230469e-01 6.683054566383361816e-01 5.177556276321411133e-01 4.586210250854492188e-01
5.626229643821716309e-01 4.067511558532714844e-01 5.174956321716308594e-01 4.745050668716430664e-01 5.560480952262878418e-01 6.531185507774353027e-01 5.387644767761230469e-01 6.704173684120178223e-01 5.177556276321411133e-01 5.020762085914611816e-01
5.626229643821716309e-01 4.860796034336090088e-01 5.174956321716308594e-01 5.704471468925476074e-01 5.295969843864440918e-01 6.123183965682983398e-01 5.387644767761230469e-01 6.683054566383361816e-01 5.177556276321411133e-01 4.586210250854492188e-01
2.771637141704559326e-01 2.809642553329467773e-01 5.174956321716308594e-01 4.256154298782348633e-01 6.668147444725036621e-01 5.356698036193847656e-01 5.387644767761230469e-01 6.683054566383361816e-01 5.177556276321411133e-01 4.586210250854492188e-01
1.972440630197525024e-01 2.202138006687164307e-01 5.174956321716308594e-01 4.256154298782348633e-01 6.668147444725036621e-01 7.071323394775390625e-01 5.387644767761230469e-01 4.537506401538848877e-01 5.177556276321411133e-01 4.492876231670379639e-01
1.620299667119979858e-01 1.361267715692520142e-01 4.708809852600097656e-01 4.256154298782348633e-01 4.111439287662506104e-01 4.196560084819793701e-01 4.924740493297576904e-01 4.640451967716217041e-01 5.177556276321411133e-01 4.492876231670379639e-01
5.030554533004760742e-01 3.765279352664947510e-01 4.708809852600097656e-01 4.745050668716430664e-01 4.900502562522888184e-01 6.695793271064758301e-01 6.868339776992797852e-01 5.185127258300781250e-01 6.337959766387939453e-01 4.492876231670379639e-01
2.628107666969299316e-01 2.567420303821563721e-01 4.708809852600097656e-01 6.685141921043395996e-01 4.239013195037841797e-01 5.756840705871582031e-01 5.017527937889099121e-01 6.632161140441894531e-01 4.304542541503906250e-01 4.492876231670379639e-01
6.229552626609802246e-01 3.461880683898925781e-01 4.708809852600097656e-01 5.704471468925476074e-01 6.788093447685241699e-01 6.540130376815795898e-01 4.924740493297576904e-01 4.537506401538848877e-01 5.177556276321411133e-01 4.492876231670379639e-01
3.442032635211944580e-01 2.247404009103775024e-01 4.708809852600097656e-01 4.256154298782348633e-01 4.634612500667572021e-01 4.337205886840820312e-01 4.924740493297576904e-01 4.046207070350646973e-01 5.177556276321411133e-01 4.492876231670379639e-01
2.628107666969299316e-01 3.662088811397552490e-01 4.708809852600097656e-01 4.243101477622985840e-01 3.413264155387878418e-01 5.786812901496887207e-01 5.017527937889099121e-01 1.464143097400665283e-01 2.949021756649017334e-01 4.492876231670379639e-01
4.387742877006530762e-01 5.459221005439758301e-01 4.708809852600097656e-01 2.688601315021514893e-01 3.177782595157623291e-01 4.956561625003814697e-01 5.017527937889099121e-01 7.042355090379714966e-02 4.304542541503906250e-01 4.492876231670379639e-01
4.387742877006530762e-01 6.138319373130798340e-01 4.708809852600097656e-01 4.243101477622985840e-01 3.413264155387878418e-01 6.177090406417846680e-01 5.017527937889099121e-01 2.599725723266601562e-01 4.671064615249633789e-01 4.492876231670379639e-01
4.387742877006530762e-01 6.784109473228454590e-01 4.708809852600097656e-01 4.243101477622985840e-01 3.177782595157623291e-01 7.839716672897338867e-01 4.924740493297576904e-01 2.009678781032562256e-01 4.671064615249633789e-01 4.492876231670379639e-01
4.387742877006530762e-01 4.647448360919952393e-01 4.708809852600097656e-01 4.243101477622985840e-01 3.413264155387878418e-01 5.443891882896423340e-01 5.017527937889099121e-01 2.538792788982391357e-01 4.671064615249633789e-01 4.492876231670379639e-01
5.030554533004760742e-01 5.564186573028564453e-01 4.708809852600097656e-01 3.768830895423889160e-01 3.177782595157623291e-01 7.095673680305480957e-01 4.924740493297576904e-01 3.025518059730529785e-01 4.671064615249633789e-01 4.492876231670379639e-01
4.387742877006530762e-01 4.647448360919952393e-01 4.708809852600097656e-01 4.243101477622985840e-01 3.413264155387878418e-01 5.309041738510131836e-01 5.017527937889099121e-01 2.599725723266601562e-01 4.671064615249633789e-01 4.492876231670379639e-01
3.442032635211944580e-01 6.306075453758239746e-01 4.708809852600097656e-01 4.256154298782348633e-01 6.788093447685241699e-01 4.337205886840820312e-01 4.924740493297576904e-01 2.230792492628097534e-01 5.177556276321411133e-01 4.492876231670379639e-01
4.312241971492767334e-01 6.336750388145446777e-01 4.708809852600097656e-01 4.256154298782348633e-01 4.634612500667572021e-01 4.337205886840820312e-01 4.924740493297576904e-01 3.349311053752899170e-01 5.177556276321411133e-01 4.492876231670379639e-01
4.387742877006530762e-01 4.647448360919952393e-01 4.708809852600097656e-01 4.243101477622985840e-01 3.413264155387878418e-01 5.309041738510131836e-01 5.017527937889099121e-01 3.297024965286254883e-01 4.671064615249633789e-01 4.492876231670379639e-01
4.387742877006530762e-01 3.591453433036804199e-01 4.708809852600097656e-01 3.204202651977539062e-01 4.239013195037841797e-01 5.309041738510131836e-01 5.017527937889099121e-01 5.151285529136657715e-01 4.671064615249633789e-01 4.492876231670379639e-01
4.387742877006530762e-01 3.334689736366271973e-01 4.708809852600097656e-01 5.276516675949096680e-01 4.239013195037841797e-01 6.052913665771484375e-01 5.017527937889099121e-01 8.688573241233825684e-01 4.671064615249633789e-01 4.492876231670379639e-01
4.387742877006530762e-01 3.334689736366271973e-01 4.708809852600097656e-01 4.942405223846435547e-01 4.239013195037841797e-01 6.689470410346984863e-01 5.017527937889099121e-01 6.277918815612792969e-01 4.671064615249633789e-01 4.492876231670379639e-01
4.387742877006530762e-01 4.957990050315856934e-01 4.708809852600097656e-01 4.902732074260711670e-01 6.180621981620788574e-01 7.389449477195739746e-01 5.017527937889099121e-01 7.452976107597351074e-01 4.671064615249633789e-01 4.492876231670379639e-01
4.387742877006530762e-01 3.953388333320617676e-01 4.708809852600097656e-01 3.809191584587097168e-01 4.239013195037841797e-01 7.696940898895263672e-01 5.017527937889099121e-01 6.056616902351379395e-01 4.671064615249633789e-01 4.492876231670379639e-01
4.387742877006530762e-01 4.957990050315856934e-01 4.708809852600097656e-01 3.809191584587097168e-01 3.980994224548339844e-01 7.389449477195739746e-01 5.017527937889099121e-01 6.033803224563598633e-01 4.671064615249633789e-01 4.492876231670379639e-01
4.387742877006530762e-01 3.846029937267303467e-01 4.708809852600097656e-01 5.062189698219299316e-01 5.257622599601745605e-01 7.696940898895263672e-01 5.017527937889099121e-01 3.440853357315063477e-01 4.671064615249633789e-01 4.492876231670379639e-01
4.387742877006530762e-01 3.953388333320617676e-01 4.708809852600097656e-01 5.355544686317443848e-01 4.991321265697479248e-01 5.096023678779602051e-01 5.017527937889099121e-01 4.601396918296813965e-01 4.671064615249633789e-01 4.492876231670379639e-01
4.387742877006530762e-01 4.509223103523254395e-01 4.708809852600097656e-01 5.062189698219299316e-01 5.257622599601745605e-01 4.952290654182434082e-01 5.017527937889099121e-01 4.625109732151031494e-01 4.671064615249633789e-01 4.492876231670379639e-01
4.387742877006530762e-01 3.799862265586853027e-01 4.708809852600097656e-01 5.227199792861938477e-01 4.991321265697479248e-01 7.389449477195739746e-01 5.017527937889099121e-01 6.033803224563598633e-01 4.671064615249633789e-01 4.492876231670379639e-01
4.988764822483062744e-01 1.798110008239746094e-01 4.708809852600097656e-01 5.227199792861938477e-01 5.988956689834594727e-01 3.227913379669189453e-01 4.924740493297576904e-01 7.957124114036560059e-01 4.671064615249633789e-01 4.492876231670379639e-01
4.354614913463592529e-01 2.863188982009887695e-01 4.708809852600097656e-01 5.062189698219299316e-01 5.056685209274291992e-01 4.424977302551269531e-01 5.017527937889099121e-01 6.056616902351379395e-01 4.671064615249633789e-01 4.492876231670379639e-01
4.354614913463592529e-01 2.777273952960968018e-01 4.708809852600097656e-01 5.062189698219299316e-01 5.141376256942749023e-01 4.114536046981811523e-01 5.017527937889099121e-01 5.796414613723754883e-01 5.005623698234558105e-01 4.492876231670379639e-01
4.354614913463592529e-01 3.161922991275787354e-01 4.708809852600097656e-01 5.062189698219299316e-01 5.141376256942749023e-01 3.314112722873687744e-01 5.017527937889099121e-01 6.864957213401794434e-01 5.005623698234558105e-01 4.492876231670379639e-01
4.354614913463592529e-01 2.777273952960968018e-01 4.708809852600097656e-01 3.672724962234497070e-01 5.141376256942749023e-01 3.314112722873687744e-01 5.017527937889099121e-01 6.056616902351379395e-01 5.005623698234558105e-01 4.492876231670379639e-01
4.354614913463592529e-01 4.301191270351409912e-01 4.708809852600097656e-01 5.227199792861938477e-01 4.874909520149230957e-01 3.442728221416473389e-01 5.017527937889099121e-01 6.033803224563598633e-01 5.005623698234558105e-01 4.492876231670379639e-01
4.354614913463592529e-01 4.010432958602905273e-01 4.708809852600097656e-01 5.695868730545043945e-01 5.141376256942749023e-01 5.015774369239807129e-01 5.017527937889099121e-01 6.056616902351379395e-01 5.005623698234558105e-01 4.492876231670379639e-01
4.354614913463592529e-01 5.421963930130004883e-01 4.708809852600097656e-01 5.227199792861938477e-01 4.874909520149230957e-01 5.768890976905822754e-01 4.924740493297576904e-01 6.422265768051147461e-01 5.005623698234558105e-01 4.492876231670379639e-01
4.354614913463592529e-01 3.049829304218292236e-01 4.708809852600097656e-01 5.227199792861938477e-01 4.790279865264892578e-01 5.768890976905822754e-01 4.924740493297576904e-01 6.694261431694030762e-01 4.671064615249633789e-01 4.492876231670379639e-01
4.354614913463592529e-01 2.907284498214721680e-01 4.708809852600097656e-01 3.988696038722991943e-01 5.141376256942749023e-01 6.175570487976074219e-01 5.017527937889099121e-01 5.715651512145996094e-01 5.005623698234558105e-01 4.492876231670379639e-01
4.988764822483062744e-01 4.301191270351409912e-01 4.708809852600097656e-01 5.227199792861938477e-01 6.070088744163513184e-01 5.805677175521850586e-01 5.017527937889099121e-01 5.613838434219360352e-01 5.005623698234558105e-01 4.492876231670379639e-01
4.354614913463592529e-01 5.302210450172424316e-01 4.708809852600097656e-01 5.062189698219299316e-01 5.141376256942749023e-01 6.884239912033081055e-01 5.017527937889099121e-01 5.715651512145996094e-01 5.005623698234558105e-01 4.492876231670379639e-01
4.988764822483062744e-01 4.289620220661163330e-01 4.708809852600097656e-01 5.227199792861938477e-01 5.988956689834594727e-01 6.612688302993774414e-01 4.924740493297576904e-01 6.301361322402954102e-01 4.671064615249633789e-01 4.492876231670379639e-01
4.354614913463592529e-01 3.536527454853057861e-01 4.708809852600097656e-01 5.062189698219299316e-01 5.056685209274291992e-01 5.682075023651123047e-01 4.924740493297576904e-01 7.859996557235717773e-01 4.671064615249633789e-01 4.492876231670379639e-01
4.354614913463592529e-01 5.129041075706481934e-01 4.708809852600097656e-01 5.062189698219299316e-01 5.056685209274291992e-01 5.645018219947814941e-01 4.924740493297576904e-01 8.451766967773437500e-01 4.671064615249633789e-01 4.492876231670379639e-01
4.860152602195739746e-01 4.756199419498443604e-01 4.708809852600097656e-01 5.591831207275390625e-01 6.788093447685241699e-01 6.038951873779296875e-01 4.924740493297576904e-01 6.402025818824768066e-01 5.177556276321411133e-01 4.492876231670379639e-01
4.860152602195739746e-01 3.407690823078155518e-01 4.708809852600097656e-01 4.745050668716430664e-01 5.914866924285888672e-01 5.937072038650512695e-01 4.924740493297576904e-01 6.810444593429565430e-01 5.177556276321411133e-01 4.492876231670379639e-01
4.860152602195739746e-01 5.328748226165771484e-01 4.708809852600097656e-01 5.409392118453979492e-01 5.914866924285888672e-01 5.937072038650512695e-01 4.924740493297576904e-01 8.173872828483581543e-01 5.177556276321411133e-01 4.492876231670379639e-01
4.387742877006530762e-01 5.663137435913085938e-01 4.708809852600097656e-01 4.902732074260711670e-01 5.257622599601745605e-01 6.519254446029663086e-01 5.017527937889099121e-01 6.191329956054687500e-01 4.671064615249633789e-01 4.492876231670379639e-01
4.387742877006530762e-01 6.135448217391967773e-01 4.708809852600097656e-01 5.409392118453979492e-01 5.451381802558898926e-01 6.825621128082275391e-01 3.614605665206909180e-01 6.774327754974365234e-01 5.177556276321411133e-01 3.734977841377258301e-01
4.387742877006530762e-01 4.644435346126556396e-01 4.708809852600097656e-01 5.409392118453979492e-01 5.451381802558898926e-01 5.382584929466247559e-01 3.614605665206909180e-01 5.419289469718933105e-01 5.177556276321411133e-01 3.734977841377258301e-01
4.387742877006530762e-01 4.644435346126556396e-01 4.708809852600097656e-01 5.409392118453979492e-01 5.451381802558898926e-01 5.382584929466247559e-01 3.614605665206909180e-01 5.419289469718933105e-01 5.177556276321411133e-01 3.734977841377258301e-01
4.387742877006530762e-01 6.551143527030944824e-01 4.708809852600097656e-01 4.902732074260711670e-01 7.170107364654541016e-01 6.225670576095581055e-01 4.924740493297576904e-01 5.150855183601379395e-01 4.671064615249633789e-01 3.734977841377258301e-01
4.387742877006530762e-01 6.528471708297729492e-01 4.708809852600097656e-01 5.355544686317443848e-01 5.051706433296203613e-01 4.447321891784667969e-01 5.017527937889099121e-01 4.829643070697784424e-01 4.671064615249633789e-01 3.734977841377258301e-01
4.387742877006530762e-01 5.788692831993103027e-01 4.708809852600097656e-01 4.902732074260711670e-01 6.771298050880432129e-01 5.615682601928710938e-01 5.017527937889099121e-01 5.439839363098144531e-01 4.671064615249633789e-01 3.734977841377258301e-01
4.387742877006530762e-01 3.613290488719940186e-01 4.708809852600097656e-01 4.902732074260711670e-01 4.785310328006744385e-01 5.615682601928710938e-01 5.017527937889099121e-01 6.156021356582641602e-01 4.671064615249633789e-01 3.734977841377258301e-01
4.387742877006530762e-01 5.759367942810058594e-01 4.708809852600097656e-01 4.902732074260711670e-01 5.051706433296203613e-01 6.742497682571411133e-01 5.017527937889099121e-01 6.375214457511901855e-01 4.671064615249633789e-01 3.734977841377258301e-01
4.387742877006530762e-01 2.006081193685531616e-01 4.708809852600097656e-01 2.583692371845245361e-01 4.879241585731506348e-01 8.023588657379150391e-01 5.017527937889099121e-01 5.563499331474304199e-01 5.005623698234558105e-01 3.734977841377258301e-01
4.387742877006530762e-01 2.006081193685531616e-01 4.708809852600097656e-01 2.583692371845245361e-01 6.168515086174011230e-01 7.204172611236572266e-01 5.017527937889099121e-01 5.460941791534423828e-01 5.005623698234558105e-01 3.734977841377258301e-01
4.387742877006530762e-01 2.403475940227508545e-01 4.708809852600097656e-01 2.583692371845245361e-01 6.604443192481994629e-01 8.078919053077697754e-01 5.017527937889099121e-01 6.211376190185546875e-01 5.005623698234558105e-01 4.492876231670379639e-01
4.387742877006530762e-01 2.403475940227508545e-01 4.708809852600097656e-01 2.583692371845245361e-01 6.604443192481994629e-01 6.983011364936828613e-01 5.017527937889099121e-01 6.211376190185546875e-01 5.005623698234558105e-01 4.492876231670379639e-01
4.387742877006530762e-01 2.925227880477905273e-01 4.708809852600097656e-01 2.583692371845245361e-01 6.604443192481994629e-01 6.983011364936828613e-01 5.017527937889099121e-01 5.954565405845642090e-01 5.005623698234558105e-01 4.492876231670379639e-01
3.055551648139953613e-01 5.142825245857238770e-01 5.392159819602966309e-01 5.598201155662536621e-01 5.399801731109619141e-01 5.290486216545104980e-01 5.017527937889099121e-01 8.488886952400207520e-01 5.005623698234558105e-01 6.736261248588562012e-01
4.988085031509399414e-01 2.886941134929656982e-01 3.037399947643280029e-01 4.876139461994171143e-01 4.151507318019866943e-01 6.081615090370178223e-01 5.017527937889099121e-01 6.303277611732482910e-01 5.005623698234558105e-01 5.035956501960754395e-01
4.988085031509399414e-01 5.945909619331359863e-01 5.392159819602966309e-01 4.603126645088195801e-01 4.935275316238403320e-01 8.056614995002746582e-01 5.017527937889099121e-01 6.573849916458129883e-01 5.005623698234558105e-01 5.035956501960754395e-01
4.988085031509399414e-01 6.276813745498657227e-01 5.392159819602966309e-01 4.603126645088195801e-01 4.935275316238403320e-01 6.697876453399658203e-01 5.017527937889099121e-01 6.573849916458129883e-01 5.005623698234558105e-01 5.035956501960754395e-01
4.988085031509399414e-01 3.161718547344207764e-01 4.708809852600097656e-01 4.767620861530303955e-01 4.669224917888641357e-01 4.562900662422180176e-01 5.017527937889099121e-01 5.130066871643066406e-01 5.005623698234558105e-01 5.035956501960754395e-01
4.354614913463592529e-01 4.851135015487670898e-01 4.708809852600097656e-01 2.689679265022277832e-01 4.669224917888641357e-01 5.045560002326965332e-01 5.017527937889099121e-01 6.404566764831542969e-01 5.005623698234558105e-01 5.035956501960754395e-01
4.988764822483062744e-01 3.701055645942687988e-01 4.708809852600097656e-01 4.767620861530303955e-01 4.669224917888641357e-01 5.045560002326965332e-01 3.614605665206909180e-01 7.254835963249206543e-01 5.005623698234558105e-01 5.035956501960754395e-01
4.988764822483062744e-01 1.474377661943435669e-01 4.708809852600097656e-01 3.827551007270812988e-01 4.669224917888641357e-01 5.576286911964416504e-01 3.614605665206909180e-01 7.017970085144042969e-01 5.005623698234558105e-01 5.035956501960754395e-01
5.462896823883056641e-01 1.552276909351348877e-01 4.618827998638153076e-01 3.525783717632293701e-01 5.789363980293273926e-01 5.205537080764770508e-01 4.963036179542541504e-01 5.266317129135131836e-01 4.671064615249633789e-01 4.586210250854492188e-01
4.826524555683135986e-01 2.048164159059524536e-01 4.618827998638153076e-01 2.002525031566619873e-01 4.850589632987976074e-01 5.061903595924377441e-01 4.963036179542541504e-01 5.795381069183349609e-01 4.671064615249633789e-01 4.347161352634429932e-01
4.354614913463592529e-01 4.197636544704437256e-01 4.618827998638153076e-01 2.526487112045288086e-01 3.094740808010101318e-01 7.089802026748657227e-01 4.963036179542541504e-01 5.557042360305786133e-01 3.721771538257598877e-01 4.347161352634429932e-01
4.354614913463592529e-01 6.485666632652282715e-01 4.618827998638153076e-01 4.603126645088195801e-01 4.935275316238403320e-01 6.923614740371704102e-01 4.963036179542541504e-01 5.733203887939453125e-01 5.005623698234558105e-01 4.347161352634429932e-01
4.354614913463592529e-01 4.583806395530700684e-01 4.618827998638153076e-01 4.040551185607910156e-01 4.935275316238403320e-01 6.923614740371704102e-01 4.963036179542541504e-01 5.733203887939453125e-01 5.005623698234558105e-01 4.347161352634429932e-01
4.354614913463592529e-01 4.583806395530700684e-01 4.618827998638153076e-01 4.040551185607910156e-01 4.935275316238403320e-01 6.875234246253967285e-01 4.963036179542541504e-01 5.733203887939453125e-01 5.005623698234558105e-01 4.347161352634429932e-01
4.354614913463592529e-01 3.614074885845184326e-01 4.618827998638153076e-01 4.200589358806610107e-01 4.669224917888641357e-01 5.657255053520202637e-01 4.963036179542541504e-01 6.699966788291931152e-01 5.005623698234558105e-01 4.347161352634429932e-01
4.988764822483062744e-01 3.614074885845184326e-01 4.618827998638153076e-01 4.200589358806610107e-01 4.669224917888641357e-01 5.657255053520202637e-01 4.963036179542541504e-01 6.438726782798767090e-01 4.304542541503906250e-01 4.586210250854492188e-01
4.354614913463592529e-01 7.402530312538146973e-01 4.618827998638153076e-01 4.040551185607910156e-01 4.935275316238403320e-01 6.496713161468505859e-01 4.963036179542541504e-01 5.733203887939453125e-01 5.005623698234558105e-01 4.347161352634429932e-01
4.354614913463592529e-01 5.486559867858886719e-01 4.708809852600097656e-01 4.040551185607910156e-01 4.935275316238403320e-01 6.445066332817077637e-01 5.017527937889099121e-01 6.954029798507690430e-01 5.005623698234558105e-01 5.035956501960754395e-01
4.988764822483062744e-01 2.896722555160522461e-01 4.708809852600097656e-01 4.200589358806610107e-01 4.669224917888641357e-01 2.733466923236846924e-01 5.017527937889099121e-01 3.498029112815856934e-01 5.005623698234558105e-01 5.035956501960754395e-01
3.055551648139953613e-01 3.017967939376831055e-01 5.129104852676391602e-01 3.755643963813781738e-01 5.399801731109619141e-01 4.887313842773437500e-01 2.887698709964752197e-01 3.655023574829101562e-01 5.005623698234558105e-01 4.014966785907745361e-01
4.988085031509399414e-01 3.174745142459869385e-01 2.942521274089813232e-01 4.858103692531585693e-01 4.669224917888641357e-01 6.317078471183776855e-01 4.066640734672546387e-01 6.170562505722045898e-01 5.005623698234558105e-01 5.633027553558349609e-01
3.055551648139953613e-01 2.475229501724243164e-01 5.129104852676391602e-01 4.693287909030914307e-01 5.399801731109619141e-01 6.961192488670349121e-01 5.000000000000000000e-01 6.799064874649047852e-01 5.005623698234558105e-01 4.014966785907745361e-01
4.988085031509399414e-01 3.174745142459869385e-01 5.129104852676391602e-01 4.858103692531585693e-01 4.669224917888641357e-01 6.317078471183776855e-01 5.000000000000000000e-01 4.234134852886199951e-01 5.005623698234558105e-01 5.633027553558349609e-01
4.354614913463592529e-01 3.076144754886627197e-01 4.446918666362762451e-01 4.693287909030914307e-01 4.935275316238403320e-01 5.917941331863403320e-01 5.000000000000000000e-01 5.004221200942993164e-01 5.005623698234558105e-01 5.633027553558349609e-01
4.354614913463592529e-01 3.174745142459869385e-01 4.446918666362762451e-01 4.858103692531585693e-01 4.669224917888641357e-01 5.045560002326965332e-01 5.000000000000000000e-01 6.116501688957214355e-01 5.005623698234558105e-01 5.633027553558349609e-01
4.354614913463592529e-01 3.076144754886627197e-01 4.446918666362762451e-01 4.693287909030914307e-01 4.935275316238403320e-01 5.164673328399658203e-01 5.000000000000000000e-01 5.004221200942993164e-01 5.005623698234558105e-01 5.633027553558349609e-01
4.988764822483062744e-01 3.316524624824523926e-01 4.446918666362762451e-01 4.986855387687683105e-01 4.669224917888641357e-01 5.045560002326965332e-01 5.000000000000000000e-01 6.116501688957214355e-01 5.005623698234558105e-01 2.688715457916259766e-01
4.988764822483062744e-01 4.750106334686279297e-01 2.942521274089813232e-01 4.200589358806610107e-01 5.871750116348266602e-01 5.657255053520202637e-01 4.066640734672546387e-01 3.510677516460418701e-01 5.005623698234558105e-01 2.688715457916259766e-01
4.354614913463592529e-01 4.821799397468566895e-01 2.942521274089813232e-01 4.040551185607910156e-01 4.935275316238403320e-01 6.496713161468505859e-01 2.887698709964752197e-01 4.126584827899932861e-01 5.005623698234558105e-01 2.688715457916259766e-01
4.988764822483062744e-01 4.750106334686279297e-01 4.618827998638153076e-01 3.887936770915985107e-01 4.669224917888641357e-01 6.125443577766418457e-01 4.963036179542541504e-01 3.510677516460418701e-01 5.005623698234558105e-01 2.688715457916259766e-01
4.354614913463592529e-01 4.475398361682891846e-01 4.618827998638153076e-01 4.040551185607910156e-01 4.935275316238403320e-01 6.496713161468505859e-01 4.963036179542541504e-01 4.126584827899932861e-01 5.005623698234558105e-01 2.688715457916259766e-01
4.354614913463592529e-01 4.487604796886444092e-01 4.618827998638153076e-01 4.040551185607910156e-01 4.935275316238403320e-01 6.923614740371704102e-01 4.963036179542541504e-01 6.533217430114746094e-01 5.005623698234558105e-01 4.347161352634429932e-01
4.354614913463592529e-01 4.382881522178649902e-01 4.618827998638153076e-01 4.040551185607910156e-01 4.935275316238403320e-01 6.496713161468505859e-01 4.963036179542541504e-01 5.733203887939453125e-01 5.005623698234558105e-01 4.347161352634429932e-01
4.354614913463592529e-01 4.382881522178649902e-01 4.618827998638153076e-01 3.136967122554779053e-01 4.935275316238403320e-01 6.445066332817077637e-01 4.963036179542541504e-01 5.733203887939453125e-01 5.005623698234558105e-01 4.347161352634429932e-01
4.354614913463592529e-01 3.584899902343750000e-01 4.618827998638153076e-01 3.755643963813781738e-01 4.935275316238403320e-01 5.917941331863403320e-01 4.963036179542541504e-01 5.733203887939453125e-01 5.005623698234558105e-01 4.347161352634429932e-01
4.988764822483062744e-01 4.496167600154876709e-01 4.618827998638153076e-01 4.200589358806610107e-01 5.871750116348266602e-01 6.125443577766418457e-01 4.963036179542541504e-01 6.422834396362304688e-01 5.005623698234558105e-01 4.586210250854492188e-01
4.988764822483062744e-01 4.496167600154876709e-01 4.618827998638153076e-01 4.200589358806610107e-01 4.669224917888641357e-01 5.657255053520202637e-01 4.963036179542541504e-01 4.596939980983734131e-01 5.005623698234558105e-01 4.586210250854492188e-01
4.354614913463592529e-01 4.382881522178649902e-01 4.618827998638153076e-01 5.027298331260681152e-01 4.935275316238403320e-01 5.791082978248596191e-01 4.963036179542541504e-01 5.733203887939453125e-01 5.005623698234558105e-01 4.347161352634429932e-01
4.354614913463592529e-01 4.496167600154876709e-01 4.618827998638153076e-01 4.858103692531585693e-01 4.669224917888641357e-01 5.045560002326965332e-01 4.963036179542541504e-01 5.614446997642517090e-01 5.005623698234558105e-01 4.347161352634429932e-01
4.988764822483062744e-01 4.601380825042724609e-01 4.618827998638153076e-01 4.858103692531585693e-01 4.669224917888641357e-01 5.045560002326965332e-01 4.963036179542541504e-01 6.422834396362304688e-01 5.005623698234558105e-01 4.586210250854492188e-01
4.988764822483062744e-01 3.693248629570007324e-01 4.618827998638153076e-01 4.200589358806610107e-01 4.669224917888641357e-01 5.657255053520202637e-01 4.963036179542541504e-01 4.467489719390869141e-01 5.005623698234558105e-01 4.586210250854492188e-01
4.988764822483062744e-01 3.792620003223419189e-01 4.618827998638153076e-01 4.200589358806610107e-01 4.584971964359283447e-01 4.804004728794097900e-01 4.963036179542541504e-01 4.467489719390869141e-01 4.671064615249633789e-01 4.586210250854492188e-01
4.988764822483062744e-01 4.125638902187347412e-01 4.618827998638153076e-01 2.262903153896331787e-01 3.941175639629364014e-01 3.645529150962829590e-01 4.963036179542541504e-01 5.266317129135131836e-01 4.671064615249633789e-01 4.586210250854492188e-01
4.354614913463592529e-01 5.259928703308105469e-01 4.618827998638153076e-01 4.379835724830627441e-01 4.858911931514739990e-01 4.560670852661132812e-01 4.963036179542541504e-01 5.737818479537963867e-01 5.177556276321411133e-01 4.347161352634429932e-01
5.462896823883056641e-01 2.685487270355224609e-01 4.618827998638153076e-01 6.196116209030151367e-01 4.593244791030883789e-01 4.703629016876220703e-01 4.963036179542541504e-01 7.512024044990539551e-01 5.177556276321411133e-01 4.586210250854492188e-01
5.462896823883056641e-01 2.049715816974639893e-01 4.618827998638153076e-01 5.369287729263305664e-01 4.593244791030883789e-01 4.059023559093475342e-01 4.963036179542541504e-01 7.512024044990539551e-01 5.177556276321411133e-01 4.586210250854492188e-01
5.462896823883056641e-01 2.379044294357299805e-01 4.618827998638153076e-01 3.465584814548492432e-01 4.593244791030883789e-01 2.748409807682037354e-01 4.963036179542541504e-01 5.130621790885925293e-01 5.177556276321411133e-01 4.586210250854492188e-01
5.631278157234191895e-01 2.379044294357299805e-01 4.618827998638153076e-01 4.001863598823547363e-01 4.593244791030883789e-01 2.748409807682037354e-01 4.963036179542541504e-01 4.933094084262847900e-01 5.177556276321411133e-01 4.586210250854492188e-01
4.262805581092834473e-01 4.061484038829803467e-01 4.618827998638153076e-01 4.419974684715270996e-01 3.816626965999603271e-01 3.668465316295623779e-01 4.963036179542541504e-01 2.686676681041717529e-01 5.177556276321411133e-01 4.586210250854492188e-01
3.653654456138610840e-01 6.920221447944641113e-01 4.618827998638153076e-01 4.419974684715270996e-01 4.599211812019348145e-01 3.380253314971923828e-01 4.963036179542541504e-01 1.700891405344009399e-01 5.177556276321411133e-01 4.347161352634429932e-01
4.262805581092834473e-01 1.871260404586791992e-01 4.618827998638153076e-01 4.419974684715270996e-01 4.599211812019348145e-01 2.658158838748931885e-01 4.963036179542541504e-01 1.983650922775268555e-01 5.177556276321411133e-01 4.492876231670379639e-01
4.722665548324584961e-01 5.704219937324523926e-01 4.708809852600097656e-01 2.946053147315979004e-01 5.025285482406616211e-01 3.161503672599792480e-01 4.924740493297576904e-01 2.711741030216217041e-01 5.177556276321411133e-01 4.492876231670379639e-01
