8.894644975662231445e-01 8.476483821868896484e-01 9.965913295745849609e-01 9.922136664390563965e-01 7.723834514617919922e-01 9.594183564186096191e-01 7.457423210144042969e-01 7.979382276535034180e-01 8.262886404991149902e-01 6.854571104049682617e-01
6.378629207611083984e-01 8.476483821868896484e-01 9.604333043098449707e-01 6.040829420089721680e-01 7.723834514617919922e-01 9.594183564186096191e-01 3.373807072639465332e-01 7.979382276535034180e-01 8.262886404991149902e-01 6.854571104049682617e-01
6.378629207611083984e-01 8.476483821868896484e-01 9.604333043098449707e-01 9.943279623985290527e-01 7.723834514617919922e-01 9.594183564186096191e-01 7.457423210144042969e-01 7.979382276535034180e-01 6.875316500663757324e-01 6.854571104049682617e-01
6.378629207611083984e-01 8.476483821868896484e-01 9.241924285888671875e-01 9.759901762008666992e-01 7.723834514617919922e-01 9.594183564186096191e-01 7.457423210144042969e-01 7.979382276535034180e-01 6.875316500663757324e-01 6.854571104049682617e-01
6.378629207611083984e-01 8.476483821868896484e-01 9.241924285888671875e-01 9.759901762008666992e-01 7.723834514617919922e-01 9.594183564186096191e-01 7.457423210144042969e-01 7.979382276535034180e-01 6.875316500663757324e-01 6.854571104049682617e-01
6.378629207611083984e-01 8.476483821868896484e-01 9.241924285888671875e-01 8.942527174949645996e-01 7.723834514617919922e-01 9.351144433021545410e-01 7.457423210144042969e-01 7.979382276535034180e-01 6.875316500663757324e-01 6.854571104049682617e-01
6.378629207611083984e-01 8.476483821868896484e-01 8.388787508010864258e-01 9.687054753303527832e-01 7.723834514617919922e-01 9.538126587867736816e-01 3.373807072639465332e-01 7.979382276535034180e-01 6.875316500663757324e-01 6.854571104049682617e-01
6.378629207611083984e-01 8.476483821868896484e-01 9.089521169662475586e-01 9.638376832008361816e-01 5.736011266708374023e-01 9.538126587867736816e-01 3.373807072639465332e-01 7.979382276535034180e-01 6.875316500663757324e-01 6.854571104049682617e-01
6.378629207611083984e-01 8.476483821868896484e-01 9.089521169662475586e-01 8.210384249687194824e-01 5.736011266708374023e-01 9.538126587867736816e-01 7.457423210144042969e-01 7.979382276535034180e-01 6.875316500663757324e-01 6.854571104049682617e-01
6.378629207611083984e-01 8.476483821868896484e-01 9.089521169662475586e-01 8.210384249687194824e-01 5.736011266708374023e-01 9.538126587867736816e-01 3.373807072639465332e-01 7.979382276535034180e-01 8.262886404991149902e-01 6.854571104049682617e-01
6.378629207611083984e-01 8.476483821868896484e-01 9.089521169662475586e-01 9.936162233352661133e-01 5.736011266708374023e-01 9.538126587867736816e-01 7.457423210144042969e-01 7.979382276535034180e-01 8.262886404991149902e-01 6.854571104049682617e-01
6.378629207611083984e-01 8.476483821868896484e-01 9.176170229911804199e-01 9.936162233352661133e-01 5.736011266708374023e-01 9.538126587867736816e-01 7.457423210144042969e-01 7.979382276535034180e-01 8.262886404991149902e-01 6.854571104049682617e-01
7.977645993232727051e-01 8.476483821868896484e-01 8.262943625450134277e-01 9.982568621635437012e-01 5.736011266708374023e-01 9.538126587867736816e-01 7.457423210144042969e-01 7.979382276535034180e-01 8.262886404991149902e-01 6.854571104049682617e-01
6.378629207611083984e-01 8.476483821868896484e-01 8.361849784851074219e-01 9.982568621635437012e-01 5.736011266708374023e-01 9.538126587867736816e-01 7.457423210144042969e-01 7.979382276535034180e-01 8.262886404991149902e-01 6.854571104049682617e-01
6.378629207611083984e-01 8.476483821868896484e-01 8.262943625450134277e-01 9.982568621635437012e-01 5.736011266708374023e-01 9.538126587867736816e-01 7.457423210144042969e-01 7.979382276535034180e-01 8.262886404991149902e-01 6.854571104049682617e-01
7.977645993232727051e-01 8.476483821868896484e-01 8.262943625450134277e-01 9.982568621635437012e-01 5.736011266708374023e-01 9.538126587867736816e-01 7.457423210144042969e-01 7.979382276535034180e-01 8.262886404991149902e-01 6.854571104049682617e-01
7.977645993232727051e-01 8.476483821868896484e-01 9.254356622695922852e-01 9.982568621635437012e-01 7.723834514617919922e-01 9.713276624679565430e-01 7.457423210144042969e-01 7.979382276535034180e-01 8.262886404991149902e-01 6.854571104049682617e-01
7.977645993232727051e-01 8.476483821868896484e-01 9.254356622695922852e-01 9.982568621635437012e-01 8.689541816711425781e-01 9.710125923156738281e-01 7.457423210144042969e-01 7.979382276535034180e-01 8.262886404991149902e-01 6.854571104049682617e-01
7.977645993232727051e-01 8.476483821868896484e-01 9.818660616874694824e-01 9.982568621635437012e-01 8.689541816711425781e-01 9.869982004165649414e-01 7.457423210144042969e-01 7.979382276535034180e-01 8.262886404991149902e-01 6.854571104049682617e-01
7.977645993232727051e-01 8.476483821868896484e-01 9.709534049034118652e-01 9.982568621635437012e-01 7.723834514617919922e-01 9.869982004165649414e-01 7.457423210144042969e-01 7.979382276535034180e-01 8.262886404991149902e-01 6.854571104049682617e-01
6.378629207611083984e-01 8.476483821868896484e-01 9.709534049034118652e-01 9.936162233352661133e-01 7.723834514617919922e-01 9.527732133865356445e-01 7.457423210144042969e-01 7.979382276535034180e-01 8.262886404991149902e-01 6.854571104049682617e-01
6.378629207611083984e-01 8.476483821868896484e-01 9.709534049034118652e-01 9.936162233352661133e-01 7.723834514617919922e-01 9.527732133865356445e-01 7.457423210144042969e-01 7.979382276535034180e-01 8.262886404991149902e-01 6.854571104049682617e-01
6.378629207611083984e-01 8.476483821868896484e-01 9.683597683906555176e-01 9.936162233352661133e-01 7.723834514617919922e-01 9.527732133865356445e-01 7.457423210144042969e-01 7.979382276535034180e-01 8.262886404991149902e-01 6.854571104049682617e-01
7.977645993232727051e-01 8.476483821868896484e-01 9.709534049034118652e-01 9.936162233352661133e-01 7.723834514617919922e-01 9.527732133865356445e-01 7.457423210144042969e-01 7.979382276535034180e-01 8.262886404991149902e-01 6.854571104049682617e-01
7.977645993232727051e-01 8.476483821868896484e-01 9.709534049034118652e-01 9.936162233352661133e-01 7.723834514617919922e-01 9.527732133865356445e-01 7.457423210144042969e-01 7.979382276535034180e-01 8.262886404991149902e-01 6.854571104049682617e-01
6.378629207611083984e-01 8.476483821868896484e-01 7.725038528442382812e-01 8.401136398315429688e-01 7.723834514617919922e-01 9.527732133865356445e-01 7.457423210144042969e-01 7.979382276535034180e-01 8.262886404991149902e-01 6.854571104049682617e-01
6.378629207611083984e-01 8.476483821868896484e-01 8.644289374351501465e-01 7.324498295783996582e-01 7.723834514617919922e-01 9.527732133865356445e-01 7.457423210144042969e-01 7.979382276535034180e-01 8.262886404991149902e-01 6.854571104049682617e-01
6.378629207611083984e-01 8.476483821868896484e-01 7.725038528442382812e-01 7.546849846839904785e-01 7.723834514617919922e-01 9.527732133865356445e-01 7.457423210144042969e-01 7.979382276535034180e-01 8.262886404991149902e-01 6.854571104049682617e-01
6.378629207611083984e-01 8.476483821868896484e-01 7.725038528442382812e-01 2.340567559003829956e-01 7.723834514617919922e-01 9.527732133865356445e-01 7.457423210144042969e-01 7.979382276535034180e-01 8.262886404991149902e-01 6.854571104049682617e-01
6.378629207611083984e-01 8.476483821868896484e-01 7.876316905021667480e-01 8.956890702247619629e-01 7.723834514617919922e-01 8.423686623573303223e-01 7.457423210144042969e-01 5.132308602333068848e-01 8.262886404991149902e-01 4.716939926147460938e-01
6.378629207611083984e-01 8.476483821868896484e-01 9.532570838928222656e-01 9.693195819854736328e-01 7.723834514617919922e-01 8.423686623573303223e-01 7.457423210144042969e-01 5.132308602333068848e-01 8.262886404991149902e-01 4.716939926147460938e-01
6.378629207611083984e-01 8.476483821868896484e-01 9.532570838928222656e-01 9.087337255477905273e-01 7.723834514617919922e-01 8.423686623573303223e-01 7.457423210144042969e-01 5.132308602333068848e-01 8.262886404991149902e-01 4.716939926147460938e-01
6.378629207611083984e-01 8.476483821868896484e-01 8.744375705718994141e-01 5.334376692771911621e-01 7.723834514617919922e-01 8.423686623573303223e-01 7.457423210144042969e-01 5.132308602333068848e-01 8.262886404991149902e-01 4.716939926147460938e-01
6.114136576652526855e-01 5.845494866371154785e-01 4.696495532989501953e-01 2.895300388336181641e-01 7.723834514617919922e-01 8.709730505943298340e-01 7.457423210144042969e-01 4.283086359500885010e-01 5.564129948616027832e-01 2.399461269378662109e-01
6.114136576652526855e-01 5.845494866371154785e-01 8.095437288284301758e-01 9.971272200345993042e-02 7.723834514617919922e-01 9.625292420387268066e-01 7.457423210144042969e-01 4.283086359500885010e-01 5.564129948616027832e-01 2.399461269378662109e-01
6.114136576652526855e-01 5.845494866371154785e-01 6.745362281799316406e-01 9.971272200345993042e-02 7.723834514617919922e-01 9.625292420387268066e-01 7.457423210144042969e-01 4.283086359500885010e-01 5.564129948616027832e-01 2.399461269378662109e-01
6.114136576652526855e-01 5.845494866371154785e-01 6.781759858131408691e-01 9.971272200345993042e-02 7.723834514617919922e-01 9.189303517341613770e-01 7.457423210144042969e-01 4.283086359500885010e-01 5.564129948616027832e-01 2.399461269378662109e-01
6.114136576652526855e-01 5.845494866371154785e-01 6.781759858131408691e-01 9.971272200345993042e-02 7.723834514617919922e-01 9.189303517341613770e-01 7.457423210144042969e-01 4.283086359500885010e-01 5.564129948616027832e-01 2.399461269378662109e-01
6.114136576652526855e-01 5.845494866371154785e-01 6.781759858131408691e-01 4.173764884471893311e-01 7.723834514617919922e-01 9.189303517341613770e-01 7.457423210144042969e-01 4.283086359500885010e-01 5.564129948616027832e-01 2.399461269378662109e-01
6.114136576652526855e-01 5.845494866371154785e-01 3.645961284637451172e-01 4.456989169120788574e-01 7.723834514617919922e-01 9.189303517341613770e-01 7.457423210144042969e-01 4.283086359500885010e-01 5.564129948616027832e-01 2.399461269378662109e-01
6.114136576652526855e-01 5.845494866371154785e-01 3.645961284637451172e-01 4.456989169120788574e-01 7.723834514617919922e-01 5.455889105796813965e-01 7.457423210144042969e-01 4.283086359500885010e-01 5.564129948616027832e-01 2.399461269378662109e-01
6.114136576652526855e-01 5.845494866371154785e-01 3.852635025978088379e-01 1.228192225098609924e-01 7.723834514617919922e-01 5.455889105796813965e-01 7.457423210144042969e-01 4.283086359500885010e-01 5.564129948616027832e-01 2.399461269378662109e-01
6.114136576652526855e-01 5.845494866371154785e-01 3.645961284637451172e-01 1.680808216333389282e-01 7.723834514617919922e-01 5.455889105796813965e-01 7.457423210144042969e-01 4.283086359500885010e-01 5.564129948616027832e-01 2.399461269378662109e-01
6.114136576652526855e-01 5.845494866371154785e-01 5.114393234252929688e-01 1.680808216333389282e-01 7.723834514617919922e-01 5.455889105796813965e-01 7.457423210144042969e-01 4.283086359500885010e-01 5.564129948616027832e-01 2.399461269378662109e-01
6.114136576652526855e-01 5.845494866371154785e-01 5.072838664054870605e-01 1.680808216333389282e-01 7.723834514617919922e-01 7.312484979629516602e-01 7.457423210144042969e-01 4.283086359500885010e-01 5.564129948616027832e-01 2.399461269378662109e-01
6.114136576652526855e-01 5.845494866371154785e-01 5.072838664054870605e-01 1.362176537513732910e-01 7.723834514617919922e-01 9.175606369972229004e-01 7.457423210144042969e-01 4.283086359500885010e-01 5.564129948616027832e-01 2.399461269378662109e-01
6.114136576652526855e-01 5.845494866371154785e-01 5.741499066352844238e-01 4.441606402397155762e-01 7.723834514617919922e-01 7.496197223663330078e-01 7.457423210144042969e-01 4.283086359500885010e-01 5.564129948616027832e-01 2.399461269378662109e-01
6.114136576652526855e-01 5.845494866371154785e-01 2.767547369003295898e-01 4.441606402397155762e-01 7.685901522636413574e-01 7.496197223663330078e-01 7.457423210144042969e-01 4.283086359500885010e-01 5.564129948616027832e-01 2.399461269378662109e-01
6.114136576652526855e-01 5.845494866371154785e-01 2.767547369003295898e-01 4.441606402397155762e-01 7.685901522636413574e-01 7.496197223663330078e-01 7.457423210144042969e-01 4.283086359500885010e-01 6.978430747985839844e-01 2.399461269378662109e-01
6.114136576652526855e-01 5.845494866371154785e-01 2.826614305377006531e-02 7.462024688720703125e-01 7.685901522636413574e-01 7.496197223663330078e-01 7.457423210144042969e-01 4.283086359500885010e-01 6.978430747985839844e-01 2.399461269378662109e-01
6.114136576652526855e-01 5.845494866371154785e-01 5.025086402893066406e-01 7.295540571212768555e-01 7.685901522636413574e-01 7.496197223663330078e-01 7.457423210144042969e-01 4.283086359500885010e-01 6.978430747985839844e-01 2.399461269378662109e-01
6.114136576652526855e-01 5.845494866371154785e-01 7.106462717056274414e-01 7.295540571212768555e-01 7.723834514617919922e-01 7.496197223663330078e-01 7.457423210144042969e-01 4.283086359500885010e-01 6.978430747985839844e-01 2.399461269378662109e-01
6.114136576652526855e-01 5.845494866371154785e-01 7.106462717056274414e-01 7.295540571212768555e-01 7.723834514617919922e-01 7.496197223663330078e-01 7.457423210144042969e-01 4.283086359500885010e-01 6.978430747985839844e-01 2.399461269378662109e-01
6.114136576652526855e-01 5.845494866371154785e-01 7.106462717056274414e-01 7.295540571212768555e-01 7.723834514617919922e-01 9.175606369972229004e-01 7.457423210144042969e-01 4.283086359500885010e-01 6.978430747985839844e-01 2.399461269378662109e-01
6.114136576652526855e-01 5.845494866371154785e-01 7.106462717056274414e-01 7.295540571212768555e-01 7.723834514617919922e-01 9.175606369972229004e-01 7.457423210144042969e-01 4.283086359500885010e-01 6.978430747985839844e-01 2.399461269378662109e-01
6.114136576652526855e-01 5.845494866371154785e-01 4.561332464218139648e-01 6.741871237754821777e-01 7.723834514617919922e-01 9.175606369972229004e-01 7.457423210144042969e-01 4.283086359500885010e-01 6.978430747985839844e-01 2.399461269378662109e-01
6.114136576652526855e-01 5.845494866371154785e-01 9.411333799362182617e-01 6.741871237754821777e-01 7.723834514617919922e-01 9.175606369972229004e-01 7.457423210144042969e-01 4.283086359500885010e-01 6.978430747985839844e-01 2.399461269378662109e-01
6.114136576652526855e-01 5.845494866371154785e-01 8.010197281837463379e-01 6.741871237754821777e-01 7.723834514617919922e-01 9.175606369972229004e-01 7.457423210144042969e-01 4.283086359500885010e-01 6.978430747985839844e-01 2.399461269378662109e-01
6.114136576652526855e-01 5.845494866371154785e-01 9.411333799362182617e-01 6.928086876869201660e-01 7.723834514617919922e-01 9.175606369972229004e-01 7.457423210144042969e-01 4.283086359500885010e-01 6.978430747985839844e-01 2.399461269378662109e-01
6.114136576652526855e-01 5.845494866371154785e-01 9.411333799362182617e-01 6.928086876869201660e-01 7.723834514617919922e-01 9.175606369972229004e-01 7.457423210144042969e-01 4.283086359500885010e-01 6.978430747985839844e-01 2.399461269378662109e-01
6.114136576652526855e-01 5.845494866371154785e-01 5.741499066352844238e-01 6.377257108688354492e-01 7.723834514617919922e-01 9.175606369972229004e-01 7.457423210144042969e-01 4.283086359500885010e-01 6.978430747985839844e-01 2.399461269378662109e-01
6.114136576652526855e-01 5.845494866371154785e-01 5.741499066352844238e-01 9.283236265182495117e-01 7.723834514617919922e-01 9.175606369972229004e-01 7.457423210144042969e-01 4.283086359500885010e-01 6.978430747985839844e-01 2.399461269378662109e-01
6.114136576652526855e-01 5.845494866371154785e-01 5.741499066352844238e-01 9.283236265182495117e-01 7.723834514617919922e-01 7.589737772941589355e-01 7.457423210144042969e-01 4.283086359500885010e-01 6.978430747985839844e-01 2.399461269378662109e-01
6.114136576652526855e-01 5.845494866371154785e-01 2.192921787500381470e-01 9.283236265182495117e-01 7.723834514617919922e-01 7.589737772941589355e-01 3.674784302711486816e-01 4.283086359500885010e-01 6.978430747985839844e-01 2.399461269378662109e-01
6.114136576652526855e-01 5.845494866371154785e-01 1.007700711488723755e-01 7.699076533317565918e-01 2.954194843769073486e-01 7.589737772941589355e-01 2.329125404357910156e-01 4.283086359500885010e-01 6.978430747985839844e-01 2.399461269378662109e-01
6.114136576652526855e-01 5.845494866371154785e-01 4.819761514663696289e-01 7.699076533317565918e-01 2.954194843769073486e-01 7.589737772941589355e-01 2.329125404357910156e-01 4.283086359500885010e-01 6.978430747985839844e-01 2.399461269378662109e-01
6.114136576652526855e-01 5.845494866371154785e-01 5.851119160652160645e-01 7.543022632598876953e-01 2.954194843769073486e-01 7.589737772941589355e-01 2.329125404357910156e-01 4.283086359500885010e-01 6.978430747985839844e-01 2.399461269378662109e-01
6.114136576652526855e-01 5.845494866371154785e-01 9.435769915580749512e-01 7.543022632598876953e-01 2.954194843769073486e-01 7.589737772941589355e-01 2.329125404357910156e-01 4.283086359500885010e-01 6.978430747985839844e-01 2.399461269378662109e-01
6.114136576652526855e-01 5.845494866371154785e-01 1.889143884181976318e-01 8.545452952384948730e-01 2.954194843769073486e-01 4.585928618907928467e-01 2.329125404357910156e-01 4.283086359500885010e-01 6.978430747985839844e-01 2.399461269378662109e-01
6.114136576652526855e-01 5.845494866371154785e-01 8.492521047592163086e-01 8.814283013343811035e-01 2.954194843769073486e-01 4.585928618907928467e-01 2.329125404357910156e-01 4.283086359500885010e-01 6.978430747985839844e-01 2.399461269378662109e-01
6.114136576652526855e-01 5.845494866371154785e-01 8.492521047592163086e-01 1.632438749074935913e-01 2.954194843769073486e-01 4.585928618907928467e-01 2.329125404357910156e-01 4.283086359500885010e-01 6.978430747985839844e-01 2.399461269378662109e-01
6.114136576652526855e-01 5.845494866371154785e-01 9.435769915580749512e-01 5.641669034957885742e-01 2.954194843769073486e-01 7.589737772941589355e-01 2.329125404357910156e-01 4.283086359500885010e-01 6.978430747985839844e-01 2.399461269378662109e-01
6.114136576652526855e-01 5.845494866371154785e-01 9.435769915580749512e-01 5.641669034957885742e-01 2.954194843769073486e-01 7.589737772941589355e-01 2.329125404357910156e-01 4.283086359500885010e-01 6.978430747985839844e-01 2.399461269378662109e-01
6.114136576652526855e-01 5.845494866371154785e-01 9.435769915580749512e-01 4.313354194164276123e-01 2.954194843769073486e-01 7.589737772941589355e-01 2.329125404357910156e-01 4.283086359500885010e-01 6.978430747985839844e-01 2.399461269378662109e-01
6.114136576652526855e-01 5.845494866371154785e-01 5.147702693939208984e-01 2.838551700115203857e-01 2.954194843769073486e-01 9.175606369972229004e-01 2.329125404357910156e-01 4.283086359500885010e-01 6.978430747985839844e-01 2.399461269378662109e-01
6.114136576652526855e-01 5.845494866371154785e-01 5.147702693939208984e-01 2.838551700115203857e-01 2.954194843769073486e-01 9.175606369972229004e-01 2.329125404357910156e-01 4.283086359500885010e-01 6.978430747985839844e-01 2.399461269378662109e-01
6.114136576652526855e-01 5.845494866371154785e-01 7.510336041450500488e-01 4.034951627254486084e-01 2.954194843769073486e-01 9.175606369972229004e-01 2.329125404357910156e-01 4.283086359500885010e-01 6.978430747985839844e-01 2.399461269378662109e-01
6.114136576652526855e-01 5.845494866371154785e-01 9.168944954872131348e-01 1.669252812862396240e-01 2.954194843769073486e-01 7.589737772941589355e-01 2.329125404357910156e-01 4.283086359500885010e-01 6.978430747985839844e-01 2.399461269378662109e-01
6.114136576652526855e-01 5.845494866371154785e-01 7.510336041450500488e-01 1.669252812862396240e-01 2.954194843769073486e-01 7.589737772941589355e-01 2.329125404357910156e-01 4.283086359500885010e-01 6.978430747985839844e-01 2.399461269378662109e-01
6.114136576652526855e-01 5.845494866371154785e-01 9.298591613769531250e-01 1.000020280480384827e-01 2.954194843769073486e-01 7.589737772941589355e-01 2.329125404357910156e-01 4.283086359500885010e-01 6.978430747985839844e-01 2.399461269378662109e-01
6.114136576652526855e-01 5.845494866371154785e-01 9.814667105674743652e-01 1.000020280480384827e-01 2.954194843769073486e-01 7.589737772941589355e-01 2.329125404357910156e-01 4.283086359500885010e-01 6.978430747985839844e-01 2.399461269378662109e-01
6.114136576652526855e-01 5.845494866371154785e-01 8.170477747917175293e-01 3.692663609981536865e-01 7.246273756027221680e-01 7.589737772941589355e-01 2.329125404357910156e-01 4.283086359500885010e-01 6.978430747985839844e-01 2.399461269378662109e-01
6.114136576652526855e-01 5.845494866371154785e-01 9.403252601623535156e-01 3.136431574821472168e-01 7.246273756027221680e-01 7.589737772941589355e-01 2.329125404357910156e-01 4.283086359500885010e-01 6.978430747985839844e-01 2.399461269378662109e-01
6.114136576652526855e-01 5.845494866371154785e-01 9.403252601623535156e-01 3.692663609981536865e-01 7.246273756027221680e-01 7.589737772941589355e-01 2.329125404357910156e-01 4.283086359500885010e-01 6.978430747985839844e-01 2.399461269378662109e-01
6.114136576652526855e-01 5.845494866371154785e-01 9.403252601623535156e-01 3.692663609981536865e-01 7.246273756027221680e-01 7.589737772941589355e-01 2.329125404357910156e-01 4.283086359500885010e-01 6.978430747985839844e-01 2.399461269378662109e-01
6.114136576652526855e-01 5.845494866371154785e-01 9.403252601623535156e-01 3.692663609981536865e-01 7.246273756027221680e-01 4.585928618907928467e-01 4.617778360843658447e-01 4.283086359500885010e-01 6.978430747985839844e-01 2.670649290084838867e-01
6.114136576652526855e-01 5.845494866371154785e-01 8.663226366043090820e-01 3.692663609981536865e-01 5.105665922164916992e-01 4.585928618907928467e-01 4.617778360843658447e-01 4.283086359500885010e-01 6.978430747985839844e-01 2.670649290084838867e-01
6.114136576652526855e-01 5.845494866371154785e-01 8.663226366043090820e-01 3.692663609981536865e-01 5.105665922164916992e-01 4.585928618907928467e-01 4.617778360843658447e-01 4.283086359500885010e-01 6.978430747985839844e-01 2.670649290084838867e-01
6.114136576652526855e-01 5.845494866371154785e-01 7.887502759695053101e-02 3.692663609981536865e-01 5.105665922164916992e-01 4.585928618907928467e-01 4.617778360843658447e-01 4.283086359500885010e-01 6.978430747985839844e-01 2.670649290084838867e-01
6.114136576652526855e-01 5.845494866371154785e-01 7.887502759695053101e-02 3.692663609981536865e-01 2.217992693185806274e-01 4.585928618907928467e-01 4.617778360843658447e-01 4.283086359500885010e-01 6.978430747985839844e-01 2.670649290084838867e-01
9.642759561538696289e-01 5.845494866371154785e-01 2.519970573484897614e-02 7.026066780090332031e-01 2.217992693185806274e-01 7.947286963462829590e-01 7.994087934494018555e-01 4.283086359500885010e-01 6.978430747985839844e-01 8.556336760520935059e-01
9.642759561538696289e-01 5.845494866371154785e-01 2.519970573484897614e-02 6.732627153396606445e-01 2.217992693185806274e-01 5.607602000236511230e-01 7.994087934494018555e-01 4.283086359500885010e-01 6.978430747985839844e-01 8.556336760520935059e-01
9.642759561538696289e-01 5.845494866371154785e-01 1.353422999382019043e-01 6.732627153396606445e-01 7.203263640403747559e-01 5.607602000236511230e-01 7.994087934494018555e-01 4.283086359500885010e-01 6.978430747985839844e-01 7.117705941200256348e-01
9.642759561538696289e-01 5.845494866371154785e-01 2.519970573484897614e-02 6.732627153396606445e-01 2.217992693185806274e-01 5.607602000236511230e-01 7.994087934494018555e-01 4.283086359500885010e-01 6.978430747985839844e-01 7.117705941200256348e-01
9.385089874267578125e-01 5.845494866371154785e-01 1.353422999382019043e-01 6.732627153396606445e-01 7.203263640403747559e-01 5.607602000236511230e-01 7.994087934494018555e-01 4.283086359500885010e-01 6.978430747985839844e-01 7.117705941200256348e-01
7.673439383506774902e-01 5.845494866371154785e-01 3.492433130741119385e-01 6.732627153396606445e-01 7.203263640403747559e-01 5.607602000236511230e-01 7.994087934494018555e-01 4.283086359500885010e-01 6.978430747985839844e-01 7.117705941200256348e-01
5.469154715538024902e-01 5.845494866371154785e-01 2.817529141902923584e-01 2.074196040630340576e-01 7.203263640403747559e-01 5.607602000236511230e-01 7.994087934494018555e-01 4.283086359500885010e-01 5.165197253227233887e-01 7.117705941200256348e-01
5.469154715538024902e-01 5.845494866371154785e-01 5.188571661710739136e-02 2.323547601699829102e-01 1.425260603427886963e-01 5.607602000236511230e-01 2.329125404357910156e-01 4.283086359500885010e-01 5.165197253227233887e-01 1.162465810775756836e-01
5.469154715538024902e-01 5.845494866371154785e-01 9.825585037469863892e-02 4.895212352275848389e-01 5.105665922164916992e-01 5.607602000236511230e-01 2.329125404357910156e-01 4.283086359500885010e-01 5.165197253227233887e-01 1.162465810775756836e-01
5.469154715538024902e-01 5.845494866371154785e-01 9.825585037469863892e-02 6.207126975059509277e-01 5.105665922164916992e-01 5.607602000236511230e-01 2.329125404357910156e-01 4.283086359500885010e-01 5.165197253227233887e-01 1.162465810775756836e-01
5.469154715538024902e-01 5.845494866371154785e-01 8.141754567623138428e-02 2.263599187135696411e-01 5.105665922164916992e-01 5.607602000236511230e-01 2.329125404357910156e-01 4.283086359500885010e-01 5.165197253227233887e-01 1.162465810775756836e-01
9.642759561538696289e-01 5.845494866371154785e-01 7.993442565202713013e-02 4.935907423496246338e-01 5.105665922164916992e-01 5.607602000236511230e-01 7.994087934494018555e-01 4.283086359500885010e-01 5.165197253227233887e-01 7.117705941200256348e-01
9.642759561538696289e-01 5.845494866371154785e-01 7.993442565202713013e-02 5.761897563934326172e-01 5.105665922164916992e-01 5.607602000236511230e-01 7.994087934494018555e-01 4.283086359500885010e-01 5.165197253227233887e-01 7.117705941200256348e-01
9.642759561538696289e-01 5.845494866371154785e-01 7.993442565202713013e-02 5.761897563934326172e-01 5.105665922164916992e-01 5.607602000236511230e-01 7.994087934494018555e-01 4.283086359500885010e-01 5.165197253227233887e-01 7.117705941200256348e-01
9.642759561538696289e-01 5.845494866371154785e-01 9.825585037469863892e-02 6.600666046142578125e-01 5.105665922164916992e-01 5.607602000236511230e-01 7.994087934494018555e-01 4.283086359500885010e-01 5.165197253227233887e-01 7.117705941200256348e-01
9.642759561538696289e-01 5.845494866371154785e-01 5.971192196011543274e-02 6.600666046142578125e-01 5.105665922164916992e-01 5.607602000236511230e-01 7.994087934494018555e-01 4.283086359500885010e-01 5.165197253227233887e-01 7.117705941200256348e-01
9.642759561538696289e-01 5.845494866371154785e-01 1.082538533955812454e-02 2.536254227161407471e-01 5.105665922164916992e-01 5.607602000236511230e-01 7.994087934494018555e-01 4.283086359500885010e-01 5.165197253227233887e-01 7.117705941200256348e-01
5.469154715538024902e-01 5.845494866371154785e-01 3.090843185782432556e-02 2.536254227161407471e-01 5.105665922164916992e-01 5.607602000236511230e-01 2.329125404357910156e-01 4.283086359500885010e-01 5.165197253227233887e-01 1.162465810775756836e-01
9.642759561538696289e-01 5.845494866371154785e-01 1.859840936958789825e-02 6.927915215492248535e-01 5.105665922164916992e-01 5.607602000236511230e-01 7.994087934494018555e-01 4.283086359500885010e-01 5.165197253227233887e-01 7.117705941200256348e-01
6.114136576652526855e-01 5.845494866371154785e-01 1.859840936958789825e-02 2.499495297670364380e-01 5.105665922164916992e-01 2.183292061090469360e-01 4.617778360843658447e-01 4.283086359500885010e-01 5.165197253227233887e-01 4.478728473186492920e-01
6.114136576652526855e-01 5.845494866371154785e-01 3.090843185782432556e-02 2.499495297670364380e-01 5.105665922164916992e-01 2.183292061090469360e-01 4.617778360843658447e-01 4.283086359500885010e-01 5.165197253227233887e-01 4.478728473186492920e-01
6.114136576652526855e-01 5.845494866371154785e-01 1.859840936958789825e-02 2.499495297670364380e-01 5.105665922164916992e-01 2.183292061090469360e-01 4.617778360843658447e-01 4.283086359500885010e-01 5.165197253227233887e-01 4.478728473186492920e-01
6.114136576652526855e-01 5.845494866371154785e-01 1.859840936958789825e-02 5.507920384407043457e-01 5.105665922164916992e-01 2.183292061090469360e-01 4.617778360843658447e-01 4.283086359500885010e-01 5.165197253227233887e-01 4.478728473186492920e-01
6.114136576652526855e-01 5.845494866371154785e-01 1.896695233881473541e-02 5.232937932014465332e-01 5.105665922164916992e-01 2.183292061090469360e-01 4.617778360843658447e-01 4.283086359500885010e-01 5.165197253227233887e-01 4.478728473186492920e-01
6.114136576652526855e-01 5.845494866371154785e-01 1.176654100418090820e-01 7.952737808227539062e-01 5.105665922164916992e-01 2.183292061090469360e-01 4.617778360843658447e-01 4.283086359500885010e-01 5.165197253227233887e-01 4.478728473186492920e-01
6.114136576652526855e-01 5.845494866371154785e-01 2.785608731210231781e-02 7.952737808227539062e-01 5.105665922164916992e-01 4.585928618907928467e-01 4.617778360843658447e-01 4.283086359500885010e-01 6.978430747985839844e-01 4.478728473186492920e-01
6.114136576652526855e-01 5.845494866371154785e-01 2.346882671117782593e-01 5.135616064071655273e-01 7.246273756027221680e-01 4.585928618907928467e-01 4.617778360843658447e-01 4.283086359500885010e-01 6.978430747985839844e-01 4.478728473186492920e-01
6.114136576652526855e-01 5.845494866371154785e-01 1.541259288787841797e-01 7.291479110717773438e-01 7.246273756027221680e-01 7.589737772941589355e-01 4.617778360843658447e-01 4.283086359500885010e-01 6.978430747985839844e-01 4.478728473186492920e-01
6.114136576652526855e-01 5.845494866371154785e-01 1.541259288787841797e-01 4.225170016288757324e-01 7.246273756027221680e-01 7.589737772941589355e-01 4.617778360843658447e-01 4.283086359500885010e-01 6.978430747985839844e-01 4.478728473186492920e-01
6.114136576652526855e-01 5.845494866371154785e-01 1.541259288787841797e-01 4.225170016288757324e-01 7.246273756027221680e-01 7.589737772941589355e-01 4.617778360843658447e-01 4.283086359500885010e-01 6.978430747985839844e-01 4.478728473186492920e-01
6.114136576652526855e-01 5.845494866371154785e-01 1.541259288787841797e-01 4.225170016288757324e-01 7.246273756027221680e-01 7.589737772941589355e-01 4.617778360843658447e-01 4.283086359500885010e-01 6.978430747985839844e-01 4.478728473186492920e-01
6.114136576652526855e-01 5.845494866371154785e-01 2.597318589687347412e-01 7.291479110717773438e-01 7.246273756027221680e-01 7.589737772941589355e-01 4.617778360843658447e-01 4.283086359500885010e-01 6.978430747985839844e-01 4.478728473186492920e-01
6.114136576652526855e-01 5.845494866371154785e-01 6.136115789413452148e-01 7.291479110717773438e-01 7.246273756027221680e-01 7.589737772941589355e-01 4.617778360843658447e-01 4.283086359500885010e-01 6.978430747985839844e-01 4.478728473186492920e-01
6.114136576652526855e-01 5.845494866371154785e-01 6.136115789413452148e-01 7.291479110717773438e-01 7.246273756027221680e-01 7.589737772941589355e-01 4.617778360843658447e-01 4.283086359500885010e-01 6.978430747985839844e-01 4.478728473186492920e-01
6.114136576652526855e-01 5.845494866371154785e-01 4.610555469989776611e-01 7.291479110717773438e-01 7.246273756027221680e-01 5.815060138702392578e-01 4.617778360843658447e-01 4.283086359500885010e-01 6.978430747985839844e-01 4.478728473186492920e-01
6.114136576652526855e-01 5.845494866371154785e-01 6.175463795661926270e-01 8.471257686614990234e-01 7.246273756027221680e-01 5.815060138702392578e-01 4.617778360843658447e-01 4.283086359500885010e-01 6.978430747985839844e-01 4.478728473186492920e-01
6.114136576652526855e-01 5.845494866371154785e-01 6.175463795661926270e-01 1.130072325468063354e-01 7.246273756027221680e-01 5.815060138702392578e-01 4.617778360843658447e-01 4.283086359500885010e-01 6.978430747985839844e-01 4.478728473186492920e-01
6.114136576652526855e-01 5.845494866371154785e-01 4.610555469989776611e-01 4.225170016288757324e-01 7.246273756027221680e-01 5.815060138702392578e-01 4.617778360843658447e-01 4.283086359500885010e-01 6.978430747985839844e-01 4.478728473186492920e-01
