6.843414306640625000e-01 3.972714841365814209e-01 8.313426971435546875e-01 1.549064368009567261e-01 2.118460685014724731e-01 4.692698717117309570e-01 4.218641221523284912e-01 4.598285555839538574e-01 5.164313316345214844e-01 5.101507306098937988e-01
6.703282594680786133e-01 8.311487436294555664e-01 7.620583772659301758e-01 2.960714399814605713e-01 1.517813801765441895e-01 4.692698717117309570e-01 7.082130312919616699e-01 4.598285555839538574e-01 3.484015166759490967e-01 5.101507306098937988e-01
3.597098588943481445e-01 2.551205754280090332e-01 8.313426971435546875e-01 3.123397231101989746e-01 1.792026460170745850e-01 4.692698717117309570e-01 1.539061069488525391e-01 2.269950658082962036e-01 4.896390140056610107e-01 5.101507306098937988e-01
5.064409971237182617e-01 9.038768410682678223e-01 6.124237179756164551e-01 3.666543364524841309e-01 3.276224136352539062e-01 4.692698717117309570e-01 5.750057101249694824e-01 5.515990257263183594e-01 5.164313316345214844e-01 5.101507306098937988e-01
3.263081312179565430e-01 7.622819542884826660e-01 7.620583772659301758e-01 1.906884461641311646e-01 4.177867472171783447e-01 4.692698717117309570e-01 8.489949703216552734e-01 6.231071949005126953e-01 6.186243295669555664e-01 5.101507306098937988e-01
5.933569073677062988e-01 8.381801843643188477e-01 5.503674149513244629e-01 3.512583971023559570e-01 4.177867472171783447e-01 4.692698717117309570e-01 7.572297453880310059e-01 7.049380540847778320e-01 3.484015166759490967e-01 5.101507306098937988e-01
6.557233929634094238e-01 8.921919465065002441e-01 7.526057362556457520e-01 5.080320835113525391e-01 2.888182103633880615e-01 4.692698717117309570e-01 5.711777806282043457e-01 5.325448513031005859e-01 4.206772744655609131e-01 5.101507306098937988e-01
5.381410121917724609e-01 6.817328333854675293e-01 4.222725331783294678e-01 4.020193815231323242e-01 3.394168615341186523e-01 4.255599081516265869e-01 4.044845998287200928e-01 8.017690181732177734e-01 4.072593748569488525e-01 5.101507306098937988e-01
8.740118741989135742e-01 6.847397685050964355e-01 3.496768772602081299e-01 7.358035445213317871e-01 6.120934486389160156e-01 7.207413911819458008e-01 2.846779227256774902e-01 1.740237623453140259e-01 5.443233251571655273e-01 5.362960100173950195e-01
4.632806479930877686e-01 4.525052905082702637e-01 7.740960717201232910e-01 3.834429681301116943e-01 1.830510944128036499e-01 4.255599081516265869e-01 5.751030445098876953e-01 5.921375751495361328e-01 4.206772744655609131e-01 5.101507306098937988e-01
7.181828022003173828e-01 8.226436376571655273e-01 7.237514853477478027e-01 7.354748845100402832e-01 6.132494211196899414e-01 4.789640009403228760e-01 8.929423093795776367e-01 4.033685922622680664e-01 5.912700891494750977e-01 7.334579825401306152e-01
5.981970429420471191e-01 7.967259287834167480e-01 5.702022314071655273e-01 8.909347057342529297e-01 6.132494211196899414e-01 6.726052761077880859e-01 2.760306894779205322e-01 5.136511325836181641e-01 6.824823617935180664e-01 6.899732947349548340e-01
2.597481906414031982e-01 2.650783360004425049e-01 6.987341642379760742e-01 4.518126249313354492e-01 7.263622283935546875e-01 6.726052761077880859e-01 3.769837617874145508e-01 5.010750293731689453e-01 5.912700891494750977e-01 6.899732947349548340e-01
6.989434957504272461e-01 3.914454281330108643e-01 9.139975309371948242e-01 7.358035445213317871e-01 5.272285342216491699e-01 4.789640009403228760e-01 7.335403561592102051e-01 4.476607739925384521e-01 5.912700891494750977e-01 7.334579825401306152e-01
4.148248434066772461e-01 7.833607196807861328e-01 5.702022314071655273e-01 7.358035445213317871e-01 8.187341094017028809e-01 6.726052761077880859e-01 5.899355411529541016e-01 8.804273605346679688e-01 5.443233251571655273e-01 5.362960100173950195e-01
7.528114318847656250e-01 7.903629541397094727e-01 5.702022314071655273e-01 8.008221387863159180e-01 8.194559216499328613e-01 6.726052761077880859e-01 9.771529436111450195e-01 9.140916466712951660e-01 5.443233251571655273e-01 6.899732947349548340e-01
5.087699294090270996e-01 3.212442994117736816e-01 3.048135638236999512e-01 4.518126249313354492e-01 5.720388889312744141e-01 7.207413911819458008e-01 5.812949538230895996e-01 9.000854492187500000e-01 6.824823617935180664e-01 6.899732947349548340e-01
4.581629037857055664e-01 7.886588573455810547e-01 7.608819603919982910e-01 4.518126249313354492e-01 4.959766566753387451e-01 6.726052761077880859e-01 4.493455886840820312e-01 7.970531582832336426e-01 2.689453661441802979e-01 3.697439134120941162e-01
2.314465045928955078e-01 2.655497193336486816e-01 7.164703011512756348e-01 4.518126249313354492e-01 5.452331900596618652e-01 7.207413911819458008e-01 9.658887982368469238e-01 3.115694820880889893e-01 7.894686460494995117e-01 7.334579825401306152e-01
7.708958387374877930e-01 8.129317760467529297e-01 2.649665176868438721e-01 4.009882211685180664e-01 5.205322504043579102e-01 4.013155400753021240e-01 5.587930679321289062e-01 6.794486641883850098e-01 5.912700891494750977e-01 3.567594587802886963e-01
6.640735864639282227e-01 5.531123876571655273e-01 4.650789201259613037e-01 4.914561510086059570e-01 5.217478275299072266e-01 4.013155400753021240e-01 6.967485547065734863e-01 3.550015985965728760e-01 6.824823617935180664e-01 3.567594587802886963e-01
4.828049838542938232e-01 6.869130134582519531e-01 5.907407999038696289e-01 4.005822837352752686e-01 4.945752918720245361e-01 4.013155400753021240e-01 8.262063860893249512e-01 4.414540231227874756e-01 6.177440881729125977e-01 3.567594587802886963e-01
8.962039351463317871e-01 7.699366211891174316e-01 6.493819355964660645e-01 3.331291377544403076e-01 5.217478275299072266e-01 4.013155400753021240e-01 8.664367794990539551e-01 3.065531849861145020e-01 7.894686460494995117e-01 7.334579825401306152e-01
4.615588188171386719e-01 1.782274246215820312e-01 6.058848500251770020e-01 4.518126249313354492e-01 5.452331900596618652e-01 7.207413911819458008e-01 9.307458996772766113e-01 7.198423743247985840e-01 7.894686460494995117e-01 7.334579825401306152e-01
7.736757993698120117e-01 7.374967336654663086e-01 4.839686751365661621e-01 4.009882211685180664e-01 5.205322504043579102e-01 4.013155400753021240e-01 4.256307184696197510e-01 5.081903338432312012e-01 5.912700891494750977e-01 3.567594587802886963e-01
5.272744297981262207e-01 6.869130134582519531e-01 5.660158395767211914e-01 4.009882211685180664e-01 5.205322504043579102e-01 4.013155400753021240e-01 7.423375248908996582e-01 8.048652410507202148e-01 6.177440881729125977e-01 3.567594587802886963e-01
3.883567452430725098e-01 9.597464203834533691e-01 6.820532679557800293e-01 2.678654193878173828e-01 5.205322504043579102e-01 4.013155400753021240e-01 6.192185878753662109e-01 4.084887504577636719e-01 2.689453661441802979e-01 3.567594587802886963e-01
5.096925050020217896e-02 6.992956250905990601e-02 3.838852941989898682e-01 4.518126249313354492e-01 5.452331900596618652e-01 7.207413911819458008e-01 7.875359654426574707e-01 9.001885652542114258e-01 6.177440881729125977e-01 3.697439134120941162e-01
7.216882109642028809e-01 7.173920273780822754e-01 8.016895055770874023e-01 6.035166978836059570e-01 8.187341094017028809e-01 7.207413911819458008e-01 6.461174786090850830e-02 8.207628130912780762e-01 5.912700891494750977e-01 6.899732947349548340e-01
3.848199248313903809e-01 4.193710982799530029e-01 8.126807808876037598e-01 7.358035445213317871e-01 8.187341094017028809e-01 6.726052761077880859e-01 6.159312725067138672e-01 7.925726771354675293e-01 6.824823617935180664e-01 5.362960100173950195e-01
1.799321770668029785e-01 1.492584645748138428e-01 4.512652754783630371e-01 3.834429681301116943e-01 5.187017321586608887e-01 4.118618071079254150e-01 1.857586503028869629e-01 2.741031050682067871e-01 4.896390140056610107e-01 3.737590610980987549e-01
3.641213774681091309e-01 3.269023448228836060e-02 1.003420725464820862e-01 6.029789447784423828e-01 5.688682794570922852e-01 2.836744785308837891e-01 4.510565996170043945e-01 5.722095966339111328e-01 4.896390140056610107e-01 5.362984538078308105e-01
2.324741929769515991e-01 3.002176284790039062e-01 7.086192965507507324e-01 3.834429681301116943e-01 5.187017321586608887e-01 4.118618071079254150e-01 2.483717203140258789e-01 3.135303854942321777e-01 4.896390140056610107e-01 5.362984538078308105e-01
7.469617724418640137e-01 5.003611743450164795e-02 5.078342556953430176e-01 3.834429681301116943e-01 7.440600991249084473e-01 4.118618071079254150e-01 8.533847332000732422e-02 4.806860089302062988e-01 4.896390140056610107e-01 5.362984538078308105e-01
3.859477937221527100e-01 3.815228641033172607e-01 3.313147723674774170e-01 4.442633986473083496e-01 1.972528398036956787e-01 4.118618071079254150e-01 1.714223027229309082e-01 3.649531304836273193e-01 4.206772744655609131e-01 5.362984538078308105e-01
1.782550662755966187e-01 4.170488417148590088e-01 5.139518380165100098e-01 3.834429681301116943e-01 7.440600991249084473e-01 4.118618071079254150e-01 1.104938834905624390e-01 5.697076320648193359e-01 4.896390140056610107e-01 3.737590610980987549e-01
5.202213525772094727e-01 8.067715167999267578e-01 5.264081954956054688e-01 4.020193815231323242e-01 5.800901055335998535e-01 6.163468956947326660e-01 6.982672214508056641e-01 4.598285555839538574e-01 4.072593748569488525e-01 5.101507306098937988e-01
4.582936167716979980e-01 5.821630358695983887e-01 6.713984012603759766e-01 5.080320835113525391e-01 6.402234435081481934e-01 6.163468956947326660e-01 5.648227334022521973e-01 5.523055195808410645e-01 4.896390140056610107e-01 5.101507306098937988e-01
7.485278844833374023e-01 8.923090696334838867e-01 6.124237179756164551e-01 4.020193815231323242e-01 5.800901055335998535e-01 6.163468956947326660e-01 7.261148691177368164e-01 7.265956401824951172e-01 4.072593748569488525e-01 5.101507306098937988e-01
3.132269382476806641e-01 9.601950645446777344e-01 8.445292711257934570e-01 4.518126249313354492e-01 5.566403269767761230e-01 6.726052761077880859e-01 6.720347404479980469e-01 6.816473603248596191e-01 6.177440881729125977e-01 6.899732947349548340e-01
3.132269382476806641e-01 7.795807123184204102e-01 2.119167596101760864e-01 4.518126249313354492e-01 4.154556393623352051e-01 4.789640009403228760e-01 5.884160399436950684e-01 4.903376996517181396e-01 6.177440881729125977e-01 6.899732947349548340e-01
7.542144656181335449e-01 5.120220780372619629e-01 4.743100702762603760e-01 4.442633986473083496e-01 3.465307354927062988e-01 6.163468956947326660e-01 7.590764164924621582e-01 5.575926303863525391e-01 4.206772744655609131e-01 5.101507306098937988e-01
8.590760082006454468e-02 3.813312947750091553e-01 6.713984012603759766e-01 3.834429681301116943e-01 7.440600991249084473e-01 6.163468956947326660e-01 5.315852165222167969e-01 7.265956401824951172e-01 4.896390140056610107e-01 5.101507306098937988e-01
4.106109738349914551e-01 2.870143353939056396e-01 6.795261502265930176e-01 3.830434083938598633e-01 4.270644783973693848e-01 6.163468956947326660e-01 6.566397547721862793e-01 5.530492067337036133e-01 3.330697417259216309e-01 5.101507306098937988e-01
4.777317941188812256e-01 5.800322294235229492e-01 5.644288659095764160e-01 4.518126249313354492e-01 5.531230568885803223e-01 7.207413911819458008e-01 6.000364422798156738e-01 7.562770843505859375e-01 7.894686460494995117e-01 7.334579825401306152e-01
2.822121679782867432e-01 5.800322294235229492e-01 3.653236925601959229e-01 3.834429681301116943e-01 4.376951456069946289e-01 6.163468956947326660e-01 3.853625357151031494e-01 6.068472266197204590e-01 4.896390140056610107e-01 5.101507306098937988e-01
7.168315052986145020e-01 7.756271958351135254e-01 7.135435938835144043e-01 7.358035445213317871e-01 7.060264945030212402e-01 7.207413911819458008e-01 4.178195893764495850e-01 6.816473603248596191e-01 6.177440881729125977e-01 3.697439134120941162e-01
6.136277318000793457e-01 3.866478502750396729e-01 8.350504636764526367e-01 3.105647861957550049e-01 4.154556393623352051e-01 7.207413911819458008e-01 5.506662130355834961e-01 5.823357701301574707e-01 6.177440881729125977e-01 3.697439134120941162e-01
5.446494817733764648e-01 1.803369969129562378e-01 5.368037223815917969e-01 7.010235786437988281e-01 5.940153598785400391e-01 6.163468956947326660e-01 2.271898686885833740e-01 6.068472266197204590e-01 4.809654057025909424e-01 3.318144679069519043e-01
4.600040316581726074e-01 6.241027116775512695e-01 6.786587238311767578e-01 6.136717796325683594e-01 8.092368245124816895e-01 6.163468956947326660e-01 7.723619937896728516e-01 4.979975819587707520e-01 5.164313316345214844e-01 5.101507306098937988e-01
3.480196893215179443e-01 8.143150806427001953e-01 3.653236925601959229e-01 2.936849296092987061e-01 7.107261419296264648e-01 4.692698717117309570e-01 6.365445852279663086e-01 1.787447482347488403e-01 4.896390140056610107e-01 5.101507306098937988e-01
4.408747255802154541e-01 2.861656844615936279e-01 5.662205815315246582e-01 2.612933516502380371e-01 3.676545619964599609e-01 4.692698717117309570e-01 3.254526257514953613e-01 5.034183263778686523e-01 4.072593748569488525e-01 5.101507306098937988e-01
7.869247198104858398e-01 5.400874614715576172e-01 3.653236925601959229e-01 3.834429681301116943e-01 3.460580110549926758e-01 6.163468956947326660e-01 8.336251974105834961e-01 3.868551254272460938e-01 4.206772744655609131e-01 5.101507306098937988e-01
6.476740241050720215e-01 7.972447872161865234e-01 7.155123353004455566e-01 6.471335887908935547e-01 2.848863005638122559e-01 6.163468956947326660e-01 9.333051443099975586e-01 5.575926303863525391e-01 4.072593748569488525e-01 5.101507306098937988e-01
6.677000522613525391e-01 1.413849443197250366e-01 5.464659929275512695e-01 3.834429681301116943e-01 4.627020061016082764e-01 6.163468956947326660e-01 5.281616449356079102e-01 3.358815014362335205e-01 4.206772744655609131e-01 5.101507306098937988e-01
7.856810092926025391e-01 7.873843908309936523e-01 9.128945469856262207e-01 3.105647861957550049e-01 4.090290367603302002e-01 7.207413911819458008e-01 8.705323338508605957e-01 3.996438980102539062e-01 7.894686460494995117e-01 7.334579825401306152e-01
5.283852815628051758e-01 7.803989052772521973e-01 4.138781726360321045e-01 7.358035445213317871e-01 4.665799736976623535e-01 7.207413911819458008e-01 7.038395851850509644e-02 2.920672297477722168e-01 5.912700891494750977e-01 5.362960100173950195e-01
2.145002782344818115e-01 7.478286623954772949e-01 4.349263906478881836e-01 7.437008619308471680e-01 4.627020061016082764e-01 4.303534626960754395e-01 2.730268239974975586e-01 5.030084252357482910e-01 4.206772744655609131e-01 3.392466008663177490e-01
6.619707942008972168e-01 3.261110782623291016e-01 4.932353198528289795e-01 3.169818520545959473e-01 4.323734045028686523e-01 7.177483439445495605e-01 3.189371526241302490e-01 5.953134894371032715e-01 4.896390140056610107e-01 7.346155047416687012e-01
1.636493206024169922e-01 4.661092758178710938e-01 3.044508099555969238e-01 3.834429681301116943e-01 5.187017321586608887e-01 4.118618071079254150e-01 6.317191123962402344e-01 4.959993660449981689e-01 4.896390140056610107e-01 3.063447773456573486e-01
5.069282054901123047e-01 1.348577588796615601e-01 4.580662846565246582e-01 4.020193815231323242e-01 3.448514342308044434e-01 4.118618071079254150e-01 2.988154888153076172e-01 2.160177826881408691e-01 4.072593748569488525e-01 3.063447773456573486e-01
3.671738505363464355e-01 4.345497786998748779e-01 4.069203138351440430e-01 4.442633986473083496e-01 2.838950157165527344e-01 4.303534626960754395e-01 2.730801403522491455e-01 4.527274072170257568e-01 4.072593748569488525e-01 5.266401171684265137e-01
5.626874566078186035e-01 6.659059524536132812e-01 1.435842067003250122e-01 5.238823890686035156e-01 6.346641778945922852e-01 4.303534626960754395e-01 4.368900060653686523e-01 3.462138473987579346e-01 5.164313316345214844e-01 3.063447773456573486e-01
4.105857312679290771e-01 3.641444146633148193e-01 4.339310824871063232e-01 3.834429681301116943e-01 3.437970876693725586e-01 4.118618071079254150e-01 3.786638975143432617e-01 3.462138473987579346e-01 4.896390140056610107e-01 5.362984538078308105e-01
1.163582354784011841e-01 3.101725578308105469e-01 3.044508099555969238e-01 3.834429681301116943e-01 3.437970876693725586e-01 4.118618071079254150e-01 4.338637590408325195e-01 4.959993660449981689e-01 4.896390140056610107e-01 3.737590610980987549e-01
2.961615622043609619e-01 2.510886192321777344e-01 3.810406327247619629e-01 4.016130864620208740e-01 4.335199296474456787e-01 4.118618071079254150e-01 1.867974847555160522e-01 2.987101078033447266e-01 4.072593748569488525e-01 3.063447773456573486e-01
5.765620470046997070e-01 6.877464056015014648e-01 1.435842067003250122e-01 7.437008619308471680e-01 7.080551385879516602e-01 4.118618071079254150e-01 7.333517074584960938e-01 2.156868726015090942e-01 4.206772744655609131e-01 5.173808336257934570e-01
1.410911381244659424e-01 3.908884227275848389e-01 2.165418565273284912e-01 3.834429681301116943e-01 5.645666718482971191e-01 4.118618071079254150e-01 5.004564523696899414e-01 6.684501171112060547e-01 4.896390140056610107e-01 3.063447773456573486e-01
5.367097258567810059e-01 2.412459701299667358e-01 8.247157931327819824e-01 6.964870095252990723e-01 6.862407326698303223e-01 4.118618071079254150e-01 1.307410001754760742e-01 6.546397209167480469e-01 4.896390140056610107e-01 5.362984538078308105e-01
7.048172354698181152e-01 6.782690286636352539e-01 8.183672428131103516e-01 7.358035445213317871e-01 7.004914879798889160e-01 7.207413911819458008e-01 3.432601392269134521e-01 6.318758130073547363e-01 7.894686460494995117e-01 7.334579825401306152e-01
6.967142224311828613e-01 3.315153121948242188e-01 5.644288659095764160e-01 3.105647861957550049e-01 4.154556393623352051e-01 7.207413911819458008e-01 3.371780514717102051e-01 5.823357701301574707e-01 6.177440881729125977e-01 3.697439134120941162e-01
8.194831609725952148e-01 8.003195524215698242e-01 6.047923564910888672e-01 4.518126249313354492e-01 4.090290367603302002e-01 6.726052761077880859e-01 6.238702535629272461e-01 6.816473603248596191e-01 7.894686460494995117e-01 7.334579825401306152e-01
2.397248446941375732e-01 8.003195524215698242e-01 6.047923564910888672e-01 4.518126249313354492e-01 4.154556393623352051e-01 4.789640009403228760e-01 5.911359190940856934e-01 4.903376996517181396e-01 6.177440881729125977e-01 6.899732947349548340e-01
8.788021206855773926e-01 6.209005713462829590e-01 8.061310648918151855e-01 3.552722632884979248e-01 8.051763772964477539e-01 5.173808336257934570e-01 7.738680243492126465e-01 5.207752585411071777e-01 7.894686460494995117e-01 7.334579825401306152e-01
1.968771368265151978e-01 6.148942112922668457e-01 3.888882100582122803e-01 4.020193815231323242e-01 6.970694661140441895e-01 6.163468956947326660e-01 2.611050307750701904e-01 7.651594281196594238e-01 6.155185699462890625e-01 5.101507306098937988e-01
8.996981978416442871e-01 9.601950645446777344e-01 9.093105196952819824e-01 4.518126249313354492e-01 5.566403269767761230e-01 7.207413911819458008e-01 4.611443281173706055e-01 7.428568601608276367e-01 6.177440881729125977e-01 6.899732947349548340e-01
6.609166860580444336e-01 9.067037105560302734e-01 9.173338413238525391e-01 4.518126249313354492e-01 7.263622283935546875e-01 7.207413911819458008e-01 6.644933819770812988e-01 7.428568601608276367e-01 6.177440881729125977e-01 7.334579825401306152e-01
9.188563227653503418e-01 9.601950645446777344e-01 8.983938694000244141e-01 7.358035445213317871e-01 8.092521429061889648e-01 4.789640009403228760e-01 7.724001407623291016e-01 9.001885652542114258e-01 7.894686460494995117e-01 7.334579825401306152e-01
6.054390668869018555e-01 9.601950645446777344e-01 8.983938694000244141e-01 6.505997180938720703e-01 9.468599557876586914e-01 6.726052761077880859e-01 6.265401840209960938e-01 9.001885652542114258e-01 6.177440881729125977e-01 6.899732947349548340e-01
8.260772824287414551e-01 9.213864207267761230e-01 8.983938694000244141e-01 6.505997180938720703e-01 8.844278454780578613e-01 7.207413911819458008e-01 8.551587462425231934e-01 4.903376996517181396e-01 6.177440881729125977e-01 6.899732947349548340e-01
7.933528423309326172e-01 8.609235286712646484e-01 7.135435938835144043e-01 8.222053647041320801e-01 8.124563694000244141e-01 7.207413911819458008e-01 7.905080318450927734e-01 7.495301961898803711e-01 6.177440881729125977e-01 6.899732947349548340e-01
5.123175978660583496e-01 8.998509645462036133e-01 7.364482283592224121e-01 7.358035445213317871e-01 5.929945707321166992e-01 7.207413911819458008e-01 7.453166246414184570e-01 8.201601505279541016e-01 5.443233251571655273e-01 5.362960100173950195e-01
7.620365619659423828e-01 7.304416298866271973e-01 7.385408282279968262e-01 4.518126249313354492e-01 4.154556393623352051e-01 7.207413911819458008e-01 7.237938046455383301e-01 7.412417531013488770e-01 6.824823617935180664e-01 7.334579825401306152e-01
7.886389493942260742e-01 5.027952790260314941e-01 8.214209079742431641e-01 5.777981877326965332e-01 8.272314071655273438e-01 7.207413911819458008e-01 6.345764398574829102e-01 9.177381992340087891e-01 7.894686460494995117e-01 7.334579825401306152e-01
8.239792585372924805e-01 8.352037668228149414e-01 5.115886926651000977e-01 7.108132243156433105e-01 3.752282857894897461e-01 7.207413911819458008e-01 9.306098818778991699e-01 6.862483620643615723e-01 7.894686460494995117e-01 7.334579825401306152e-01
5.740193128585815430e-01 7.607694864273071289e-01 4.124689102172851562e-01 3.552722632884979248e-01 6.676791906356811523e-01 6.726052761077880859e-01 4.982859492301940918e-01 6.816473603248596191e-01 7.894686460494995117e-01 7.334579825401306152e-01
7.023895382881164551e-01 7.607694864273071289e-01 5.644288659095764160e-01 4.518126249313354492e-01 5.531230568885803223e-01 7.207413911819458008e-01 6.550382375717163086e-01 4.903376996517181396e-01 7.894686460494995117e-01 7.334579825401306152e-01
4.002296924591064453e-01 7.795807123184204102e-01 7.135435938835144043e-01 8.222053647041320801e-01 8.124563694000244141e-01 7.207413911819458008e-01 8.259667754173278809e-01 5.702660679817199707e-01 6.177440881729125977e-01 6.899732947349548340e-01
4.444632828235626221e-01 4.856571257114410400e-01 4.743100702762603760e-01 3.483112156391143799e-01 6.247686147689819336e-01 6.163468956947326660e-01 8.384823799133300781e-01 7.081921696662902832e-01 4.072593748569488525e-01 5.101507306098937988e-01
5.817807912826538086e-01 4.913975298404693604e-01 6.705325841903686523e-01 6.459065675735473633e-01 5.940153598785400391e-01 6.163468956947326660e-01 4.533847570419311523e-01 3.868551254272460938e-01 4.809654057025909424e-01 3.318144679069519043e-01
2.755232453346252441e-01 5.533108711242675781e-01 4.020465016365051270e-01 3.169818520545959473e-01 8.505973219871520996e-01 6.163468956947326660e-01 6.455284953117370605e-01 4.776330292224884033e-01 4.896390140056610107e-01 3.318144679069519043e-01
3.582870662212371826e-01 1.773757487535476685e-01 5.662205815315246582e-01 4.704285264015197754e-01 4.546394944190979004e-01 6.163468956947326660e-01 1.813500821590423584e-01 5.451108813285827637e-01 3.844814896583557129e-01 5.101507306098937988e-01
6.709427833557128906e-01 2.205456197261810303e-01 4.020465016365051270e-01 3.169818520545959473e-01 7.107261419296264648e-01 6.163468956947326660e-01 6.455284953117370605e-01 4.776330292224884033e-01 4.896390140056610107e-01 3.318144679069519043e-01
6.133693456649780273e-01 2.977540493011474609e-01 6.486015915870666504e-01 3.340831100940704346e-01 4.882352352142333984e-01 4.692698717117309570e-01 2.017582952976226807e-01 3.868551254272460938e-01 6.155185699462890625e-01 3.318144679069519043e-01
4.988427162170410156e-01 7.143624424934387207e-01 2.387719899415969849e-01 1.549064368009567261e-01 3.347573578357696533e-01 4.692698717117309570e-01 3.828672766685485840e-01 4.776330292224884033e-01 4.896390140056610107e-01 3.318144679069519043e-01
5.275404453277587891e-01 6.567812561988830566e-01 6.699245572090148926e-01 5.776605010032653809e-01 5.830705761909484863e-01 4.692698717117309570e-01 3.773936927318572998e-01 3.868551254272460938e-01 7.156673669815063477e-01 3.318144679069519043e-01
4.757941067218780518e-01 3.907115161418914795e-01 3.692192137241363525e-01 5.155184864997863770e-01 2.370047867298126221e-01 4.692698717117309570e-01 3.367617130279541016e-01 3.868551254272460938e-01 3.330697417259216309e-01 5.101507306098937988e-01
6.318432688713073730e-01 5.069307684898376465e-01 1.072575002908706665e-01 6.530915498733520508e-01 7.954678535461425781e-01 7.310566306114196777e-01 2.310315072536468506e-01 7.175577282905578613e-01 5.164313316345214844e-01 7.310566306114196777e-01
3.343921899795532227e-01 2.061470896005630493e-01 2.116830497980117798e-01 3.256328999996185303e-01 7.521587610244750977e-01 5.628200173377990723e-01 4.329508543014526367e-01 5.395763516426086426e-01 4.896390140056610107e-01 5.628200173377990723e-01
2.423600256443023682e-01 4.191823005676269531e-01 2.962271571159362793e-01 5.349419116973876953e-01 1.447461098432540894e-01 4.692698717117309570e-01 3.099409341812133789e-01 2.811090648174285889e-01 4.072593748569488525e-01 5.101507306098937988e-01
5.504900217056274414e-01 6.157206892967224121e-01 2.962271571159362793e-01 1.906884461641311646e-01 7.136862874031066895e-01 4.692698717117309570e-01 8.269701004028320312e-01 5.575926303863525391e-01 7.156673669815063477e-01 5.101507306098937988e-01
4.292388558387756348e-01 1.260864436626434326e-01 1.965695917606353760e-01 3.123397231101989746e-01 2.494184523820877075e-01 4.692698717117309570e-01 8.374745845794677734e-01 4.979975819587707520e-01 4.896390140056610107e-01 5.101507306098937988e-01
4.656697213649749756e-01 4.805702865123748779e-01 6.124237179756164551e-01 5.349419116973876953e-01 4.739955961704254150e-01 4.692698717117309570e-01 4.572645127773284912e-01 5.897697806358337402e-01 4.072593748569488525e-01 5.101507306098937988e-01
4.483170807361602783e-01 4.836445748805999756e-01 4.179731011390686035e-01 5.155184864997863770e-01 6.935570836067199707e-01 4.692698717117309570e-01 6.906332373619079590e-01 4.979975819587707520e-01 4.896390140056610107e-01 5.101507306098937988e-01
5.347682833671569824e-01 5.796023607254028320e-01 6.872454881668090820e-01 2.465385943651199341e-01 2.405066192150115967e-01 4.692698717117309570e-01 6.706486344337463379e-01 5.897697806358337402e-01 5.164313316345214844e-01 5.101507306098937988e-01
2.774485349655151367e-01 2.002646327018737793e-01 4.179731011390686035e-01 5.155184864997863770e-01 2.494184523820877075e-01 4.692698717117309570e-01 7.214446067810058594e-01 4.979975819587707520e-01 3.330697417259216309e-01 5.101507306098937988e-01
4.962033927440643311e-01 4.623522162437438965e-01 4.179731011390686035e-01 3.256328999996185303e-01 1.827817708253860474e-01 4.692698717117309570e-01 2.625470161437988281e-01 2.350128740072250366e-01 4.896390140056610107e-01 5.101507306098937988e-01
2.774485349655151367e-01 6.119012236595153809e-01 5.020077228546142578e-01 5.155184864997863770e-01 5.800232887268066406e-01 4.692698717117309570e-01 5.568376183509826660e-01 4.979975819587707520e-01 4.896390140056610107e-01 5.101507306098937988e-01
3.263081908226013184e-01 4.191823005676269531e-01 5.295608043670654297e-01 5.776605010032653809e-01 3.833209574222564697e-01 4.692698717117309570e-01 7.314000129699707031e-01 3.996792137622833252e-01 6.186243295669555664e-01 5.101507306098937988e-01
9.026262760162353516e-01 4.502613246440887451e-01 5.295608043670654297e-01 6.530915498733520508e-01 8.089253306388854980e-01 4.692698717117309570e-01 7.837016582489013672e-01 4.979975819587707520e-01 4.809654057025909424e-01 5.101507306098937988e-01
4.859062731266021729e-01 2.726868987083435059e-01 2.116830497980117798e-01 3.256328999996185303e-01 5.949390530586242676e-01 2.560409009456634521e-01 2.963254153728485107e-01 1.149773821234703064e-01 4.896390140056610107e-01 2.708210349082946777e-01
7.050504684448242188e-01 6.255246400833129883e-01 5.662205815315246582e-01 8.323462009429931641e-01 7.550388574600219727e-01 4.692698717117309570e-01 7.471140027046203613e-01 2.735761404037475586e-01 6.951341032981872559e-01 2.708210349082946777e-01
6.466237306594848633e-01 4.191823005676269531e-01 5.295608043670654297e-01 5.349419116973876953e-01 4.702113568782806396e-01 4.692698717117309570e-01 3.065767288208007812e-01 4.979975819587707520e-01 4.072593748569488525e-01 5.101507306098937988e-01
7.903569340705871582e-01 5.120220780372619629e-01 5.295608043670654297e-01 5.776605010032653809e-01 8.089253306388854980e-01 4.692698717117309570e-01 6.779387593269348145e-01 7.560139298439025879e-01 6.186243295669555664e-01 5.101507306098937988e-01
6.380717754364013672e-01 6.442287564277648926e-01 7.583291530609130859e-01 5.776605010032653809e-01 4.042986333370208740e-01 4.692698717117309570e-01 7.546492218971252441e-01 6.583120822906494141e-01 4.072593748569488525e-01 5.101507306098937988e-01
8.257925510406494141e-01 5.120220780372619629e-01 4.612081944942474365e-01 5.776605010032653809e-01 8.089253306388854980e-01 4.692698717117309570e-01 5.348535180091857910e-01 6.583120822906494141e-01 6.186243295669555664e-01 5.101507306098937988e-01
4.313857257366180420e-01 7.044253349304199219e-01 5.434604287147521973e-01 3.259423673152923584e-01 5.532621741294860840e-01 4.692698717117309570e-01 6.391641497611999512e-01 5.522372722625732422e-01 3.330697417259216309e-01 5.101507306098937988e-01
1.518471986055374146e-01 5.987951159477233887e-01 4.898645579814910889e-01 3.833124339580535889e-01 1.296218037605285645e-01 4.692698717117309570e-01 4.307056665420532227e-01 3.960611224174499512e-01 3.484015166759490967e-01 5.101507306098937988e-01
7.018846273422241211e-01 5.862261652946472168e-01 4.898645579814910889e-01 1.906884461641311646e-01 3.686222434043884277e-01 4.303534626960754395e-01 7.699590921401977539e-01 2.727050781250000000e-01 7.156673669815063477e-01 5.266401171684265137e-01
2.549880445003509521e-01 5.848181843757629395e-01 5.650858283042907715e-01 3.512583971023559570e-01 7.136862874031066895e-01 7.177483439445495605e-01 7.827284932136535645e-01 5.518171787261962891e-01 7.156673669815063477e-01 7.346155047416687012e-01
2.343844473361968994e-01 3.055183589458465576e-01 1.952748596668243408e-01 3.686249256134033203e-01 4.753261506557464600e-01 4.303534626960754395e-01 7.695201039314270020e-02 1.841216236352920532e-01 7.156673669815063477e-01 3.392466008663177490e-01
5.685063004493713379e-01 1.626647710800170898e-01 1.952748596668243408e-01 4.442633986473083496e-01 5.928400754928588867e-01 4.303534626960754395e-01 3.609266281127929688e-01 4.091170430183410645e-01 4.206772744655609131e-01 5.266401171684265137e-01
5.855175256729125977e-01 3.055183589458465576e-01 1.952748596668243408e-01 4.442633986473083496e-01 2.838950157165527344e-01 4.303534626960754395e-01 3.890589773654937744e-01 4.038858413696289062e-01 4.072593748569488525e-01 5.266401171684265137e-01
6.409785151481628418e-01 1.626647710800170898e-01 1.952748596668243408e-01 6.273037195205688477e-01 6.754835844039916992e-01 4.303534626960754395e-01 4.707879424095153809e-01 8.480810374021530151e-02 6.186243295669555664e-01 5.266401171684265137e-01
4.335620999336242676e-01 6.091510653495788574e-01 6.603116393089294434e-01 5.036060214042663574e-01 4.728313684463500977e-01 4.303534626960754395e-01 5.497281551361083984e-01 4.543319940567016602e-01 4.896390140056610107e-01 5.266401171684265137e-01
