7.511100172996520996e-01 8.549471497535705566e-01 5.453818440437316895e-01 6.434020996093750000e-01 5.409811139106750488e-01 3.916438221931457520e-01 6.740229129791259766e-01 4.294227361679077148e-01 4.923575222492218018e-01 3.999203741550445557e-01
7.511100172996520996e-01 8.549471497535705566e-01 5.453818440437316895e-01 6.434020996093750000e-01 5.409811139106750488e-01 8.075456619262695312e-01 8.818085789680480957e-01 4.294227361679077148e-01 4.923575222492218018e-01 7.034818083047866821e-02
7.511100172996520996e-01 8.549471497535705566e-01 5.453818440437316895e-01 6.434020996093750000e-01 3.433244228363037109e-01 8.075456619262695312e-01 8.818085789680480957e-01 4.294227361679077148e-01 4.923575222492218018e-01 1.577822566032409668e-01
7.511100172996520996e-01 8.549471497535705566e-01 5.453818440437316895e-01 6.434020996093750000e-01 5.409811139106750488e-01 8.075456619262695312e-01 8.818085789680480957e-01 4.294227361679077148e-01 4.923575222492218018e-01 3.781977593898773193e-01
7.511100172996520996e-01 8.549471497535705566e-01 5.453818440437316895e-01 6.434020996093750000e-01 5.409811139106750488e-01 6.377311348915100098e-01 8.818085789680480957e-01 4.294227361679077148e-01 4.923575222492218018e-01 1.972240358591079712e-01
3.015373051166534424e-01 1.543079465627670288e-01 5.453818440437316895e-01 3.273956179618835449e-01 3.433244228363037109e-01 6.588498353958129883e-01 2.840342819690704346e-01 4.294227361679077148e-01 4.923575222492218018e-01 1.472437977790832520e-01
3.015373051166534424e-01 4.574561715126037598e-01 5.453818440437316895e-01 3.273956179618835449e-01 3.433244228363037109e-01 8.075456619262695312e-01 2.966630458831787109e-01 4.294227361679077148e-01 4.923575222492218018e-01 4.147191047668457031e-01
3.015373051166534424e-01 4.574561715126037598e-01 5.453818440437316895e-01 6.434020996093750000e-01 3.433244228363037109e-01 8.075456619262695312e-01 2.966630458831787109e-01 4.294227361679077148e-01 4.923575222492218018e-01 4.147191047668457031e-01
7.511100172996520996e-01 8.549471497535705566e-01 5.453818440437316895e-01 6.434020996093750000e-01 3.433244228363037109e-01 6.377311348915100098e-01 6.715206503868103027e-01 4.294227361679077148e-01 4.923575222492218018e-01 6.183266043663024902e-01
7.511100172996520996e-01 8.549471497535705566e-01 5.453818440437316895e-01 6.434020996093750000e-01 3.433244228363037109e-01 6.377311348915100098e-01 6.715206503868103027e-01 4.294227361679077148e-01 4.923575222492218018e-01 6.183266043663024902e-01
7.511100172996520996e-01 8.549471497535705566e-01 5.453818440437316895e-01 6.434020996093750000e-01 3.433244228363037109e-01 8.075456619262695312e-01 6.715206503868103027e-01 4.294227361679077148e-01 4.923575222492218018e-01 5.816953778266906738e-01
7.511100172996520996e-01 8.549471497535705566e-01 5.453818440437316895e-01 6.434020996093750000e-01 3.433244228363037109e-01 6.518572568893432617e-01 6.715206503868103027e-01 4.294227361679077148e-01 4.923575222492218018e-01 3.554555177688598633e-01
7.511100172996520996e-01 8.549471497535705566e-01 5.453818440437316895e-01 6.434020996093750000e-01 3.433244228363037109e-01 6.518572568893432617e-01 8.818085789680480957e-01 4.294227361679077148e-01 4.923575222492218018e-01 5.816953778266906738e-01
7.511100172996520996e-01 8.549471497535705566e-01 5.453818440437316895e-01 6.434020996093750000e-01 3.433244228363037109e-01 5.543907284736633301e-01 6.740229129791259766e-01 4.294227361679077148e-01 4.923575222492218018e-01 3.766631484031677246e-01
7.511100172996520996e-01 8.549471497535705566e-01 5.453818440437316895e-01 6.434020996093750000e-01 3.433244228363037109e-01 6.377311348915100098e-01 6.715206503868103027e-01 4.294227361679077148e-01 4.923575222492218018e-01 6.183266043663024902e-01
3.015373051166534424e-01 4.574561715126037598e-01 5.453818440437316895e-01 3.273956179618835449e-01 3.433244228363037109e-01 6.377311348915100098e-01 2.966630458831787109e-01 4.294227361679077148e-01 4.923575222492218018e-01 3.328848183155059814e-01
3.015373051166534424e-01 4.574561715126037598e-01 5.453818440437316895e-01 3.273956179618835449e-01 3.433244228363037109e-01 6.377311348915100098e-01 6.061981916427612305e-01 4.294227361679077148e-01 4.923575222492218018e-01 3.328848183155059814e-01
3.015373051166534424e-01 4.574561715126037598e-01 5.453818440437316895e-01 3.273956179618835449e-01 3.433244228363037109e-01 6.377311348915100098e-01 6.061981916427612305e-01 4.294227361679077148e-01 4.923575222492218018e-01 3.328848183155059814e-01
3.015373051166534424e-01 1.543079465627670288e-01 5.453818440437316895e-01 3.273956179618835449e-01 5.409811139106750488e-01 6.588498353958129883e-01 5.914736986160278320e-01 4.294227361679077148e-01 4.923575222492218018e-01 5.617274045944213867e-01
3.015373051166534424e-01 4.574561715126037598e-01 5.453818440437316895e-01 3.273956179618835449e-01 5.409811139106750488e-01 6.377311348915100098e-01 6.061981916427612305e-01 4.294227361679077148e-01 4.923575222492218018e-01 6.183266043663024902e-01
3.015373051166534424e-01 4.574561715126037598e-01 5.453818440437316895e-01 3.273956179618835449e-01 3.433244228363037109e-01 8.075456619262695312e-01 1.046614348888397217e-01 4.294227361679077148e-01 4.923575222492218018e-01 6.183266043663024902e-01
3.015373051166534424e-01 4.574561715126037598e-01 5.453818440437316895e-01 5.103031992912292480e-01 3.433244228363037109e-01 7.360143065452575684e-01 1.951964497566223145e-01 4.294227361679077148e-01 4.923575222492218018e-01 6.183266043663024902e-01
3.015373051166534424e-01 4.574561715126037598e-01 5.453818440437316895e-01 5.103031992912292480e-01 3.433244228363037109e-01 7.360143065452575684e-01 1.951964497566223145e-01 4.294227361679077148e-01 5.972132086753845215e-01 6.183266043663024902e-01
3.015373051166534424e-01 4.574561715126037598e-01 5.453818440437316895e-01 3.390760421752929688e-01 3.433244228363037109e-01 5.543907284736633301e-01 1.951964497566223145e-01 4.294227361679077148e-01 5.479929447174072266e-01 3.766631484031677246e-01
3.397039175033569336e-01 5.056313872337341309e-01 5.453818440437316895e-01 5.103031992912292480e-01 3.433244228363037109e-01 5.543907284736633301e-01 1.951964497566223145e-01 4.294227361679077148e-01 5.972132086753845215e-01 3.911622762680053711e-01
3.397039175033569336e-01 5.056313872337341309e-01 5.453818440437316895e-01 3.390760421752929688e-01 3.433244228363037109e-01 2.231617867946624756e-01 1.951964497566223145e-01 4.294227361679077148e-01 3.793565332889556885e-01 3.766631484031677246e-01
3.397039175033569336e-01 5.056313872337341309e-01 5.453818440437316895e-01 3.390760421752929688e-01 3.433244228363037109e-01 4.661071002483367920e-01 1.951964497566223145e-01 4.294227361679077148e-01 1.574708521366119385e-01 1.382637619972229004e-01
3.397039175033569336e-01 3.444308936595916748e-01 2.631760537624359131e-01 3.390760421752929688e-01 3.433244228363037109e-01 3.436620533466339111e-01 1.951964497566223145e-01 4.294227361679077148e-01 1.574708521366119385e-01 1.382637619972229004e-01
3.397039175033569336e-01 3.444308936595916748e-01 1.823738366365432739e-01 3.390760421752929688e-01 1.515724658966064453e-01 7.132874429225921631e-02 1.951964497566223145e-01 4.294227361679077148e-01 1.574708521366119385e-01 1.469063013792037964e-01
3.397039175033569336e-01 3.444308936595916748e-01 1.823738366365432739e-01 3.390760421752929688e-01 1.515724658966064453e-01 3.436620533466339111e-01 1.951964497566223145e-01 4.294227361679077148e-01 1.574708521366119385e-01 1.469063013792037964e-01
3.397039175033569336e-01 5.056313872337341309e-01 3.722187578678131104e-01 3.390760421752929688e-01 3.433244228363037109e-01 4.661071002483367920e-01 1.951964497566223145e-01 4.294227361679077148e-01 5.479929447174072266e-01 3.766631484031677246e-01
3.397039175033569336e-01 3.444308936595916748e-01 1.823738366365432739e-01 3.390760421752929688e-01 1.515724658966064453e-01 3.834591433405876160e-02 1.951964497566223145e-01 4.294227361679077148e-01 1.574708521366119385e-01 4.389978200197219849e-02
3.397039175033569336e-01 3.444308936595916748e-01 1.823738366365432739e-01 3.390760421752929688e-01 1.515724658966064453e-01 3.834591433405876160e-02 1.951964497566223145e-01 4.294227361679077148e-01 1.574708521366119385e-01 4.389978200197219849e-02
3.397039175033569336e-01 5.056313872337341309e-01 2.810336947441101074e-01 3.390760421752929688e-01 1.515724658966064453e-01 2.320546805858612061e-01 3.122851550579071045e-01 4.294227361679077148e-01 1.574708521366119385e-01 1.931519061326980591e-01
3.397039175033569336e-01 5.056313872337341309e-01 2.810336947441101074e-01 3.390760421752929688e-01 1.515724658966064453e-01 2.320546805858612061e-01 3.122851550579071045e-01 4.294227361679077148e-01 5.479929447174072266e-01 1.474298238754272461e-01
3.397039175033569336e-01 5.056313872337341309e-01 5.095729827880859375e-01 3.390760421752929688e-01 1.515724658966064453e-01 3.010004162788391113e-01 3.122851550579071045e-01 4.294227361679077148e-01 5.479929447174072266e-01 1.474298238754272461e-01
3.397039175033569336e-01 5.056313872337341309e-01 5.453818440437316895e-01 3.390760421752929688e-01 3.433244228363037109e-01 6.669372320175170898e-01 3.122851550579071045e-01 4.294227361679077148e-01 3.793565332889556885e-01 3.766631484031677246e-01
3.397039175033569336e-01 5.056313872337341309e-01 5.453818440437316895e-01 3.390760421752929688e-01 3.433244228363037109e-01 6.669372320175170898e-01 3.122851550579071045e-01 4.294227361679077148e-01 3.793565332889556885e-01 3.766631484031677246e-01
3.397039175033569336e-01 5.056313872337341309e-01 5.453818440437316895e-01 5.103031992912292480e-01 3.433244228363037109e-01 6.669372320175170898e-01 3.122851550579071045e-01 4.294227361679077148e-01 7.462500929832458496e-01 3.766631484031677246e-01
3.397039175033569336e-01 5.056313872337341309e-01 5.453818440437316895e-01 5.103031992912292480e-01 3.433244228363037109e-01 6.669372320175170898e-01 3.122851550579071045e-01 4.294227361679077148e-01 7.462500929832458496e-01 3.766631484031677246e-01
3.397039175033569336e-01 5.056313872337341309e-01 5.453818440437316895e-01 3.273956179618835449e-01 3.433244228363037109e-01 6.669372320175170898e-01 1.795591413974761963e-01 4.294227361679077148e-01 9.256621003150939941e-01 3.766631484031677246e-01
3.397039175033569336e-01 5.056313872337341309e-01 5.453818440437316895e-01 3.273956179618835449e-01 3.433244228363037109e-01 8.177671432495117188e-01 1.795591413974761963e-01 4.294227361679077148e-01 9.256621003150939941e-01 6.037572026252746582e-01
3.397039175033569336e-01 5.056313872337341309e-01 5.453818440437316895e-01 6.434020996093750000e-01 3.433244228363037109e-01 8.177671432495117188e-01 5.147389769554138184e-01 4.294227361679077148e-01 8.292402625083923340e-01 6.037572026252746582e-01
7.511100172996520996e-01 8.549471497535705566e-01 5.453818440437316895e-01 6.434020996093750000e-01 3.433244228363037109e-01 8.177671432495117188e-01 6.672242879867553711e-01 4.294227361679077148e-01 9.256621003150939941e-01 6.037572026252746582e-01
7.511100172996520996e-01 8.549471497535705566e-01 5.453818440437316895e-01 6.434020996093750000e-01 3.433244228363037109e-01 8.177671432495117188e-01 6.672242879867553711e-01 4.294227361679077148e-01 7.100048065185546875e-01 6.037572026252746582e-01
7.511100172996520996e-01 8.549471497535705566e-01 5.453818440437316895e-01 6.434020996093750000e-01 3.433244228363037109e-01 4.590648710727691650e-01 5.171241164207458496e-01 4.294227361679077148e-01 9.256621003150939941e-01 6.037572026252746582e-01
3.015373051166534424e-01 4.574561715126037598e-01 5.453818440437316895e-01 3.273956179618835449e-01 3.433244228363037109e-01 4.590648710727691650e-01 2.990400791168212891e-01 4.294227361679077148e-01 7.100048065185546875e-01 1.569163352251052856e-01
3.015373051166534424e-01 4.574561715126037598e-01 5.453818440437316895e-01 3.273956179618835449e-01 3.433244228363037109e-01 4.590648710727691650e-01 2.990400791168212891e-01 4.294227361679077148e-01 8.625985383987426758e-01 1.569163352251052856e-01
3.015373051166534424e-01 4.574561715126037598e-01 5.453818440437316895e-01 3.273956179618835449e-01 3.433244228363037109e-01 4.590648710727691650e-01 2.990400791168212891e-01 4.294227361679077148e-01 8.625985383987426758e-01 3.766631484031677246e-01
3.397039175033569336e-01 3.444308936595916748e-01 6.749322265386581421e-02 3.390760421752929688e-01 3.433244228363037109e-01 3.834591433405876160e-02 1.951964497566223145e-01 4.294227361679077148e-01 1.574708521366119385e-01 4.102572426199913025e-02
3.397039175033569336e-01 3.444308936595916748e-01 6.749322265386581421e-02 3.390760421752929688e-01 1.515724658966064453e-01 3.834591433405876160e-02 1.951964497566223145e-01 4.294227361679077148e-01 1.574708521366119385e-01 4.102572426199913025e-02
3.397039175033569336e-01 3.444308936595916748e-01 6.749322265386581421e-02 3.390760421752929688e-01 1.515724658966064453e-01 8.232697099447250366e-02 1.951964497566223145e-01 4.294227361679077148e-01 1.574708521366119385e-01 2.744943499565124512e-01
3.397039175033569336e-01 3.444308936595916748e-01 6.749322265386581421e-02 3.390760421752929688e-01 1.515724658966064453e-01 8.232697099447250366e-02 1.951964497566223145e-01 4.294227361679077148e-01 1.574708521366119385e-01 1.250096112489700317e-01
3.397039175033569336e-01 3.444308936595916748e-01 6.749322265386581421e-02 3.390760421752929688e-01 1.515724658966064453e-01 8.232697099447250366e-02 1.951964497566223145e-01 4.294227361679077148e-01 1.574708521366119385e-01 1.250096112489700317e-01
3.397039175033569336e-01 5.056313872337341309e-01 2.810336947441101074e-01 3.390760421752929688e-01 1.515724658966064453e-01 1.135261654853820801e-01 1.951964497566223145e-01 4.294227361679077148e-01 5.479929447174072266e-01 1.474298238754272461e-01
3.397039175033569336e-01 5.056313872337341309e-01 6.749322265386581421e-02 3.390760421752929688e-01 1.515724658966064453e-01 2.320546805858612061e-01 3.122851550579071045e-01 4.294227361679077148e-01 5.479929447174072266e-01 3.295308351516723633e-01
3.397039175033569336e-01 5.056313872337341309e-01 2.810336947441101074e-01 3.390760421752929688e-01 1.515724658966064453e-01 4.047092497348785400e-01 3.122851550579071045e-01 4.294227361679077148e-01 5.479929447174072266e-01 3.295308351516723633e-01
3.397039175033569336e-01 5.056313872337341309e-01 2.810336947441101074e-01 3.390760421752929688e-01 1.515724658966064453e-01 2.320546805858612061e-01 3.122851550579071045e-01 4.294227361679077148e-01 5.479929447174072266e-01 3.295308351516723633e-01
3.397039175033569336e-01 5.056313872337341309e-01 2.810336947441101074e-01 3.390760421752929688e-01 1.515724658966064453e-01 4.047092497348785400e-01 3.122851550579071045e-01 4.294227361679077148e-01 1.574708521366119385e-01 2.887984514236450195e-01
3.397039175033569336e-01 5.056313872337341309e-01 2.810336947441101074e-01 3.390760421752929688e-01 1.515724658966064453e-01 2.320546805858612061e-01 3.122851550579071045e-01 4.294227361679077148e-01 5.479929447174072266e-01 7.192990183830261230e-01
3.397039175033569336e-01 5.056313872337341309e-01 3.664715290069580078e-01 3.390760421752929688e-01 1.515724658966064453e-01 3.010004162788391113e-01 3.122851550579071045e-01 4.294227361679077148e-01 5.479929447174072266e-01 4.967771172523498535e-01
3.397039175033569336e-01 5.056313872337341309e-01 3.664715290069580078e-01 3.390760421752929688e-01 1.515724658966064453e-01 3.010004162788391113e-01 3.122851550579071045e-01 4.294227361679077148e-01 5.479929447174072266e-01 7.192990183830261230e-01
3.397039175033569336e-01 5.056313872337341309e-01 3.664715290069580078e-01 3.390760421752929688e-01 1.515724658966064453e-01 3.010004162788391113e-01 3.122851550579071045e-01 4.294227361679077148e-01 5.479929447174072266e-01 7.192990183830261230e-01
3.397039175033569336e-01 5.056313872337341309e-01 3.664715290069580078e-01 3.273956179618835449e-01 1.515724658966064453e-01 3.754050135612487793e-01 1.795591413974761963e-01 4.294227361679077148e-01 8.292402625083923340e-01 4.967771172523498535e-01
3.397039175033569336e-01 5.056313872337341309e-01 3.664715290069580078e-01 3.390760421752929688e-01 3.433244228363037109e-01 2.270448207855224609e-01 3.122851550579071045e-01 4.294227361679077148e-01 9.256621003150939941e-01 4.967771172523498535e-01
3.397039175033569336e-01 5.056313872337341309e-01 3.664715290069580078e-01 3.390760421752929688e-01 1.515724658966064453e-01 3.010004162788391113e-01 3.122851550579071045e-01 4.294227361679077148e-01 5.479929447174072266e-01 4.967771172523498535e-01
3.397039175033569336e-01 5.056313872337341309e-01 3.664715290069580078e-01 3.390760421752929688e-01 1.515724658966064453e-01 2.320546805858612061e-01 3.122851550579071045e-01 4.294227361679077148e-01 5.479929447174072266e-01 4.967771172523498535e-01
3.397039175033569336e-01 5.056313872337341309e-01 3.664715290069580078e-01 3.390760421752929688e-01 1.515724658966064453e-01 2.320546805858612061e-01 7.309753894805908203e-01 4.294227361679077148e-01 5.479929447174072266e-01 4.967771172523498535e-01
5.175248980522155762e-01 7.391993999481201172e-01 5.959362387657165527e-01 5.103031992912292480e-01 3.433244228363037109e-01 7.764272093772888184e-01 7.309753894805908203e-01 6.380988359451293945e-01 5.972132086753845215e-01 5.910356640815734863e-01
5.175248980522155762e-01 7.391993999481201172e-01 5.959362387657165527e-01 5.103031992912292480e-01 3.433244228363037109e-01 6.077916026115417480e-01 7.309753894805908203e-01 6.380988359451293945e-01 5.972132086753845215e-01 5.910356640815734863e-01
5.175248980522155762e-01 7.391993999481201172e-01 5.959362387657165527e-01 3.273956179618835449e-01 3.433244228363037109e-01 6.077916026115417480e-01 5.670186281204223633e-01 6.380988359451293945e-01 8.625985383987426758e-01 3.643270432949066162e-01
5.175248980522155762e-01 7.391993999481201172e-01 5.959362387657165527e-01 3.273956179618835449e-01 3.433244228363037109e-01 7.764272093772888184e-01 5.670186281204223633e-01 6.380988359451293945e-01 7.100048065185546875e-01 5.910356640815734863e-01
5.175248980522155762e-01 7.391993999481201172e-01 5.959362387657165527e-01 3.273956179618835449e-01 3.433244228363037109e-01 3.964129090309143066e-01 4.115802049636840820e-01 6.380988359451293945e-01 8.625985383987426758e-01 7.263450622558593750e-01
5.175248980522155762e-01 7.391993999481201172e-01 5.959362387657165527e-01 3.273956179618835449e-01 3.433244228363037109e-01 3.964129090309143066e-01 4.115802049636840820e-01 6.380988359451293945e-01 7.100048065185546875e-01 5.850894451141357422e-01
3.015373051166534424e-01 4.574561715126037598e-01 5.959362387657165527e-01 3.273956179618835449e-01 3.433244228363037109e-01 3.964129090309143066e-01 4.115802049636840820e-01 6.380988359451293945e-01 7.100048065185546875e-01 7.804999947547912598e-01
5.175248980522155762e-01 7.391993999481201172e-01 5.959362387657165527e-01 3.390760421752929688e-01 3.433244228363037109e-01 3.199776411056518555e-01 5.920491814613342285e-01 6.380988359451293945e-01 5.479929447174072266e-01 4.158240556716918945e-01
5.175248980522155762e-01 1.219312548637390137e-01 3.290980160236358643e-01 3.390760421752929688e-01 1.515724658966064453e-01 1.878554224967956543e-01 5.920491814613342285e-01 6.380988359451293945e-01 1.574708521366119385e-01 8.199031352996826172e-01
5.175248980522155762e-01 2.671314775943756104e-01 5.959362387657165527e-01 3.390760421752929688e-01 1.515724658966064453e-01 1.452262848615646362e-01 5.920491814613342285e-01 6.380988359451293945e-01 1.574708521366119385e-01 5.497334599494934082e-01
5.175248980522155762e-01 2.671314775943756104e-01 3.290980160236358643e-01 3.390760421752929688e-01 1.515724658966064453e-01 9.322570264339447021e-02 5.920491814613342285e-01 6.380988359451293945e-01 1.574708521366119385e-01 3.780525624752044678e-01
3.397039175033569336e-01 1.094096228480339050e-01 3.290980160236358643e-01 3.390760421752929688e-01 1.515724658966064453e-01 1.878554224967956543e-01 5.920491814613342285e-01 6.380988359451293945e-01 1.771667450666427612e-01 1.454502791166305542e-01
3.397039175033569336e-01 5.056313872337341309e-01 4.766218662261962891e-01 3.390760421752929688e-01 1.515724658966064453e-01 1.452262848615646362e-01 1.951964497566223145e-01 6.380988359451293945e-01 5.479929447174072266e-01 2.547714114189147949e-01
3.397039175033569336e-01 5.056313872337341309e-01 4.766218662261962891e-01 3.390760421752929688e-01 1.515724658966064453e-01 3.199776411056518555e-01 5.920491814613342285e-01 6.380988359451293945e-01 5.479929447174072266e-01 2.547714114189147949e-01
3.397039175033569336e-01 1.929975748062133789e-01 4.766218662261962891e-01 3.390760421752929688e-01 3.433244228363037109e-01 5.261257290840148926e-01 7.309753894805908203e-01 6.380988359451293945e-01 1.771667450666427612e-01 2.547714114189147949e-01
3.397039175033569336e-01 1.929975748062133789e-01 7.259641885757446289e-01 3.390760421752929688e-01 1.515724658966064453e-01 5.261257290840148926e-01 3.622021973133087158e-01 6.380988359451293945e-01 1.771667450666427612e-01 1.454502791166305542e-01
3.397039175033569336e-01 1.929975748062133789e-01 7.259641885757446289e-01 3.390760421752929688e-01 4.766226410865783691e-01 5.261257290840148926e-01 3.622021973133087158e-01 6.380988359451293945e-01 1.771667450666427612e-01 1.454502791166305542e-01
5.175248980522155762e-01 7.391993999481201172e-01 5.959362387657165527e-01 3.390760421752929688e-01 4.766226410865783691e-01 6.077916026115417480e-01 7.309753894805908203e-01 6.380988359451293945e-01 3.793565332889556885e-01 7.453861832618713379e-01
5.175248980522155762e-01 7.391993999481201172e-01 5.959362387657165527e-01 5.103031992912292480e-01 4.766226410865783691e-01 7.764272093772888184e-01 7.309753894805908203e-01 6.380988359451293945e-01 5.972132086753845215e-01 8.806957602500915527e-01
5.175248980522155762e-01 8.463276028633117676e-01 5.959362387657165527e-01 5.103031992912292480e-01 4.766226410865783691e-01 7.764272093772888184e-01 7.309753894805908203e-01 6.380988359451293945e-01 5.972132086753845215e-01 7.500166893005371094e-01
5.175248980522155762e-01 8.463276028633117676e-01 5.959362387657165527e-01 5.103031992912292480e-01 4.766226410865783691e-01 7.764272093772888184e-01 7.309753894805908203e-01 6.380988359451293945e-01 5.972132086753845215e-01 7.804999947547912598e-01
5.175248980522155762e-01 3.985852003097534180e-01 5.959362387657165527e-01 3.390760421752929688e-01 4.766226410865783691e-01 6.943580508232116699e-01 3.622021973133087158e-01 6.380988359451293945e-01 1.771667450666427612e-01 1.977569907903671265e-01
5.175248980522155762e-01 3.144872561097145081e-02 3.290980160236358643e-01 3.390760421752929688e-01 4.766226410865783691e-01 9.322570264339447021e-02 3.622021973133087158e-01 6.380988359451293945e-01 1.771667450666427612e-01 1.977569907903671265e-01
5.175248980522155762e-01 3.144872561097145081e-02 3.290980160236358643e-01 3.390760421752929688e-01 4.766226410865783691e-01 9.322570264339447021e-02 7.309753894805908203e-01 6.380988359451293945e-01 1.771667450666427612e-01 1.977569907903671265e-01
5.175248980522155762e-01 8.463276028633117676e-01 5.959362387657165527e-01 3.390760421752929688e-01 4.766226410865783691e-01 4.379198253154754639e-01 7.309753894805908203e-01 6.380988359451293945e-01 5.479929447174072266e-01 5.964061021804809570e-01
5.175248980522155762e-01 8.463276028633117676e-01 5.959362387657165527e-01 3.390760421752929688e-01 4.766226410865783691e-01 5.261257290840148926e-01 7.309753894805908203e-01 6.380988359451293945e-01 5.479929447174072266e-01 5.964061021804809570e-01
5.175248980522155762e-01 8.463276028633117676e-01 5.959362387657165527e-01 3.390760421752929688e-01 4.766226410865783691e-01 6.943580508232116699e-01 7.309753894805908203e-01 6.380988359451293945e-01 5.479929447174072266e-01 4.158240556716918945e-01
5.175248980522155762e-01 8.463276028633117676e-01 5.959362387657165527e-01 3.390760421752929688e-01 4.766226410865783691e-01 5.261257290840148926e-01 7.309753894805908203e-01 6.380988359451293945e-01 5.479929447174072266e-01 5.964061021804809570e-01
5.175248980522155762e-01 8.463276028633117676e-01 4.766218662261962891e-01 3.390760421752929688e-01 4.766226410865783691e-01 5.261257290840148926e-01 7.309753894805908203e-01 6.380988359451293945e-01 5.479929447174072266e-01 4.158240556716918945e-01
5.175248980522155762e-01 8.463276028633117676e-01 4.766218662261962891e-01 3.390760421752929688e-01 4.766226410865783691e-01 5.261257290840148926e-01 7.309753894805908203e-01 6.380988359451293945e-01 5.479929447174072266e-01 7.263450622558593750e-01
5.175248980522155762e-01 8.463276028633117676e-01 4.766218662261962891e-01 3.390760421752929688e-01 4.766226410865783691e-01 5.261257290840148926e-01 7.309753894805908203e-01 6.380988359451293945e-01 5.479929447174072266e-01 4.158240556716918945e-01
5.175248980522155762e-01 8.463276028633117676e-01 5.959362387657165527e-01 3.390760421752929688e-01 4.766226410865783691e-01 5.261257290840148926e-01 7.309753894805908203e-01 6.380988359451293945e-01 5.479929447174072266e-01 7.263450622558593750e-01
5.175248980522155762e-01 8.463276028633117676e-01 5.959362387657165527e-01 3.390760421752929688e-01 7.612965106964111328e-01 6.943580508232116699e-01 7.309753894805908203e-01 6.380988359451293945e-01 5.479929447174072266e-01 8.463960886001586914e-01
5.175248980522155762e-01 8.463276028633117676e-01 5.959362387657165527e-01 6.434020996093750000e-01 4.766226410865783691e-01 6.943580508232116699e-01 8.638929724693298340e-01 6.380988359451293945e-01 9.256621003150939941e-01 1.977569907903671265e-01
5.175248980522155762e-01 8.463276028633117676e-01 5.959362387657165527e-01 3.390760421752929688e-01 4.766226410865783691e-01 6.077916026115417480e-01 7.309753894805908203e-01 6.380988359451293945e-01 3.793565332889556885e-01 5.433459877967834473e-01
5.175248980522155762e-01 8.463276028633117676e-01 5.959362387657165527e-01 6.434020996093750000e-01 4.766226410865783691e-01 3.964129090309143066e-01 8.638929724693298340e-01 6.380988359451293945e-01 9.256621003150939941e-01 5.433459877967834473e-01
5.175248980522155762e-01 8.463276028633117676e-01 5.959362387657165527e-01 3.390760421752929688e-01 4.766226410865783691e-01 1.417449712753295898e-01 7.309753894805908203e-01 6.380988359451293945e-01 5.479929447174072266e-01 5.964061021804809570e-01
5.175248980522155762e-01 8.463276028633117676e-01 5.959362387657165527e-01 6.434020996093750000e-01 4.766226410865783691e-01 1.949224323034286499e-01 8.638929724693298340e-01 6.380988359451293945e-01 9.256621003150939941e-01 5.964061021804809570e-01
5.175248980522155762e-01 8.463276028633117676e-01 5.959362387657165527e-01 6.434020996093750000e-01 4.766226410865783691e-01 3.614455759525299072e-01 8.638929724693298340e-01 6.380988359451293945e-01 9.256621003150939941e-01 5.964061021804809570e-01
5.175248980522155762e-01 3.144872561097145081e-02 1.973427385091781616e-01 3.390760421752929688e-01 4.766226410865783691e-01 9.322570264339447021e-02 3.622021973133087158e-01 6.380988359451293945e-01 1.771667450666427612e-01 1.977569907903671265e-01
5.175248980522155762e-01 1.423064321279525757e-01 4.250301718711853027e-01 3.390760421752929688e-01 4.766226410865783691e-01 4.379198253154754639e-01 7.309753894805908203e-01 6.380988359451293945e-01 1.771667450666427612e-01 1.977569907903671265e-01
5.175248980522155762e-01 9.263576567173004150e-02 1.973427385091781616e-01 3.390760421752929688e-01 4.766226410865783691e-01 2.586633563041687012e-01 3.622021973133087158e-01 6.380988359451293945e-01 1.771667450666427612e-01 1.977569907903671265e-01
5.175248980522155762e-01 9.263576567173004150e-02 1.973427385091781616e-01 3.390760421752929688e-01 4.766226410865783691e-01 4.379198253154754639e-01 3.622021973133087158e-01 6.380988359451293945e-01 1.771667450666427612e-01 1.977569907903671265e-01
5.175248980522155762e-01 3.985852003097534180e-01 4.250301718711853027e-01 3.390760421752929688e-01 4.766226410865783691e-01 4.379198253154754639e-01 3.622021973133087158e-01 6.380988359451293945e-01 1.771667450666427612e-01 1.977569907903671265e-01
5.175248980522155762e-01 3.985852003097534180e-01 3.133940696716308594e-01 3.390760421752929688e-01 4.766226410865783691e-01 5.261257290840148926e-01 3.622021973133087158e-01 6.380988359451293945e-01 1.771667450666427612e-01 1.977569907903671265e-01
5.175248980522155762e-01 1.423064321279525757e-01 3.486344516277313232e-01 8.119130134582519531e-01 7.612965106964111328e-01 4.379198253154754639e-01 5.701863765716552734e-01 6.380988359451293945e-01 6.886168718338012695e-01 4.789437055587768555e-01
5.175248980522155762e-01 5.796126127243041992e-01 3.133940696716308594e-01 8.119130134582519531e-01 4.766226410865783691e-01 4.379198253154754639e-01 8.638929724693298340e-01 6.380988359451293945e-01 9.256621003150939941e-01 8.463960886001586914e-01
5.175248980522155762e-01 7.057695090770721436e-02 5.704098343849182129e-01 3.390760421752929688e-01 4.766226410865783691e-01 1.878554224967956543e-01 3.622021973133087158e-01 6.380988359451293945e-01 1.771667450666427612e-01 1.255031824111938477e-01
5.175248980522155762e-01 4.589870572090148926e-01 1.973427385091781616e-01 3.390760421752929688e-01 4.766226410865783691e-01 4.397780597209930420e-01 7.309753894805908203e-01 6.380988359451293945e-01 1.574708521366119385e-01 7.106331586837768555e-01
5.175248980522155762e-01 4.589870572090148926e-01 4.250301718711853027e-01 3.390760421752929688e-01 4.766226410865783691e-01 4.397780597209930420e-01 7.309753894805908203e-01 6.380988359451293945e-01 1.574708521366119385e-01 8.644016385078430176e-01
5.175248980522155762e-01 4.589870572090148926e-01 1.973427385091781616e-01 3.390760421752929688e-01 4.766226410865783691e-01 4.397780597209930420e-01 7.309753894805908203e-01 6.380988359451293945e-01 1.574708521366119385e-01 9.596290588378906250e-01
5.175248980522155762e-01 1.661976724863052368e-01 1.973427385091781616e-01 3.390760421752929688e-01 7.612965106964111328e-01 1.878554224967956543e-01 3.622021973133087158e-01 6.380988359451293945e-01 3.694233298301696777e-01 9.283269047737121582e-01
3.397039175033569336e-01 2.231846153736114502e-01 7.460059523582458496e-01 3.390760421752929688e-01 7.612965106964111328e-01 4.152109026908874512e-01 3.622021973133087158e-01 6.380988359451293945e-01 3.694233298301696777e-01 8.280999064445495605e-01
3.397039175033569336e-01 4.090056717395782471e-01 7.460059523582458496e-01 3.390760421752929688e-01 7.612965106964111328e-01 4.152109026908874512e-01 2.770015001296997070e-01 6.380988359451293945e-01 3.694233298301696777e-01 7.575823664665222168e-01
3.397039175033569336e-01 5.501295328140258789e-01 5.704098343849182129e-01 3.390760421752929688e-01 4.766226410865783691e-01 4.397780597209930420e-01 4.715715050697326660e-01 6.380988359451293945e-01 5.479929447174072266e-01 4.074645638465881348e-01
3.397039175033569336e-01 5.501295328140258789e-01 5.704098343849182129e-01 3.390760421752929688e-01 4.766226410865783691e-01 3.320959508419036865e-01 4.715715050697326660e-01 6.380988359451293945e-01 5.479929447174072266e-01 8.047779202461242676e-01
3.397039175033569336e-01 5.501295328140258789e-01 5.704098343849182129e-01 3.390760421752929688e-01 7.612965106964111328e-01 3.320959508419036865e-01 4.715715050697326660e-01 6.380988359451293945e-01 5.479929447174072266e-01 4.074645638465881348e-01
3.397039175033569336e-01 2.560366690158843994e-01 4.250301718711853027e-01 3.390760421752929688e-01 7.612965106964111328e-01 3.320959508419036865e-01 1.571970880031585693e-01 6.380988359451293945e-01 1.771667450666427612e-01 4.074645638465881348e-01
3.397039175033569336e-01 2.560366690158843994e-01 5.704098343849182129e-01 3.390760421752929688e-01 7.612965106964111328e-01 2.586633563041687012e-01 1.571970880031585693e-01 6.380988359451293945e-01 1.771667450666427612e-01 4.074645638465881348e-01
3.397039175033569336e-01 5.501295328140258789e-01 4.250301718711853027e-01 3.390760421752929688e-01 4.766226410865783691e-01 3.320959508419036865e-01 4.715715050697326660e-01 6.380988359451293945e-01 5.479929447174072266e-01 8.047779202461242676e-01
3.397039175033569336e-01 2.560366690158843994e-01 4.250301718711853027e-01 3.390760421752929688e-01 7.612965106964111328e-01 2.532685101032257080e-01 7.309753894805908203e-01 6.380988359451293945e-01 1.771667450666427612e-01 4.074645638465881348e-01
