5.231277942657470703e-01 2.130341082811355591e-01 4.365822374820709229e-01 6.816450953483581543e-01 4.439916610717773438e-01 3.517459034919738770e-01 5.453066825866699219e-01 5.264406204223632812e-01 1.640523374080657959e-01 4.406783580780029297e-01
7.751693129539489746e-01 1.673977673053741455e-01 1.160362139344215393e-01 4.599136412143707275e-01 1.768007129430770874e-01 7.990221977233886719e-01 6.168240681290626526e-02 3.912850022315979004e-01 8.488156199455261230e-01 5.773077011108398438e-01
9.842429161071777344e-01 7.446932196617126465e-01 5.838857889175415039e-01 6.945509314537048340e-01 7.190632820129394531e-01 2.461353540420532227e-01 7.617074251174926758e-01 7.564526796340942383e-01 8.707701563835144043e-01 5.773077011108398438e-01
6.469429135322570801e-01 7.580894827842712402e-01 6.374044418334960938e-01 4.599136412143707275e-01 3.373831808567047119e-01 8.321794271469116211e-01 9.601653218269348145e-01 7.564526796340942383e-01 6.209332346916198730e-01 7.902297377586364746e-01
5.017324686050415039e-01 6.844641566276550293e-01 6.740484237670898438e-01 5.930284261703491211e-01 7.190632820129394531e-01 6.771910786628723145e-01 2.025422155857086182e-01 3.689239621162414551e-01 7.479899376630783081e-02 7.902297377586364746e-01
8.799483776092529297e-01 4.902471899986267090e-01 3.859609365463256836e-01 6.537890434265136719e-01 1.768007129430770874e-01 5.822412371635437012e-01 3.840089142322540283e-01 2.021557092666625977e-01 1.582763046026229858e-01 4.406783580780029297e-01
2.176244556903839111e-01 4.311008751392364502e-01 1.518595665693283081e-01 5.461196899414062500e-01 2.314778715372085571e-01 8.771197199821472168e-01 8.478029966354370117e-01 1.843801736831665039e-01 3.821000754833221436e-01 1.904557049274444580e-01
7.506388425827026367e-01 1.142726838588714600e-01 1.591842323541641235e-01 2.346974313259124756e-01 4.408460855484008789e-01 2.999309301376342773e-01 9.205478429794311523e-01 3.912850022315979004e-01 9.743897318840026855e-01 4.406783580780029297e-01
2.150415480136871338e-01 4.133508503437042236e-01 6.190843582153320312e-01 2.346974313259124756e-01 7.109448909759521484e-01 1.400269865989685059e-01 2.089377641677856445e-01 2.021557092666625977e-01 4.940890371799468994e-01 5.773077011108398438e-01
4.716816544532775879e-01 6.756159663200378418e-01 6.190843582153320312e-01 2.182668000459671021e-01 4.408460855484008789e-01 1.281136423349380493e-01 6.057563424110412598e-01 3.912850022315979004e-01 8.993134498596191406e-01 4.406783580780029297e-01
4.409031011164188385e-03 4.559843242168426514e-02 6.476975083351135254e-01 7.070837020874023438e-01 7.381467223167419434e-01 3.460084497928619385e-01 6.057563424110412598e-01 3.912850022315979004e-01 5.850876569747924805e-01 5.773077011108398438e-01
7.850058078765869141e-01 7.111738920211791992e-01 7.003335952758789062e-01 2.346974313259124756e-01 6.350242495536804199e-01 4.194118976593017578e-01 4.732879102230072021e-01 6.310759782791137695e-01 6.203559413552284241e-02 7.902297377586364746e-01
4.133249223232269287e-01 4.027454853057861328e-01 6.884981393814086914e-01 5.093414783477783203e-01 7.190632820129394531e-01 1.695763319730758667e-01 1.690720766782760620e-01 1.843801736831665039e-01 3.163525462150573730e-02 1.904557049274444580e-01
5.576009154319763184e-01 6.343732476234436035e-01 6.476975083351135254e-01 7.932973504066467285e-01 6.350242495536804199e-01 6.899449974298477173e-02 1.923428177833557129e-01 3.689239621162414551e-01 4.896257519721984863e-01 4.406783580780029297e-01
9.006080217659473419e-03 3.872765600681304932e-01 6.476975083351135254e-01 4.468129873275756836e-01 4.763346612453460693e-01 3.741283118724822998e-01 9.258459806442260742e-01 6.036165952682495117e-01 4.143792092800140381e-01 5.773077011108398438e-01
1.132200062274932861e-01 2.641110420227050781e-01 7.329289913177490234e-01 4.468129873275756836e-01 7.190632820129394531e-01 6.348130702972412109e-01 5.592212677001953125e-01 2.021557092666625977e-01 1.454604566097259521e-01 5.773077011108398438e-01
3.818126916885375977e-01 5.396040081977844238e-01 8.176668882369995117e-01 4.599136412143707275e-01 6.350242495536804199e-01 8.869054317474365234e-01 6.569706797599792480e-01 6.310759782791137695e-01 1.883535832166671753e-01 5.773077011108398438e-01
9.438419938087463379e-01 1.852477788925170898e-01 8.494987487792968750e-01 4.599136412143707275e-01 6.350242495536804199e-01 4.668182134628295898e-02 5.788280367851257324e-01 6.310759782791137695e-01 7.401885986328125000e-01 5.773077011108398438e-01
4.141120314598083496e-01 4.323819577693939209e-01 4.365822374820709229e-01 9.107617139816284180e-01 4.763346612453460693e-01 3.049010038375854492e-01 2.174679785966873169e-01 6.036165952682495117e-01 2.979817986488342285e-01 5.773077011108398438e-01
7.819299101829528809e-01 1.198395341634750366e-01 6.374044418334960938e-01 6.823294162750244141e-01 7.190632820129394531e-01 1.690270602703094482e-01 1.139855980873107910e-01 6.310759782791137695e-01 6.435772776603698730e-01 5.773077011108398438e-01
6.736316084861755371e-01 1.968855708837509155e-01 2.329822033643722534e-01 5.246168971061706543e-01 4.763346612453460693e-01 6.652113795280456543e-01 9.106203913688659668e-01 6.036165952682495117e-01 6.081771254539489746e-01 5.773077011108398438e-01
1.383114233613014221e-02 4.933301806449890137e-01 7.139702439308166504e-01 4.599136412143707275e-01 1.768007129430770874e-01 4.198553860187530518e-01 6.118015572428703308e-02 2.021557092666625977e-01 2.984395027160644531e-01 5.773077011108398438e-01
2.502856850624084473e-01 3.627108335494995117e-01 2.986164689064025879e-01 5.224147811532020569e-02 7.190632820129394531e-01 9.240931272506713867e-01 8.673020005226135254e-01 3.893661201000213623e-01 5.455006957054138184e-01 5.773077011108398438e-01
2.741073071956634521e-01 6.060075759887695312e-01 7.206838130950927734e-01 5.739572048187255859e-01 6.350242495536804199e-01 2.442426681518554688e-01 1.139855980873107910e-01 3.689239621162414551e-01 8.802484869956970215e-01 5.773077011108398438e-01
8.818287253379821777e-01 4.393583834171295166e-01 8.563612103462219238e-01 8.325982689857482910e-01 7.190632820129394531e-01 6.368434429168701172e-01 5.567251443862915039e-01 6.310759782791137695e-01 8.639929890632629395e-01 5.773077011108398438e-01
9.408482909202575684e-01 5.350497364997863770e-01 2.965136468410491943e-01 9.107617139816284180e-01 4.763346612453460693e-01 9.496353864669799805e-01 1.259427070617675781e-01 6.036165952682495117e-01 5.494368672370910645e-01 4.406783580780029297e-01
2.521188557147979736e-02 1.198395341634750366e-01 4.355183541774749756e-01 3.305872082710266113e-01 7.190632820129394531e-01 2.953525483608245850e-01 8.791902065277099609e-01 3.689239621162414551e-01 7.114056348800659180e-01 4.406783580780029297e-01
5.263295173645019531e-01 6.528884917497634888e-02 3.082209825515747070e-01 8.344199061393737793e-01 7.190632820129394531e-01 9.424972534179687500e-01 4.574350118637084961e-01 7.564526796340942383e-01 7.046355009078979492e-01 5.184835195541381836e-01
7.571840286254882812e-02 6.847246289253234863e-01 2.878356277942657471e-01 5.246168971061706543e-01 4.763346612453460693e-01 3.709185421466827393e-01 4.260650873184204102e-01 6.036165952682495117e-01 5.015823245048522949e-01 4.406783580780029297e-01
6.738419532775878906e-01 8.204639703035354614e-02 2.965136468410491943e-01 7.932973504066467285e-01 6.350242495536804199e-01 6.771910786628723145e-01 2.775221765041351318e-01 3.912850022315979004e-01 9.293782711029052734e-01 4.406783580780029297e-01
6.253644824028015137e-01 9.943165630102157593e-02 2.508638203144073486e-01 6.360338330268859863e-01 4.763346612453460693e-01 7.350470423698425293e-01 3.375461697578430176e-01 6.036165952682495117e-01 2.387369722127914429e-01 5.184835195541381836e-01
7.399255037307739258e-01 1.968855708837509155e-01 9.531058669090270996e-01 7.072812318801879883e-01 4.763346612453460693e-01 7.615861296653747559e-01 6.769567131996154785e-01 6.036165952682495117e-01 1.685262471437454224e-01 8.238784074783325195e-01
9.513678550720214844e-01 3.619836568832397461e-01 1.591842323541641235e-01 5.930284261703491211e-01 4.763346612453460693e-01 8.213777542114257812e-01 5.439210534095764160e-01 3.912850022315979004e-01 5.440671443939208984e-01 4.406783580780029297e-01
7.098566740751266479e-02 4.776010513305664062e-01 3.780691921710968018e-01 7.054748535156250000e-01 7.190632820129394531e-01 7.322275042533874512e-01 8.791902065277099609e-01 6.310759782791137695e-01 4.896257519721984863e-01 5.773077011108398438e-01
9.950094223022460938e-01 4.774913489818572998e-01 3.256761431694030762e-01 5.930284261703491211e-01 7.190632820129394531e-01 9.501070380210876465e-01 6.811439990997314453e-01 3.689239621162414551e-01 3.273618519306182861e-01 4.406783580780029297e-01
2.507261335849761963e-01 2.945583760738372803e-01 5.126062631607055664e-01 3.256231546401977539e-01 7.190632820129394531e-01 8.018717169761657715e-01 8.091878294944763184e-01 7.564526796340942383e-01 4.384630620479583740e-01 5.184835195541381836e-01
9.893499016761779785e-01 4.763530790805816650e-01 7.640531063079833984e-01 2.346974313259124756e-01 7.190632820129394531e-01 9.342769980430603027e-01 6.181924343109130859e-01 7.564526796340942383e-01 4.711655080318450928e-01 5.773077011108398438e-01
6.469829082489013672e-01 4.190895557403564453e-01 1.174190267920494080e-01 6.537890434265136719e-01 7.190632820129394531e-01 5.054187774658203125e-01 5.776986479759216309e-01 3.689239621162414551e-01 5.187987685203552246e-01 4.406783580780029297e-01
1.788984239101409912e-01 7.340220808982849121e-01 3.256761431694030762e-01 7.891693115234375000e-01 7.190632820129394531e-01 5.745193958282470703e-01 7.617074251174926758e-01 7.564526796340942383e-01 7.652339935302734375e-01 8.238784074783325195e-01
3.315377607941627502e-02 2.641446590423583984e-01 8.555392026901245117e-01 4.468129873275756836e-01 4.763346612453460693e-01 3.411837220191955566e-01 5.717167854309082031e-01 3.912850022315979004e-01 5.867813229560852051e-01 5.773077011108398438e-01
2.366693317890167236e-01 2.202765792608261108e-01 1.591842323541641235e-01 7.054748535156250000e-01 7.190632820129394531e-01 5.876259207725524902e-01 6.181924343109130859e-01 7.564526796340942383e-01 7.127416729927062988e-01 5.773077011108398438e-01
5.560734495520591736e-02 3.185031414031982422e-01 1.591842323541641235e-01 2.346974313259124756e-01 7.190632820129394531e-01 6.102880239486694336e-01 7.446733117103576660e-01 7.564526796340942383e-01 2.424793541431427002e-01 4.406783580780029297e-01
7.819186449050903320e-01 2.307115495204925537e-01 3.256761431694030762e-01 8.893151879310607910e-01 4.763346612453460693e-01 3.223867416381835938e-01 1.233952268958091736e-01 3.912850022315979004e-01 2.382970750331878662e-01 4.406783580780029297e-01
8.810161948204040527e-01 8.481163531541824341e-02 6.137418150901794434e-01 1.907888501882553101e-01 7.190632820129394531e-01 3.704463243484497070e-01 6.161342263221740723e-01 7.564526796340942383e-01 6.163752079010009766e-01 4.406783580780029297e-01
2.056891620159149170e-01 2.933210730552673340e-01 6.137418150901794434e-01 4.782247841358184814e-01 1.768007129430770874e-01 2.862501144409179688e-01 5.453066825866699219e-01 3.912850022315979004e-01 3.173907995223999023e-01 5.773077011108398438e-01
6.787425875663757324e-01 1.198395341634750366e-01 3.838036060333251953e-01 2.346974313259124756e-01 1.768007129430770874e-01 1.620989143848419189e-01 1.922160834074020386e-01 3.912850022315979004e-01 3.351598381996154785e-01 4.406783580780029297e-01
4.999873042106628418e-01 1.198395341634750366e-01 8.824092745780944824e-01 6.557577252388000488e-01 4.763346612453460693e-01 7.763113826513290405e-02 2.775221765041351318e-01 3.912850022315979004e-01 2.347046732902526855e-01 4.406783580780029297e-01
1.822352856397628784e-01 4.529563188552856445e-01 4.939686357975006104e-01 2.346974313259124756e-01 7.190632820129394531e-01 8.604089170694351196e-02 7.012282609939575195e-01 3.689239621162414551e-01 4.674251377582550049e-01 7.902297377586364746e-01
3.753229603171348572e-02 1.750411689281463623e-01 3.682537376880645752e-01 2.362653464078903198e-01 2.145580947399139404e-01 5.876259207725524902e-01 2.174679785966873169e-01 3.912850022315979004e-01 3.411947190761566162e-01 5.773077011108398438e-01
7.697459459304809570e-01 5.584548711776733398e-01 1.591842323541641235e-01 2.346974313259124756e-01 2.145580947399139404e-01 5.087019205093383789e-01 2.357914149761199951e-01 3.912850022315979004e-01 3.393393456935882568e-01 5.773077011108398438e-01
1.462465822696685791e-01 6.859989166259765625e-01 8.563612103462219238e-01 3.830849528312683105e-01 4.763346612453460693e-01 5.582019686698913574e-01 1.224560514092445374e-01 3.912850022315979004e-01 3.489834368228912354e-01 5.773077011108398438e-01
6.316265463829040527e-01 5.419811978936195374e-02 7.003335952758789062e-01 4.677862524986267090e-01 2.145580947399139404e-01 8.534913510084152222e-02 2.174679785966873169e-01 3.912850022315979004e-01 3.173907995223999023e-01 4.406783580780029297e-01
3.860398232936859131e-01 1.142726838588714600e-01 8.555392026901245117e-01 7.513285875320434570e-01 2.145580947399139404e-01 4.796749949455261230e-01 1.233952268958091736e-01 3.912850022315979004e-01 7.449906468391418457e-01 4.406783580780029297e-01
8.388367295265197754e-01 2.896514832973480225e-01 4.188320934772491455e-01 7.513285875320434570e-01 4.763346612453460693e-01 3.671820461750030518e-01 4.260650873184204102e-01 6.036165952682495117e-01 6.903893351554870605e-01 5.184835195541381836e-01
9.989312291145324707e-01 8.416410088539123535e-01 8.858339190483093262e-01 8.027772605419158936e-02 4.763346612453460693e-01 3.741283118724822998e-01 4.260650873184204102e-01 6.036165952682495117e-01 2.025448679924011230e-01 7.902297377586364746e-01
6.527058482170104980e-01 1.093574538826942444e-01 3.361808061599731445e-01 6.557577252388000488e-01 2.145580947399139404e-01 1.101161390542984009e-01 3.146694302558898926e-01 6.036165952682495117e-01 5.168297886848449707e-01 4.406783580780029297e-01
6.251866221427917480e-01 1.374168097972869873e-01 7.973223924636840820e-01 1.777504682540893555e-01 2.314778715372085571e-01 4.194118976593017578e-01 9.060009121894836426e-01 6.310759782791137695e-01 5.535981059074401855e-01 5.773077011108398438e-01
8.433167934417724609e-01 8.603042364120483398e-01 8.563612103462219238e-01 4.468129873275756836e-01 7.190632820129394531e-01 3.009160161018371582e-01 1.139855980873107910e-01 3.689239621162414551e-01 3.655920624732971191e-01 7.902297377586364746e-01
9.437452554702758789e-01 6.186282634735107422e-01 9.531058669090270996e-01 9.107617139816284180e-01 2.145580947399139404e-01 6.049734354019165039e-01 4.326601028442382812e-01 6.036165952682495117e-01 3.040821850299835205e-01 4.406783580780029297e-01
4.400733709335327148e-01 2.263971418142318726e-01 8.563612103462219238e-01 5.741866230964660645e-01 2.145580947399139404e-01 4.198553860187530518e-01 4.326601028442382812e-01 6.036165952682495117e-01 2.605916559696197510e-01 7.902297377586364746e-01
9.763373136520385742e-01 2.932299375534057617e-01 8.858339190483093262e-01 9.270063042640686035e-01 2.314778715372085571e-01 7.865044474601745605e-01 4.732879102230072021e-01 6.310759782791137695e-01 9.620853662490844727e-01 5.773077011108398438e-01
1.304439157247543335e-01 8.481163531541824341e-02 8.492093682289123535e-01 8.340606093406677246e-01 4.763346612453460693e-01 3.507516086101531982e-01 6.512701511383056641e-01 6.036165952682495117e-01 3.871134817600250244e-01 5.773077011108398438e-01
3.531318008899688721e-01 7.286809086799621582e-01 8.176668882369995117e-01 5.036738514900207520e-01 2.145580947399139404e-01 4.738905727863311768e-01 7.197356820106506348e-01 6.036165952682495117e-01 5.921792984008789062e-01 4.406783580780029297e-01
9.629163146018981934e-01 3.886853158473968506e-01 7.284829020500183105e-01 9.052833318710327148e-01 7.190632820129394531e-01 4.198553860187530518e-01 1.131087690591812134e-01 6.310759782791137695e-01 5.511278510093688965e-01 5.773077011108398438e-01
9.813045263290405273e-01 2.911013364791870117e-01 8.824092745780944824e-01 6.679405570030212402e-01 7.190632820129394531e-01 2.807500064373016357e-01 1.224560514092445374e-01 6.036165952682495117e-01 7.289031744003295898e-01 8.238784074783325195e-01
7.975305318832397461e-01 8.532909750938415527e-01 3.682537376880645752e-01 2.362653464078903198e-01 2.145580947399139404e-01 8.898581266403198242e-01 5.717167854309082031e-01 6.036165952682495117e-01 3.411947190761566162e-01 8.238784074783325195e-01
2.759684808552265167e-02 6.559279561042785645e-02 6.215413808822631836e-01 6.537890434265136719e-01 2.145580947399139404e-01 7.332746386528015137e-01 5.717167854309082031e-01 6.036165952682495117e-01 7.003200054168701172e-02 5.773077011108398438e-01
4.998465180397033691e-01 3.872765600681304932e-01 6.476975083351135254e-01 7.513285875320434570e-01 2.145580947399139404e-01 4.198553860187530518e-01 2.174679785966873169e-01 6.036165952682495117e-01 8.965950608253479004e-01 5.773077011108398438e-01
7.422426342964172363e-01 3.872765600681304932e-01 8.563612103462219238e-01 7.932973504066467285e-01 7.190632820129394531e-01 4.668182134628295898e-02 2.747440040111541748e-01 7.564526796340942383e-01 2.394222915172576904e-01 5.773077011108398438e-01
8.041147142648696899e-02 8.742011338472366333e-02 9.505077004432678223e-01 7.932973504066467285e-01 7.190632820129394531e-01 5.848839282989501953e-01 2.025422155857086182e-01 6.310759782791137695e-01 7.298603653907775879e-01 5.773077011108398438e-01
7.300432324409484863e-01 9.731681346893310547e-01 1.760209053754806519e-01 1.519789844751358032e-01 1.768007129430770874e-01 1.753276437520980835e-01 2.574337422847747803e-01 2.021557092666625977e-01 8.087335228919982910e-01 4.406783580780029297e-01
2.940323054790496826e-01 1.253209859132766724e-01 7.206838130950927734e-01 6.214606165885925293e-01 4.763346612453460693e-01 7.763113826513290405e-02 3.375461697578430176e-01 3.912850022315979004e-01 5.281712412834167480e-01 4.406783580780029297e-01
1.569678261876106262e-02 2.740923166275024414e-01 1.739264130592346191e-01 1.696902364492416382e-01 4.763346612453460693e-01 6.329782009124755859e-01 4.957619309425354004e-01 1.843801736831665039e-01 7.491186261177062988e-01 1.904557049274444580e-01
1.964351348578929901e-02 6.559279561042785645e-02 7.777148485183715820e-01 4.599136412143707275e-01 6.350242495536804199e-01 9.072467684745788574e-01 9.060009121894836426e-01 6.310759782791137695e-01 7.328498363494873047e-01 5.773077011108398438e-01
5.500082969665527344e-01 3.185031414031982422e-01 5.838857889175415039e-01 4.861626327037811279e-01 7.190632820129394531e-01 1.690270602703094482e-01 7.012282609939575195e-01 6.310759782791137695e-01 8.306000828742980957e-01 5.184835195541381836e-01
4.158976674079895020e-01 9.128394126892089844e-01 3.958736360073089600e-01 5.739572048187255859e-01 2.890551090240478516e-01 7.763113826513290405e-02 1.179986074566841125e-01 5.264406204223632812e-01 9.526897668838500977e-01 4.406783580780029297e-01
2.017200440168380737e-01 2.752934694290161133e-01 2.899282872676849365e-01 9.433096051216125488e-01 7.190632820129394531e-01 2.304441332817077637e-01 2.574337422847747803e-01 2.021557092666625977e-01 4.998449683189392090e-01 4.406783580780029297e-01
9.395349025726318359e-01 7.148290276527404785e-01 4.948175251483917236e-01 5.569677948951721191e-01 7.190632820129394531e-01 9.392150044441223145e-01 5.275465846061706543e-01 7.564526796340942383e-01 8.329831957817077637e-01 4.406783580780029297e-01
4.573737978935241699e-01 6.032802462577819824e-01 1.458475291728973389e-01 8.010441660881042480e-01 4.763346612453460693e-01 8.869471549987792969e-01 4.957619309425354004e-01 3.912850022315979004e-01 6.700534820556640625e-01 5.184835195541381836e-01
6.363079547882080078e-01 8.980502933263778687e-02 6.445263624191284180e-01 5.588546395301818848e-01 4.763346612453460693e-01 3.050843775272369385e-01 6.181703805923461914e-01 3.912850022315979004e-01 5.170927047729492188e-01 4.406783580780029297e-01
8.587573766708374023e-01 4.585343897342681885e-01 8.922963142395019531e-01 5.571089386940002441e-01 4.763346612453460693e-01 2.301213741302490234e-01 5.717167854309082031e-01 3.912850022315979004e-01 7.802676409482955933e-02 4.406783580780029297e-01
8.982967138290405273e-01 5.819730758666992188e-01 5.189359188079833984e-01 7.428220510482788086e-01 2.145580947399139404e-01 5.848839282989501953e-01 1.233952268958091736e-01 3.912850022315979004e-01 6.591871976852416992e-01 5.773077011108398438e-01
5.639461874961853027e-01 8.481163531541824341e-02 2.329888194799423218e-01 4.599136412143707275e-01 7.190632820129394531e-01 8.971254527568817139e-02 7.012282609939575195e-01 3.689239621162414551e-01 9.370167851448059082e-01 4.406783580780029297e-01
9.329045191407203674e-03 8.791338652372360229e-02 2.508638203144073486e-01 4.599136412143707275e-01 7.190632820129394531e-01 3.318740725517272949e-01 5.453066825866699219e-01 3.912850022315979004e-01 3.277379870414733887e-01 5.773077011108398438e-01
4.224071800708770752e-01 4.603320062160491943e-01 2.508638203144073486e-01 4.599136412143707275e-01 2.145580947399139404e-01 7.229768633842468262e-01 3.375461697578430176e-01 3.912850022315979004e-01 3.393393456935882568e-01 4.406783580780029297e-01
9.281191229820251465e-01 7.115017175674438477e-01 2.986164689064025879e-01 3.506200909614562988e-01 1.768007129430770874e-01 3.861947953701019287e-01 1.690720766782760620e-01 3.912850022315979004e-01 5.440671443939208984e-01 5.773077011108398438e-01
2.863138355314731598e-02 4.576826095581054688e-01 3.541173934936523438e-01 8.873336315155029297e-01 3.373831808567047119e-01 7.455381751060485840e-01 4.202217757701873779e-01 5.264406204223632812e-01 6.853375434875488281e-01 4.406783580780029297e-01
6.010783314704895020e-01 3.743213713169097900e-01 2.508638203144073486e-01 8.795306682586669922e-01 4.763346612453460693e-01 4.916261434555053711e-01 6.181703805923461914e-01 3.912850022315979004e-01 4.405372440814971924e-01 5.773077011108398438e-01
1.485103741288185120e-02 5.106900930404663086e-01 5.206403732299804688e-01 6.827881336212158203e-01 2.314778715372085571e-01 7.050964236259460449e-01 6.181703805923461914e-01 3.912850022315979004e-01 5.643374919891357422e-01 4.406783580780029297e-01
9.430034756660461426e-01 2.396060079336166382e-01 2.986164689064025879e-01 7.361109256744384766e-01 1.768007129430770874e-01 5.876259207725524902e-01 4.305429756641387939e-01 2.021557092666625977e-01 3.948347270488739014e-01 5.184835195541381836e-01
8.260003477334976196e-02 3.826802372932434082e-01 7.416759133338928223e-01 9.544806480407714844e-01 7.190632820129394531e-01 7.654254436492919922e-01 8.542459607124328613e-01 7.564526796340942383e-01 7.762911915779113770e-01 5.773077011108398438e-01
8.010936379432678223e-01 7.983751893043518066e-01 6.630983948707580566e-01 8.630805611610412598e-01 4.763346612453460693e-01 5.321711301803588867e-01 6.769567131996154785e-01 3.912850022315979004e-01 3.411947190761566162e-01 8.238784074783325195e-01
4.251654446125030518e-01 8.730581998825073242e-01 7.206838130950927734e-01 5.782576203346252441e-01 7.190632820129394531e-01 2.060059271752834320e-02 1.139855980873107910e-01 3.689239621162414551e-01 1.143487244844436646e-01 4.406783580780029297e-01
9.611876010894775391e-01 2.158690392971038818e-01 8.681110143661499023e-01 4.799925982952117920e-01 4.763346612453460693e-01 5.876259207725524902e-01 1.224560514092445374e-01 3.912850022315979004e-01 1.184075176715850830e-01 5.773077011108398438e-01
1.768996864557266235e-01 4.287326931953430176e-01 3.527349233627319336e-01 3.722693920135498047e-01 4.763346612453460693e-01 2.620572149753570557e-01 4.260650873184204102e-01 3.912850022315979004e-01 1.830956339836120605e-01 5.773077011108398438e-01
1.164463385939598083e-01 2.208662480115890503e-01 9.337063431739807129e-01 8.167803883552551270e-01 4.763346612453460693e-01 8.534913510084152222e-02 7.197356820106506348e-01 6.036165952682495117e-01 2.012346088886260986e-01 4.406783580780029297e-01
7.028872370719909668e-01 3.007937073707580566e-01 4.825327992439270020e-01 9.301828742027282715e-01 4.763346612453460693e-01 3.709185421466827393e-01 2.174679785966873169e-01 6.036165952682495117e-01 8.415047079324722290e-02 7.902297377586364746e-01
1.043378114700317383e-01 5.562694668769836426e-01 8.954671025276184082e-01 9.549186825752258301e-01 4.763346612453460693e-01 9.072467684745788574e-01 6.769567131996154785e-01 6.036165952682495117e-01 2.159180492162704468e-01 5.773077011108398438e-01
7.940459847450256348e-01 5.819730758666992188e-01 1.760209053754806519e-01 3.722693920135498047e-01 4.763346612453460693e-01 3.709185421466827393e-01 4.602346718311309814e-01 6.036165952682495117e-01 8.488156199455261230e-01 4.406783580780029297e-01
8.183986544609069824e-01 9.556734561920166016e-01 8.681110143661499023e-01 8.167803883552551270e-01 4.763346612453460693e-01 5.087019205093383789e-01 6.769567131996154785e-01 6.036165952682495117e-01 1.439860314130783081e-01 5.773077011108398438e-01
7.667805999517440796e-02 3.185031414031982422e-01 7.206838130950927734e-01 7.044685482978820801e-01 4.763346612453460693e-01 7.875685393810272217e-02 1.224560514092445374e-01 6.036165952682495117e-01 4.990177452564239502e-01 5.773077011108398438e-01
9.539496898651123047e-01 5.177416205406188965e-01 4.188320934772491455e-01 7.932973504066467285e-01 2.314778715372085571e-01 8.522114753723144531e-01 7.314957380294799805e-01 6.310759782791137695e-01 5.682099461555480957e-01 5.773077011108398438e-01
3.345885574817657471e-01 2.715428918600082397e-02 1.739264130592346191e-01 4.794572889804840088e-01 4.763346612453460693e-01 1.821885704994201660e-01 7.197356820106506348e-01 1.843801736831665039e-01 8.361896872520446777e-01 6.203166842460632324e-01
8.885149955749511719e-01 4.626066982746124268e-01 9.505077004432678223e-01 7.932973504066467285e-01 4.763346612453460693e-01 7.865044474601745605e-01 6.769567131996154785e-01 6.036165952682495117e-01 2.012346088886260986e-01 5.773077011108398438e-01
1.044305711984634399e-01 1.735047250986099243e-01 9.573361277580261230e-01 9.290761351585388184e-01 7.190632820129394531e-01 7.769603729248046875e-01 6.118015572428703308e-02 2.021557092666625977e-01 1.466107666492462158e-01 4.406783580780029297e-01
9.760527014732360840e-01 7.206273674964904785e-01 8.081200718879699707e-01 2.053038775920867920e-01 4.439916610717773438e-01 8.352540135383605957e-01 8.412356376647949219e-01 2.021557092666625977e-01 9.286718368530273438e-01 5.773077011108398438e-01
4.825952053070068359e-01 1.527449041604995728e-01 1.739264130592346191e-01 3.172409534454345703e-02 4.763346612453460693e-01 2.008006870746612549e-01 7.197356820106506348e-01 1.843801736831665039e-01 5.186924338340759277e-01 6.203166842460632324e-01
9.113728404045104980e-01 6.460303068161010742e-01 5.189359188079833984e-01 7.570336461067199707e-01 7.381467223167419434e-01 3.709185421466827393e-01 8.412356376647949219e-01 6.036165952682495117e-01 1.244904994964599609e-01 4.406783580780029297e-01
5.000281929969787598e-01 5.819730758666992188e-01 1.160362139344215393e-01 2.853569090366363525e-01 7.190632820129394531e-01 7.509636282920837402e-01 2.730116546154022217e-01 7.564526796340942383e-01 3.022051453590393066e-01 4.406783580780029297e-01
9.863389730453491211e-01 4.201101362705230713e-01 8.637654185295104980e-01 9.549186825752258301e-01 4.439916610717773438e-01 9.289281964302062988e-01 8.121621012687683105e-01 6.036165952682495117e-01 6.458269953727722168e-01 5.773077011108398438e-01
2.790367789566516876e-02 2.864199876785278320e-01 2.899282872676849365e-01 8.247340470552444458e-02 1.768007129430770874e-01 7.332746386528015137e-01 4.945989549160003662e-01 2.021557092666625977e-01 1.843918114900588989e-01 5.773077011108398438e-01
4.963085949420928955e-01 1.956192553043365479e-01 8.563612103462219238e-01 7.441471219062805176e-01 7.109448909759521484e-01 7.373769283294677734e-01 4.602346718311309814e-01 3.912850022315979004e-01 9.174556732177734375e-01 5.773077011108398438e-01
9.430913329124450684e-01 6.460303068161010742e-01 7.284829020500183105e-01 9.270063042640686035e-01 4.439916610717773438e-01 4.292091727256774902e-01 3.889820575714111328e-01 2.021557092666625977e-01 8.158220052719116211e-01 5.773077011108398438e-01
7.914884686470031738e-01 5.610124468803405762e-01 7.703982591629028320e-01 5.813522934913635254e-01 7.190632820129394531e-01 9.080081582069396973e-01 2.025422155857086182e-01 6.310759782791137695e-01 9.664114713668823242e-01 5.773077011108398438e-01
5.956939458847045898e-01 7.926013469696044922e-01 8.962959647178649902e-01 2.261558771133422852e-01 7.190632820129394531e-01 8.658346533775329590e-01 6.569706797599792480e-01 3.689239621162414551e-01 8.195664286613464355e-01 4.406783580780029297e-01
3.600344061851501465e-01 3.506412506103515625e-01 5.126062631607055664e-01 7.277256250381469727e-01 7.190632820129394531e-01 5.601984262466430664e-01 6.769567131996154785e-01 3.912850022315979004e-01 6.415097117424011230e-01 4.406783580780029297e-01
3.592004477977752686e-01 2.954384982585906982e-01 5.101913213729858398e-01 8.264415264129638672e-01 4.439916610717773438e-01 4.947173893451690674e-01 2.235538363456726074e-01 3.912850022315979004e-01 2.226589471101760864e-01 4.406783580780029297e-01
2.809881567955017090e-01 7.908316701650619507e-02 5.126062631607055664e-01 9.270063042640686035e-01 6.350242495536804199e-01 8.352540135383605957e-01 5.776986479759216309e-01 6.310759782791137695e-01 8.562939167022705078e-01 5.773077011108398438e-01
3.647940158843994141e-01 2.307115495204925537e-01 2.899282872676849365e-01 8.887397050857543945e-01 6.350242495536804199e-01 5.876259207725524902e-01 9.617959260940551758e-01 6.310759782791137695e-01 4.942993521690368652e-01 5.773077011108398438e-01
1.143625825643539429e-01 2.930910587310791016e-01 5.361599326133728027e-01 5.472462773323059082e-01 4.763346612453460693e-01 2.008006870746612549e-01 2.174679785966873169e-01 5.374261140823364258e-01 3.705470263957977295e-01 6.203166842460632324e-01
9.428659677505493164e-01 8.662399649620056152e-01 3.395756483078002930e-01 8.325982689857482910e-01 4.763346612453460693e-01 3.709185421466827393e-01 3.375461697578430176e-01 3.912850022315979004e-01 9.617257118225097656e-02 4.406783580780029297e-01
9.503183960914611816e-01 7.700625061988830566e-01 7.003335952758789062e-01 7.277256250381469727e-01 4.439916610717773438e-01 7.562807202339172363e-01 2.250695377588272095e-01 3.912850022315979004e-01 5.992182493209838867e-01 5.773077011108398438e-01
9.851847887039184570e-01 4.628337323665618896e-01 7.003335952758789062e-01 8.282348513603210449e-01 4.763346612453460693e-01 7.865044474601745605e-01 6.769567131996154785e-01 3.912850022315979004e-01 2.159180492162704468e-01 5.773077011108398438e-01
3.522571176290512085e-03 4.932352602481842041e-01 4.188320934772491455e-01 2.261558771133422852e-01 4.763346612453460693e-01 4.615562856197357178e-01 6.769567131996154785e-01 3.912850022315979004e-01 2.652788758277893066e-01 4.406783580780029297e-01
