6.905741691589355469e-01 8.286585211753845215e-01 5.448278784751892090e-01 5.122256278991699219e-01 5.132525563240051270e-01 6.372644901275634766e-01 4.816097319126129150e-01 7.393053770065307617e-01 5.291031002998352051e-01 6.857439279556274414e-01
5.693411827087402344e-01 6.556564569473266602e-01 4.307327866554260254e-01 4.532156288623809814e-01 5.132525563240051270e-01 5.038201212882995605e-01 4.816097319126129150e-01 5.458216667175292969e-01 5.545783638954162598e-01 6.409737467765808105e-01
4.268869161605834961e-01 6.786634922027587891e-01 4.307327866554260254e-01 4.568087756633758545e-01 5.132525563240051270e-01 5.038201212882995605e-01 4.816097319126129150e-01 4.695305824279785156e-01 5.545783638954162598e-01 6.521176695823669434e-01
6.956539750099182129e-01 7.592579126358032227e-01 7.086184620857238770e-01 5.548440217971801758e-01 5.132525563240051270e-01 5.705569386482238770e-01 4.816097319126129150e-01 4.908752143383026123e-01 5.545783638954162598e-01 6.409620046615600586e-01
4.268869161605834961e-01 5.434216856956481934e-01 4.307327866554260254e-01 4.568087756633758545e-01 5.132525563240051270e-01 4.488646090030670166e-01 4.816097319126129150e-01 3.784504234790802002e-01 5.545783638954162598e-01 5.673833489418029785e-01
6.956539750099182129e-01 6.829891800880432129e-01 7.086184620857238770e-01 5.548440217971801758e-01 5.132525563240051270e-01 4.185876250267028809e-01 4.816097319126129150e-01 5.638347268104553223e-01 5.545783638954162598e-01 6.409620046615600586e-01
6.452099680900573730e-01 4.631484150886535645e-01 5.448278784751892090e-01 5.273182392120361328e-01 5.068988800048828125e-01 4.180064201354980469e-01 4.816097319126129150e-01 4.327237010002136230e-01 6.014291644096374512e-01 3.907765448093414307e-01
5.410192012786865234e-01 3.851774930953979492e-01 4.983972609043121338e-01 4.568087756633758545e-01 5.068988800048828125e-01 4.834264814853668213e-01 4.816097319126129150e-01 4.481914639472961426e-01 5.545783638954162598e-01 5.803421139717102051e-01
5.950114130973815918e-01 4.576336443424224854e-01 5.988710522651672363e-01 4.625892341136932373e-01 5.068988800048828125e-01 5.608075857162475586e-01 4.778643250465393066e-01 4.595567286014556885e-01 4.806243479251861572e-01 4.546700716018676758e-01
5.603540539741516113e-01 6.543303728103637695e-01 5.117235779762268066e-01 5.371450781822204590e-01 5.068988800048828125e-01 5.845680832862854004e-01 4.778643250465393066e-01 5.310297012329101562e-01 4.806243479251861572e-01 6.324466466903686523e-01
4.763539433479309082e-01 4.806410968303680420e-01 5.988710522651672363e-01 5.756389498710632324e-01 5.068988800048828125e-01 5.608075857162475586e-01 5.292764902114868164e-01 5.360655188560485840e-01 5.545783638954162598e-01 5.528076887130737305e-01
6.262488365173339844e-01 5.130854249000549316e-01 6.350541710853576660e-01 5.942505598068237305e-01 6.684203147888183594e-01 6.640725135803222656e-01 6.365132331848144531e-01 6.299382448196411133e-01 5.477247238159179688e-01 6.560516357421875000e-01
5.171126127243041992e-01 5.183984637260437012e-01 5.988710522651672363e-01 4.625892341136932373e-01 5.068988800048828125e-01 5.608075857162475586e-01 4.778643250465393066e-01 5.232868790626525879e-01 4.806243479251861572e-01 7.375631928443908691e-01
4.753293097019195557e-01 4.335710704326629639e-01 6.350541710853576660e-01 3.493335545063018799e-01 5.000000000000000000e-01 5.247725248336791992e-01 5.000000000000000000e-01 5.197212696075439453e-01 5.132308602333068848e-01 4.613750278949737549e-01
5.171126127243041992e-01 3.478105068206787109e-01 4.602497220039367676e-01 4.625892341136932373e-01 4.564881026744842529e-01 5.216488242149353027e-01 4.778643250465393066e-01 5.232868790626525879e-01 4.806243479251861572e-01 6.271030306816101074e-01
3.789772689342498779e-01 4.276435375213623047e-01 3.702192902565002441e-01 4.625892341136932373e-01 4.564881026744842529e-01 4.585808813571929932e-01 4.778643250465393066e-01 4.505561590194702148e-01 4.806243479251861572e-01 3.984845280647277832e-01
5.828123688697814941e-01 5.584312081336975098e-01 4.327504932880401611e-01 4.625892341136932373e-01 4.564881026744842529e-01 4.784521758556365967e-01 4.778643250465393066e-01 4.505561590194702148e-01 4.806243479251861572e-01 6.490715742111206055e-01
3.684449195861816406e-01 6.869443058967590332e-01 4.351698458194732666e-01 5.001902580261230469e-01 5.726347565650939941e-01 4.784521758556365967e-01 5.241743922233581543e-01 5.488779544830322266e-01 4.712778329849243164e-01 7.074292302131652832e-01
5.471834540367126465e-01 4.374434351921081543e-01 4.351698458194732666e-01 5.561172962188720703e-01 4.564881026744842529e-01 5.005048513412475586e-01 4.778643250465393066e-01 5.544254779815673828e-01 4.806243479251861572e-01 4.889735877513885498e-01
4.542829990386962891e-01 7.329471707344055176e-01 4.351698458194732666e-01 4.387348592281341553e-01 5.726347565650939941e-01 4.299803674221038818e-01 6.136909723281860352e-01 5.613701939582824707e-01 5.253075957298278809e-01 7.466269731521606445e-01
3.597425520420074463e-01 4.969039857387542725e-01 4.194579124450683594e-01 4.971059858798980713e-01 4.010068476200103760e-01 3.366278707981109619e-01 4.046083688735961914e-01 3.634640574455261230e-01 4.806243479251861572e-01 4.647409617900848389e-01
4.310427010059356689e-01 6.414864063262939453e-01 4.194579124450683594e-01 4.387348592281341553e-01 4.010068476200103760e-01 3.366278707981109619e-01 4.046083688735961914e-01 3.855465352535247803e-01 5.253075957298278809e-01 6.967705488204956055e-01
6.824059486389160156e-01 6.475252509117126465e-01 4.485680460929870605e-01 7.054030299186706543e-01 5.000000000000000000e-01 6.396651864051818848e-01 5.699176192283630371e-01 5.609828233718872070e-01 4.806243479251861572e-01 5.738271474838256836e-01
6.160781383514404297e-01 7.267953753471374512e-01 4.379938840866088867e-01 5.907520651817321777e-01 4.625702202320098877e-01 5.458120703697204590e-01 5.292764902114868164e-01 6.592382788658142090e-01 5.853252410888671875e-01 5.592011809349060059e-01
3.604705333709716797e-01 3.140294253826141357e-01 5.281656384468078613e-01 4.625892341136932373e-01 4.625702202320098877e-01 5.216488242149353027e-01 4.778643250465393066e-01 5.111669898033142090e-01 4.806243479251861572e-01 3.681782782077789307e-01
4.731516540050506592e-01 4.126048386096954346e-01 3.880640864372253418e-01 5.371450781822204590e-01 4.625702202320098877e-01 4.827710688114166260e-01 4.778643250465393066e-01 5.310297012329101562e-01 4.806243479251861572e-01 5.153778195381164551e-01
4.731516540050506592e-01 4.707581996917724609e-01 3.880640864372253418e-01 4.550116360187530518e-01 4.625702202320098877e-01 4.827710688114166260e-01 4.778643250465393066e-01 5.310297012329101562e-01 4.806243479251861572e-01 5.153778195381164551e-01
3.508916795253753662e-01 3.050642907619476318e-01 4.194579124450683594e-01 4.550116360187530518e-01 4.010068476200103760e-01 3.366278707981109619e-01 4.046083688735961914e-01 3.855465352535247803e-01 4.806243479251861572e-01 4.273064732551574707e-01
4.600004255771636963e-01 5.109657049179077148e-01 4.194579124450683594e-01 4.550116360187530518e-01 5.969382524490356445e-01 5.940150022506713867e-01 5.369900465011596680e-01 6.248191595077514648e-01 4.806243479251861572e-01 4.647409617900848389e-01
4.731516540050506592e-01 4.615958034992218018e-01 3.880640864372253418e-01 5.141347050666809082e-01 4.625702202320098877e-01 5.005048513412475586e-01 4.778643250465393066e-01 5.996294021606445312e-01 4.806243479251861572e-01 4.647409617900848389e-01
5.625566244125366211e-01 4.606810808181762695e-01 4.379938840866088867e-01 4.797313809394836426e-01 4.625702202320098877e-01 5.382684469223022461e-01 5.292764902114868164e-01 5.310297012329101562e-01 4.806243479251861572e-01 6.299058794975280762e-01
5.873325467109680176e-01 5.453011393547058105e-01 4.379938840866088867e-01 5.050002932548522949e-01 4.625702202320098877e-01 5.382684469223022461e-01 5.292764902114868164e-01 5.310297012329101562e-01 4.806243479251861572e-01 6.071936488151550293e-01
5.467333197593688965e-01 5.345969200134277344e-01 5.261144042015075684e-01 5.942505598068237305e-01 4.625702202320098877e-01 5.205911993980407715e-01 5.292764902114868164e-01 5.520195960998535156e-01 5.545783638954162598e-01 4.554701149463653564e-01
3.946358859539031982e-01 3.810513019561767578e-01 5.261144042015075684e-01 4.625892341136932373e-01 4.625702202320098877e-01 4.963243901729583740e-01 4.778643250465393066e-01 4.625989198684692383e-01 4.806243479251861572e-01 3.962488174438476562e-01
4.731516540050506592e-01 4.992839694023132324e-01 3.880640864372253418e-01 5.371450781822204590e-01 4.625702202320098877e-01 5.205911993980407715e-01 4.778643250465393066e-01 5.310297012329101562e-01 4.806243479251861572e-01 5.810309052467346191e-01
4.731516540050506592e-01 5.125986337661743164e-01 3.880640864372253418e-01 5.561172962188720703e-01 4.625702202320098877e-01 5.205911993980407715e-01 4.778643250465393066e-01 5.310297012329101562e-01 4.806243479251861572e-01 5.810309052467346191e-01
3.971163928508758545e-01 3.788407146930694580e-01 4.339605271816253662e-01 4.811998009681701660e-01 4.625702202320098877e-01 4.604444801807403564e-01 4.191799759864807129e-01 4.290124773979187012e-01 4.806243479251861572e-01 5.257310271263122559e-01
3.971163928508758545e-01 3.198566138744354248e-01 4.339605271816253662e-01 4.811998009681701660e-01 4.625702202320098877e-01 4.604444801807403564e-01 4.191799759864807129e-01 4.290124773979187012e-01 4.806243479251861572e-01 4.594738185405731201e-01
5.399382710456848145e-01 6.641147732734680176e-01 5.448278784751892090e-01 4.896728396415710449e-01 5.068988800048828125e-01 5.785368680953979492e-01 4.816097319126129150e-01 5.533137917518615723e-01 4.806243479251861572e-01 5.967178940773010254e-01
5.058997273445129395e-01 4.787261784076690674e-01 4.852781891822814941e-01 4.041027128696441650e-01 5.068988800048828125e-01 4.604444801807403564e-01 4.191799759864807129e-01 4.290124773979187012e-01 4.806243479251861572e-01 5.369452238082885742e-01
4.136062562465667725e-01 7.232939004898071289e-01 4.852781891822814941e-01 4.621224701404571533e-01 5.068988800048828125e-01 4.617652297019958496e-01 5.075749158859252930e-01 3.880428075790405273e-01 4.806243479251861572e-01 5.369452238082885742e-01
6.054294109344482422e-01 6.413334012031555176e-01 5.711709260940551758e-01 7.078639864921569824e-01 5.969382524490356445e-01 6.396651864051818848e-01 5.699176192283630371e-01 5.222562551498413086e-01 4.806243479251861572e-01 6.283570528030395508e-01
4.302084445953369141e-01 6.854775547981262207e-01 5.446650981903076172e-01 7.263457775115966797e-01 4.625702202320098877e-01 5.785368680953979492e-01 4.816097319126129150e-01 5.533137917518615723e-01 4.806243479251861572e-01 5.460419654846191406e-01
5.107932090759277344e-01 6.180422306060791016e-01 4.982331395149230957e-01 4.568087756633758545e-01 4.625702202320098877e-01 5.076982975006103516e-01 4.816097319126129150e-01 5.174041986465454102e-01 5.545783638954162598e-01 4.896486103534698486e-01
3.584206402301788330e-01 4.688795208930969238e-01 4.982331395149230957e-01 4.568087756633758545e-01 4.625702202320098877e-01 4.834264814853668213e-01 4.816097319126129150e-01 5.364625453948974609e-01 3.968206644058227539e-01 2.789319455623626709e-01
5.071461796760559082e-01 4.974878430366516113e-01 6.088168025016784668e-01 4.568087756633758545e-01 5.731069445610046387e-01 5.450117588043212891e-01 6.365132331848144531e-01 5.397696495056152344e-01 5.477247238159179688e-01 4.316989779472351074e-01
7.187745571136474609e-01 6.089985370635986328e-01 6.068975329399108887e-01 5.548440217971801758e-01 5.731069445610046387e-01 5.450117588043212891e-01 6.365132331848144531e-01 6.458691358566284180e-01 6.233981847763061523e-01 5.012837052345275879e-01
7.187745571136474609e-01 7.347741723060607910e-01 6.068975329399108887e-01 5.548440217971801758e-01 5.731069445610046387e-01 5.450117588043212891e-01 6.365132331848144531e-01 6.260496973991394043e-01 6.233981847763061523e-01 5.012837052345275879e-01
7.187745571136474609e-01 6.089985370635986328e-01 6.068975329399108887e-01 5.548440217971801758e-01 5.731069445610046387e-01 5.450117588043212891e-01 6.365132331848144531e-01 6.458691358566284180e-01 6.233981847763061523e-01 5.012837052345275879e-01
7.187745571136474609e-01 7.347741723060607910e-01 6.068975329399108887e-01 5.548440217971801758e-01 5.731069445610046387e-01 5.450117588043212891e-01 6.365132331848144531e-01 6.260496973991394043e-01 6.233981847763061523e-01 5.012837052345275879e-01
7.187745571136474609e-01 6.089985370635986328e-01 6.068975329399108887e-01 5.548440217971801758e-01 5.731069445610046387e-01 5.450117588043212891e-01 6.365132331848144531e-01 6.458691358566284180e-01 6.233981847763061523e-01 5.012837052345275879e-01
4.693580269813537598e-01 3.236971497535705566e-01 4.963843822479248047e-01 4.994066953659057617e-01 5.068988800048828125e-01 4.180064201354980469e-01 4.816097319126129150e-01 3.212932050228118896e-01 4.806243479251861572e-01 2.694033980369567871e-01
5.058997273445129395e-01 2.901729345321655273e-01 4.852781891822814941e-01 4.811998009681701660e-01 5.068988800048828125e-01 4.604444801807403564e-01 4.191799759864807129e-01 4.290124773979187012e-01 4.806243479251861572e-01 3.564131259918212891e-01
5.058997273445129395e-01 3.898050189018249512e-01 4.852781891822814941e-01 4.811998009681701660e-01 5.068988800048828125e-01 4.604444801807403564e-01 5.075749158859252930e-01 4.522479474544525146e-01 4.806243479251861572e-01 5.856041908264160156e-01
6.008984446525573730e-01 6.905989050865173340e-01 4.983972609043121338e-01 6.745129227638244629e-01 5.068988800048828125e-01 5.076982975006103516e-01 4.816097319126129150e-01 5.533137917518615723e-01 4.806243479251861572e-01 7.064804434776306152e-01
5.617402195930480957e-01 4.787261784076690674e-01 4.852781891822814941e-01 5.567086338996887207e-01 5.068988800048828125e-01 4.364289939403533936e-01 4.191799759864807129e-01 3.887628018856048584e-01 4.806243479251861572e-01 5.000644326210021973e-01
5.617402195930480957e-01 5.096296072006225586e-01 4.852781891822814941e-01 5.567086338996887207e-01 5.068988800048828125e-01 4.561491310596466064e-01 4.191799759864807129e-01 3.887628018856048584e-01 4.806243479251861572e-01 4.863157868385314941e-01
4.731516540050506592e-01 5.434092283248901367e-01 3.880640864372253418e-01 4.971059858798980713e-01 4.625702202320098877e-01 5.382684469223022461e-01 4.778643250465393066e-01 5.310297012329101562e-01 4.806243479251861572e-01 5.310115218162536621e-01
5.704383254051208496e-01 4.911386072635650635e-01 3.880640864372253418e-01 4.550116360187530518e-01 4.625702202320098877e-01 5.041564106941223145e-01 4.778643250465393066e-01 5.150721669197082520e-01 4.806243479251861572e-01 4.273064732551574707e-01
3.508916795253753662e-01 3.766881227493286133e-01 4.194579124450683594e-01 4.550116360187530518e-01 4.010068476200103760e-01 3.366278707981109619e-01 4.046083688735961914e-01 3.634640574455261230e-01 4.806243479251861572e-01 3.538952469825744629e-01
3.508916795253753662e-01 3.766881227493286133e-01 4.194579124450683594e-01 4.550116360187530518e-01 4.010068476200103760e-01 3.366278707981109619e-01 4.046083688735961914e-01 3.634640574455261230e-01 4.806243479251861572e-01 4.647409617900848389e-01
4.395851492881774902e-01 5.907609462738037109e-01 4.194579124450683594e-01 4.550116360187530518e-01 5.969382524490356445e-01 5.940150022506713867e-01 5.369900465011596680e-01 6.248191595077514648e-01 4.806243479251861572e-01 4.647409617900848389e-01
5.625566244125366211e-01 3.809315860271453857e-01 4.379938840866088867e-01 5.409826636314392090e-01 4.625702202320098877e-01 5.005048513412475586e-01 5.292764902114868164e-01 5.310297012329101562e-01 4.806243479251861572e-01 6.878835558891296387e-01
3.971163928508758545e-01 3.907893598079681396e-01 4.339605271816253662e-01 4.041027128696441650e-01 4.625702202320098877e-01 3.867039680480957031e-01 4.191799759864807129e-01 4.290124773979187012e-01 4.806243479251861572e-01 4.096862673759460449e-01
4.552212655544281006e-01 5.117610096931457520e-01 5.446650981903076172e-01 3.953287005424499512e-01 4.625702202320098877e-01 5.785368680953979492e-01 4.816097319126129150e-01 5.533137917518615723e-01 4.806243479251861572e-01 5.821158289909362793e-01
4.552212655544281006e-01 5.604881644248962402e-01 5.446650981903076172e-01 4.530465304851531982e-01 4.625702202320098877e-01 5.785368680953979492e-01 4.816097319126129150e-01 5.533137917518615723e-01 4.806243479251861572e-01 5.238599777221679688e-01
4.731516540050506592e-01 4.126048386096954346e-01 3.880640864372253418e-01 5.371450781822204590e-01 4.625702202320098877e-01 4.827710688114166260e-01 4.778643250465393066e-01 5.310297012329101562e-01 4.806243479251861572e-01 5.153778195381164551e-01
4.911771416664123535e-01 5.464072823524475098e-01 4.379938840866088867e-01 5.409826636314392090e-01 4.625702202320098877e-01 4.827710688114166260e-01 5.292764902114868164e-01 5.996294021606445312e-01 4.806243479251861572e-01 6.036289334297180176e-01
4.731516540050506592e-01 4.126048386096954346e-01 3.880640864372253418e-01 5.371450781822204590e-01 4.625702202320098877e-01 4.827710688114166260e-01 4.778643250465393066e-01 5.310297012329101562e-01 4.806243479251861572e-01 5.153778195381164551e-01
4.658781886100769043e-01 5.536885261535644531e-01 3.880640864372253418e-01 5.371450781822204590e-01 4.625702202320098877e-01 4.827710688114166260e-01 4.778643250465393066e-01 5.310297012329101562e-01 4.806243479251861572e-01 5.020896196365356445e-01
4.542829990386962891e-01 3.826873898506164551e-01 4.351698458194732666e-01 4.779791235923767090e-01 4.564881026744842529e-01 3.884172737598419189e-01 4.778643250465393066e-01 4.844822585582733154e-01 4.806243479251861572e-01 4.989288747310638428e-01
7.430047392845153809e-01 6.754069924354553223e-01 4.194579124450683594e-01 5.561172962188720703e-01 5.969382524490356445e-01 6.396651864051818848e-01 5.699176192283630371e-01 5.609828233718872070e-01 4.806243479251861572e-01 5.769504308700561523e-01
5.471834540367126465e-01 5.779315829277038574e-01 5.117235779762268066e-01 5.371450781822204590e-01 5.068988800048828125e-01 5.845680832862854004e-01 4.778643250465393066e-01 5.310297012329101562e-01 4.806243479251861572e-01 5.919524431228637695e-01
4.731516540050506592e-01 4.992839694023132324e-01 3.880640864372253418e-01 5.371450781822204590e-01 4.625702202320098877e-01 5.205911993980407715e-01 4.778643250465393066e-01 5.310297012329101562e-01 4.806243479251861572e-01 5.810309052467346191e-01
4.731516540050506592e-01 4.992839694023132324e-01 3.880640864372253418e-01 5.371450781822204590e-01 4.625702202320098877e-01 5.205911993980407715e-01 4.778643250465393066e-01 5.310297012329101562e-01 4.806243479251861572e-01 5.810309052467346191e-01
4.339093565940856934e-01 4.632620215415954590e-01 4.468968510627746582e-01 4.041027128696441650e-01 4.625702202320098877e-01 4.604444801807403564e-01 4.191799759864807129e-01 5.612342953681945801e-01 4.806243479251861572e-01 4.490312635898590088e-01
4.552212655544281006e-01 6.402977108955383301e-01 4.982331395149230957e-01 4.532156288623809814e-01 4.625702202320098877e-01 5.076982975006103516e-01 4.816097319126129150e-01 5.533137917518615723e-01 4.806243479251861572e-01 5.874408483505249023e-01
4.217321276664733887e-01 6.444822549819946289e-01 4.982331395149230957e-01 3.953287005424499512e-01 4.625702202320098877e-01 5.076982975006103516e-01 4.816097319126129150e-01 5.533137917518615723e-01 4.806243479251861572e-01 5.475927591323852539e-01
4.285719990730285645e-01 5.426790118217468262e-01 5.446650981903076172e-01 5.735633969306945801e-01 4.625702202320098877e-01 5.785368680953979492e-01 4.816097319126129150e-01 5.533137917518615723e-01 4.806243479251861572e-01 3.416928648948669434e-01
3.955184519290924072e-01 4.059534668922424316e-01 4.339605271816253662e-01 4.621224701404571533e-01 4.625702202320098877e-01 3.700154721736907959e-01 4.191799759864807129e-01 4.290124773979187012e-01 4.806243479251861572e-01 4.079832732677459717e-01
4.992638826370239258e-01 4.272820353507995605e-01 5.418162941932678223e-01 7.263457775115966797e-01 4.564881026744842529e-01 5.785368680953979492e-01 4.816097319126129150e-01 5.533137917518615723e-01 4.806243479251861572e-01 4.744005203247070312e-01
4.992638826370239258e-01 5.307790040969848633e-01 4.767714142799377441e-01 4.530465304851531982e-01 4.564881026744842529e-01 5.785368680953979492e-01 4.816097319126129150e-01 6.791115403175354004e-01 5.853252410888671875e-01 2.995160222053527832e-01
3.413486778736114502e-01 2.913393676280975342e-01 4.306532144546508789e-01 3.805659711360931396e-01 4.564881026744842529e-01 4.834264814853668213e-01 4.816097319126129150e-01 6.450102329254150391e-01 3.968206644058227539e-01 3.903285861015319824e-01
3.413486778736114502e-01 2.913393676280975342e-01 4.306532144546508789e-01 4.186055660247802734e-01 4.564881026744842529e-01 4.834264814853668213e-01 4.816097319126129150e-01 4.413888752460479736e-01 3.968206644058227539e-01 3.903285861015319824e-01
5.291306972503662109e-01 5.190876722335815430e-01 6.068975329399108887e-01 5.548440217971801758e-01 5.731069445610046387e-01 5.450117588043212891e-01 6.365132331848144531e-01 5.399593114852905273e-01 6.233981847763061523e-01 4.754056632518768311e-01
5.291306972503662109e-01 6.575205922126770020e-01 6.068975329399108887e-01 5.548440217971801758e-01 5.731069445610046387e-01 5.450117588043212891e-01 6.365132331848144531e-01 6.260496973991394043e-01 6.233981847763061523e-01 4.754056632518768311e-01
5.291306972503662109e-01 5.190876722335815430e-01 6.068975329399108887e-01 5.548440217971801758e-01 5.731069445610046387e-01 5.450117588043212891e-01 6.365132331848144531e-01 5.399593114852905273e-01 6.233981847763061523e-01 4.754056632518768311e-01
4.180559217929840088e-01 6.528433561325073242e-01 4.963843822479248047e-01 4.378565549850463867e-01 5.068988800048828125e-01 4.180064201354980469e-01 4.816097319126129150e-01 4.357314705848693848e-01 4.806243479251861572e-01 6.161236763000488281e-01
4.693580269813537598e-01 5.503634810447692871e-01 5.448278784751892090e-01 6.018345355987548828e-01 5.068988800048828125e-01 4.375403821468353271e-01 5.930868983268737793e-01 4.238365292549133301e-01 4.806243479251861572e-01 6.868350505828857422e-01
7.283552885055541992e-01 6.085716485977172852e-01 5.448278784751892090e-01 6.708192229270935059e-01 5.068988800048828125e-01 6.956430673599243164e-01 5.930868983268737793e-01 6.529344320297241211e-01 6.014291644096374512e-01 7.954616546630859375e-01
8.203412890434265137e-01 6.227253675460815430e-01 5.444038510322570801e-01 5.521408915519714355e-01 5.068988800048828125e-01 7.008649110794067383e-01 4.778643250465393066e-01 5.953446030616760254e-01 5.076782703399658203e-01 7.056828737258911133e-01
6.020285487174987793e-01 5.059844255447387695e-01 5.988710522651672363e-01 4.625892341136932373e-01 5.068988800048828125e-01 5.803602933883666992e-01 4.778643250465393066e-01 4.505561590194702148e-01 4.806243479251861572e-01 5.422096252441406250e-01
6.219838857650756836e-01 5.059844255447387695e-01 5.988710522651672363e-01 4.625892341136932373e-01 5.068988800048828125e-01 5.803602933883666992e-01 4.778643250465393066e-01 5.111669898033142090e-01 4.806243479251861572e-01 5.422096252441406250e-01
6.262488365173339844e-01 6.291242241859436035e-01 6.350541710853576660e-01 5.756389498710632324e-01 6.684203147888183594e-01 6.640725135803222656e-01 6.365132331848144531e-01 6.334936022758483887e-01 5.477247238159179688e-01 7.588062882423400879e-01
6.635801792144775391e-01 6.393941640853881836e-01 6.350541710853576660e-01 6.846066713333129883e-01 6.684203147888183594e-01 6.640725135803222656e-01 6.365132331848144531e-01 7.258099317550659180e-01 6.233981847763061523e-01 6.973420977592468262e-01
5.160868167877197266e-01 3.984179198741912842e-01 6.350541710853576660e-01 4.431194663047790527e-01 5.000000000000000000e-01 5.247725248336791992e-01 5.000000000000000000e-01 4.410429596900939941e-01 5.132308602333068848e-01 2.981002628803253174e-01
5.560650825500488281e-01 6.002893447875976562e-01 5.261144042015075684e-01 6.846066713333129883e-01 4.625702202320098877e-01 5.216488242149353027e-01 5.292764902114868164e-01 5.588344335556030273e-01 5.545783638954162598e-01 5.888512134552001953e-01
4.489063024520874023e-01 2.406500130891799927e-01 4.355710148811340332e-01 3.681892454624176025e-01 4.625702202320098877e-01 4.585808813571929932e-01 5.292764902114868164e-01 3.177703619003295898e-01 4.735548794269561768e-01 2.504622638225555420e-01
3.946358859539031982e-01 2.406500130891799927e-01 4.355710148811340332e-01 4.625892341136932373e-01 4.625702202320098877e-01 4.585808813571929932e-01 4.778643250465393066e-01 4.625989198684692383e-01 4.806243479251861572e-01 2.090500891208648682e-01
4.089704155921936035e-01 2.766889035701751709e-01 4.355710148811340332e-01 3.681892454624176025e-01 4.625702202320098877e-01 4.585808813571929932e-01 5.292764902114868164e-01 3.785975277423858643e-01 4.735548794269561768e-01 3.158292770385742188e-01
5.171126127243041992e-01 5.775878429412841797e-01 5.796463489532470703e-01 6.138541698455810547e-01 4.564881026744842529e-01 5.216488242149353027e-01 5.292764902114868164e-01 5.588344335556030273e-01 5.545783638954162598e-01 6.271030306816101074e-01
5.171126127243041992e-01 5.775878429412841797e-01 5.796463489532470703e-01 6.138541698455810547e-01 4.564881026744842529e-01 5.216488242149353027e-01 5.292764902114868164e-01 5.588344335556030273e-01 5.545783638954162598e-01 6.271030306816101074e-01
5.171126127243041992e-01 5.775878429412841797e-01 5.796463489532470703e-01 6.138541698455810547e-01 4.564881026744842529e-01 5.216488242149353027e-01 5.292764902114868164e-01 5.588344335556030273e-01 5.545783638954162598e-01 6.271030306816101074e-01
5.171126127243041992e-01 5.775878429412841797e-01 5.796463489532470703e-01 6.138541698455810547e-01 4.564881026744842529e-01 5.216488242149353027e-01 5.292764902114868164e-01 5.588344335556030273e-01 5.545783638954162598e-01 6.271030306816101074e-01
5.171126127243041992e-01 5.775878429412841797e-01 5.796463489532470703e-01 6.138541698455810547e-01 4.564881026744842529e-01 5.216488242149353027e-01 5.292764902114868164e-01 5.588344335556030273e-01 5.545783638954162598e-01 6.271030306816101074e-01
5.171126127243041992e-01 5.775878429412841797e-01 5.796463489532470703e-01 6.138541698455810547e-01 4.564881026744842529e-01 5.216488242149353027e-01 5.292764902114868164e-01 5.588344335556030273e-01 5.545783638954162598e-01 6.271030306816101074e-01
4.180559217929840088e-01 4.390021562576293945e-01 3.702192902565002441e-01 4.625892341136932373e-01 4.564881026744842529e-01 4.585808813571929932e-01 4.778643250465393066e-01 4.625989198684692383e-01 4.735548794269561768e-01 4.154837131500244141e-01
4.496344625949859619e-01 4.589796066284179688e-01 4.584312438964843750e-01 4.625892341136932373e-01 4.625702202320098877e-01 4.585808813571929932e-01 4.778643250465393066e-01 4.819277524948120117e-01 4.806243479251861572e-01 2.444024533033370972e-01
2.866784632205963135e-01 3.509600460529327393e-01 4.584312438964843750e-01 3.466091752052307129e-01 4.625702202320098877e-01 2.576371133327484131e-01 4.778643250465393066e-01 4.090028703212738037e-01 4.806243479251861572e-01 2.674992680549621582e-01
4.310427010059356689e-01 5.439443588256835938e-01 4.194579124450683594e-01 3.466091752052307129e-01 4.010068476200103760e-01 3.366278707981109619e-01 4.046083688735961914e-01 3.855465352535247803e-01 4.806243479251861572e-01 4.273064732551574707e-01
6.386730074882507324e-01 7.023172378540039062e-01 4.194579124450683594e-01 4.971059858798980713e-01 5.969382524490356445e-01 5.241406559944152832e-01 5.369900465011596680e-01 5.612162351608276367e-01 4.806243479251861572e-01 4.647409617900848389e-01
4.248882532119750977e-01 5.657124519348144531e-01 3.880640864372253418e-01 4.971059858798980713e-01 4.625702202320098877e-01 4.299803674221038818e-01 4.778643250465393066e-01 4.651377201080322266e-01 4.806243479251861572e-01 4.647409617900848389e-01
7.039659023284912109e-01 5.610944628715515137e-01 4.485680460929870605e-01 4.797313809394836426e-01 5.000000000000000000e-01 5.237109065055847168e-01 6.611808538436889648e-01 5.609828233718872070e-01 4.806243479251861572e-01 5.607758164405822754e-01
4.632418751716613770e-01 4.377284049987792969e-01 4.355710148811340332e-01 4.625892341136932373e-01 4.625702202320098877e-01 4.585808813571929932e-01 4.778643250465393066e-01 5.111669898033142090e-01 4.806243479251861572e-01 2.986086010932922363e-01
4.599110782146453857e-01 2.231469750404357910e-01 4.355710148811340332e-01 4.894571900367736816e-01 4.625702202320098877e-01 4.585808813571929932e-01 5.292764902114868164e-01 5.111669898033142090e-01 4.806243479251861572e-01 2.377326637506484985e-01
3.564056754112243652e-01 2.589698433876037598e-01 4.355710148811340332e-01 3.321140110492706299e-01 4.625702202320098877e-01 4.585808813571929932e-01 5.292764902114868164e-01 5.835099816322326660e-01 4.735548794269561768e-01 2.645471990108489990e-01
5.860183238983154297e-01 5.017607212066650391e-01 5.281656384468078613e-01 4.625892341136932373e-01 4.625702202320098877e-01 5.216488242149353027e-01 4.778643250465393066e-01 5.111669898033142090e-01 4.806243479251861572e-01 4.798698127269744873e-01
4.391153156757354736e-01 3.807515203952789307e-01 4.355710148811340332e-01 4.625892341136932373e-01 4.625702202320098877e-01 4.585808813571929932e-01 4.778643250465393066e-01 4.505561590194702148e-01 4.806243479251861572e-01 3.621652126312255859e-01
4.496344625949859619e-01 3.490794599056243896e-01 4.584312438964843750e-01 4.044593274593353271e-01 4.625702202320098877e-01 4.585808813571929932e-01 4.778643250465393066e-01 4.505561590194702148e-01 4.806243479251861572e-01 3.098628520965576172e-01
6.824059486389160156e-01 5.707561969757080078e-01 4.194579124450683594e-01 5.561172962188720703e-01 5.969382524490356445e-01 6.396651864051818848e-01 5.699176192283630371e-01 5.609828233718872070e-01 4.806243479251861572e-01 5.153778195381164551e-01
4.658781886100769043e-01 4.606810808181762695e-01 4.379938840866088867e-01 6.960610747337341309e-01 4.625702202320098877e-01 5.205911993980407715e-01 4.778643250465393066e-01 5.310297012329101562e-01 4.806243479251861572e-01 5.680340528488159180e-01
5.471834540367126465e-01 5.779315829277038574e-01 4.351698458194732666e-01 5.371450781822204590e-01 4.564881026744842529e-01 5.845680832862854004e-01 4.778643250465393066e-01 5.310297012329101562e-01 4.806243479251861572e-01 5.919524431228637695e-01
5.471834540367126465e-01 5.908686518669128418e-01 4.351698458194732666e-01 5.561172962188720703e-01 4.564881026744842529e-01 5.845680832862854004e-01 4.778643250465393066e-01 5.310297012329101562e-01 4.806243479251861572e-01 6.387203335762023926e-01
4.731516540050506592e-01 4.992839694023132324e-01 3.880640864372253418e-01 4.780780971050262451e-01 4.625702202320098877e-01 5.205911993980407715e-01 4.778643250465393066e-01 5.310297012329101562e-01 4.806243479251861572e-01 5.810309052467346191e-01
3.971163928508758545e-01 4.007601141929626465e-01 4.339605271816253662e-01 4.621224701404571533e-01 4.625702202320098877e-01 4.604444801807403564e-01 4.191799759864807129e-01 4.290124773979187012e-01 4.806243479251861572e-01 5.257310271263122559e-01
5.814269185066223145e-01 6.967606544494628906e-01 4.982331395149230957e-01 4.532156288623809814e-01 4.625702202320098877e-01 5.076982975006103516e-01 4.816097319126129150e-01 5.778385400772094727e-01 5.853252410888671875e-01 5.521906614303588867e-01
5.860183238983154297e-01 7.001113891601562500e-01 4.982331395149230957e-01 4.378565549850463867e-01 4.625702202320098877e-01 4.834264814853668213e-01 4.816097319126129150e-01 5.089723467826843262e-01 5.853252410888671875e-01 4.958003163337707520e-01
3.564056754112243652e-01 4.164465665817260742e-01 5.446650981903076172e-01 4.378565549850463867e-01 4.625702202320098877e-01 4.180064201354980469e-01 4.816097319126129150e-01 4.483830332756042480e-01 5.853252410888671875e-01 2.531113028526306152e-01
