5.254838466644287109e-01 5.996586084365844727e-01 5.809962749481201172e-01 6.055314540863037109e-01 5.873900651931762695e-01 4.971001148223876953e-01 6.642916798591613770e-01 5.952296853065490723e-01 5.217602849006652832e-01 5.838729739189147949e-01
4.926455020904541016e-01 3.916618227958679199e-01 4.845592975616455078e-01 5.006240010261535645e-01 4.395181238651275635e-01 4.134512245655059814e-01 4.869099855422973633e-01 3.118093311786651611e-01 5.010265111923217773e-01 5.338740944862365723e-01
4.926455020904541016e-01 4.628241360187530518e-01 5.118383765220642090e-01 5.006240010261535645e-01 4.963750243186950684e-01 5.282440185546875000e-01 4.962723255157470703e-01 4.533735811710357666e-01 5.010265111923217773e-01 5.338740944862365723e-01
4.926455020904541016e-01 3.916618227958679199e-01 4.845592975616455078e-01 5.006240010261535645e-01 4.395181238651275635e-01 4.134512245655059814e-01 4.869099855422973633e-01 3.118093311786651611e-01 5.010265111923217773e-01 5.338740944862365723e-01
5.052928328514099121e-01 7.373182177543640137e-01 5.699068903923034668e-01 5.006240010261535645e-01 4.146786928176879883e-01 4.850198924541473389e-01 4.927149415016174316e-01 6.286446452140808105e-01 5.535247921943664551e-01 4.810046851634979248e-01
5.254838466644287109e-01 5.081272721290588379e-01 5.805873870849609375e-01 5.093730092048645020e-01 5.909075736999511719e-01 5.425683856010437012e-01 4.246939420700073242e-01 3.401492834091186523e-01 5.010265111923217773e-01 4.171653985977172852e-01
5.254838466644287109e-01 5.081272721290588379e-01 5.805873870849609375e-01 5.093730092048645020e-01 5.909075736999511719e-01 5.425683856010437012e-01 4.246939420700073242e-01 3.401492834091186523e-01 5.010265111923217773e-01 4.171653985977172852e-01
5.254838466644287109e-01 4.373815059661865234e-01 5.451257228851318359e-01 5.093730092048645020e-01 5.326322913169860840e-01 4.422032535076141357e-01 4.475594758987426758e-01 3.524597287178039551e-01 5.217602849006652832e-01 5.089497566223144531e-01
5.254838466644287109e-01 4.373815059661865234e-01 5.451257228851318359e-01 5.093730092048645020e-01 5.326322913169860840e-01 4.422032535076141357e-01 4.475594758987426758e-01 3.524597287178039551e-01 5.217602849006652832e-01 5.089497566223144531e-01
4.926455020904541016e-01 4.787780046463012695e-01 5.059540271759033203e-01 5.006240010261535645e-01 5.289990901947021484e-01 5.256122350692749023e-01 5.195115804672241211e-01 4.871074557304382324e-01 5.217602849006652832e-01 4.740652740001678467e-01
5.254838466644287109e-01 6.601498126983642578e-01 5.809962749481201172e-01 6.055314540863037109e-01 6.636872887611389160e-01 5.444242954254150391e-01 6.927349567413330078e-01 6.159312725067138672e-01 5.217602849006652832e-01 5.838729739189147949e-01
5.254838466644287109e-01 5.996586084365844727e-01 5.809962749481201172e-01 6.055314540863037109e-01 5.873900651931762695e-01 4.971001148223876953e-01 6.642916798591613770e-01 5.952296853065490723e-01 5.217602849006652832e-01 5.838729739189147949e-01
5.254838466644287109e-01 4.557525515556335449e-01 5.174071192741394043e-01 5.286658406257629395e-01 4.768448472023010254e-01 4.713831245899200439e-01 5.483855605125427246e-01 5.785772204399108887e-01 5.217602849006652832e-01 5.312638878822326660e-01
5.254838466644287109e-01 4.673728644847869873e-01 4.809561371803283691e-01 5.286658406257629395e-01 4.821718633174896240e-01 4.716182649135589600e-01 5.483855605125427246e-01 5.221784114837646484e-01 5.217602849006652832e-01 5.413494110107421875e-01
5.254838466644287109e-01 4.557525515556335449e-01 5.174071192741394043e-01 5.286658406257629395e-01 4.768448472023010254e-01 4.713831245899200439e-01 5.483855605125427246e-01 5.785772204399108887e-01 5.217602849006652832e-01 5.312638878822326660e-01
5.254838466644287109e-01 5.029200911521911621e-01 4.809561371803283691e-01 5.286658406257629395e-01 5.121661424636840820e-01 4.713831245899200439e-01 5.483855605125427246e-01 5.110278725624084473e-01 5.217602849006652832e-01 5.577390193939208984e-01
5.254838466644287109e-01 4.557525515556335449e-01 5.174071192741394043e-01 5.286658406257629395e-01 4.768448472023010254e-01 4.713831245899200439e-01 5.483855605125427246e-01 5.785772204399108887e-01 5.217602849006652832e-01 5.312638878822326660e-01
5.254838466644287109e-01 4.557525515556335449e-01 5.174071192741394043e-01 5.286658406257629395e-01 4.768448472023010254e-01 4.713831245899200439e-01 5.483855605125427246e-01 5.785772204399108887e-01 5.217602849006652832e-01 5.312638878822326660e-01
5.254838466644287109e-01 4.557525515556335449e-01 5.174071192741394043e-01 5.286658406257629395e-01 4.768448472023010254e-01 4.713831245899200439e-01 5.483855605125427246e-01 5.785772204399108887e-01 5.217602849006652832e-01 5.312638878822326660e-01
5.254838466644287109e-01 5.029200911521911621e-01 4.809561371803283691e-01 5.286658406257629395e-01 5.121661424636840820e-01 4.713831245899200439e-01 5.483855605125427246e-01 5.110278725624084473e-01 5.217602849006652832e-01 5.577390193939208984e-01
5.254838466644287109e-01 5.107094645500183105e-01 5.471599698066711426e-01 5.286658406257629395e-01 5.336180925369262695e-01 5.114104747772216797e-01 5.483855605125427246e-01 5.602641701698303223e-01 5.010265111923217773e-01 5.335938930511474609e-01
4.372489154338836670e-01 4.617885649204254150e-01 5.252605080604553223e-01 5.970285534858703613e-01 5.620040297508239746e-01 5.300747752189636230e-01 5.766387581825256348e-01 5.089524984359741211e-01 4.922152459621429443e-01 4.062753021717071533e-01
4.372489154338836670e-01 4.617885649204254150e-01 5.252605080604553223e-01 5.970285534858703613e-01 5.620040297508239746e-01 5.300747752189636230e-01 5.766387581825256348e-01 5.089524984359741211e-01 4.922152459621429443e-01 4.062753021717071533e-01
5.115352869033813477e-01 5.040459036827087402e-01 5.383287668228149414e-01 5.970285534858703613e-01 5.646366477012634277e-01 4.931837618350982666e-01 5.766387581825256348e-01 5.089524984359741211e-01 4.922152459621429443e-01 3.990058600902557373e-01
5.115352869033813477e-01 3.440921604633331299e-01 4.853444993495941162e-01 3.848499357700347900e-01 4.196301102638244629e-01 4.333927035331726074e-01 4.109938442707061768e-01 3.895576894283294678e-01 4.117451012134552002e-01 5.696223974227905273e-01
5.115352869033813477e-01 5.637024044990539551e-01 5.653149485588073730e-01 5.970285534858703613e-01 5.321913361549377441e-01 5.405358076095581055e-01 5.766387581825256348e-01 5.089524984359741211e-01 4.922152459621429443e-01 6.001263260841369629e-01
5.115352869033813477e-01 4.568134546279907227e-01 4.142512381076812744e-01 3.848499357700347900e-01 4.196301102638244629e-01 4.764608442783355713e-01 4.109938442707061768e-01 3.976929485797882080e-01 4.117451012134552002e-01 5.407082438468933105e-01
5.115352869033813477e-01 3.316658139228820801e-01 4.142512381076812744e-01 3.848499357700347900e-01 2.741211354732513428e-01 3.721466064453125000e-01 3.441258370876312256e-01 3.675590157508850098e-01 4.117451012134552002e-01 3.885179758071899414e-01
5.115352869033813477e-01 7.985271811485290527e-01 5.662018656730651855e-01 5.970285534858703613e-01 6.628448367118835449e-01 5.639435052871704102e-01 5.766387581825256348e-01 7.579077482223510742e-01 4.922152459621429443e-01 4.864154458045959473e-01
5.115352869033813477e-01 6.538841724395751953e-01 3.609781861305236816e-01 4.763382375240325928e-01 6.594128012657165527e-01 5.200000405311584473e-01 5.766387581825256348e-01 6.596464514732360840e-01 4.922152459621429443e-01 3.734942674636840820e-01
5.115352869033813477e-01 5.745359063148498535e-01 5.653149485588073730e-01 4.763382375240325928e-01 5.283756852149963379e-01 5.531138777732849121e-01 5.766387581825256348e-01 3.908572494983673096e-01 4.922152459621429443e-01 5.383306145668029785e-01
5.115352869033813477e-01 3.316658139228820801e-01 4.142512381076812744e-01 3.848499357700347900e-01 2.741211354732513428e-01 3.721466064453125000e-01 3.441258370876312256e-01 3.675590157508850098e-01 4.117451012134552002e-01 3.885179758071899414e-01
4.372489154338836670e-01 3.530126214027404785e-01 3.582241535186767578e-01 3.848499357700347900e-01 3.480474054813385010e-01 3.294079303741455078e-01 3.441258370876312256e-01 3.674746751785278320e-01 4.117451012134552002e-01 4.393633604049682617e-01
4.372489154338836670e-01 5.663035511970520020e-01 5.084169507026672363e-01 4.763382375240325928e-01 5.728030800819396973e-01 5.892755985260009766e-01 5.766387581825256348e-01 4.364273250102996826e-01 4.922152459621429443e-01 4.278207421302795410e-01
5.115352869033813477e-01 5.745359063148498535e-01 5.653149485588073730e-01 4.763382375240325928e-01 5.283756852149963379e-01 5.531138777732849121e-01 5.766387581825256348e-01 3.908572494983673096e-01 4.922152459621429443e-01 5.383306145668029785e-01
5.254838466644287109e-01 4.548065662384033203e-01 4.616152942180633545e-01 5.286658406257629395e-01 5.274868607521057129e-01 4.934533238410949707e-01 5.483855605125427246e-01 5.275053381919860840e-01 5.010265111923217773e-01 4.831767678260803223e-01
5.254838466644287109e-01 6.019345521926879883e-01 5.169877409934997559e-01 5.286658406257629395e-01 5.439767837524414062e-01 5.219122767448425293e-01 5.483855605125427246e-01 5.602641701698303223e-01 5.010265111923217773e-01 5.918573141098022461e-01
5.254838466644287109e-01 4.548065662384033203e-01 4.616152942180633545e-01 5.286658406257629395e-01 5.274868607521057129e-01 4.934533238410949707e-01 5.483855605125427246e-01 5.275053381919860840e-01 5.010265111923217773e-01 4.831767678260803223e-01
5.254838466644287109e-01 5.910660624504089355e-01 4.897094964981079102e-01 5.286658406257629395e-01 5.850806832313537598e-01 4.934533238410949707e-01 5.483855605125427246e-01 5.275053381919860840e-01 5.010265111923217773e-01 5.098621845245361328e-01
5.254838466644287109e-01 6.799542903900146484e-01 5.740384459495544434e-01 5.286658406257629395e-01 5.824567079544067383e-01 5.585837960243225098e-01 5.483855605125427246e-01 5.602641701698303223e-01 5.010265111923217773e-01 6.296604275703430176e-01
5.254838466644287109e-01 6.733084321022033691e-01 5.740384459495544434e-01 5.286658406257629395e-01 6.113245487213134766e-01 4.666557908058166504e-01 5.483855605125427246e-01 5.275053381919860840e-01 5.010265111923217773e-01 5.557835698127746582e-01
5.254838466644287109e-01 4.235656261444091797e-01 4.160601496696472168e-01 5.286658406257629395e-01 5.318217277526855469e-01 4.719824492931365967e-01 5.483855605125427246e-01 5.602641701698303223e-01 5.010265111923217773e-01 3.620961010456085205e-01
5.254838466644287109e-01 4.235656261444091797e-01 4.160601496696472168e-01 5.286658406257629395e-01 5.318217277526855469e-01 4.719824492931365967e-01 5.483855605125427246e-01 5.602641701698303223e-01 5.010265111923217773e-01 3.620961010456085205e-01
5.254838466644287109e-01 5.031173825263977051e-01 5.471599698066711426e-01 5.286658406257629395e-01 5.633311271667480469e-01 4.198615252971649170e-01 5.483855605125427246e-01 5.275053381919860840e-01 5.010265111923217773e-01 4.891948699951171875e-01
5.254838466644287109e-01 4.161671400070190430e-01 5.191227793693542480e-01 5.286658406257629395e-01 5.052711963653564453e-01 4.198615252971649170e-01 5.483855605125427246e-01 5.275053381919860840e-01 5.010265111923217773e-01 4.625702500343322754e-01
5.254838466644287109e-01 5.031173825263977051e-01 5.471599698066711426e-01 5.286658406257629395e-01 5.633311271667480469e-01 4.198615252971649170e-01 5.483855605125427246e-01 5.275053381919860840e-01 5.010265111923217773e-01 4.891948699951171875e-01
5.254838466644287109e-01 4.821646511554718018e-01 4.897094964981079102e-01 5.286658406257629395e-01 5.362805128097534180e-01 4.745067954063415527e-01 5.483855605125427246e-01 5.602641701698303223e-01 5.010265111923217773e-01 5.260648727416992188e-01
5.254838466644287109e-01 4.821646511554718018e-01 4.897094964981079102e-01 5.286658406257629395e-01 5.362805128097534180e-01 4.745067954063415527e-01 5.483855605125427246e-01 5.602641701698303223e-01 5.010265111923217773e-01 5.260648727416992188e-01
7.202610373497009277e-01 8.140769004821777344e-01 7.438086867332458496e-01 5.286658406257629395e-01 7.359697222709655762e-01 7.501937747001647949e-01 6.601468324661254883e-01 5.197776556015014648e-01 6.580328345298767090e-01 6.172794699668884277e-01
5.254838466644287109e-01 6.019345521926879883e-01 5.169877409934997559e-01 5.286658406257629395e-01 5.439767837524414062e-01 5.219122767448425293e-01 5.483855605125427246e-01 5.602641701698303223e-01 5.010265111923217773e-01 5.918573141098022461e-01
5.254838466644287109e-01 6.450180411338806152e-01 4.573248028755187988e-01 5.286658406257629395e-01 5.439767837524414062e-01 5.285349488258361816e-01 5.483855605125427246e-01 5.602641701698303223e-01 4.003338217735290527e-01 4.490597248077392578e-01
5.890369415283203125e-01 7.985183596611022949e-01 8.238554000854492188e-01 5.286658406257629395e-01 6.956858038902282715e-01 8.362674713134765625e-01 6.601468324661254883e-01 5.610287785530090332e-01 6.580328345298767090e-01 8.199571967124938965e-01
6.599673032760620117e-01 6.301697492599487305e-01 3.956231176853179932e-01 5.286658406257629395e-01 7.068057656288146973e-01 6.270112395286560059e-01 5.483855605125427246e-01 7.937473654747009277e-01 4.003338217735290527e-01 4.718676209449768066e-01
4.372489154338836670e-01 6.628091335296630859e-01 5.081096887588500977e-01 5.970285534858703613e-01 6.968836188316345215e-01 5.639435052871704102e-01 5.766387581825256348e-01 7.579077482223510742e-01 4.922152459621429443e-01 5.261409282684326172e-01
4.372489154338836670e-01 5.775409340858459473e-01 5.523754358291625977e-01 5.970285534858703613e-01 5.708812475204467773e-01 5.769367814064025879e-01 5.766387581825256348e-01 5.089524984359741211e-01 4.922152459621429443e-01 6.376324295997619629e-01
4.372489154338836670e-01 5.775409340858459473e-01 5.523754358291625977e-01 5.970285534858703613e-01 5.708812475204467773e-01 5.769367814064025879e-01 5.766387581825256348e-01 5.089524984359741211e-01 4.922152459621429443e-01 6.376324295997619629e-01
4.372489154338836670e-01 5.775409340858459473e-01 5.523754358291625977e-01 5.970285534858703613e-01 5.708812475204467773e-01 5.769367814064025879e-01 5.766387581825256348e-01 5.089524984359741211e-01 4.922152459621429443e-01 6.376324295997619629e-01
4.372489154338836670e-01 4.780990779399871826e-01 4.390248656272888184e-01 3.848499357700347900e-01 4.581510722637176514e-01 5.271556377410888672e-01 4.109938442707061768e-01 3.976929485797882080e-01 4.117451012134552002e-01 5.134084224700927734e-01
4.372489154338836670e-01 5.708807110786437988e-01 4.864270687103271484e-01 5.970285534858703613e-01 5.708812475204467773e-01 5.834057331085205078e-01 5.766387581825256348e-01 5.089524984359741211e-01 4.922152459621429443e-01 5.884013772010803223e-01
4.372489154338836670e-01 5.775409340858459473e-01 5.523754358291625977e-01 5.970285534858703613e-01 5.708812475204467773e-01 5.769367814064025879e-01 5.766387581825256348e-01 5.089524984359741211e-01 4.922152459621429443e-01 6.376324295997619629e-01
5.254838466644287109e-01 4.595232605934143066e-01 4.143915772438049316e-01 5.286658406257629395e-01 5.034216642379760742e-01 4.325421750545501709e-01 5.483855605125427246e-01 5.221784114837646484e-01 5.217602849006652832e-01 3.113147318363189697e-01
5.254838466644287109e-01 5.322611927986145020e-01 4.809561371803283691e-01 5.286658406257629395e-01 5.239474177360534668e-01 5.190202593803405762e-01 5.483855605125427246e-01 5.221784114837646484e-01 5.217602849006652832e-01 6.066067218780517578e-01
5.254838466644287109e-01 5.322611927986145020e-01 4.809561371803283691e-01 5.286658406257629395e-01 5.239474177360534668e-01 5.190202593803405762e-01 5.483855605125427246e-01 5.221784114837646484e-01 5.217602849006652832e-01 6.066067218780517578e-01
5.254838466644287109e-01 5.674855113029479980e-01 4.809561371803283691e-01 5.286658406257629395e-01 5.537614226341247559e-01 5.187846422195434570e-01 5.483855605125427246e-01 5.110278725624084473e-01 5.217602849006652832e-01 6.222914457321166992e-01
5.254838466644287109e-01 5.322611927986145020e-01 4.809561371803283691e-01 5.286658406257629395e-01 5.239474177360534668e-01 5.190202593803405762e-01 5.483855605125427246e-01 5.221784114837646484e-01 5.217602849006652832e-01 6.066067218780517578e-01
5.254838466644287109e-01 4.595232605934143066e-01 4.143915772438049316e-01 5.286658406257629395e-01 5.034216642379760742e-01 4.325421750545501709e-01 5.483855605125427246e-01 5.221784114837646484e-01 5.217602849006652832e-01 3.113147318363189697e-01
5.254838466644287109e-01 5.107094645500183105e-01 5.471599698066711426e-01 5.286658406257629395e-01 5.336180925369262695e-01 5.114104747772216797e-01 5.483855605125427246e-01 5.602641701698303223e-01 5.010265111923217773e-01 5.335938930511474609e-01
5.254838466644287109e-01 4.548065662384033203e-01 4.616152942180633545e-01 5.286658406257629395e-01 5.274868607521057129e-01 4.934533238410949707e-01 5.483855605125427246e-01 5.275053381919860840e-01 5.010265111923217773e-01 4.831767678260803223e-01
5.890369415283203125e-01 7.985183596611022949e-01 8.238554000854492188e-01 5.286658406257629395e-01 6.956858038902282715e-01 8.362674713134765625e-01 6.601468324661254883e-01 5.610287785530090332e-01 6.580328345298767090e-01 8.199571967124938965e-01
5.254838466644287109e-01 6.019345521926879883e-01 5.169877409934997559e-01 5.286658406257629395e-01 5.439767837524414062e-01 5.219122767448425293e-01 5.483855605125427246e-01 5.602641701698303223e-01 5.010265111923217773e-01 5.918573141098022461e-01
5.254838466644287109e-01 6.019345521926879883e-01 5.169877409934997559e-01 5.286658406257629395e-01 5.439767837524414062e-01 5.219122767448425293e-01 5.483855605125427246e-01 5.602641701698303223e-01 5.010265111923217773e-01 5.918573141098022461e-01
5.254838466644287109e-01 4.821646511554718018e-01 4.897094964981079102e-01 5.286658406257629395e-01 5.362805128097534180e-01 4.745067954063415527e-01 5.483855605125427246e-01 5.602641701698303223e-01 5.010265111923217773e-01 5.260648727416992188e-01
5.254838466644287109e-01 6.019345521926879883e-01 5.169877409934997559e-01 5.286658406257629395e-01 5.439767837524414062e-01 5.219122767448425293e-01 5.483855605125427246e-01 5.602641701698303223e-01 5.010265111923217773e-01 5.918573141098022461e-01
5.115352869033813477e-01 7.335174679756164551e-01 4.887263178825378418e-01 5.970285534858703613e-01 6.628448367118835449e-01 6.741679310798645020e-01 5.766387581825256348e-01 7.579077482223510742e-01 4.922152459621429443e-01 5.382726788520812988e-01
5.115352869033813477e-01 7.985271811485290527e-01 5.662018656730651855e-01 5.970285534858703613e-01 6.628448367118835449e-01 5.639435052871704102e-01 5.766387581825256348e-01 7.579077482223510742e-01 4.922152459621429443e-01 4.864154458045959473e-01
5.115352869033813477e-01 4.568134546279907227e-01 4.142512381076812744e-01 3.848499357700347900e-01 4.196301102638244629e-01 4.764608442783355713e-01 4.109938442707061768e-01 3.976929485797882080e-01 4.117451012134552002e-01 5.407082438468933105e-01
5.115352869033813477e-01 2.420398145914077759e-01 4.613165557384490967e-01 3.848499357700347900e-01 3.089412748813629150e-01 4.872123599052429199e-01 3.732104599475860596e-01 5.298221707344055176e-01 5.332823991775512695e-01 4.857058227062225342e-01
5.000000000000000000e-01 5.706369280815124512e-01 5.501138567924499512e-01 3.681918084621429443e-01 3.508289456367492676e-01 5.260853767395019531e-01 4.960301518440246582e-01 4.796471297740936279e-01 5.923233032226562500e-01 5.992901921272277832e-01
5.000000000000000000e-01 5.706369280815124512e-01 5.501138567924499512e-01 3.681918084621429443e-01 3.508289456367492676e-01 5.260853767395019531e-01 4.960301518440246582e-01 4.796471297740936279e-01 5.923233032226562500e-01 5.992901921272277832e-01
5.000000000000000000e-01 5.439316630363464355e-01 4.242464900016784668e-01 4.804453253746032715e-01 6.078643202781677246e-01 5.731959342956542969e-01 6.549483537673950195e-01 6.225162148475646973e-01 5.923233032226562500e-01 5.038545727729797363e-01
5.000000000000000000e-01 5.439316630363464355e-01 4.242464900016784668e-01 4.804453253746032715e-01 6.078643202781677246e-01 5.731959342956542969e-01 6.549483537673950195e-01 6.225162148475646973e-01 5.923233032226562500e-01 5.038545727729797363e-01
4.372489154338836670e-01 4.336633980274200439e-01 4.318780899047851562e-01 4.212497770786285400e-01 5.837649703025817871e-01 5.273297429084777832e-01 4.962723255157470703e-01 4.913852214813232422e-01 4.922152459621429443e-01 5.224896073341369629e-01
4.372489154338836670e-01 5.171004533767700195e-01 5.084169507026672363e-01 5.065482854843139648e-01 4.479874074459075928e-01 5.273297429084777832e-01 4.962723255157470703e-01 5.002467036247253418e-01 4.922152459621429443e-01 5.029440522193908691e-01
4.372489154338836670e-01 5.047689080238342285e-01 4.890911579132080078e-01 5.065482854843139648e-01 4.739523530006408691e-01 5.246974229812622070e-01 5.195115804672241211e-01 4.871074557304382324e-01 4.922152459621429443e-01 5.238973498344421387e-01
4.372489154338836670e-01 5.161446928977966309e-01 5.935513377189636230e-01 5.311051607131958008e-01 7.558866739273071289e-01 5.078441500663757324e-01 5.159533023834228516e-01 4.493625760078430176e-01 5.000000000000000000e-01 4.534664154052734375e-01
5.000000000000000000e-01 5.967205762863159180e-01 6.437438726425170898e-01 5.311051607131958008e-01 7.766341567039489746e-01 6.756214499473571777e-01 7.514795660972595215e-01 7.144623398780822754e-01 6.778688430786132812e-01 7.373025417327880859e-01
5.000000000000000000e-01 6.111594438552856445e-01 7.202208042144775391e-01 4.804453253746032715e-01 6.120104193687438965e-01 5.877293944358825684e-01 5.195066332817077637e-01 4.410044848918914795e-01 5.000000000000000000e-01 5.092612504959106445e-01
5.000000000000000000e-01 3.994616270065307617e-01 6.165606379508972168e-01 3.976233899593353271e-01 4.681234955787658691e-01 3.592533171176910400e-01 4.001670777797698975e-01 5.176650285720825195e-01 4.922152459621429443e-01 3.126904964447021484e-01
4.372489154338836670e-01 5.047689080238342285e-01 4.890911579132080078e-01 5.065482854843139648e-01 4.739523530006408691e-01 5.246974229812622070e-01 5.195115804672241211e-01 4.871074557304382324e-01 4.922152459621429443e-01 5.238973498344421387e-01
4.372489154338836670e-01 5.047689080238342285e-01 4.890911579132080078e-01 5.065482854843139648e-01 4.739523530006408691e-01 5.246974229812622070e-01 5.195115804672241211e-01 4.871074557304382324e-01 4.922152459621429443e-01 5.238973498344421387e-01
4.372489154338836670e-01 4.923502206802368164e-01 2.581612467765808105e-01 5.065482854843139648e-01 4.739523530006408691e-01 4.578031301498413086e-01 5.195115804672241211e-01 5.487600564956665039e-01 4.922152459621429443e-01 4.335944652557373047e-01
4.372489154338836670e-01 4.923502206802368164e-01 2.581612467765808105e-01 5.065482854843139648e-01 4.739523530006408691e-01 4.578031301498413086e-01 5.195115804672241211e-01 5.487600564956665039e-01 4.922152459621429443e-01 4.335944652557373047e-01
4.372489154338836670e-01 2.950527071952819824e-01 2.606426477432250977e-01 5.311051607131958008e-01 6.650992631912231445e-01 5.805643796920776367e-01 5.159582495689392090e-01 5.736992955207824707e-01 5.462306737899780273e-01 4.892827570438385010e-01
4.926455020904541016e-01 4.787780046463012695e-01 5.059540271759033203e-01 5.006240010261535645e-01 5.289990901947021484e-01 5.256122350692749023e-01 5.195115804672241211e-01 4.871074557304382324e-01 5.217602849006652832e-01 4.740652740001678467e-01
4.926455020904541016e-01 3.448323309421539307e-01 3.843290805816650391e-01 5.006240010261535645e-01 4.489224553108215332e-01 4.861787557601928711e-01 5.195115804672241211e-01 4.871074557304382324e-01 5.217602849006652832e-01 4.514916241168975830e-01
4.926455020904541016e-01 4.787780046463012695e-01 5.059540271759033203e-01 5.006240010261535645e-01 5.289990901947021484e-01 5.256122350692749023e-01 5.195115804672241211e-01 4.871074557304382324e-01 5.217602849006652832e-01 4.740652740001678467e-01
5.052928328514099121e-01 5.057127475738525391e-01 4.701237380504608154e-01 5.006240010261535645e-01 4.695914983749389648e-01 4.850198924541473389e-01 5.159582495689392090e-01 5.124265551567077637e-01 5.535247921943664551e-01 3.592742979526519775e-01
4.926455020904541016e-01 4.787780046463012695e-01 5.059540271759033203e-01 5.006240010261535645e-01 5.289990901947021484e-01 5.256122350692749023e-01 5.195115804672241211e-01 4.871074557304382324e-01 5.217602849006652832e-01 4.740652740001678467e-01
4.926455020904541016e-01 4.787780046463012695e-01 5.059540271759033203e-01 5.006240010261535645e-01 5.289990901947021484e-01 5.256122350692749023e-01 5.195115804672241211e-01 4.871074557304382324e-01 5.217602849006652832e-01 4.740652740001678467e-01
4.926455020904541016e-01 4.787780046463012695e-01 5.059540271759033203e-01 5.006240010261535645e-01 5.289990901947021484e-01 5.256122350692749023e-01 5.195115804672241211e-01 4.871074557304382324e-01 5.217602849006652832e-01 4.740652740001678467e-01
5.052928328514099121e-01 6.656562685966491699e-01 4.367888271808624268e-01 5.006240010261535645e-01 4.350987374782562256e-01 4.850198924541473389e-01 5.159582495689392090e-01 4.369996786117553711e-01 5.535247921943664551e-01 5.051465630531311035e-01
4.926455020904541016e-01 4.831482768058776855e-01 3.689691722393035889e-01 5.006240010261535645e-01 5.289990901947021484e-01 4.587138295173645020e-01 5.195115804672241211e-01 4.285342991352081299e-01 4.003338217735290527e-01 3.381938040256500244e-01
4.926455020904541016e-01 4.831482768058776855e-01 3.689691722393035889e-01 5.006240010261535645e-01 5.289990901947021484e-01 4.587138295173645020e-01 5.195115804672241211e-01 4.285342991352081299e-01 4.003338217735290527e-01 3.381938040256500244e-01
4.926455020904541016e-01 3.448323309421539307e-01 3.843290805816650391e-01 5.006240010261535645e-01 4.489224553108215332e-01 4.861787557601928711e-01 5.195115804672241211e-01 4.871074557304382324e-01 5.217602849006652832e-01 4.514916241168975830e-01
4.926455020904541016e-01 3.448323309421539307e-01 3.843290805816650391e-01 5.006240010261535645e-01 4.489224553108215332e-01 4.861787557601928711e-01 5.195115804672241211e-01 4.871074557304382324e-01 5.217602849006652832e-01 4.514916241168975830e-01
4.926455020904541016e-01 3.834588825702667236e-01 3.843290805816650391e-01 5.006240010261535645e-01 4.383743107318878174e-01 3.732938766479492188e-01 4.869099855422973633e-01 4.385220706462860107e-01 5.217602849006652832e-01 3.869305253028869629e-01
4.926455020904541016e-01 4.787780046463012695e-01 5.059540271759033203e-01 5.006240010261535645e-01 5.289990901947021484e-01 5.256122350692749023e-01 5.195115804672241211e-01 4.871074557304382324e-01 5.217602849006652832e-01 4.740652740001678467e-01
4.926455020904541016e-01 5.176941156387329102e-01 3.843290805816650391e-01 5.006240010261535645e-01 4.913742244243621826e-01 5.125269293785095215e-01 4.869099855422973633e-01 5.197467207908630371e-01 5.217602849006652832e-01 4.925937056541442871e-01
5.052928328514099121e-01 5.057127475738525391e-01 4.701237380504608154e-01 5.006240010261535645e-01 4.695914983749389648e-01 4.850198924541473389e-01 5.159582495689392090e-01 5.124265551567077637e-01 5.535247921943664551e-01 3.592742979526519775e-01
4.926455020904541016e-01 4.787780046463012695e-01 5.059540271759033203e-01 5.006240010261535645e-01 5.289990901947021484e-01 5.256122350692749023e-01 5.195115804672241211e-01 4.871074557304382324e-01 5.217602849006652832e-01 4.740652740001678467e-01
4.926455020904541016e-01 4.787780046463012695e-01 5.059540271759033203e-01 5.006240010261535645e-01 5.289990901947021484e-01 5.256122350692749023e-01 5.195115804672241211e-01 4.871074557304382324e-01 5.217602849006652832e-01 4.740652740001678467e-01
4.926455020904541016e-01 4.831482768058776855e-01 3.689691722393035889e-01 5.006240010261535645e-01 5.289990901947021484e-01 4.587138295173645020e-01 5.195115804672241211e-01 4.285342991352081299e-01 4.003338217735290527e-01 3.381938040256500244e-01
5.052928328514099121e-01 5.057127475738525391e-01 4.701237380504608154e-01 5.006240010261535645e-01 4.695914983749389648e-01 4.850198924541473389e-01 5.159582495689392090e-01 5.124265551567077637e-01 5.535247921943664551e-01 3.592742979526519775e-01
4.926455020904541016e-01 4.831482768058776855e-01 3.689691722393035889e-01 5.006240010261535645e-01 5.289990901947021484e-01 4.587138295173645020e-01 5.195115804672241211e-01 4.285342991352081299e-01 4.003338217735290527e-01 3.381938040256500244e-01
5.052928328514099121e-01 5.738551020622253418e-01 3.441456854343414307e-01 5.006240010261535645e-01 4.350987374782562256e-01 5.200843811035156250e-01 5.159582495689392090e-01 4.447305500507354736e-01 5.535247921943664551e-01 5.828117132186889648e-01
4.372489154338836670e-01 5.046763420104980469e-01 4.988265931606292725e-01 5.311051607131958008e-01 6.333947777748107910e-01 5.805643796920776367e-01 5.159582495689392090e-01 5.650076270103454590e-01 5.462306737899780273e-01 6.216635704040527344e-01
5.000000000000000000e-01 5.725405216217041016e-01 5.635444521903991699e-01 5.311051607131958008e-01 5.872649550437927246e-01 4.379757940769195557e-01 5.152173042297363281e-01 4.111581146717071533e-01 5.236653089523315430e-01 5.806536674499511719e-01
5.000000000000000000e-01 4.411413967609405518e-01 4.375930428504943848e-01 4.804453253746032715e-01 5.502257943153381348e-01 3.820493221282958984e-01 4.001670777797698975e-01 4.029905200004577637e-01 4.922152459621429443e-01 4.451418519020080566e-01
5.000000000000000000e-01 6.474633812904357910e-01 6.701187491416931152e-01 4.804453253746032715e-01 5.837649703025817871e-01 6.059775352478027344e-01 4.001670777797698975e-01 4.490225017070770264e-01 4.922152459621429443e-01 4.964908361434936523e-01
4.372489154338836670e-01 5.171004533767700195e-01 5.084169507026672363e-01 5.065482854843139648e-01 4.479874074459075928e-01 5.273297429084777832e-01 4.962723255157470703e-01 5.002467036247253418e-01 4.922152459621429443e-01 5.029440522193908691e-01
4.372489154338836670e-01 6.516254544258117676e-01 5.464169979095458984e-01 5.065482854843139648e-01 3.492803573608398438e-01 4.879000484943389893e-01 4.962723255157470703e-01 5.002467036247253418e-01 4.922152459621429443e-01 5.448449254035949707e-01
4.372489154338836670e-01 4.840553700923919678e-01 5.192552804946899414e-01 5.065482854843139648e-01 3.161804974079132080e-01 3.525032103061676025e-01 4.869099855422973633e-01 4.425071477890014648e-01 4.922152459621429443e-01 4.844935834407806396e-01
4.372489154338836670e-01 5.171004533767700195e-01 5.084169507026672363e-01 5.065482854843139648e-01 4.479874074459075928e-01 5.273297429084777832e-01 4.962723255157470703e-01 5.002467036247253418e-01 4.922152459621429443e-01 5.029440522193908691e-01
4.926455020904541016e-01 3.642030060291290283e-01 3.680492639541625977e-01 5.006240010261535645e-01 3.964947164058685303e-01 3.533409535884857178e-01 4.869099855422973633e-01 4.425071477890014648e-01 5.010265111923217773e-01 4.649740457534790039e-01
4.926455020904541016e-01 3.642030060291290283e-01 3.680492639541625977e-01 5.006240010261535645e-01 3.964947164058685303e-01 3.533409535884857178e-01 4.869099855422973633e-01 4.425071477890014648e-01 5.010265111923217773e-01 4.649740457534790039e-01
4.926455020904541016e-01 5.679787993431091309e-01 4.074813425540924072e-01 5.006240010261535645e-01 5.066697001457214355e-01 4.622370600700378418e-01 6.262413263320922852e-01 5.748397111892700195e-01 5.010265111923217773e-01 4.649740457534790039e-01
4.926455020904541016e-01 5.679787993431091309e-01 4.074813425540924072e-01 5.006240010261535645e-01 5.066697001457214355e-01 4.622370600700378418e-01 6.262413263320922852e-01 5.748397111892700195e-01 5.010265111923217773e-01 4.649740457534790039e-01
