7.980173230171203613e-01 8.500038385391235352e-01 6.726058125495910645e-01 6.808950901031494141e-01 7.921950221061706543e-01 6.650119423866271973e-01 6.670188903808593750e-01 7.756283283233642578e-01 8.877412676811218262e-01 6.472954154014587402e-01
8.743478059768676758e-01 8.634050488471984863e-01 6.726058125495910645e-01 6.808950901031494141e-01 7.872381210327148438e-01 6.650119423866271973e-01 6.670188903808593750e-01 7.454386949539184570e-01 7.992309331893920898e-01 7.240533232688903809e-01
5.436478257179260254e-01 6.489180326461791992e-01 4.539127945899963379e-01 6.808950901031494141e-01 7.270603179931640625e-01 4.562571048736572266e-01 4.524084925651550293e-01 5.492108464241027832e-01 4.556345641613006592e-01 6.436655521392822266e-01
4.821715354919433594e-01 7.228869199752807617e-01 4.539127945899963379e-01 6.808950901031494141e-01 5.081493854522705078e-01 4.562571048736572266e-01 4.524084925651550293e-01 5.492108464241027832e-01 6.593679189682006836e-01 5.150205492973327637e-01
4.626848697662353516e-01 5.413122773170471191e-01 4.539127945899963379e-01 4.448534250259399414e-01 4.608576297760009766e-01 4.562571048736572266e-01 4.524084925651550293e-01 5.492108464241027832e-01 5.536488294601440430e-01 6.436655521392822266e-01
4.626848697662353516e-01 5.413122773170471191e-01 4.539127945899963379e-01 4.448534250259399414e-01 6.110498905181884766e-01 4.562571048736572266e-01 4.524084925651550293e-01 5.492108464241027832e-01 5.070194602012634277e-01 6.436655521392822266e-01
6.146900057792663574e-01 5.747905969619750977e-01 4.539127945899963379e-01 4.448534250259399414e-01 5.816789269447326660e-01 4.562571048736572266e-01 4.524084925651550293e-01 5.492108464241027832e-01 7.026640176773071289e-01 6.436655521392822266e-01
6.095677018165588379e-01 6.488641500473022461e-01 4.539127945899963379e-01 4.448534250259399414e-01 5.949444770812988281e-01 4.562571048736572266e-01 4.524084925651550293e-01 5.492108464241027832e-01 8.411330580711364746e-01 6.436655521392822266e-01
4.767870604991912842e-01 2.456482052803039551e-01 4.539127945899963379e-01 4.448534250259399414e-01 5.023066997528076172e-01 4.562571048736572266e-01 4.524084925651550293e-01 3.856350481510162354e-01 1.903110295534133911e-01 3.619837760925292969e-01
5.436478257179260254e-01 2.149613797664642334e-01 4.539127945899963379e-01 4.448534250259399414e-01 3.331288695335388184e-01 4.562571048736572266e-01 4.524084925651550293e-01 3.856350481510162354e-01 3.240571618080139160e-01 3.619837760925292969e-01
6.146900057792663574e-01 5.295746922492980957e-01 4.539127945899963379e-01 4.448534250259399414e-01 5.709404945373535156e-01 4.562571048736572266e-01 4.524084925651550293e-01 3.856350481510162354e-01 3.722208738327026367e-01 3.619837760925292969e-01
5.436478257179260254e-01 5.159010887145996094e-01 4.539127945899963379e-01 4.448534250259399414e-01 4.997694492340087891e-01 4.562571048736572266e-01 4.524084925651550293e-01 5.492108464241027832e-01 3.575931191444396973e-01 6.436655521392822266e-01
6.146900057792663574e-01 7.253674268722534180e-01 6.642625927925109863e-01 6.576023101806640625e-01 7.819976806640625000e-01 4.562571048736572266e-01 4.524084925651550293e-01 4.101234376430511475e-01 6.120194792747497559e-01 7.216589450836181641e-01
8.410392403602600098e-01 7.050251960754394531e-01 6.726058125495910645e-01 6.808950901031494141e-01 8.122787475585937500e-01 6.650119423866271973e-01 6.670188903808593750e-01 6.256250143051147461e-01 8.614862561225891113e-01 7.901870012283325195e-01
8.766989707946777344e-01 8.546805381774902344e-01 6.726058125495910645e-01 6.808950901031494141e-01 6.958016157150268555e-01 6.650119423866271973e-01 6.670188903808593750e-01 7.756283283233642578e-01 6.722213029861450195e-01 6.472954154014587402e-01
8.743478059768676758e-01 9.164088964462280273e-01 6.726058125495910645e-01 6.808950901031494141e-01 7.968950867652893066e-01 6.650119423866271973e-01 6.670188903808593750e-01 7.454386949539184570e-01 8.639597892761230469e-01 7.240533232688903809e-01
8.052757382392883301e-01 8.321657776832580566e-01 6.726058125495910645e-01 6.808950901031494141e-01 8.980940580368041992e-01 6.650119423866271973e-01 6.670188903808593750e-01 7.756283283233642578e-01 6.689466834068298340e-01 6.472954154014587402e-01
8.410392403602600098e-01 8.500038385391235352e-01 6.726058125495910645e-01 6.808950901031494141e-01 8.485885858535766602e-01 6.650119423866271973e-01 6.670188903808593750e-01 7.756283283233642578e-01 9.649530649185180664e-01 7.901870012283325195e-01
7.680788636207580566e-01 8.364771604537963867e-01 6.726058125495910645e-01 6.808950901031494141e-01 7.921950221061706543e-01 6.650119423866271973e-01 6.670188903808593750e-01 7.756283283233642578e-01 9.473102092742919922e-01 6.472954154014587402e-01
8.743478059768676758e-01 8.634330034255981445e-01 6.726058125495910645e-01 6.808950901031494141e-01 8.693281412124633789e-01 6.650119423866271973e-01 6.670188903808593750e-01 7.454386949539184570e-01 6.069648861885070801e-01 7.240533232688903809e-01
8.743478059768676758e-01 8.634330034255981445e-01 6.726058125495910645e-01 6.808950901031494141e-01 8.693281412124633789e-01 6.650119423866271973e-01 6.670188903808593750e-01 7.454386949539184570e-01 7.046861052513122559e-01 7.240533232688903809e-01
8.743478059768676758e-01 8.634330034255981445e-01 6.726058125495910645e-01 6.808950901031494141e-01 8.693281412124633789e-01 6.650119423866271973e-01 6.670188903808593750e-01 7.454386949539184570e-01 6.443310379981994629e-01 7.240533232688903809e-01
5.382905006408691406e-01 6.489180326461791992e-01 4.539127945899963379e-01 4.448534250259399414e-01 7.270603179931640625e-01 4.562571048736572266e-01 4.524084925651550293e-01 5.492108464241027832e-01 4.402612745761871338e-01 6.436655521392822266e-01
7.951070070266723633e-01 6.475638151168823242e-01 6.726058125495910645e-01 6.808950901031494141e-01 8.166297078132629395e-01 6.650119423866271973e-01 6.670188903808593750e-01 7.454386949539184570e-01 5.762299299240112305e-01 7.240533232688903809e-01
5.382905006408691406e-01 5.413122773170471191e-01 4.539127945899963379e-01 4.448534250259399414e-01 7.270603179931640625e-01 4.562571048736572266e-01 4.524084925651550293e-01 5.492108464241027832e-01 3.847975134849548340e-01 5.150205492973327637e-01
8.390993475914001465e-01 8.334893584251403809e-01 6.726058125495910645e-01 6.808950901031494141e-01 7.968950867652893066e-01 6.650119423866271973e-01 6.670188903808593750e-01 7.454386949539184570e-01 7.284107208251953125e-01 7.240533232688903809e-01
4.626848697662353516e-01 4.049132764339447021e-01 4.539127945899963379e-01 4.448534250259399414e-01 4.997694492340087891e-01 4.562571048736572266e-01 4.524084925651550293e-01 5.492108464241027832e-01 5.368661880493164062e-01 6.436655521392822266e-01
5.504664182662963867e-01 3.394992649555206299e-01 4.539127945899963379e-01 4.448534250259399414e-01 4.329397678375244141e-01 4.562571048736572266e-01 4.524084925651550293e-01 3.856350481510162354e-01 3.625357747077941895e-01 3.619837760925292969e-01
3.646968305110931396e-01 3.394992649555206299e-01 4.539127945899963379e-01 4.448534250259399414e-01 3.670366406440734863e-01 4.562571048736572266e-01 4.524084925651550293e-01 3.856350481510162354e-01 2.806723117828369141e-01 3.619837760925292969e-01
3.922278583049774170e-01 2.930436730384826660e-01 4.539127945899963379e-01 4.448534250259399414e-01 4.957701861858367920e-01 4.562571048736572266e-01 4.524084925651550293e-01 3.856350481510162354e-01 1.917829960584640503e-01 3.619837760925292969e-01
3.922278583049774170e-01 5.940533876419067383e-01 4.539127945899963379e-01 4.448534250259399414e-01 5.017995834350585938e-01 4.562571048736572266e-01 4.524084925651550293e-01 5.492108464241027832e-01 5.360038876533508301e-01 6.436655521392822266e-01
4.061122834682464600e-01 4.080490171909332275e-01 4.539127945899963379e-01 4.448534250259399414e-01 5.017995834350585938e-01 4.562571048736572266e-01 4.524084925651550293e-01 5.492108464241027832e-01 4.760576486587524414e-01 6.436655521392822266e-01
6.444503068923950195e-01 5.325419902801513672e-01 4.539127945899963379e-01 6.808950901031494141e-01 7.169202566146850586e-01 4.562571048736572266e-01 4.524084925651550293e-01 5.492108464241027832e-01 4.426139891147613525e-01 5.150205492973327637e-01
3.388375043869018555e-01 6.233265399932861328e-01 4.539127945899963379e-01 4.448534250259399414e-01 5.017995834350585938e-01 4.562571048736572266e-01 4.524084925651550293e-01 5.492108464241027832e-01 4.554726779460906982e-01 6.436655521392822266e-01
4.022930264472961426e-01 4.080490171909332275e-01 4.539127945899963379e-01 4.448534250259399414e-01 4.176676273345947266e-01 4.562571048736572266e-01 4.524084925651550293e-01 5.492108464241027832e-01 3.069713711738586426e-01 5.150205492973327637e-01
2.456160932779312134e-01 6.233265399932861328e-01 4.539127945899963379e-01 4.448534250259399414e-01 5.175238251686096191e-01 4.562571048736572266e-01 4.524084925651550293e-01 5.492108464241027832e-01 3.583944141864776611e-01 6.436655521392822266e-01
3.388375043869018555e-01 4.882599115371704102e-01 4.539127945899963379e-01 4.448534250259399414e-01 3.904427886009216309e-01 4.562571048736572266e-01 4.524084925651550293e-01 5.492108464241027832e-01 6.032343506813049316e-01 6.436655521392822266e-01
2.456160932779312134e-01 4.882599115371704102e-01 4.539127945899963379e-01 4.448534250259399414e-01 4.055178463459014893e-01 4.562571048736572266e-01 4.524084925651550293e-01 5.492108464241027832e-01 3.577936291694641113e-01 5.150205492973327637e-01
3.131233155727386475e-01 3.207746744155883789e-01 4.539127945899963379e-01 4.448534250259399414e-01 2.710148096084594727e-01 4.562571048736572266e-01 4.524084925651550293e-01 3.856350481510162354e-01 3.370835185050964355e-01 3.619837760925292969e-01
3.131233155727386475e-01 2.758113443851470947e-01 4.539127945899963379e-01 4.448534250259399414e-01 3.866422176361083984e-01 4.562571048736572266e-01 4.524084925651550293e-01 3.856350481510162354e-01 3.124582171440124512e-01 3.619837760925292969e-01
3.388375043869018555e-01 4.776134490966796875e-01 4.539127945899963379e-01 4.448534250259399414e-01 2.710148096084594727e-01 4.562571048736572266e-01 4.524084925651550293e-01 5.492108464241027832e-01 3.127432167530059814e-01 3.619837760925292969e-01
3.388375043869018555e-01 2.844085991382598877e-01 4.539127945899963379e-01 4.448534250259399414e-01 2.785742878913879395e-01 4.562571048736572266e-01 4.524084925651550293e-01 5.492108464241027832e-01 5.021522641181945801e-01 6.436655521392822266e-01
2.456160932779312134e-01 6.233265399932861328e-01 4.539127945899963379e-01 4.448534250259399414e-01 5.175238251686096191e-01 4.562571048736572266e-01 4.524084925651550293e-01 5.492108464241027832e-01 4.407018125057220459e-01 6.436655521392822266e-01
4.061122834682464600e-01 3.301345109939575195e-01 4.539127945899963379e-01 4.448534250259399414e-01 3.904427886009216309e-01 4.562571048736572266e-01 4.524084925651550293e-01 5.492108464241027832e-01 5.517950057983398438e-01 5.102073550224304199e-01
4.022930264472961426e-01 4.080490171909332275e-01 4.539127945899963379e-01 4.448534250259399414e-01 4.176676273345947266e-01 4.562571048736572266e-01 4.524084925651550293e-01 5.492108464241027832e-01 5.028056502342224121e-01 5.150205492973327637e-01
6.480099558830261230e-01 6.518063545227050781e-01 6.726058125495910645e-01 6.808950901031494141e-01 6.704702973365783691e-01 6.650119423866271973e-01 6.670188903808593750e-01 7.454386949539184570e-01 4.047538936138153076e-01 7.240533232688903809e-01
7.951070070266723633e-01 6.308907270431518555e-01 6.726058125495910645e-01 6.808950901031494141e-01 8.325186967849731445e-01 6.650119423866271973e-01 6.670188903808593750e-01 6.256250143051147461e-01 4.789270162582397461e-01 6.472954154014587402e-01
7.434457540512084961e-01 6.391102075576782227e-01 6.726058125495910645e-01 6.808950901031494141e-01 7.921950221061706543e-01 6.650119423866271973e-01 6.670188903808593750e-01 7.756283283233642578e-01 6.477249264717102051e-01 6.472954154014587402e-01
7.951070070266723633e-01 8.056524395942687988e-01 6.726058125495910645e-01 6.808950901031494141e-01 8.011847734451293945e-01 6.650119423866271973e-01 6.670188903808593750e-01 7.756283283233642578e-01 7.249807715415954590e-01 6.472954154014587402e-01
8.446943163871765137e-01 7.513560652732849121e-01 6.726058125495910645e-01 6.808950901031494141e-01 6.681299209594726562e-01 6.650119423866271973e-01 6.670188903808593750e-01 7.756283283233642578e-01 4.416559338569641113e-01 6.472954154014587402e-01
8.390993475914001465e-01 8.014594316482543945e-01 6.726058125495910645e-01 6.808950901031494141e-01 7.028501629829406738e-01 6.650119423866271973e-01 6.670188903808593750e-01 7.454386949539184570e-01 6.506543755531311035e-01 7.240533232688903809e-01
8.390993475914001465e-01 8.014594316482543945e-01 6.726058125495910645e-01 6.808950901031494141e-01 7.824556231498718262e-01 6.650119423866271973e-01 6.670188903808593750e-01 7.454386949539184570e-01 6.506543755531311035e-01 7.240533232688903809e-01
8.390993475914001465e-01 8.334893584251403809e-01 6.726058125495910645e-01 6.808950901031494141e-01 7.968950867652893066e-01 6.650119423866271973e-01 6.670188903808593750e-01 7.454386949539184570e-01 8.639597892761230469e-01 7.240533232688903809e-01
8.390993475914001465e-01 8.749951124191284180e-01 6.726058125495910645e-01 6.808950901031494141e-01 7.968950867652893066e-01 6.650119423866271973e-01 6.670188903808593750e-01 7.454386949539184570e-01 8.226573467254638672e-01 7.240533232688903809e-01
7.553896903991699219e-01 7.599480748176574707e-01 6.726058125495910645e-01 6.808950901031494141e-01 7.206872701644897461e-01 6.650119423866271973e-01 6.670188903808593750e-01 7.454386949539184570e-01 7.631126642227172852e-01 7.240533232688903809e-01
8.766989707946777344e-01 8.014218211174011230e-01 6.726058125495910645e-01 6.808950901031494141e-01 6.153415441513061523e-01 6.650119423866271973e-01 6.670188903808593750e-01 7.454386949539184570e-01 7.552033662796020508e-01 7.240533232688903809e-01
7.151023149490356445e-01 7.954798340797424316e-01 6.726058125495910645e-01 6.808950901031494141e-01 5.952649116516113281e-01 6.650119423866271973e-01 6.670188903808593750e-01 7.454386949539184570e-01 6.300310492515563965e-01 7.240533232688903809e-01
8.766989707946777344e-01 6.994710564613342285e-01 6.726058125495910645e-01 6.808950901031494141e-01 6.153415441513061523e-01 6.650119423866271973e-01 6.670188903808593750e-01 7.454386949539184570e-01 9.087567329406738281e-01 7.240533232688903809e-01
7.151023149490356445e-01 6.916016936302185059e-01 6.726058125495910645e-01 6.808950901031494141e-01 5.883094668388366699e-01 6.650119423866271973e-01 6.670188903808593750e-01 7.756283283233642578e-01 6.731389760971069336e-01 6.472954154014587402e-01
7.151023149490356445e-01 7.834644317626953125e-01 6.726058125495910645e-01 6.808950901031494141e-01 5.883094668388366699e-01 6.650119423866271973e-01 6.670188903808593750e-01 7.756283283233642578e-01 7.987506389617919922e-01 6.472954154014587402e-01
8.743478059768676758e-01 8.014594316482543945e-01 6.726058125495910645e-01 6.808950901031494141e-01 8.100757598876953125e-01 6.650119423866271973e-01 6.670188903808593750e-01 7.454386949539184570e-01 6.529899239540100098e-01 7.240533232688903809e-01
8.766989707946777344e-01 8.014594316482543945e-01 6.726058125495910645e-01 6.808950901031494141e-01 8.165841102600097656e-01 6.650119423866271973e-01 6.670188903808593750e-01 7.454386949539184570e-01 8.628247976303100586e-01 7.240533232688903809e-01
8.743478059768676758e-01 8.689519762992858887e-01 6.726058125495910645e-01 6.808950901031494141e-01 8.292526602745056152e-01 6.650119423866271973e-01 6.670188903808593750e-01 7.454386949539184570e-01 8.461899757385253906e-01 7.240533232688903809e-01
7.980173230171203613e-01 7.954798340797424316e-01 6.726058125495910645e-01 6.808950901031494141e-01 8.292526602745056152e-01 6.650119423866271973e-01 6.670188903808593750e-01 7.454386949539184570e-01 7.993406057357788086e-01 7.240533232688903809e-01
7.553896903991699219e-01 7.599480748176574707e-01 6.726058125495910645e-01 6.808950901031494141e-01 7.155453562736511230e-01 6.650119423866271973e-01 6.670188903808593750e-01 7.454386949539184570e-01 6.885849833488464355e-01 7.240533232688903809e-01
7.945175170898437500e-01 6.916016936302185059e-01 6.726058125495910645e-01 6.808950901031494141e-01 6.153415441513061523e-01 6.650119423866271973e-01 6.670188903808593750e-01 7.454386949539184570e-01 7.649502158164978027e-01 7.240533232688903809e-01
8.743478059768676758e-01 8.014594316482543945e-01 6.726058125495910645e-01 6.808950901031494141e-01 8.100757598876953125e-01 6.650119423866271973e-01 6.670188903808593750e-01 7.454386949539184570e-01 6.851208209991455078e-01 7.240533232688903809e-01
9.082168936729431152e-01 8.014594316482543945e-01 6.726058125495910645e-01 6.808950901031494141e-01 6.975177526473999023e-01 6.650119423866271973e-01 6.670188903808593750e-01 7.454386949539184570e-01 7.466204762458801270e-01 7.240533232688903809e-01
6.838274002075195312e-01 4.457996189594268799e-01 6.726058125495910645e-01 6.808950901031494141e-01 7.220334410667419434e-01 6.650119423866271973e-01 6.670188903808593750e-01 7.454386949539184570e-01 6.501436233520507812e-01 7.240533232688903809e-01
8.390993475914001465e-01 8.014594316482543945e-01 6.726058125495910645e-01 6.808950901031494141e-01 6.026162505149841309e-01 6.650119423866271973e-01 6.670188903808593750e-01 7.454386949539184570e-01 6.776381134986877441e-01 7.240533232688903809e-01
6.480099558830261230e-01 5.190727710723876953e-01 6.726058125495910645e-01 6.808950901031494141e-01 4.001464545726776123e-01 6.650119423866271973e-01 6.670188903808593750e-01 7.454386949539184570e-01 6.175321936607360840e-01 7.240533232688903809e-01
7.434457540512084961e-01 6.159313917160034180e-01 6.726058125495910645e-01 6.808950901031494141e-01 7.138895988464355469e-01 6.650119423866271973e-01 6.670188903808593750e-01 7.756283283233642578e-01 6.952649354934692383e-01 6.472954154014587402e-01
6.937212944030761719e-01 5.662163496017456055e-01 6.726058125495910645e-01 6.808950901031494141e-01 7.138895988464355469e-01 6.650119423866271973e-01 6.670188903808593750e-01 7.454386949539184570e-01 7.643568515777587891e-01 7.240533232688903809e-01
8.410392403602600098e-01 7.429738044738769531e-01 6.726058125495910645e-01 6.808950901031494141e-01 8.718632459640502930e-01 6.650119423866271973e-01 6.670188903808593750e-01 6.256250143051147461e-01 6.356084942817687988e-01 6.472954154014587402e-01
8.766989707946777344e-01 8.167369365692138672e-01 6.726058125495910645e-01 6.808950901031494141e-01 7.921950221061706543e-01 6.650119423866271973e-01 6.670188903808593750e-01 7.756283283233642578e-01 8.918579220771789551e-01 6.472954154014587402e-01
3.646968305110931396e-01 4.181864559650421143e-01 4.539127945899963379e-01 4.448534250259399414e-01 3.670366406440734863e-01 4.562571048736572266e-01 4.524084925651550293e-01 3.856350481510162354e-01 5.308406352996826172e-01 4.625318050384521484e-01
8.766989707946777344e-01 9.186555147171020508e-01 6.726058125495910645e-01 6.808950901031494141e-01 8.570323586463928223e-01 6.650119423866271973e-01 6.670188903808593750e-01 7.756283283233642578e-01 7.182600498199462891e-01 6.472954154014587402e-01
7.151023149490356445e-01 7.123465538024902344e-01 6.726058125495910645e-01 6.808950901031494141e-01 6.902974843978881836e-01 6.650119423866271973e-01 6.670188903808593750e-01 7.756283283233642578e-01 7.530116438865661621e-01 6.472954154014587402e-01
8.766989707946777344e-01 8.014218211174011230e-01 6.726058125495910645e-01 6.808950901031494141e-01 6.153415441513061523e-01 6.650119423866271973e-01 6.670188903808593750e-01 7.454386949539184570e-01 8.373662829399108887e-01 7.240533232688903809e-01
8.766989707946777344e-01 8.749951124191284180e-01 6.726058125495910645e-01 6.808950901031494141e-01 7.935287356376647949e-01 6.650119423866271973e-01 6.670188903808593750e-01 7.756283283233642578e-01 8.515242338180541992e-01 6.472954154014587402e-01
4.626848697662353516e-01 5.412535667419433594e-01 4.539127945899963379e-01 4.448534250259399414e-01 4.871416389942169189e-01 4.562571048736572266e-01 4.524084925651550293e-01 5.492108464241027832e-01 5.471380352973937988e-01 6.436655521392822266e-01
4.626848697662353516e-01 2.930436730384826660e-01 4.539127945899963379e-01 4.448534250259399414e-01 2.930584251880645752e-01 4.562571048736572266e-01 4.524084925651550293e-01 5.492108464241027832e-01 2.306308597326278687e-01 3.619837760925292969e-01
8.390993475914001465e-01 8.014594316482543945e-01 6.726058125495910645e-01 6.808950901031494141e-01 7.511152625083923340e-01 6.650119423866271973e-01 6.670188903808593750e-01 7.454386949539184570e-01 7.852423191070556641e-01 7.240533232688903809e-01
7.151023149490356445e-01 7.954798340797424316e-01 6.726058125495910645e-01 6.808950901031494141e-01 5.952649116516113281e-01 6.650119423866271973e-01 6.670188903808593750e-01 7.454386949539184570e-01 6.300310492515563965e-01 7.240533232688903809e-01
3.585605919361114502e-01 7.179672718048095703e-01 6.642625927925109863e-01 6.576023101806640625e-01 6.820864677429199219e-01 6.507228016853332520e-01 5.719110369682312012e-01 7.536064982414245605e-01 6.060574650764465332e-01 7.216589450836181641e-01
3.646968305110931396e-01 4.234947562217712402e-01 4.539127945899963379e-01 4.448534250259399414e-01 3.615902960300445557e-01 4.562571048736572266e-01 4.524084925651550293e-01 3.856350481510162354e-01 3.233290314674377441e-01 3.619837760925292969e-01
4.074913859367370605e-01 2.522720396518707275e-01 4.539127945899963379e-01 4.448534250259399414e-01 3.470760285854339600e-01 4.562571048736572266e-01 4.524084925651550293e-01 3.856350481510162354e-01 1.225909739732742310e-01 3.619837760925292969e-01
4.680524766445159912e-01 2.930436730384826660e-01 4.539127945899963379e-01 4.448534250259399414e-01 2.761214673519134521e-01 4.562571048736572266e-01 4.524084925651550293e-01 3.856350481510162354e-01 2.016048580408096313e-01 3.619837760925292969e-01
4.680524766445159912e-01 5.829000473022460938e-01 4.539127945899963379e-01 4.595496952533721924e-01 3.167085349559783936e-01 6.507228016853332520e-01 5.719110369682312012e-01 5.717077851295471191e-01 5.815252065658569336e-01 3.619837760925292969e-01
5.133420228958129883e-01 6.100950241088867188e-01 5.566517114639282227e-01 5.392047166824340820e-01 2.663936614990234375e-01 5.577241778373718262e-01 6.766583323478698730e-01 4.939942955970764160e-01 4.673281610012054443e-01 3.605142235755920410e-01
4.680524766445159912e-01 2.930436730384826660e-01 4.539127945899963379e-01 4.448534250259399414e-01 2.541791796684265137e-01 4.562571048736572266e-01 4.524084925651550293e-01 3.856350481510162354e-01 2.806676626205444336e-01 3.619837760925292969e-01
7.151023149490356445e-01 7.954798340797424316e-01 6.726058125495910645e-01 6.808950901031494141e-01 5.952649116516113281e-01 6.650119423866271973e-01 6.670188903808593750e-01 7.454386949539184570e-01 7.973466515541076660e-01 7.240533232688903809e-01
7.151023149490356445e-01 6.916016936302185059e-01 6.726058125495910645e-01 6.808950901031494141e-01 4.832872450351715088e-01 6.650119423866271973e-01 6.670188903808593750e-01 7.454386949539184570e-01 8.571036458015441895e-01 7.240533232688903809e-01
8.446943163871765137e-01 8.014594316482543945e-01 6.726058125495910645e-01 6.808950901031494141e-01 7.155453562736511230e-01 6.650119423866271973e-01 6.670188903808593750e-01 7.454386949539184570e-01 7.006422877311706543e-01 7.240533232688903809e-01
5.137761235237121582e-01 4.181864559650421143e-01 4.539127945899963379e-01 4.448534250259399414e-01 2.790336906909942627e-01 4.562571048736572266e-01 4.524084925651550293e-01 3.856350481510162354e-01 3.594163656234741211e-01 3.619837760925292969e-01
3.646968305110931396e-01 3.855278491973876953e-01 4.539127945899963379e-01 4.448534250259399414e-01 2.761214673519134521e-01 4.562571048736572266e-01 4.524084925651550293e-01 3.856350481510162354e-01 1.198928728699684143e-01 3.619837760925292969e-01
3.352937996387481689e-01 2.522720396518707275e-01 4.539127945899963379e-01 4.448534250259399414e-01 3.968572318553924561e-01 4.562571048736572266e-01 4.524084925651550293e-01 3.856350481510162354e-01 2.930557131767272949e-01 3.619837760925292969e-01
3.922278583049774170e-01 3.394992649555206299e-01 4.539127945899963379e-01 4.448534250259399414e-01 4.178486466407775879e-01 4.562571048736572266e-01 4.524084925651550293e-01 3.856350481510162354e-01 3.100873529911041260e-01 3.619837760925292969e-01
2.907777428627014160e-01 3.394992649555206299e-01 4.539127945899963379e-01 4.448534250259399414e-01 2.225109189748764038e-01 4.562571048736572266e-01 4.524084925651550293e-01 3.856350481510162354e-01 1.870646029710769653e-01 3.619837760925292969e-01
3.922278583049774170e-01 3.394992649555206299e-01 4.539127945899963379e-01 4.448534250259399414e-01 2.710148096084594727e-01 4.562571048736572266e-01 4.524084925651550293e-01 3.856350481510162354e-01 5.480504631996154785e-01 3.619837760925292969e-01
6.438256502151489258e-01 4.050748646259307861e-01 4.539127945899963379e-01 4.448534250259399414e-01 4.178486466407775879e-01 4.562571048736572266e-01 4.524084925651550293e-01 4.177071154117584229e-01 5.000976324081420898e-01 4.298196434974670410e-01
5.855566263198852539e-01 3.565780222415924072e-01 4.539127945899963379e-01 4.448534250259399414e-01 5.860775113105773926e-01 4.562571048736572266e-01 4.524084925651550293e-01 4.177071154117584229e-01 3.279208540916442871e-01 4.298196434974670410e-01
6.480099558830261230e-01 7.355517745018005371e-01 6.726058125495910645e-01 6.808950901031494141e-01 5.952649116516113281e-01 6.650119423866271973e-01 6.670188903808593750e-01 7.454386949539184570e-01 4.557723701000213623e-01 7.240533232688903809e-01
8.766989707946777344e-01 8.014218211174011230e-01 6.726058125495910645e-01 6.808950901031494141e-01 8.251371383666992188e-01 6.650119423866271973e-01 6.670188903808593750e-01 7.756283283233642578e-01 7.902517914772033691e-01 6.472954154014587402e-01
4.080691933631896973e-01 4.181864559650421143e-01 4.539127945899963379e-01 4.448534250259399414e-01 4.276632964611053467e-01 4.562571048736572266e-01 4.524084925651550293e-01 3.856350481510162354e-01 4.610163867473602295e-01 3.619837760925292969e-01
5.855566263198852539e-01 3.565780222415924072e-01 4.539127945899963379e-01 4.448534250259399414e-01 3.968572318553924561e-01 4.562571048736572266e-01 4.524084925651550293e-01 4.177071154117584229e-01 2.060450464487075806e-01 4.298196434974670410e-01
9.183586835861206055e-01 7.689313888549804688e-01 6.726058125495910645e-01 6.808950901031494141e-01 6.767521500587463379e-01 6.650119423866271973e-01 6.670188903808593750e-01 6.329179406166076660e-01 7.797744274139404297e-01 6.678240299224853516e-01
8.650434017181396484e-01 7.689313888549804688e-01 6.726058125495910645e-01 6.808950901031494141e-01 8.292526602745056152e-01 6.650119423866271973e-01 6.670188903808593750e-01 6.329179406166076660e-01 7.868664860725402832e-01 6.678240299224853516e-01
6.613176465034484863e-01 6.490123271942138672e-01 6.726058125495910645e-01 6.808950901031494141e-01 6.248672008514404297e-01 6.650119423866271973e-01 6.670188903808593750e-01 6.329179406166076660e-01 7.559614181518554688e-01 6.678240299224853516e-01
7.985947132110595703e-01 7.689313888549804688e-01 6.726058125495910645e-01 6.808950901031494141e-01 6.248672008514404297e-01 6.650119423866271973e-01 6.670188903808593750e-01 6.329179406166076660e-01 6.485123038291931152e-01 6.678240299224853516e-01
9.222400784492492676e-01 7.865305542945861816e-01 6.726058125495910645e-01 6.808950901031494141e-01 8.292526602745056152e-01 6.650119423866271973e-01 6.670188903808593750e-01 6.329179406166076660e-01 8.111159205436706543e-01 6.678240299224853516e-01
8.620790839195251465e-01 6.799358725547790527e-01 6.726058125495910645e-01 6.808950901031494141e-01 7.554123401641845703e-01 6.650119423866271973e-01 6.670188903808593750e-01 6.329179406166076660e-01 9.442641735076904297e-01 6.678240299224853516e-01
7.985947132110595703e-01 7.689313888549804688e-01 6.726058125495910645e-01 6.808950901031494141e-01 8.917140960693359375e-01 6.650119423866271973e-01 6.670188903808593750e-01 6.329179406166076660e-01 6.191303133964538574e-01 6.678240299224853516e-01
7.784675359725952148e-01 7.689313888549804688e-01 6.726058125495910645e-01 6.808950901031494141e-01 7.164234519004821777e-01 6.650119423866271973e-01 6.670188903808593750e-01 6.329179406166076660e-01 7.911326885223388672e-01 6.678240299224853516e-01
7.985947132110595703e-01 7.689313888549804688e-01 6.726058125495910645e-01 6.808950901031494141e-01 6.248672008514404297e-01 6.650119423866271973e-01 6.670188903808593750e-01 6.329179406166076660e-01 7.749719619750976562e-01 6.678240299224853516e-01
7.784675359725952148e-01 7.689313888549804688e-01 6.726058125495910645e-01 6.808950901031494141e-01 6.248672008514404297e-01 6.650119423866271973e-01 6.670188903808593750e-01 6.329179406166076660e-01 8.140750527381896973e-01 6.678240299224853516e-01
9.552449584007263184e-01 8.689519762992858887e-01 6.726058125495910645e-01 6.808950901031494141e-01 8.292526602745056152e-01 6.650119423866271973e-01 6.670188903808593750e-01 6.329179406166076660e-01 8.111159205436706543e-01 6.678240299224853516e-01
8.446943163871765137e-01 6.572566032409667969e-01 6.726058125495910645e-01 6.808950901031494141e-01 5.792654156684875488e-01 6.650119423866271973e-01 6.670188903808593750e-01 6.329179406166076660e-01 6.657142043113708496e-01 6.678240299224853516e-01
9.183586835861206055e-01 7.689313888549804688e-01 6.726058125495910645e-01 6.808950901031494141e-01 7.670155167579650879e-01 6.650119423866271973e-01 6.670188903808593750e-01 6.329179406166076660e-01 7.841435670852661133e-01 6.678240299224853516e-01
9.183586835861206055e-01 7.689313888549804688e-01 6.726058125495910645e-01 6.808950901031494141e-01 8.917140960693359375e-01 6.650119423866271973e-01 6.670188903808593750e-01 6.329179406166076660e-01 6.506829261779785156e-01 6.678240299224853516e-01
8.650434017181396484e-01 7.689313888549804688e-01 6.726058125495910645e-01 6.808950901031494141e-01 8.292526602745056152e-01 6.650119423866271973e-01 6.670188903808593750e-01 6.329179406166076660e-01 8.140750527381896973e-01 6.678240299224853516e-01
5.278998017311096191e-01 4.931185841560363770e-01 4.539127945899963379e-01 4.448534250259399414e-01 5.529055595397949219e-01 4.562571048736572266e-01 4.524084925651550293e-01 4.177071154117584229e-01 2.270491272211074829e-01 4.466629922389984131e-01
4.977348446846008301e-01 4.050748646259307861e-01 4.539127945899963379e-01 4.448534250259399414e-01 5.648347139358520508e-01 4.562571048736572266e-01 4.524084925651550293e-01 4.177071154117584229e-01 2.787806093692779541e-01 3.053897321224212646e-01
4.977348446846008301e-01 4.050748646259307861e-01 4.539127945899963379e-01 4.448534250259399414e-01 5.648347139358520508e-01 4.562571048736572266e-01 4.524084925651550293e-01 5.361756682395935059e-01 5.134584307670593262e-01 4.793321490287780762e-01
3.718464076519012451e-01 1.901020556688308716e-01 4.539127945899963379e-01 4.448534250259399414e-01 4.897436797618865967e-01 4.562571048736572266e-01 4.524084925651550293e-01 4.177071154117584229e-01 2.421076595783233643e-01 3.053897321224212646e-01
