4.457364380359649658e-01 4.584611356258392334e-01 4.726701080799102783e-01 4.721134305000305176e-01 3.788406848907470703e-01 2.900834977626800537e-01 5.203226804733276367e-01 4.200084209442138672e-01 4.749328494071960449e-01 4.799596369266510010e-01
4.811766147613525391e-01 4.584611356258392334e-01 4.726701080799102783e-01 4.721134305000305176e-01 5.750034451484680176e-01 4.783153235912322998e-01 5.203226804733276367e-01 3.723181486129760742e-01 4.749328494071960449e-01 4.799596369266510010e-01
4.526775181293487549e-01 4.584611356258392334e-01 4.991966187953948975e-01 4.721134305000305176e-01 5.240861177444458008e-01 4.783153235912322998e-01 5.203226804733276367e-01 4.998304247856140137e-01 4.749328494071960449e-01 4.799596369266510010e-01
4.605660438537597656e-01 4.584611356258392334e-01 4.726701080799102783e-01 5.760920643806457520e-01 5.774161815643310547e-01 4.769657254219055176e-01 5.988103151321411133e-01 5.442425012588500977e-01 5.494870543479919434e-01 6.058945059776306152e-01
6.669650077819824219e-01 6.528236865997314453e-01 6.263767480850219727e-01 5.760920643806457520e-01 6.239753365516662598e-01 5.579530000686645508e-01 5.988103151321411133e-01 6.223405599594116211e-01 5.494870543479919434e-01 6.058945059776306152e-01
6.940363645553588867e-01 6.528236865997314453e-01 5.933793783187866211e-01 4.778981804847717285e-01 5.054088830947875977e-01 5.827987194061279297e-01 4.522734582424163818e-01 6.326439976692199707e-01 5.494870543479919434e-01 5.081217288970947266e-01
6.431241035461425781e-01 4.715920686721801758e-01 6.150283813476562500e-01 4.778981804847717285e-01 4.754818081855773926e-01 6.458874344825744629e-01 4.522734582424163818e-01 5.272983312606811523e-01 4.749328494071960449e-01 4.799596369266510010e-01
3.734574317932128906e-01 4.715920686721801758e-01 4.606729745864868164e-01 4.778981804847717285e-01 4.074255228042602539e-01 5.283878445625305176e-01 4.522734582424163818e-01 4.743331968784332275e-01 4.749328494071960449e-01 4.799596369266510010e-01
3.601603209972381592e-01 4.715920686721801758e-01 4.606729745864868164e-01 4.778981804847717285e-01 3.487604260444641113e-01 4.564097225666046143e-01 4.522734582424163818e-01 3.604200184345245361e-01 4.749328494071960449e-01 4.799596369266510010e-01
3.784813284873962402e-01 4.715920686721801758e-01 4.270866215229034424e-01 4.778981804847717285e-01 3.487604260444641113e-01 4.655836522579193115e-01 4.522734582424163818e-01 4.743331968784332275e-01 4.749328494071960449e-01 4.799596369266510010e-01
4.040959179401397705e-01 4.715920686721801758e-01 4.726701080799102783e-01 4.778981804847717285e-01 4.754818081855773926e-01 4.846359491348266602e-01 4.522734582424163818e-01 4.998304247856140137e-01 4.749328494071960449e-01 4.799596369266510010e-01
4.040959179401397705e-01 4.715920686721801758e-01 4.726701080799102783e-01 4.778981804847717285e-01 4.754818081855773926e-01 4.846359491348266602e-01 4.522734582424163818e-01 4.998304247856140137e-01 4.749328494071960449e-01 4.799596369266510010e-01
3.482688963413238525e-01 4.715920686721801758e-01 4.726701080799102783e-01 4.778981804847717285e-01 4.754818081855773926e-01 4.843326210975646973e-01 4.522734582424163818e-01 4.458745121955871582e-01 4.749328494071960449e-01 4.799596369266510010e-01
4.833714663982391357e-01 4.715920686721801758e-01 4.726701080799102783e-01 4.778981804847717285e-01 4.754818081855773926e-01 4.846359491348266602e-01 4.522734582424163818e-01 5.199410915374755859e-01 5.494870543479919434e-01 5.081217288970947266e-01
4.359235763549804688e-01 4.715920686721801758e-01 5.175712704658508301e-01 4.778981804847717285e-01 4.754818081855773926e-01 5.389760136604309082e-01 4.522734582424163818e-01 5.539825558662414551e-01 4.749328494071960449e-01 4.799596369266510010e-01
4.558509290218353271e-01 4.715920686721801758e-01 5.722878575325012207e-01 4.778981804847717285e-01 4.754818081855773926e-01 4.843326210975646973e-01 4.522734582424163818e-01 4.658361673355102539e-01 5.494870543479919434e-01 5.081217288970947266e-01
5.065428018569946289e-01 4.715920686721801758e-01 5.161488652229309082e-01 4.778981804847717285e-01 5.741120576858520508e-01 6.221978068351745605e-01 4.522734582424163818e-01 6.907922029495239258e-01 5.494870543479919434e-01 5.081217288970947266e-01
6.250737905502319336e-01 4.715920686721801758e-01 4.715295135974884033e-01 4.778981804847717285e-01 5.056572556495666504e-01 4.843326210975646973e-01 4.522734582424163818e-01 3.512734174728393555e-01 5.494870543479919434e-01 5.081217288970947266e-01
7.950935959815979004e-01 4.715920686721801758e-01 7.797363996505737305e-01 4.778981804847717285e-01 4.754818081855773926e-01 4.751177132129669189e-01 4.522734582424163818e-01 5.733306407928466797e-01 7.137854695320129395e-01 5.081217288970947266e-01
1.762887537479400635e-01 4.715920686721801758e-01 4.423448443412780762e-01 4.778981804847717285e-01 4.997288286685943604e-01 4.573692083358764648e-01 4.522734582424163818e-01 3.948653936386108398e-01 4.749328494071960449e-01 4.799596369266510010e-01
4.696133732795715332e-01 4.715920686721801758e-01 3.985779881477355957e-01 4.778981804847717285e-01 3.487604260444641113e-01 5.107212662696838379e-01 4.522734582424163818e-01 5.018056631088256836e-01 4.749328494071960449e-01 4.799596369266510010e-01
1.860976368188858032e-01 4.715920686721801758e-01 3.985779881477355957e-01 4.778981804847717285e-01 3.487604260444641113e-01 3.871242702007293701e-01 4.522734582424163818e-01 3.948653936386108398e-01 4.749328494071960449e-01 4.799596369266510010e-01
2.553527355194091797e-01 4.715920686721801758e-01 4.375018477439880371e-01 4.778981804847717285e-01 3.487604260444641113e-01 3.871242702007293701e-01 4.522734582424163818e-01 3.948653936386108398e-01 4.749328494071960449e-01 4.799596369266510010e-01
4.041488170623779297e-01 4.715920686721801758e-01 4.726701080799102783e-01 4.778981804847717285e-01 5.121911764144897461e-01 4.579181075096130371e-01 4.522734582424163818e-01 4.899656176567077637e-01 5.494870543479919434e-01 5.081217288970947266e-01
4.971352219581604004e-01 4.715920686721801758e-01 5.281589031219482422e-01 4.721134305000305176e-01 5.426242351531982422e-01 4.783153235912322998e-01 5.203226804733276367e-01 4.998304247856140137e-01 4.749328494071960449e-01 4.799596369266510010e-01
5.709283947944641113e-01 4.584611356258392334e-01 5.722878575325012207e-01 5.760920643806457520e-01 6.864270567893981934e-01 6.074082255363464355e-01 5.988103151321411133e-01 6.368411779403686523e-01 5.494870543479919434e-01 6.058945059776306152e-01
6.539424061775207520e-01 6.528236865997314453e-01 6.394363045692443848e-01 5.760920643806457520e-01 6.864270567893981934e-01 7.024063467979431152e-01 5.988103151321411133e-01 7.469723224639892578e-01 5.494870543479919434e-01 6.058945059776306152e-01
8.000073432922363281e-01 6.528236865997314453e-01 5.823395252227783203e-01 5.760920643806457520e-01 7.118219137191772461e-01 8.207253217697143555e-01 5.988103151321411133e-01 7.858320474624633789e-01 5.494870543479919434e-01 6.058945059776306152e-01
5.771402716636657715e-01 6.528236865997314453e-01 6.150283813476562500e-01 4.721134305000305176e-01 5.426242351531982422e-01 4.783153235912322998e-01 5.203226804733276367e-01 6.336643099784851074e-01 4.749328494071960449e-01 4.799596369266510010e-01
3.232751786708831787e-01 4.584611356258392334e-01 4.712505638599395752e-01 4.721134305000305176e-01 4.255976080894470215e-01 5.197521448135375977e-01 5.203226804733276367e-01 4.180720448493957520e-01 4.749328494071960449e-01 4.799596369266510010e-01
2.224059998989105225e-01 4.584611356258392334e-01 5.596210956573486328e-01 4.721134305000305176e-01 2.215424180030822754e-01 3.984675705432891846e-01 5.203226804733276367e-01 3.101716935634613037e-01 4.749328494071960449e-01 4.799596369266510010e-01
2.895043194293975830e-01 4.584611356258392334e-01 4.270866215229034424e-01 4.721134305000305176e-01 5.094855427742004395e-01 5.139082074165344238e-01 5.203226804733276367e-01 4.091994464397430420e-01 4.749328494071960449e-01 4.799596369266510010e-01
3.965355455875396729e-01 4.584611356258392334e-01 4.382716417312622070e-01 4.721134305000305176e-01 3.436391353607177734e-01 4.783153235912322998e-01 5.203226804733276367e-01 4.998304247856140137e-01 4.749328494071960449e-01 4.799596369266510010e-01
3.547717034816741943e-01 4.584611356258392334e-01 4.991966187953948975e-01 5.760920643806457520e-01 5.954803824424743652e-01 5.556097626686096191e-01 5.988103151321411133e-01 6.641023755073547363e-01 5.494870543479919434e-01 6.058945059776306152e-01
5.545085072517395020e-01 6.528236865997314453e-01 6.263767480850219727e-01 5.760920643806457520e-01 5.954803824424743652e-01 5.579530000686645508e-01 5.988103151321411133e-01 6.223405599594116211e-01 5.494870543479919434e-01 6.058945059776306152e-01
5.857965350151062012e-01 6.528236865997314453e-01 6.263767480850219727e-01 5.760920643806457520e-01 5.954803824424743652e-01 5.579530000686645508e-01 5.988103151321411133e-01 6.223405599594116211e-01 5.494870543479919434e-01 6.058945059776306152e-01
4.985079169273376465e-01 6.528236865997314453e-01 6.049319505691528320e-01 4.721134305000305176e-01 5.426242351531982422e-01 6.400758028030395508e-01 5.203226804733276367e-01 5.272983312606811523e-01 4.749328494071960449e-01 4.799596369266510010e-01
3.359898030757904053e-01 4.584611356258392334e-01 4.606729745864868164e-01 4.721134305000305176e-01 4.795511662960052490e-01 6.315266489982604980e-01 5.203226804733276367e-01 4.091994464397430420e-01 4.749328494071960449e-01 4.799596369266510010e-01
4.551010727882385254e-01 4.584611356258392334e-01 5.708929896354675293e-01 5.760920643806457520e-01 6.296499371528625488e-01 5.922555923461914062e-01 5.988103151321411133e-01 6.690061688423156738e-01 5.494870543479919434e-01 6.058945059776306152e-01
5.941606760025024414e-01 6.528236865997314453e-01 5.823395252227783203e-01 4.721134305000305176e-01 5.665965676307678223e-01 5.220746397972106934e-01 5.203226804733276367e-01 4.743331968784332275e-01 4.749328494071960449e-01 4.799596369266510010e-01
3.618356585502624512e-01 4.584611356258392334e-01 4.726701080799102783e-01 4.721134305000305176e-01 3.436391353607177734e-01 4.714762866497039795e-01 5.203226804733276367e-01 4.811738729476928711e-01 4.749328494071960449e-01 4.799596369266510010e-01
2.327071279287338257e-01 4.584611356258392334e-01 4.606729745864868164e-01 4.778981804847717285e-01 3.653840720653533936e-01 4.475861191749572754e-01 4.522734582424163818e-01 3.723181486129760742e-01 4.749328494071960449e-01 4.799596369266510010e-01
1.783924251794815063e-01 4.715920686721801758e-01 3.553629517555236816e-01 4.778981804847717285e-01 2.340884953737258911e-01 5.260681509971618652e-01 4.522734582424163818e-01 3.921780586242675781e-01 4.749328494071960449e-01 4.799596369266510010e-01
3.983256816864013672e-01 4.715920686721801758e-01 5.921140313148498535e-01 4.778981804847717285e-01 3.178792893886566162e-01 2.953248322010040283e-01 4.522734582424163818e-01 4.200084209442138672e-01 4.749328494071960449e-01 4.799596369266510010e-01
3.257539868354797363e-01 4.715920686721801758e-01 4.726701080799102783e-01 4.778981804847717285e-01 3.586166203022003174e-01 4.086737334728240967e-01 4.522734582424163818e-01 4.743331968784332275e-01 4.749328494071960449e-01 4.799596369266510010e-01
4.411098062992095947e-01 4.715920686721801758e-01 4.991966187953948975e-01 4.778981804847717285e-01 4.873056411743164062e-01 4.475861191749572754e-01 4.522734582424163818e-01 5.011391639709472656e-01 4.749328494071960449e-01 4.799596369266510010e-01
4.613966941833496094e-01 4.715920686721801758e-01 4.243323802947998047e-01 4.778981804847717285e-01 3.782707452774047852e-01 4.846359491348266602e-01 4.522734582424163818e-01 4.998304247856140137e-01 4.749328494071960449e-01 4.799596369266510010e-01
4.730990827083587646e-01 4.715920686721801758e-01 4.726701080799102783e-01 4.778981804847717285e-01 4.470509588718414307e-01 3.258757293224334717e-01 4.522734582424163818e-01 4.200084209442138672e-01 4.749328494071960449e-01 4.799596369266510010e-01
4.598061144351959229e-01 4.715920686721801758e-01 4.726701080799102783e-01 4.778981804847717285e-01 4.814159870147705078e-01 4.475861191749572754e-01 4.522734582424163818e-01 5.011391639709472656e-01 4.749328494071960449e-01 4.799596369266510010e-01
3.508889973163604736e-01 4.715920686721801758e-01 4.243323802947998047e-01 4.778981804847717285e-01 4.361839294433593750e-01 4.475861191749572754e-01 5.665573477745056152e-01 5.011391639709472656e-01 4.749328494071960449e-01 4.799596369266510010e-01
4.769809246063232422e-01 4.715920686721801758e-01 3.986175656318664551e-01 4.778981804847717285e-01 4.206281006336212158e-01 3.258757293224334717e-01 4.522734582424163818e-01 4.212841689586639404e-01 4.749328494071960449e-01 4.799596369266510010e-01
5.335197448730468750e-01 4.715920686721801758e-01 3.986175656318664551e-01 4.778981804847717285e-01 4.714511632919311523e-01 3.258757293224334717e-01 4.522734582424163818e-01 4.200084209442138672e-01 4.749328494071960449e-01 4.799596369266510010e-01
4.899606108665466309e-01 4.715920686721801758e-01 4.991966187953948975e-01 4.778981804847717285e-01 5.042160749435424805e-01 3.258757293224334717e-01 5.665573477745056152e-01 4.200084209442138672e-01 4.749328494071960449e-01 4.799596369266510010e-01
4.939378201961517334e-01 4.715920686721801758e-01 4.991966187953948975e-01 4.778981804847717285e-01 4.873056411743164062e-01 5.203105807304382324e-01 5.665573477745056152e-01 4.998304247856140137e-01 4.749328494071960449e-01 4.799596369266510010e-01
3.631413280963897705e-01 4.715920686721801758e-01 4.991966187953948975e-01 4.778981804847717285e-01 4.361839294433593750e-01 4.846359491348266602e-01 5.665573477745056152e-01 4.998304247856140137e-01 4.749328494071960449e-01 4.799596369266510010e-01
5.325036048889160156e-01 4.715920686721801758e-01 4.726701080799102783e-01 4.778981804847717285e-01 4.303934276103973389e-01 4.830899536609649658e-01 5.665573477745056152e-01 4.994743764400482178e-01 4.749328494071960449e-01 4.799596369266510010e-01
5.057367086410522461e-01 4.715920686721801758e-01 3.986175656318664551e-01 4.778981804847717285e-01 3.727408051490783691e-01 5.203105807304382324e-01 4.522734582424163818e-01 5.266733765602111816e-01 4.749328494071960449e-01 4.799596369266510010e-01
5.533414483070373535e-01 4.715920686721801758e-01 4.726701080799102783e-01 4.778981804847717285e-01 4.470509588718414307e-01 4.008709490299224854e-01 5.665573477745056152e-01 5.199410915374755859e-01 5.494870543479919434e-01 5.081217288970947266e-01
5.777918100357055664e-01 4.715920686721801758e-01 5.175712704658508301e-01 4.778981804847717285e-01 5.083072185516357422e-01 4.843326210975646973e-01 5.665573477745056152e-01 4.658361673355102539e-01 5.494870543479919434e-01 5.081217288970947266e-01
4.714281857013702393e-01 4.715920686721801758e-01 4.889735877513885498e-01 4.778981804847717285e-01 4.003519415855407715e-01 4.843326210975646973e-01 4.982001781463623047e-01 4.402427971363067627e-01 5.494870543479919434e-01 5.081217288970947266e-01
2.779699265956878662e-01 4.715920686721801758e-01 4.610728919506072998e-01 4.778981804847717285e-01 3.947041630744934082e-01 4.751177132129669189e-01 4.522734582424163818e-01 4.402427971363067627e-01 5.494870543479919434e-01 5.081217288970947266e-01
4.065589010715484619e-01 4.715920686721801758e-01 5.009689331054687500e-01 4.778981804847717285e-01 4.722959995269775391e-01 4.843326210975646973e-01 4.522734582424163818e-01 3.106162846088409424e-01 4.749328494071960449e-01 4.799596369266510010e-01
2.977045178413391113e-01 4.715920686721801758e-01 5.895377993583679199e-01 4.778981804847717285e-01 4.780980944633483887e-01 5.194275379180908203e-01 4.522734582424163818e-01 4.202669858932495117e-01 4.881319403648376465e-01 4.430661499500274658e-01
3.125715255737304688e-01 4.715920686721801758e-01 5.058360099792480469e-01 4.778981804847717285e-01 5.709847807884216309e-01 5.536649823188781738e-01 4.522734582424163818e-01 4.687963426113128662e-01 4.881319403648376465e-01 4.430661499500274658e-01
5.098690986633300781e-01 4.715920686721801758e-01 4.564240276813507080e-01 4.778981804847717285e-01 5.681391358375549316e-01 5.820927023887634277e-01 4.522734582424163818e-01 5.359489321708679199e-01 4.881319403648376465e-01 4.595267772674560547e-01
4.368614256381988525e-01 4.715920686721801758e-01 4.170649051666259766e-01 4.778981804847717285e-01 5.382952690124511719e-01 5.283878445625305176e-01 4.522734582424163818e-01 3.986051976680755615e-01 4.881319403648376465e-01 4.595267772674560547e-01
3.687598407268524170e-01 4.715920686721801758e-01 4.170649051666259766e-01 4.778981804847717285e-01 4.752026498317718506e-01 5.283878445625305176e-01 4.522734582424163818e-01 3.986051976680755615e-01 4.881319403648376465e-01 4.595267772674560547e-01
3.697461783885955811e-01 4.715920686721801758e-01 4.459153711795806885e-01 4.778981804847717285e-01 4.233992099761962891e-01 4.145534634590148926e-01 4.522734582424163818e-01 4.248885214328765869e-01 4.881319403648376465e-01 4.595267772674560547e-01
5.147563219070434570e-01 4.715920686721801758e-01 4.917834401130676270e-01 4.778981804847717285e-01 3.542238771915435791e-01 4.332103133201599121e-01 4.522734582424163818e-01 4.500032663345336914e-01 4.881319403648376465e-01 4.595267772674560547e-01
5.681254267692565918e-01 4.715920686721801758e-01 4.917834401130676270e-01 4.778981804847717285e-01 4.312572479248046875e-01 3.223966956138610840e-01 4.522734582424163818e-01 3.722168207168579102e-01 4.881319403648376465e-01 4.595267772674560547e-01
3.422608971595764160e-01 4.715920686721801758e-01 4.715240895748138428e-01 4.778981804847717285e-01 4.957290589809417725e-01 3.557574450969696045e-01 4.522734582424163818e-01 3.472245335578918457e-01 4.881319403648376465e-01 4.595267772674560547e-01
2.695110738277435303e-01 4.715920686721801758e-01 3.505020737648010254e-01 4.778981804847717285e-01 3.803206682205200195e-01 2.540835440158843994e-01 4.522734582424163818e-01 3.722168207168579102e-01 4.881319403648376465e-01 4.595267772674560547e-01
5.792283415794372559e-01 4.715920686721801758e-01 3.322577774524688721e-01 4.778981804847717285e-01 4.205401241779327393e-01 4.332103133201599121e-01 4.522734582424163818e-01 4.500032663345336914e-01 4.881319403648376465e-01 4.595267772674560547e-01
4.360038638114929199e-01 4.715920686721801758e-01 6.051113009452819824e-01 4.778981804847717285e-01 4.165568947792053223e-01 2.820758223533630371e-01 4.522734582424163818e-01 4.047615826129913330e-01 4.881319403648376465e-01 4.595267772674560547e-01
4.438942968845367432e-01 4.715920686721801758e-01 5.468057990074157715e-01 4.778981804847717285e-01 4.814159870147705078e-01 3.891079127788543701e-01 4.522734582424163818e-01 3.709943890571594238e-01 4.881319403648376465e-01 4.595267772674560547e-01
4.493970572948455811e-01 4.715920686721801758e-01 5.729722380638122559e-01 4.721134305000305176e-01 4.072295129299163818e-01 4.622420072555541992e-01 3.176259398460388184e-01 5.099250078201293945e-01 4.881319403648376465e-01 4.595267772674560547e-01
3.009389042854309082e-01 4.584611356258392334e-01 4.382716417312622070e-01 4.721134305000305176e-01 5.240861177444458008e-01 4.622420072555541992e-01 5.203226804733276367e-01 4.487079083919525146e-01 4.881319403648376465e-01 4.595267772674560547e-01
3.604543805122375488e-01 4.584611356258392334e-01 4.726701080799102783e-01 4.721134305000305176e-01 5.240861177444458008e-01 5.110949873924255371e-01 5.203226804733276367e-01 4.998304247856140137e-01 4.749328494071960449e-01 4.799596369266510010e-01
5.885035991668701172e-01 5.807349085807800293e-01 6.123278737068176270e-01 5.760920643806457520e-01 5.774161815643310547e-01 5.857571363449096680e-01 5.988103151321411133e-01 6.822897195816040039e-01 5.494870543479919434e-01 6.058945059776306152e-01
5.818162560462951660e-01 6.528236865997314453e-01 6.799772381782531738e-01 5.760920643806457520e-01 5.774161815643310547e-01 5.857571363449096680e-01 5.988103151321411133e-01 7.723866105079650879e-01 5.494870543479919434e-01 6.058945059776306152e-01
5.944325327873229980e-01 6.528236865997314453e-01 6.799772381782531738e-01 5.812815427780151367e-01 5.240861177444458008e-01 6.400758028030395508e-01 5.203226804733276367e-01 7.148622870445251465e-01 5.460950732231140137e-01 5.413109660148620605e-01
4.352376163005828857e-01 4.584611356258392334e-01 4.501474797725677490e-01 5.812815427780151367e-01 5.240861177444458008e-01 6.400758028030395508e-01 5.203226804733276367e-01 5.272983312606811523e-01 4.749328494071960449e-01 4.799596369266510010e-01
3.424091041088104248e-01 4.584611356258392334e-01 4.501474797725677490e-01 4.721134305000305176e-01 4.609960019588470459e-01 4.691107273101806641e-01 5.203226804733276367e-01 3.829002678394317627e-01 4.749328494071960449e-01 4.799596369266510010e-01
3.698424398899078369e-01 4.584611356258392334e-01 4.270866215229034424e-01 4.721134305000305176e-01 4.609960019588470459e-01 4.691107273101806641e-01 5.203226804733276367e-01 3.829002678394317627e-01 4.749328494071960449e-01 4.799596369266510010e-01
4.877646565437316895e-01 4.584611356258392334e-01 4.726701080799102783e-01 4.721134305000305176e-01 5.240861177444458008e-01 4.783153235912322998e-01 5.203226804733276367e-01 4.998304247856140137e-01 4.749328494071960449e-01 4.799596369266510010e-01
4.267277121543884277e-01 4.584611356258392334e-01 4.726701080799102783e-01 4.721134305000305176e-01 5.240861177444458008e-01 4.714762866497039795e-01 5.203226804733276367e-01 4.811738729476928711e-01 4.749328494071960449e-01 4.799596369266510010e-01
5.066680312156677246e-01 4.584611356258392334e-01 4.726701080799102783e-01 5.760920643806457520e-01 5.774161815643310547e-01 6.618640422821044922e-01 5.988103151321411133e-01 6.223405599594116211e-01 5.494870543479919434e-01 6.058945059776306152e-01
5.503986477851867676e-01 6.528236865997314453e-01 6.301884055137634277e-01 4.778981804847717285e-01 4.469617307186126709e-01 6.458874344825744629e-01 4.522734582424163818e-01 5.421902537345886230e-01 5.494870543479919434e-01 5.081217288970947266e-01
4.457386136054992676e-01 6.118870973587036133e-01 5.838268995285034180e-01 4.778981804847717285e-01 4.953316450119018555e-01 6.458874344825744629e-01 4.522734582424163818e-01 5.014984011650085449e-01 4.749328494071960449e-01 4.799596369266510010e-01
4.217426478862762451e-01 4.715920686721801758e-01 4.797425270080566406e-01 4.778981804847717285e-01 5.857986211776733398e-01 5.283878445625305176e-01 4.522734582424163818e-01 4.486650526523590088e-01 4.749328494071960449e-01 4.799596369266510010e-01
3.751573264598846436e-01 4.715920686721801758e-01 4.903598725795745850e-01 5.988571047782897949e-01 3.756207823753356934e-01 5.215485692024230957e-01 4.522734582424163818e-01 3.808499276638031006e-01 4.881319403648376465e-01 4.430661499500274658e-01
4.564859271049499512e-01 4.715920686721801758e-01 5.049434900283813477e-01 4.778981804847717285e-01 3.811987340450286865e-01 4.329121410846710205e-01 4.522734582424163818e-01 2.850048243999481201e-01 4.881319403648376465e-01 3.611516952514648438e-01
5.664247870445251465e-01 4.715920686721801758e-01 4.917834401130676270e-01 4.778981804847717285e-01 4.423300921916961670e-01 4.329121410846710205e-01 4.522734582424163818e-01 3.714791834354400635e-01 4.881319403648376465e-01 3.611516952514648438e-01
5.664247870445251465e-01 4.715920686721801758e-01 5.909154415130615234e-01 4.778981804847717285e-01 4.423300921916961670e-01 4.329121410846710205e-01 4.522734582424163818e-01 3.714791834354400635e-01 4.881319403648376465e-01 3.611516952514648438e-01
4.275213181972503662e-01 4.715920686721801758e-01 5.058360099792480469e-01 4.778981804847717285e-01 5.411787033081054688e-01 5.536649823188781738e-01 4.522734582424163818e-01 4.687963426113128662e-01 4.881319403648376465e-01 4.430661499500274658e-01
4.734092354774475098e-01 4.715920686721801758e-01 5.009689331054687500e-01 4.778981804847717285e-01 5.161691904067993164e-01 4.561084508895874023e-01 4.522734582424163818e-01 4.512469172477722168e-01 4.881319403648376465e-01 4.430661499500274658e-01
2.929261624813079834e-01 4.715920686721801758e-01 5.058360099792480469e-01 4.778981804847717285e-01 5.278909206390380859e-01 4.487683773040771484e-01 4.522734582424163818e-01 5.007927417755126953e-01 4.881319403648376465e-01 4.430661499500274658e-01
7.295309901237487793e-01 4.715920686721801758e-01 7.992462515830993652e-01 7.909112572669982910e-01 7.781680226325988770e-01 8.212909102439880371e-01 5.988103151321411133e-01 6.267094612121582031e-01 4.881319403648376465e-01 4.430661499500274658e-01
5.616348981857299805e-01 6.528236865997314453e-01 5.996661186218261719e-01 7.909112572669982910e-01 7.781680226325988770e-01 7.949050664901733398e-01 5.988103151321411133e-01 6.267094612121582031e-01 4.881319403648376465e-01 3.611516952514648438e-01
5.641235709190368652e-01 6.528236865997314453e-01 8.469038605690002441e-01 7.909112572669982910e-01 8.448082208633422852e-01 8.212909102439880371e-01 5.988103151321411133e-01 6.267094612121582031e-01 4.881319403648376465e-01 4.430661499500274658e-01
5.351021885871887207e-01 6.528236865997314453e-01 6.394363045692443848e-01 7.909112572669982910e-01 7.781680226325988770e-01 7.448540329933166504e-01 5.988103151321411133e-01 7.668666839599609375e-01 7.137854695320129395e-01 6.058945059776306152e-01
6.537048220634460449e-01 6.528236865997314453e-01 7.945122122764587402e-01 4.721134305000305176e-01 5.045259594917297363e-01 4.433571398258209229e-01 5.203226804733276367e-01 4.557610750198364258e-01 4.749328494071960449e-01 4.799596369266510010e-01
5.190282464027404785e-01 4.584611356258392334e-01 7.473235130310058594e-01 7.909112572669982910e-01 7.507161498069763184e-01 7.460714578628540039e-01 5.988103151321411133e-01 6.690061688423156738e-01 7.137854695320129395e-01 6.058945059776306152e-01
5.966686606407165527e-01 6.528236865997314453e-01 6.150283813476562500e-01 4.721134305000305176e-01 5.045259594917297363e-01 5.487512350082397461e-01 5.203226804733276367e-01 5.892854332923889160e-01 4.749328494071960449e-01 4.799596369266510010e-01
6.290251612663269043e-01 4.584611356258392334e-01 4.375018477439880371e-01 4.721134305000305176e-01 4.120664298534393311e-01 5.578763484954833984e-01 5.203226804733276367e-01 5.892854332923889160e-01 4.749328494071960449e-01 4.799596369266510010e-01
2.456949055194854736e-01 4.584611356258392334e-01 4.606729745864868164e-01 4.721134305000305176e-01 5.009026527404785156e-01 2.948559820652008057e-01 5.203226804733276367e-01 2.652358114719390869e-01 4.749328494071960449e-01 4.799596369266510010e-01
3.482038080692291260e-01 4.584611356258392334e-01 3.651439249515533447e-01 4.721134305000305176e-01 3.290999531745910645e-01 5.487512350082397461e-01 5.203226804733276367e-01 5.892854332923889160e-01 4.749328494071960449e-01 4.799596369266510010e-01
4.909495115280151367e-01 4.584611356258392334e-01 4.832594096660614014e-01 4.721134305000305176e-01 3.603650927543640137e-01 3.438181281089782715e-01 5.203226804733276367e-01 4.743331968784332275e-01 4.749328494071960449e-01 4.799596369266510010e-01
6.432356834411621094e-01 4.584611356258392334e-01 4.726701080799102783e-01 4.721134305000305176e-01 5.873625874519348145e-01 5.312784910202026367e-01 5.203226804733276367e-01 4.743331968784332275e-01 4.749328494071960449e-01 4.799596369266510010e-01
4.475383460521697998e-01 4.584611356258392334e-01 5.098056197166442871e-01 4.721134305000305176e-01 3.436391353607177734e-01 4.783153235912322998e-01 5.203226804733276367e-01 4.998304247856140137e-01 4.749328494071960449e-01 4.799596369266510010e-01
6.614603400230407715e-01 4.584611356258392334e-01 4.726701080799102783e-01 5.760920643806457520e-01 6.864270567893981934e-01 6.076977252960205078e-01 5.988103151321411133e-01 6.853256225585937500e-01 5.494870543479919434e-01 6.058945059776306152e-01
6.719429492950439453e-01 6.528236865997314453e-01 6.263767480850219727e-01 4.721134305000305176e-01 5.426242351531982422e-01 4.783153235912322998e-01 5.203226804733276367e-01 4.998304247856140137e-01 4.749328494071960449e-01 4.799596369266510010e-01
5.196798443794250488e-01 4.584611356258392334e-01 4.726701080799102783e-01 4.721134305000305176e-01 4.941580593585968018e-01 4.783153235912322998e-01 5.203226804733276367e-01 4.998304247856140137e-01 4.749328494071960449e-01 4.799596369266510010e-01
4.579408466815948486e-01 4.584611356258392334e-01 4.501474797725677490e-01 4.721134305000305176e-01 4.941580593585968018e-01 4.783153235912322998e-01 5.203226804733276367e-01 4.998304247856140137e-01 4.749328494071960449e-01 4.799596369266510010e-01
4.559931159019470215e-01 4.584611356258392334e-01 4.270866215229034424e-01 4.721134305000305176e-01 4.609960019588470459e-01 4.783153235912322998e-01 5.203226804733276367e-01 3.829002678394317627e-01 4.749328494071960449e-01 4.799596369266510010e-01
4.877646565437316895e-01 4.584611356258392334e-01 4.726701080799102783e-01 4.721134305000305176e-01 5.240861177444458008e-01 4.783153235912322998e-01 5.203226804733276367e-01 4.998304247856140137e-01 4.749328494071960449e-01 4.799596369266510010e-01
4.214951395988464355e-01 4.584611356258392334e-01 4.726701080799102783e-01 4.721134305000305176e-01 4.072295129299163818e-01 4.413349032402038574e-01 3.176259398460388184e-01 3.723181486129760742e-01 4.749328494071960449e-01 4.799596369266510010e-01
3.707613646984100342e-01 4.584611356258392334e-01 3.986175656318664551e-01 4.721134305000305176e-01 4.374755620956420898e-01 4.783153235912322998e-01 5.203226804733276367e-01 4.998304247856140137e-01 4.749328494071960449e-01 4.799596369266510010e-01
5.117554664611816406e-01 4.584611356258392334e-01 4.726701080799102783e-01 4.721134305000305176e-01 5.141136646270751953e-01 3.203386366367340088e-01 5.203226804733276367e-01 4.200084209442138672e-01 4.749328494071960449e-01 4.799596369266510010e-01
5.452171564102172852e-01 4.584611356258392334e-01 4.726701080799102783e-01 4.721134305000305176e-01 5.750034451484680176e-01 4.783153235912322998e-01 5.203226804733276367e-01 4.998304247856140137e-01 4.749328494071960449e-01 4.799596369266510010e-01
4.330135285854339600e-01 4.584611356258392334e-01 4.991966187953948975e-01 4.721134305000305176e-01 5.240861177444458008e-01 4.783153235912322998e-01 5.203226804733276367e-01 5.266733765602111816e-01 4.749328494071960449e-01 4.799596369266510010e-01
4.877646565437316895e-01 4.584611356258392334e-01 4.726701080799102783e-01 4.778981804847717285e-01 4.569458961486816406e-01 4.846359491348266602e-01 4.522734582424163818e-01 4.998304247856140137e-01 4.749328494071960449e-01 4.799596369266510010e-01
4.214951395988464355e-01 4.715920686721801758e-01 4.726701080799102783e-01 4.778981804847717285e-01 4.303934276103973389e-01 6.111283302307128906e-01 4.522734582424163818e-01 5.286029577255249023e-01 4.749328494071960449e-01 4.799596369266510010e-01
3.989025652408599854e-01 4.715920686721801758e-01 5.818251967430114746e-01 4.778981804847717285e-01 3.727408051490783691e-01 4.846359491348266602e-01 4.522734582424163818e-01 4.998304247856140137e-01 4.749328494071960449e-01 4.799596369266510010e-01
4.525268673896789551e-01 4.715920686721801758e-01 4.726701080799102783e-01 4.778981804847717285e-01 4.470509588718414307e-01 3.178175091743469238e-01 4.522734582424163818e-01 4.200084209442138672e-01 4.749328494071960449e-01 4.799596369266510010e-01
5.066561102867126465e-01 4.715920686721801758e-01 4.726701080799102783e-01 4.778981804847717285e-01 5.083072185516357422e-01 4.846359491348266602e-01 4.522734582424163818e-01 4.998304247856140137e-01 4.749328494071960449e-01 4.799596369266510010e-01
3.992221653461456299e-01 4.715920686721801758e-01 4.991966187953948975e-01 4.778981804847717285e-01 4.628034234046936035e-01 4.475861191749572754e-01 5.665573477745056152e-01 3.902963101863861084e-01 4.749328494071960449e-01 4.799596369266510010e-01
5.010670423507690430e-01 4.715920686721801758e-01 3.986175656318664551e-01 4.778981804847717285e-01 3.727408051490783691e-01 4.846359491348266602e-01 4.522734582424163818e-01 4.998304247856140137e-01 4.749328494071960449e-01 4.799596369266510010e-01
4.079006910324096680e-01 4.715920686721801758e-01 4.726701080799102783e-01 4.778981804847717285e-01 3.443999588489532471e-01 3.671181499958038330e-01 4.522734582424163818e-01 4.998304247856140137e-01 4.749328494071960449e-01 4.799596369266510010e-01
