2.805542051792144775e-01 5.846320986747741699e-01 4.869494438171386719e-01 4.773537516593933105e-01 6.087335944175720215e-01 4.747697412967681885e-01 3.143232166767120361e-01 4.283234775066375732e-01 4.048994481563568115e-01 3.716846704483032227e-01
4.414971470832824707e-01 6.365631222724914551e-01 5.511692166328430176e-01 5.224218964576721191e-01 5.713511109352111816e-01 5.223436951637268066e-01 4.945392906665802002e-01 5.172032713890075684e-01 6.020172238349914551e-01 5.348095893859863281e-01
5.050096511840820312e-01 6.365631222724914551e-01 5.511692166328430176e-01 5.224218964576721191e-01 5.713511109352111816e-01 5.223436951637268066e-01 4.945392906665802002e-01 5.172032713890075684e-01 5.343534946441650391e-01 5.348095893859863281e-01
4.066780805587768555e-01 4.824592173099517822e-01 4.806984961032867432e-01 4.176980257034301758e-01 4.132652282714843750e-01 4.090352952480316162e-01 4.586597084999084473e-01 4.068767726421356201e-01 5.058385729789733887e-01 3.860841691493988037e-01
3.194413781166076660e-01 6.365631222724914551e-01 4.869494438171386719e-01 4.773537516593933105e-01 4.020306468009948730e-01 4.747697412967681885e-01 4.063770771026611328e-01 4.913238584995269775e-01 3.486291766166687012e-01 3.716846704483032227e-01
6.038618087768554688e-01 5.141851902008056641e-01 5.511692166328430176e-01 5.224218964576721191e-01 5.026103854179382324e-01 5.223436951637268066e-01 5.739025473594665527e-01 5.172032713890075684e-01 5.874511003494262695e-01 5.348095893859863281e-01
4.968315958976745605e-01 5.141851902008056641e-01 4.869494438171386719e-01 4.773537516593933105e-01 4.747115671634674072e-01 4.747697412967681885e-01 4.536833167076110840e-01 4.913238584995269775e-01 3.556741774082183838e-01 4.721845984458923340e-01
4.579020440578460693e-01 5.141851902008056641e-01 4.869494438171386719e-01 4.773537516593933105e-01 4.303720891475677490e-01 4.747697412967681885e-01 4.027186930179595947e-01 4.913238584995269775e-01 2.917162477970123291e-01 4.721845984458923340e-01
4.229767322540283203e-01 5.559656620025634766e-01 4.715704321861267090e-01 4.773537516593933105e-01 4.553504884243011475e-01 4.747697412967681885e-01 4.027186930179595947e-01 4.574817121028900146e-01 7.566314339637756348e-01 4.721845984458923340e-01
4.135663509368896484e-01 4.716231524944305420e-01 4.715704321861267090e-01 4.773537516593933105e-01 4.751185774803161621e-01 4.747697412967681885e-01 3.143232166767120361e-01 4.574817121028900146e-01 4.359957873821258545e-01 3.716846704483032227e-01
4.004672467708587646e-01 4.716231524944305420e-01 5.358804464340209961e-01 5.224218964576721191e-01 4.905986487865447998e-01 5.223436951637268066e-01 5.739025473594665527e-01 4.832721054553985596e-01 4.151788055896759033e-01 5.348095893859863281e-01
5.944241285324096680e-01 4.716231524944305420e-01 4.715704321861267090e-01 4.773537516593933105e-01 4.597294628620147705e-01 4.747697412967681885e-01 4.536833167076110840e-01 3.954473137855529785e-01 6.154950857162475586e-01 4.721845984458923340e-01
2.736705541610717773e-01 6.365631222724914551e-01 4.869494438171386719e-01 4.773537516593933105e-01 4.706838130950927734e-01 4.747697412967681885e-01 3.143232166767120361e-01 4.283234775066375732e-01 5.566344857215881348e-01 3.716846704483032227e-01
6.725844740867614746e-01 5.684219598770141602e-01 5.511692166328430176e-01 5.224218964576721191e-01 4.428654313087463379e-01 5.223436951637268066e-01 5.739025473594665527e-01 5.172032713890075684e-01 6.816210746765136719e-01 5.348095893859863281e-01
3.469710946083068848e-01 5.846320986747741699e-01 5.937768816947937012e-01 5.224218964576721191e-01 6.809567809104919434e-01 5.223436951637268066e-01 5.674278140068054199e-01 5.266778469085693359e-01 6.558442711830139160e-01 5.348095893859863281e-01
7.604617476463317871e-01 5.684219598770141602e-01 5.511692166328430176e-01 5.224218964576721191e-01 5.177243947982788086e-01 5.223436951637268066e-01 4.945392906665802002e-01 5.172032713890075684e-01 6.117770671844482422e-01 5.348095893859863281e-01
4.754963815212249756e-01 6.365631222724914551e-01 5.511692166328430176e-01 5.224218964576721191e-01 5.713511109352111816e-01 5.223436951637268066e-01 5.736336112022399902e-01 5.172032713890075684e-01 6.639520525932312012e-01 5.348095893859863281e-01
7.076929807662963867e-01 5.684219598770141602e-01 5.511692166328430176e-01 5.224218964576721191e-01 4.774439334869384766e-01 5.223436951637268066e-01 5.540524721145629883e-01 5.172032713890075684e-01 6.370180249214172363e-01 5.348095893859863281e-01
3.551478385925292969e-01 5.141851902008056641e-01 5.511692166328430176e-01 5.224218964576721191e-01 4.975779652595520020e-01 5.223436951637268066e-01 4.422718882560729980e-01 5.172032713890075684e-01 4.720958173274993896e-01 5.348095893859863281e-01
4.405990839004516602e-01 5.141851902008056641e-01 4.869494438171386719e-01 4.773537516593933105e-01 4.654419422149658203e-01 4.747697412967681885e-01 4.536833167076110840e-01 4.283234775066375732e-01 4.081864953041076660e-01 4.721845984458923340e-01
4.249264895915985107e-01 6.965932250022888184e-01 6.087856888771057129e-01 6.405553817749023438e-01 5.795010328292846680e-01 6.439487338066101074e-01 6.881817579269409180e-01 6.473831534385681152e-01 6.540220379829406738e-01 7.020624279975891113e-01
4.405990839004516602e-01 5.141851902008056641e-01 4.869494438171386719e-01 4.773537516593933105e-01 4.654419422149658203e-01 4.747697412967681885e-01 4.536833167076110840e-01 4.283234775066375732e-01 4.081864953041076660e-01 4.721845984458923340e-01
3.229067623615264893e-01 6.365631222724914551e-01 5.511692166328430176e-01 5.224218964576721191e-01 4.798032641410827637e-01 5.223436951637268066e-01 5.736336112022399902e-01 5.172032713890075684e-01 4.558493793010711670e-01 5.348095893859863281e-01
6.179550886154174805e-01 6.365631222724914551e-01 5.511692166328430176e-01 5.224218964576721191e-01 4.049907028675079346e-01 5.223436951637268066e-01 4.945392906665802002e-01 5.172032713890075684e-01 5.849436521530151367e-01 5.348095893859863281e-01
5.072816610336303711e-01 5.141851902008056641e-01 5.511692166328430176e-01 5.224218964576721191e-01 5.280914306640625000e-01 5.223436951637268066e-01 5.540524721145629883e-01 5.172032713890075684e-01 5.385859608650207520e-01 5.348095893859863281e-01
4.787573516368865967e-01 4.716231524944305420e-01 5.358804464340209961e-01 5.224218964576721191e-01 4.134055078029632568e-01 5.223436951637268066e-01 4.941012561321258545e-01 4.832721054553985596e-01 4.604876637458801270e-01 5.348095893859863281e-01
6.352537870407104492e-01 6.275707483291625977e-01 4.682780802249908447e-01 4.819318652153015137e-01 4.368777275085449219e-01 4.799404144287109375e-01 4.314211606979370117e-01 4.503972828388214111e-01 6.805271506309509277e-01 4.833395779132843018e-01
3.826121091842651367e-01 6.730069518089294434e-01 6.470062136650085449e-01 6.337727308273315430e-01 3.448503017425537109e-01 5.553894042968750000e-01 6.511700749397277832e-01 5.316401124000549316e-01 3.833732306957244873e-01 4.919658005237579346e-01
4.976147413253784180e-01 6.730069518089294434e-01 6.470062136650085449e-01 6.337727308273315430e-01 4.947369992733001709e-01 5.553894042968750000e-01 4.510562419891357422e-01 4.177919924259185791e-01 3.714393973350524902e-01 4.919658005237579346e-01
4.976147413253784180e-01 6.730069518089294434e-01 6.470062136650085449e-01 6.337727308273315430e-01 4.947369992733001709e-01 5.553894042968750000e-01 4.295214414596557617e-01 4.177919924259185791e-01 3.714393973350524902e-01 4.919658005237579346e-01
6.252581477165222168e-01 4.716231524944305420e-01 4.715704321861267090e-01 4.773537516593933105e-01 2.547663748264312744e-01 4.747697412967681885e-01 5.922179818153381348e-01 5.008161067962646484e-01 5.020744204521179199e-01 4.721845984458923340e-01
4.845750033855438232e-01 4.716231524944305420e-01 4.715704321861267090e-01 4.773537516593933105e-01 2.579564452171325684e-01 4.747697412967681885e-01 5.709533691406250000e-01 5.008161067962646484e-01 4.404906928539276123e-01 4.721845984458923340e-01
4.688995778560638428e-01 4.716231524944305420e-01 5.358804464340209961e-01 5.224218964576721191e-01 4.656478166580200195e-01 5.223436951637268066e-01 4.510575234889984131e-01 5.266778469085693359e-01 5.125942230224609375e-01 5.348095893859863281e-01
3.785253465175628662e-01 5.127913355827331543e-01 5.227842926979064941e-01 5.224218964576721191e-01 5.680003166198730469e-01 5.223436951637268066e-01 4.510575234889984131e-01 5.266778469085693359e-01 4.870637357234954834e-01 5.348095893859863281e-01
6.473568677902221680e-01 5.127913355827331543e-01 7.053257226943969727e-01 5.224218964576721191e-01 5.026103854179382324e-01 5.223436951637268066e-01 6.101505160331726074e-01 5.266778469085693359e-01 5.913884639739990234e-01 5.348095893859863281e-01
2.500953972339630127e-01 5.127913355827331543e-01 4.584932923316955566e-01 4.773537516593933105e-01 5.080164670944213867e-01 4.747697412967681885e-01 2.948271632194519043e-01 5.008161067962646484e-01 4.655028581619262695e-01 3.716846704483032227e-01
6.028589606285095215e-01 7.732473611831665039e-01 7.520552873611450195e-01 6.405553817749023438e-01 6.074322462081909180e-01 6.439487338066101074e-01 4.620175063610076904e-01 6.560022234916687012e-01 4.822032451629638672e-01 7.020624279975891113e-01
6.352371573448181152e-01 7.732473611831665039e-01 7.368334531784057617e-01 6.337727308273315430e-01 5.844625234603881836e-01 6.894317269325256348e-01 6.020433902740478516e-01 6.721323132514953613e-01 5.459245443344116211e-01 5.748383998870849609e-01
5.087996721267700195e-01 7.732473611831665039e-01 5.895684361457824707e-01 6.337727308273315430e-01 6.690742969512939453e-01 6.894317269325256348e-01 5.062404870986938477e-01 7.312638759613037109e-01 8.172582387924194336e-01 5.748383998870849609e-01
4.421758353710174561e-01 5.127913355827331543e-01 4.869494438171386719e-01 4.773537516593933105e-01 5.190349817276000977e-01 4.747697412967681885e-01 4.754199981689453125e-01 4.283234775066375732e-01 5.666124224662780762e-01 4.721845984458923340e-01
5.433948040008544922e-01 5.127913355827331543e-01 5.511692166328430176e-01 5.224218964576721191e-01 4.779439270496368408e-01 5.223436951637268066e-01 4.941012561321258545e-01 5.172032713890075684e-01 5.648222565650939941e-01 5.348095893859863281e-01
5.272032022476196289e-01 5.086876749992370605e-01 5.017446875572204590e-01 4.819318652153015137e-01 4.119299054145812988e-01 4.799404144287109375e-01 4.314211606979370117e-01 3.412700593471527100e-01 4.988431334495544434e-01 4.833395779132843018e-01
5.264843106269836426e-01 6.874727010726928711e-01 6.537771224975585938e-01 6.079378724098205566e-01 5.276572108268737793e-01 5.316464900970458984e-01 7.364324927330017090e-01 4.780980050563812256e-01 2.473112642765045166e-01 5.792323350906372070e-01
5.799452066421508789e-01 6.579669117927551270e-01 6.222103238105773926e-01 6.456547975540161133e-01 4.952411651611328125e-01 5.316464900970458984e-01 5.173540115356445312e-01 7.482231855392456055e-01 7.366482019424438477e-01 5.792323350906372070e-01
7.933093905448913574e-01 7.618101835250854492e-01 7.102369666099548340e-01 6.079378724098205566e-01 7.141416668891906738e-01 5.316464900970458984e-01 7.675747275352478027e-01 7.482231855392456055e-01 8.388277292251586914e-01 6.918303966522216797e-01
7.122647166252136230e-01 6.579669117927551270e-01 6.222103238105773926e-01 6.456547975540161133e-01 6.316898465156555176e-01 6.456548571586608887e-01 5.626760721206665039e-01 7.482231855392456055e-01 8.263899683952331543e-01 6.918303966522216797e-01
7.933093905448913574e-01 7.618101835250854492e-01 7.102369666099548340e-01 6.079378724098205566e-01 7.141416668891906738e-01 5.316464900970458984e-01 7.675747275352478027e-01 7.482231855392456055e-01 8.388277292251586914e-01 6.918303966522216797e-01
7.933093905448913574e-01 7.618101835250854492e-01 7.102369666099548340e-01 6.079378724098205566e-01 7.141416668891906738e-01 5.309931635856628418e-01 7.675747275352478027e-01 7.482231855392456055e-01 8.717679381370544434e-01 6.918303966522216797e-01
7.122647166252136230e-01 6.579669117927551270e-01 6.222103238105773926e-01 6.456547975540161133e-01 6.316898465156555176e-01 6.456548571586608887e-01 5.626760721206665039e-01 7.482231855392456055e-01 8.263899683952331543e-01 6.918303966522216797e-01
7.122647166252136230e-01 6.579669117927551270e-01 6.222103238105773926e-01 6.456547975540161133e-01 6.316898465156555176e-01 5.316464900970458984e-01 5.626760721206665039e-01 7.482231855392456055e-01 7.145025134086608887e-01 6.918303966522216797e-01
4.558881521224975586e-01 4.807024598121643066e-01 4.676043093204498291e-01 4.879131019115447998e-01 5.960556864738464355e-01 4.735543429851531982e-01 5.636245608329772949e-01 4.999437928199768066e-01 3.394248485565185547e-01 4.856859147548675537e-01
4.353309571743011475e-01 4.807024598121643066e-01 4.493319094181060791e-01 4.599456191062927246e-01 5.960556864738464355e-01 4.919173717498779297e-01 5.681844353675842285e-01 4.190309047698974609e-01 5.839670896530151367e-01 4.700365662574768066e-01
4.915752708911895752e-01 5.479217767715454102e-01 5.081873536109924316e-01 4.599456191062927246e-01 5.212514400482177734e-01 3.505930602550506592e-01 5.247591137886047363e-01 4.510009288787841797e-01 5.345097780227661133e-01 4.700365662574768066e-01
4.915752708911895752e-01 5.479217767715454102e-01 5.081873536109924316e-01 5.687915086746215820e-01 5.421924591064453125e-01 5.604716539382934570e-01 5.938066244125366211e-01 5.324295759201049805e-01 6.134542226791381836e-01 5.568733811378479004e-01
5.259205102920532227e-01 4.807024598121643066e-01 4.676043093204498291e-01 4.879131019115447998e-01 5.960556864738464355e-01 4.735543429851531982e-01 5.636245608329772949e-01 4.999437928199768066e-01 5.191978216171264648e-01 4.856859147548675537e-01
4.882389307022094727e-01 5.734998583793640137e-01 4.676043093204498291e-01 4.879131019115447998e-01 7.586320042610168457e-01 4.735543429851531982e-01 7.682619094848632812e-01 3.566224873065948486e-01 5.562995672225952148e-01 4.856859147548675537e-01
4.740933775901794434e-01 4.839381575584411621e-01 3.634401559829711914e-01 4.879131019115447998e-01 5.766258239746093750e-01 4.735543429851531982e-01 4.667217135429382324e-01 3.806842863559722900e-01 3.990320861339569092e-01 4.856859147548675537e-01
4.094783961772918701e-01 5.511297583580017090e-01 5.131939053535461426e-01 5.687915086746215820e-01 5.421924591064453125e-01 5.604716539382934570e-01 4.976322650909423828e-01 5.229657888412475586e-01 5.795178413391113281e-01 5.568733811378479004e-01
5.864484310150146484e-01 5.511297583580017090e-01 4.184734225273132324e-01 5.687915086746215820e-01 6.642518043518066406e-01 5.604716539382934570e-01 7.584002017974853516e-01 6.018309593200683594e-01 7.849820852279663086e-01 5.568733811378479004e-01
5.167603492736816406e-01 4.839381575584411621e-01 3.634401559829711914e-01 4.879131019115447998e-01 5.320069789886474609e-01 4.735543429851531982e-01 4.667217135429382324e-01 4.999437928199768066e-01 5.707855224609375000e-01 4.856859147548675537e-01
4.461224079132080078e-01 4.294386506080627441e-01 5.131939053535461426e-01 4.599456191062927246e-01 3.938538432121276855e-01 3.505930602550506592e-01 4.083449840545654297e-01 4.416174888610839844e-01 4.493470788002014160e-01 4.700365662574768066e-01
3.944254815578460693e-01 4.294386506080627441e-01 5.131939053535461426e-01 4.599456191062927246e-01 3.938538432121276855e-01 4.919173717498779297e-01 4.083449840545654297e-01 4.416174888610839844e-01 2.889033555984497070e-01 4.700365662574768066e-01
5.489410161972045898e-01 6.647777557373046875e-01 5.131939053535461426e-01 5.687915086746215820e-01 6.757013797760009766e-01 5.604716539382934570e-01 5.773530006408691406e-01 5.229657888412475586e-01 5.795178413391113281e-01 5.568733811378479004e-01
4.094783961772918701e-01 5.511297583580017090e-01 5.131939053535461426e-01 5.687915086746215820e-01 5.421924591064453125e-01 5.604716539382934570e-01 4.976322650909423828e-01 5.229657888412475586e-01 5.795178413391113281e-01 5.568733811378479004e-01
5.195968747138977051e-01 5.511297583580017090e-01 5.131939053535461426e-01 5.687915086746215820e-01 7.805742025375366211e-01 5.604716539382934570e-01 7.177172303199768066e-01 5.229657888412475586e-01 8.183550238609313965e-01 5.568733811378479004e-01
5.217012166976928711e-01 5.511297583580017090e-01 5.131939053535461426e-01 5.687915086746215820e-01 4.799228608608245850e-01 5.604716539382934570e-01 5.296585559844970703e-01 5.229657888412475586e-01 4.611299037933349609e-01 5.568733811378479004e-01
4.517178237438201904e-01 5.479217767715454102e-01 5.081873536109924316e-01 5.687915086746215820e-01 5.225048065185546875e-01 5.604716539382934570e-01 4.976322650909423828e-01 4.890395104885101318e-01 4.949531257152557373e-01 5.568733811378479004e-01
4.183116555213928223e-01 5.479217767715454102e-01 5.081873536109924316e-01 5.687915086746215820e-01 4.792133271694183350e-01 5.604716539382934570e-01 4.976322650909423828e-01 4.890395104885101318e-01 4.949531257152557373e-01 5.568733811378479004e-01
4.831660985946655273e-01 5.479217767715454102e-01 5.081873536109924316e-01 5.687915086746215820e-01 5.225048065185546875e-01 5.604716539382934570e-01 4.976322650909423828e-01 4.890395104885101318e-01 4.949531257152557373e-01 5.568733811378479004e-01
3.893936276435852051e-01 4.262663424015045166e-01 5.081873536109924316e-01 4.599456191062927246e-01 3.938538432121276855e-01 4.919173717498779297e-01 4.083449840545654297e-01 4.084499478340148926e-01 4.493470788002014160e-01 4.700365662574768066e-01
6.862387061119079590e-01 5.479217767715454102e-01 5.017446875572204590e-01 5.687915086746215820e-01 5.891782045364379883e-01 5.604716539382934570e-01 2.559339404106140137e-01 5.299320816993713379e-01 3.538878858089447021e-01 5.568733811378479004e-01
4.510827958583831787e-01 4.807024598121643066e-01 5.017446875572204590e-01 4.879131019115447998e-01 7.405918240547180176e-01 4.735543429851531982e-01 3.767004013061523438e-01 4.460144340991973877e-01 4.163036346435546875e-01 4.856859147548675537e-01
5.060635209083557129e-01 4.807024598121643066e-01 4.493319094181060791e-01 4.879131019115447998e-01 7.089651823043823242e-01 4.735543429851531982e-01 4.667217135429382324e-01 4.999437928199768066e-01 5.664405822753906250e-01 4.856859147548675537e-01
5.032242536544799805e-01 5.479217767715454102e-01 5.265644788742065430e-01 5.687915086746215820e-01 5.448565483093261719e-01 5.604716539382934570e-01 5.296585559844970703e-01 4.890395104885101318e-01 4.732775390148162842e-01 5.568733811378479004e-01
3.541114330291748047e-01 5.511297583580017090e-01 5.131939053535461426e-01 5.687915086746215820e-01 5.847848653793334961e-01 5.604716539382934570e-01 4.976322650909423828e-01 5.229657888412475586e-01 6.621225476264953613e-01 5.568733811378479004e-01
6.042512655258178711e-01 4.618260264396667480e-01 5.315564274787902832e-01 4.819318652153015137e-01 7.771173715591430664e-01 4.799404144287109375e-01 4.521327912807464600e-01 4.836533665657043457e-01 5.016577243804931641e-01 4.833395779132843018e-01
3.814685344696044922e-01 4.618260264396667480e-01 4.553696215152740479e-01 4.819318652153015137e-01 4.802369475364685059e-01 4.799404144287109375e-01 4.521327912807464600e-01 4.836533665657043457e-01 4.783362746238708496e-01 4.833395779132843018e-01
5.785125494003295898e-01 4.618260264396667480e-01 4.184734225273132324e-01 4.819318652153015137e-01 7.122799754142761230e-01 4.799404144287109375e-01 5.046762824058532715e-01 5.635943412780761719e-01 7.049326300621032715e-01 4.833395779132843018e-01
7.445133328437805176e-01 4.618260264396667480e-01 5.655857920646667480e-01 4.819318652153015137e-01 6.120218634605407715e-01 4.799404144287109375e-01 4.484997391700744629e-01 5.635943412780761719e-01 8.241666555404663086e-01 4.833395779132843018e-01
5.316518545150756836e-01 6.006388664245605469e-01 5.665600895881652832e-01 4.819318652153015137e-01 4.941140711307525635e-01 4.799404144287109375e-01 4.484997391700744629e-01 5.635943412780761719e-01 7.578174471855163574e-01 4.833395779132843018e-01
3.074153363704681396e-01 4.586067795753479004e-01 4.756991863250732422e-01 4.819318652153015137e-01 4.803785085678100586e-01 4.799404144287109375e-01 5.491256117820739746e-01 4.931412041187286377e-01 3.337765336036682129e-01 4.833395779132843018e-01
3.700483441352844238e-01 4.586067795753479004e-01 4.504052102565765381e-01 4.819318652153015137e-01 4.802369475364685059e-01 4.799404144287109375e-01 4.521327912807464600e-01 4.498723745346069336e-01 5.180276632308959961e-01 4.833395779132843018e-01
4.907791912555694580e-01 4.586067795753479004e-01 4.504052102565765381e-01 4.819318652153015137e-01 5.368980765342712402e-01 4.799404144287109375e-01 5.491256117820739746e-01 4.931412041187286377e-01 5.530997514724731445e-01 4.833395779132843018e-01
6.696157455444335938e-01 6.006388664245605469e-01 5.017446875572204590e-01 4.819318652153015137e-01 4.941140711307525635e-01 4.799404144287109375e-01 6.794682741165161133e-01 5.635943412780761719e-01 3.152593672275543213e-01 4.833395779132843018e-01
4.814145863056182861e-01 5.086876749992370605e-01 5.017446875572204590e-01 4.819318652153015137e-01 5.985916256904602051e-01 4.799404144287109375e-01 6.367853283882141113e-01 4.075446724891662598e-01 2.716163992881774902e-01 4.833395779132843018e-01
6.427202820777893066e-01 6.006388664245605469e-01 5.017446875572204590e-01 4.819318652153015137e-01 5.570426583290100098e-01 4.799404144287109375e-01 7.364324927330017090e-01 6.275307536125183105e-01 5.034663677215576172e-01 4.833395779132843018e-01
4.568233191967010498e-01 4.586067795753479004e-01 3.928957879543304443e-01 4.819318652153015137e-01 4.291029870510101318e-01 4.799404144287109375e-01 5.183166861534118652e-01 4.606906771659851074e-01 4.513293802738189697e-01 4.833395779132843018e-01
6.972513198852539062e-01 4.586067795753479004e-01 5.265644788742065430e-01 4.819318652153015137e-01 5.446673631668090820e-01 4.799404144287109375e-01 5.491256117820739746e-01 4.931412041187286377e-01 5.760412216186523438e-01 4.833395779132843018e-01
4.907791912555694580e-01 4.586067795753479004e-01 4.504052102565765381e-01 4.819318652153015137e-01 4.802369475364685059e-01 4.799404144287109375e-01 5.491256117820739746e-01 4.931412041187286377e-01 5.530997514724731445e-01 4.833395779132843018e-01
4.907791912555694580e-01 4.586067795753479004e-01 4.504052102565765381e-01 4.819318652153015137e-01 4.802369475364685059e-01 4.799404144287109375e-01 5.491256117820739746e-01 4.931412041187286377e-01 5.530997514724731445e-01 4.833395779132843018e-01
4.981938600540161133e-01 5.142544507980346680e-01 4.504052102565765381e-01 4.819318652153015137e-01 5.383932590484619141e-01 4.799404144287109375e-01 5.290684700012207031e-01 4.931412041187286377e-01 3.214514255523681641e-01 3.446024060249328613e-01
7.177190184593200684e-01 5.486657023429870605e-01 4.553696215152740479e-01 5.914247035980224609e-01 4.222785830497741699e-01 5.807154178619384766e-01 5.684339404106140137e-01 5.794730782508850098e-01 5.311269164085388184e-01 5.098236799240112305e-01
5.374060869216918945e-01 5.808902978897094727e-01 4.553696215152740479e-01 4.176980257034301758e-01 4.222785830497741699e-01 4.090352952480316162e-01 3.809837996959686279e-01 4.068767726421356201e-01 3.537807464599609375e-01 5.098236799240112305e-01
5.794528126716613770e-01 4.618260264396667480e-01 4.553696215152740479e-01 4.176980257034301758e-01 3.983967900276184082e-01 4.090352952480316162e-01 3.617306053638458252e-01 4.068767726421356201e-01 4.188450276851654053e-01 3.860841691493988037e-01
4.033292531967163086e-01 4.618260264396667480e-01 4.553696215152740479e-01 5.914247035980224609e-01 3.983967900276184082e-01 5.807154178619384766e-01 5.480954647064208984e-01 5.794730782508850098e-01 3.155384063720703125e-01 5.098236799240112305e-01
4.301415681838989258e-01 5.808902978897094727e-01 4.553696215152740479e-01 4.819318652153015137e-01 5.756677985191345215e-01 4.799404144287109375e-01 5.322877168655395508e-01 4.836533665657043457e-01 4.434002041816711426e-01 4.833395779132843018e-01
5.962712168693542480e-01 4.294386506080627441e-01 4.553696215152740479e-01 5.914247035980224609e-01 4.806486070156097412e-01 5.807154178619384766e-01 6.442824602127075195e-01 5.794730782508850098e-01 5.620205402374267578e-01 5.098236799240112305e-01
7.406917810440063477e-01 4.484539330005645752e-01 4.553696215152740479e-01 4.735552072525024414e-01 5.667359828948974609e-01 5.807154178619384766e-01 4.682587981224060059e-01 4.841860830783843994e-01 6.953415870666503906e-01 5.098236799240112305e-01
5.795115232467651367e-01 4.484539330005645752e-01 4.553696215152740479e-01 4.735552072525024414e-01 3.519197404384613037e-01 5.807154178619384766e-01 4.682587981224060059e-01 4.841860830783843994e-01 4.938460886478424072e-01 5.098236799240112305e-01
6.084951758384704590e-01 4.484539330005645752e-01 4.553696215152740479e-01 4.735552072525024414e-01 6.344431042671203613e-01 5.807154178619384766e-01 4.682587981224060059e-01 4.841860830783843994e-01 7.268632054328918457e-01 5.098236799240112305e-01
4.486535489559173584e-01 4.810662567615509033e-01 4.553696215152740479e-01 4.176980257034301758e-01 5.279763340950012207e-01 4.090352952480316162e-01 4.386917650699615479e-01 4.068767726421356201e-01 4.275109469890594482e-01 5.098236799240112305e-01
6.643217802047729492e-01 5.127913355827331543e-01 5.511692166328430176e-01 5.224218964576721191e-01 5.436322093009948730e-01 5.223436951637268066e-01 5.592584013938903809e-01 5.172032713890075684e-01 5.522601008415222168e-01 5.348095893859863281e-01
2.842617630958557129e-01 5.851680040359497070e-01 4.553696215152740479e-01 4.176980257034301758e-01 2.747078537940979004e-01 4.090352952480316162e-01 3.328156173229217529e-01 4.068767726421356201e-01 7.174527645111083984e-01 3.860841691493988037e-01
4.285700023174285889e-01 5.141851902008056641e-01 5.511692166328430176e-01 5.224218964576721191e-01 5.436322093009948730e-01 5.223436951637268066e-01 4.739412367343902588e-01 5.172032713890075684e-01 4.461196064949035645e-01 5.348095893859863281e-01
5.180842280387878418e-01 5.141851902008056641e-01 5.511692166328430176e-01 5.224218964576721191e-01 5.680003166198730469e-01 5.223436951637268066e-01 5.540524721145629883e-01 5.172032713890075684e-01 5.079746246337890625e-01 5.348095893859863281e-01
4.332018792629241943e-01 5.846320986747741699e-01 5.511692166328430176e-01 5.224218964576721191e-01 5.330523252487182617e-01 5.223436951637268066e-01 4.739412367343902588e-01 5.172032713890075684e-01 4.590541720390319824e-01 5.348095893859863281e-01
5.561990141868591309e-01 6.365631222724914551e-01 5.511692166328430176e-01 5.224218964576721191e-01 4.049907028675079346e-01 5.223436951637268066e-01 4.945392906665802002e-01 5.172032713890075684e-01 6.304606199264526367e-01 5.348095893859863281e-01
5.891990065574645996e-01 5.846320986747741699e-01 5.511692166328430176e-01 5.224218964576721191e-01 2.878281474113464355e-01 5.223436951637268066e-01 4.945392906665802002e-01 5.172032713890075684e-01 4.365638792514801025e-01 5.348095893859863281e-01
6.179550886154174805e-01 6.365631222724914551e-01 5.511692166328430176e-01 5.224218964576721191e-01 4.049907028675079346e-01 5.223436951637268066e-01 4.945392906665802002e-01 5.172032713890075684e-01 5.849436521530151367e-01 5.348095893859863281e-01
4.785550236701965332e-01 5.141851902008056641e-01 5.511692166328430176e-01 5.224218964576721191e-01 5.382031202316284180e-01 5.223436951637268066e-01 5.739025473594665527e-01 5.172032713890075684e-01 5.559720396995544434e-01 5.348095893859863281e-01
5.397678613662719727e-01 5.141851902008056641e-01 4.869494438171386719e-01 4.773537516593933105e-01 4.009066820144653320e-01 4.747697412967681885e-01 4.027186930179595947e-01 4.913238584995269775e-01 3.822228610515594482e-01 4.721845984458923340e-01
4.572139084339141846e-01 5.141851902008056641e-01 4.869494438171386719e-01 4.773537516593933105e-01 4.009066820144653320e-01 4.747697412967681885e-01 4.027186930179595947e-01 4.283234775066375732e-01 2.719399034976959229e-01 4.721845984458923340e-01
4.968682527542114258e-01 4.716231524944305420e-01 4.715704321861267090e-01 4.773537516593933105e-01 3.709056377410888672e-01 4.747697412967681885e-01 4.536833167076110840e-01 3.954473137855529785e-01 4.307515323162078857e-01 4.721845984458923340e-01
5.928779244422912598e-01 5.559656620025634766e-01 6.874004602432250977e-01 6.405553817749023438e-01 6.339715123176574707e-01 6.439487338066101074e-01 7.315292358398437500e-01 5.247248411178588867e-01 8.204771280288696289e-01 5.136316418647766113e-01
4.245391488075256348e-01 4.429628849029541016e-01 4.715704321861267090e-01 4.773537516593933105e-01 5.816123485565185547e-01 4.747697412967681885e-01 4.329567551612854004e-01 3.959544301033020020e-01 3.208409845829010010e-01 4.721845984458923340e-01
5.272552371025085449e-01 4.716231524944305420e-01 4.715704321861267090e-01 4.773537516593933105e-01 4.875910580158233643e-01 4.747697412967681885e-01 5.280612707138061523e-01 3.106096386909484863e-01 2.918340563774108887e-01 4.721845984458923340e-01
3.652065694332122803e-01 4.716231524944305420e-01 4.715704321861267090e-01 4.773537516593933105e-01 4.703806042671203613e-01 4.747697412967681885e-01 4.295214414596557617e-01 2.929862737655639648e-01 2.974131703376770020e-01 4.721845984458923340e-01
3.046024739742279053e-01 4.429628849029541016e-01 4.715704321861267090e-01 4.773537516593933105e-01 3.802923262119293213e-01 4.747697412967681885e-01 3.533987700939178467e-01 3.959544301033020020e-01 3.014957010746002197e-01 4.721845984458923340e-01
2.564249634742736816e-01 4.320131242275238037e-01 3.640332818031311035e-01 4.176980257034301758e-01 2.941775321960449219e-01 4.090352952480316162e-01 2.703474462032318115e-01 3.750651478767395020e-01 1.618679910898208618e-01 3.860841691493988037e-01
5.773591995239257812e-01 4.716231524944305420e-01 4.715704321861267090e-01 4.773537516593933105e-01 3.750653862953186035e-01 4.747697412967681885e-01 4.774014055728912354e-01 4.376458227634429932e-01 4.111065566539764404e-01 4.721845984458923340e-01
5.300577282905578613e-01 3.835873007774353027e-01 3.140533566474914551e-01 4.176980257034301758e-01 6.166169047355651855e-01 4.090352952480316162e-01 3.824448585510253906e-01 4.160721302032470703e-01 4.733873903751373291e-01 3.860841691493988037e-01
5.965108275413513184e-01 4.716231524944305420e-01 4.715704321861267090e-01 4.773537516593933105e-01 5.123460888862609863e-01 4.747697412967681885e-01 4.774014055728912354e-01 4.376458227634429932e-01 5.563400983810424805e-01 4.721845984458923340e-01
5.038865804672241211e-01 5.427535176277160645e-01 4.715704321861267090e-01 4.773537516593933105e-01 4.850894808769226074e-01 4.747697412967681885e-01 4.774014055728912354e-01 4.376458227634429932e-01 6.216984391212463379e-01 3.716846704483032227e-01
4.873179197311401367e-01 4.716231524944305420e-01 5.358804464340209961e-01 5.224218964576721191e-01 5.338845252990722656e-01 5.223436951637268066e-01 6.101505160331726074e-01 5.266778469085693359e-01 6.437851190567016602e-01 5.348095893859863281e-01
4.150814116001129150e-01 4.716231524944305420e-01 4.715704321861267090e-01 4.773537516593933105e-01 3.809499442577362061e-01 4.747697412967681885e-01 3.728208541870117188e-01 4.376458227634429932e-01 5.331964492797851562e-01 4.721845984458923340e-01
