2.103475034236907959e-01 2.600737214088439941e-01 2.721406221389770508e-01 2.157990932464599609e-01 2.571089565753936768e-01 6.567920744419097900e-02 1.445138454437255859e-01 2.119137644767761230e-01 1.404180079698562622e-01 4.826191365718841553e-01
2.103475034236907959e-01 2.600737214088439941e-01 4.211393892765045166e-01 2.157990932464599609e-01 2.571089565753936768e-01 3.474517911672592163e-02 1.445138454437255859e-01 2.119137644767761230e-01 1.404180079698562622e-01 4.826191365718841553e-01
2.103475034236907959e-01 2.600737214088439941e-01 2.721406221389770508e-01 2.157990932464599609e-01 2.571089565753936768e-01 2.720753476023674011e-02 1.445138454437255859e-01 2.119137644767761230e-01 1.404180079698562622e-01 4.826191365718841553e-01
4.472175538539886475e-01 2.600737214088439941e-01 5.433500409126281738e-01 5.039595365524291992e-01 5.303714871406555176e-01 6.781128048896789551e-01 7.000759243965148926e-01 5.000000000000000000e-01 5.463805198669433594e-01 7.774562239646911621e-01
4.472175538539886475e-01 2.600737214088439941e-01 2.721406221389770508e-01 5.039595365524291992e-01 5.303714871406555176e-01 5.003602504730224609e-01 3.858319818973541260e-01 5.000000000000000000e-01 3.463008105754852295e-01 7.774562239646911621e-01
4.472175538539886475e-01 2.600737214088439941e-01 5.433500409126281738e-01 5.039595365524291992e-01 5.303714871406555176e-01 4.433232247829437256e-01 7.000759243965148926e-01 5.000000000000000000e-01 3.463008105754852295e-01 7.774562239646911621e-01
4.472175538539886475e-01 2.600737214088439941e-01 5.433500409126281738e-01 5.039595365524291992e-01 5.303714871406555176e-01 7.790639996528625488e-01 7.000759243965148926e-01 5.000000000000000000e-01 6.224479079246520996e-01 7.774562239646911621e-01
4.472175538539886475e-01 2.600737214088439941e-01 5.433500409126281738e-01 5.039595365524291992e-01 5.303714871406555176e-01 3.850720524787902832e-01 7.000759243965148926e-01 5.000000000000000000e-01 3.463008105754852295e-01 7.774562239646911621e-01
4.472175538539886475e-01 2.600737214088439941e-01 2.721406221389770508e-01 2.157990932464599609e-01 5.303714871406555176e-01 3.628058433532714844e-01 3.858319818973541260e-01 5.000000000000000000e-01 3.463008105754852295e-01 7.774562239646911621e-01
4.472175538539886475e-01 2.600737214088439941e-01 5.433500409126281738e-01 5.039595365524291992e-01 5.303714871406555176e-01 3.850720524787902832e-01 7.000759243965148926e-01 5.000000000000000000e-01 3.463008105754852295e-01 7.774562239646911621e-01
4.472175538539886475e-01 2.600737214088439941e-01 2.721406221389770508e-01 5.039595365524291992e-01 5.303714871406555176e-01 4.679419994354248047e-01 3.858319818973541260e-01 5.000000000000000000e-01 3.463008105754852295e-01 7.774562239646911621e-01
4.472175538539886475e-01 2.600737214088439941e-01 2.721406221389770508e-01 2.157990932464599609e-01 5.303714871406555176e-01 3.244218528270721436e-01 3.858319818973541260e-01 5.000000000000000000e-01 3.738934695720672607e-01 7.774562239646911621e-01
4.472175538539886475e-01 2.600737214088439941e-01 2.721406221389770508e-01 5.039595365524291992e-01 5.303714871406555176e-01 5.189405679702758789e-01 7.000759243965148926e-01 5.000000000000000000e-01 6.207865476608276367e-01 7.774562239646911621e-01
4.472175538539886475e-01 2.600737214088439941e-01 2.721406221389770508e-01 2.157990932464599609e-01 5.303714871406555176e-01 4.679419994354248047e-01 3.858319818973541260e-01 5.000000000000000000e-01 6.207865476608276367e-01 7.774562239646911621e-01
2.103475034236907959e-01 2.600737214088439941e-01 2.721406221389770508e-01 2.157990932464599609e-01 2.571089565753936768e-01 7.960557937622070312e-02 1.445138454437255859e-01 2.119137644767761230e-01 1.816822290420532227e-01 4.826191365718841553e-01
2.103475034236907959e-01 2.600737214088439941e-01 2.721406221389770508e-01 2.157990932464599609e-01 2.571089565753936768e-01 7.960557937622070312e-02 1.445138454437255859e-01 2.119137644767761230e-01 1.404180079698562622e-01 4.826191365718841553e-01
2.103475034236907959e-01 1.428553313016891479e-01 2.721406221389770508e-01 2.157990932464599609e-01 2.571089565753936768e-01 1.924111507833003998e-02 1.445138454437255859e-01 2.119137644767761230e-01 1.404180079698562622e-01 4.826191365718841553e-01
2.103475034236907959e-01 1.428553313016891479e-01 2.721406221389770508e-01 2.157990932464599609e-01 2.571089565753936768e-01 4.105968028306961060e-02 1.445138454437255859e-01 2.119137644767761230e-01 1.404180079698562622e-01 4.826191365718841553e-01
2.103475034236907959e-01 1.428553313016891479e-01 2.721406221389770508e-01 2.157990932464599609e-01 2.571089565753936768e-01 3.032087720930576324e-02 1.445138454437255859e-01 2.119137644767761230e-01 1.404180079698562622e-01 4.826191365718841553e-01
2.103475034236907959e-01 1.428553313016891479e-01 4.211393892765045166e-01 2.157990932464599609e-01 2.571089565753936768e-01 4.105968028306961060e-02 1.445138454437255859e-01 2.119137644767761230e-01 1.404180079698562622e-01 4.826191365718841553e-01
2.103475034236907959e-01 1.428553313016891479e-01 4.211393892765045166e-01 2.157990932464599609e-01 2.571089565753936768e-01 9.110914915800094604e-02 1.445138454437255859e-01 2.119137644767761230e-01 1.404180079698562622e-01 4.826191365718841553e-01
2.103475034236907959e-01 1.428553313016891479e-01 4.211393892765045166e-01 4.206796586513519287e-01 2.571089565753936768e-01 5.096860527992248535e-01 4.957411289215087891e-01 7.352205514907836914e-01 3.496237993240356445e-01 4.826191365718841553e-01
2.103475034236907959e-01 1.428553313016891479e-01 4.211393892765045166e-01 4.206796586513519287e-01 2.571089565753936768e-01 5.096860527992248535e-01 4.957411289215087891e-01 7.352205514907836914e-01 3.496237993240356445e-01 4.826191365718841553e-01
2.103475034236907959e-01 1.428553313016891479e-01 2.115078121423721313e-01 4.206796586513519287e-01 8.125491738319396973e-01 3.052420318126678467e-01 4.957411289215087891e-01 7.352205514907836914e-01 3.496237993240356445e-01 4.826191365718841553e-01
2.103475034236907959e-01 1.428553313016891479e-01 4.211393892765045166e-01 4.206796586513519287e-01 2.571089565753936768e-01 5.096860527992248535e-01 4.957411289215087891e-01 7.352205514907836914e-01 1.897813975811004639e-01 4.826191365718841553e-01
2.103475034236907959e-01 1.428553313016891479e-01 8.083833009004592896e-02 4.206796586513519287e-01 8.125491738319396973e-01 3.052420318126678467e-01 4.957411289215087891e-01 7.352205514907836914e-01 1.897813975811004639e-01 4.826191365718841553e-01
2.103475034236907959e-01 1.428553313016891479e-01 4.211393892765045166e-01 4.206796586513519287e-01 8.125491738319396973e-01 6.236096024513244629e-01 4.957411289215087891e-01 7.352205514907836914e-01 1.897813975811004639e-01 4.826191365718841553e-01
2.103475034236907959e-01 1.428553313016891479e-01 1.925930976867675781e-01 4.206796586513519287e-01 8.125491738319396973e-01 6.236096024513244629e-01 4.957411289215087891e-01 7.352205514907836914e-01 1.897813975811004639e-01 4.826191365718841553e-01
2.103475034236907959e-01 1.428553313016891479e-01 1.925930976867675781e-01 4.206796586513519287e-01 8.125491738319396973e-01 2.515787780284881592e-01 4.957411289215087891e-01 7.352205514907836914e-01 1.897813975811004639e-01 4.826191365718841553e-01
2.103475034236907959e-01 1.428553313016891479e-01 8.083833009004592896e-02 4.206796586513519287e-01 8.125491738319396973e-01 4.118531346321105957e-01 4.957411289215087891e-01 7.352205514907836914e-01 1.897813975811004639e-01 4.826191365718841553e-01
2.103475034236907959e-01 1.428553313016891479e-01 1.925930976867675781e-01 4.206796586513519287e-01 8.125491738319396973e-01 3.488583862781524658e-01 4.957411289215087891e-01 7.352205514907836914e-01 1.897813975811004639e-01 4.826191365718841553e-01
2.103475034236907959e-01 1.428553313016891479e-01 1.925930976867675781e-01 4.206796586513519287e-01 8.125491738319396973e-01 3.382583558559417725e-01 4.957411289215087891e-01 7.352205514907836914e-01 1.897813975811004639e-01 4.826191365718841553e-01
2.103475034236907959e-01 1.428553313016891479e-01 4.211393892765045166e-01 4.206796586513519287e-01 8.125491738319396973e-01 5.231410861015319824e-01 6.356207132339477539e-01 7.352205514907836914e-01 1.897813975811004639e-01 4.826191365718841553e-01
2.103475034236907959e-01 1.428553313016891479e-01 1.925930976867675781e-01 4.206796586513519287e-01 8.125491738319396973e-01 5.348519682884216309e-01 4.957411289215087891e-01 7.352205514907836914e-01 1.897813975811004639e-01 4.826191365718841553e-01
2.103475034236907959e-01 1.428553313016891479e-01 8.083833009004592896e-02 4.206796586513519287e-01 8.125491738319396973e-01 6.004608273506164551e-01 4.957411289215087891e-01 7.352205514907836914e-01 1.897813975811004639e-01 4.826191365718841553e-01
2.103475034236907959e-01 1.428553313016891479e-01 8.083833009004592896e-02 4.206796586513519287e-01 8.125491738319396973e-01 6.004608273506164551e-01 4.957411289215087891e-01 7.352205514907836914e-01 1.897813975811004639e-01 4.826191365718841553e-01
2.103475034236907959e-01 1.428553313016891479e-01 1.925930976867675781e-01 4.206796586513519287e-01 8.125491738319396973e-01 6.004608273506164551e-01 4.957411289215087891e-01 7.352205514907836914e-01 1.897813975811004639e-01 4.826191365718841553e-01
2.103475034236907959e-01 1.428553313016891479e-01 1.925930976867675781e-01 4.206796586513519287e-01 8.125491738319396973e-01 7.805018424987792969e-01 6.356207132339477539e-01 7.352205514907836914e-01 1.897813975811004639e-01 4.826191365718841553e-01
2.103475034236907959e-01 1.428553313016891479e-01 1.925930976867675781e-01 4.206796586513519287e-01 8.125491738319396973e-01 7.805018424987792969e-01 6.356207132339477539e-01 7.352205514907836914e-01 1.897813975811004639e-01 4.826191365718841553e-01
2.103475034236907959e-01 1.428553313016891479e-01 1.925930976867675781e-01 4.206796586513519287e-01 8.125491738319396973e-01 7.805018424987792969e-01 6.356207132339477539e-01 7.352205514907836914e-01 1.897813975811004639e-01 4.826191365718841553e-01
2.103475034236907959e-01 1.428553313016891479e-01 8.083833009004592896e-02 4.206796586513519287e-01 8.125491738319396973e-01 3.270466923713684082e-01 4.957411289215087891e-01 7.352205514907836914e-01 1.897813975811004639e-01 4.826191365718841553e-01
2.103475034236907959e-01 1.428553313016891479e-01 8.083833009004592896e-02 4.206796586513519287e-01 8.125491738319396973e-01 4.853134453296661377e-01 4.957411289215087891e-01 7.352205514907836914e-01 1.897813975811004639e-01 4.826191365718841553e-01
2.103475034236907959e-01 1.428553313016891479e-01 8.083833009004592896e-02 4.206796586513519287e-01 8.125491738319396973e-01 3.265686631202697754e-01 4.957411289215087891e-01 7.352205514907836914e-01 1.897813975811004639e-01 4.826191365718841553e-01
2.103475034236907959e-01 1.428553313016891479e-01 8.083833009004592896e-02 4.206796586513519287e-01 8.125491738319396973e-01 1.983418464660644531e-01 4.957411289215087891e-01 7.352205514907836914e-01 1.897813975811004639e-01 4.826191365718841553e-01
2.103475034236907959e-01 1.428553313016891479e-01 8.083833009004592896e-02 4.206796586513519287e-01 8.125491738319396973e-01 1.983418464660644531e-01 4.957411289215087891e-01 7.352205514907836914e-01 1.897813975811004639e-01 4.826191365718841553e-01
2.103475034236907959e-01 1.428553313016891479e-01 8.083833009004592896e-02 4.206796586513519287e-01 8.125491738319396973e-01 6.004608273506164551e-01 4.957411289215087891e-01 7.352205514907836914e-01 1.897813975811004639e-01 4.826191365718841553e-01
2.103475034236907959e-01 1.428553313016891479e-01 8.083833009004592896e-02 4.206796586513519287e-01 8.125491738319396973e-01 3.167869746685028076e-01 4.957411289215087891e-01 7.352205514907836914e-01 1.897813975811004639e-01 4.826191365718841553e-01
2.103475034236907959e-01 1.428553313016891479e-01 8.083833009004592896e-02 4.206796586513519287e-01 8.125491738319396973e-01 3.270466923713684082e-01 4.957411289215087891e-01 7.352205514907836914e-01 1.897813975811004639e-01 4.826191365718841553e-01
2.103475034236907959e-01 1.428553313016891479e-01 8.083833009004592896e-02 4.206796586513519287e-01 8.125491738319396973e-01 3.167869746685028076e-01 4.957411289215087891e-01 7.352205514907836914e-01 1.897813975811004639e-01 4.826191365718841553e-01
2.103475034236907959e-01 1.428553313016891479e-01 8.083833009004592896e-02 4.206796586513519287e-01 8.125491738319396973e-01 3.270466923713684082e-01 4.957411289215087891e-01 7.352205514907836914e-01 1.897813975811004639e-01 4.826191365718841553e-01
2.103475034236907959e-01 1.428553313016891479e-01 8.083833009004592896e-02 4.206796586513519287e-01 8.125491738319396973e-01 3.167869746685028076e-01 4.957411289215087891e-01 7.352205514907836914e-01 1.897813975811004639e-01 4.826191365718841553e-01
2.103475034236907959e-01 1.428553313016891479e-01 8.083833009004592896e-02 4.206796586513519287e-01 8.125491738319396973e-01 3.921310305595397949e-01 4.957411289215087891e-01 7.352205514907836914e-01 1.897813975811004639e-01 4.826191365718841553e-01
2.103475034236907959e-01 1.428553313016891479e-01 8.083833009004592896e-02 4.206796586513519287e-01 8.125491738319396973e-01 3.921310305595397949e-01 4.957411289215087891e-01 7.352205514907836914e-01 1.897813975811004639e-01 4.826191365718841553e-01
2.103475034236907959e-01 1.428553313016891479e-01 8.083833009004592896e-02 4.206796586513519287e-01 8.125491738319396973e-01 4.359544813632965088e-01 4.957411289215087891e-01 7.352205514907836914e-01 4.697309732437133789e-01 4.826191365718841553e-01
2.103475034236907959e-01 1.428553313016891479e-01 8.083833009004592896e-02 4.206796586513519287e-01 8.125491738319396973e-01 4.359544813632965088e-01 4.957411289215087891e-01 7.352205514907836914e-01 4.697309732437133789e-01 4.826191365718841553e-01
2.103475034236907959e-01 1.428553313016891479e-01 8.083833009004592896e-02 4.206796586513519287e-01 8.125491738319396973e-01 4.359544813632965088e-01 4.957411289215087891e-01 7.352205514907836914e-01 4.697309732437133789e-01 6.971575021743774414e-01
2.103475034236907959e-01 1.428553313016891479e-01 8.083833009004592896e-02 4.206796586513519287e-01 8.125491738319396973e-01 3.265686631202697754e-01 4.957411289215087891e-01 7.352205514907836914e-01 4.697309732437133789e-01 6.971575021743774414e-01
2.103475034236907959e-01 1.428553313016891479e-01 8.083833009004592896e-02 4.206796586513519287e-01 8.125491738319396973e-01 4.359544813632965088e-01 4.957411289215087891e-01 7.352205514907836914e-01 4.697309732437133789e-01 4.826191365718841553e-01
2.103475034236907959e-01 1.428553313016891479e-01 8.083833009004592896e-02 4.206796586513519287e-01 8.125491738319396973e-01 3.167869746685028076e-01 4.957411289215087891e-01 7.352205514907836914e-01 4.697309732437133789e-01 4.826191365718841553e-01
2.103475034236907959e-01 1.428553313016891479e-01 1.925930976867675781e-01 4.206796586513519287e-01 8.125491738319396973e-01 6.041636466979980469e-01 6.356207132339477539e-01 7.352205514907836914e-01 4.697309732437133789e-01 4.826191365718841553e-01
2.103475034236907959e-01 1.428553313016891479e-01 1.925930976867675781e-01 4.206796586513519287e-01 8.125491738319396973e-01 5.231410861015319824e-01 6.356207132339477539e-01 7.352205514907836914e-01 4.697309732437133789e-01 4.826191365718841553e-01
2.103475034236907959e-01 1.428553313016891479e-01 1.925930976867675781e-01 4.206796586513519287e-01 8.125491738319396973e-01 5.231410861015319824e-01 6.356207132339477539e-01 7.352205514907836914e-01 4.697309732437133789e-01 4.826191365718841553e-01
2.103475034236907959e-01 1.428553313016891479e-01 1.925930976867675781e-01 4.206796586513519287e-01 8.125491738319396973e-01 5.343114137649536133e-01 6.356207132339477539e-01 7.352205514907836914e-01 4.697309732437133789e-01 6.971575021743774414e-01
2.103475034236907959e-01 1.428553313016891479e-01 1.925930976867675781e-01 4.206796586513519287e-01 8.125491738319396973e-01 6.464818716049194336e-01 6.356207132339477539e-01 7.352205514907836914e-01 4.697309732437133789e-01 4.826191365718841553e-01
2.103475034236907959e-01 1.428553313016891479e-01 1.925930976867675781e-01 4.206796586513519287e-01 8.125491738319396973e-01 7.723430395126342773e-01 6.356207132339477539e-01 7.352205514907836914e-01 4.697309732437133789e-01 4.826191365718841553e-01
2.103475034236907959e-01 1.428553313016891479e-01 1.925930976867675781e-01 7.708616852760314941e-01 8.125491738319396973e-01 8.251739740371704102e-01 6.356207132339477539e-01 7.352205514907836914e-01 4.697309732437133789e-01 4.826191365718841553e-01
4.472175538539886475e-01 1.428553313016891479e-01 1.925930976867675781e-01 7.708616852760314941e-01 8.125491738319396973e-01 7.953819632530212402e-01 6.356207132339477539e-01 7.352205514907836914e-01 4.697309732437133789e-01 7.774562239646911621e-01
4.472175538539886475e-01 1.428553313016891479e-01 1.925930976867675781e-01 7.708616852760314941e-01 8.125491738319396973e-01 9.470953345298767090e-01 6.356207132339477539e-01 7.352205514907836914e-01 1.897813975811004639e-01 7.774562239646911621e-01
4.472175538539886475e-01 1.428553313016891479e-01 1.925930976867675781e-01 7.708616852760314941e-01 8.125491738319396973e-01 9.214193224906921387e-01 6.356207132339477539e-01 7.352205514907836914e-01 1.897813975811004639e-01 7.774562239646911621e-01
2.103475034236907959e-01 1.428553313016891479e-01 1.925930976867675781e-01 7.708616852760314941e-01 8.125491738319396973e-01 7.723430395126342773e-01 6.356207132339477539e-01 7.352205514907836914e-01 1.897813975811004639e-01 4.826191365718841553e-01
2.103475034236907959e-01 1.428553313016891479e-01 1.925930976867675781e-01 4.206796586513519287e-01 8.125491738319396973e-01 6.789398789405822754e-01 4.957411289215087891e-01 7.352205514907836914e-01 1.897813975811004639e-01 6.971575021743774414e-01
2.103475034236907959e-01 1.428553313016891479e-01 1.925930976867675781e-01 4.206796586513519287e-01 8.125491738319396973e-01 6.789398789405822754e-01 4.957411289215087891e-01 7.352205514907836914e-01 1.897813975811004639e-01 6.971575021743774414e-01
2.103475034236907959e-01 1.428553313016891479e-01 1.925930976867675781e-01 4.206796586513519287e-01 8.125491738319396973e-01 6.464818716049194336e-01 4.957411289215087891e-01 7.352205514907836914e-01 1.897813975811004639e-01 6.971575021743774414e-01
2.103475034236907959e-01 1.428553313016891479e-01 1.925930976867675781e-01 4.206796586513519287e-01 8.125491738319396973e-01 6.789398789405822754e-01 4.957411289215087891e-01 7.352205514907836914e-01 4.697309732437133789e-01 6.971575021743774414e-01
2.103475034236907959e-01 1.428553313016891479e-01 1.925930976867675781e-01 4.206796586513519287e-01 8.125491738319396973e-01 4.036718308925628662e-01 6.356207132339477539e-01 7.352205514907836914e-01 4.697309732437133789e-01 6.971575021743774414e-01
2.103475034236907959e-01 1.428553313016891479e-01 1.925930976867675781e-01 4.206796586513519287e-01 8.125491738319396973e-01 4.036718308925628662e-01 6.356207132339477539e-01 7.352205514907836914e-01 4.697309732437133789e-01 6.971575021743774414e-01
2.103475034236907959e-01 1.428553313016891479e-01 1.925930976867675781e-01 4.206796586513519287e-01 8.125491738319396973e-01 5.702216625213623047e-01 6.356207132339477539e-01 7.352205514907836914e-01 4.697309732437133789e-01 6.971575021743774414e-01
2.103475034236907959e-01 1.428553313016891479e-01 1.925930976867675781e-01 4.206796586513519287e-01 8.125491738319396973e-01 4.289051592350006104e-01 6.356207132339477539e-01 7.352205514907836914e-01 4.697309732437133789e-01 6.971575021743774414e-01
2.103475034236907959e-01 1.428553313016891479e-01 1.925930976867675781e-01 4.206796586513519287e-01 8.125491738319396973e-01 2.697022855281829834e-01 6.356207132339477539e-01 7.352205514907836914e-01 4.697309732437133789e-01 6.971575021743774414e-01
2.103475034236907959e-01 1.428553313016891479e-01 1.925930976867675781e-01 4.206796586513519287e-01 8.125491738319396973e-01 2.790598869323730469e-01 6.356207132339477539e-01 7.352205514907836914e-01 4.697309732437133789e-01 6.971575021743774414e-01
2.103475034236907959e-01 1.428553313016891479e-01 1.925930976867675781e-01 4.206796586513519287e-01 8.125491738319396973e-01 2.697022855281829834e-01 6.356207132339477539e-01 7.352205514907836914e-01 4.697309732437133789e-01 6.971575021743774414e-01
2.103475034236907959e-01 1.428553313016891479e-01 1.925930976867675781e-01 4.206796586513519287e-01 8.125491738319396973e-01 3.791599273681640625e-01 6.356207132339477539e-01 7.352205514907836914e-01 4.697309732437133789e-01 6.971575021743774414e-01
2.103475034236907959e-01 1.428553313016891479e-01 1.925930976867675781e-01 4.206796586513519287e-01 8.125491738319396973e-01 5.189808011054992676e-01 6.356207132339477539e-01 7.352205514907836914e-01 4.697309732437133789e-01 6.971575021743774414e-01
2.103475034236907959e-01 1.428553313016891479e-01 1.925930976867675781e-01 7.708616852760314941e-01 8.125491738319396973e-01 3.681598007678985596e-01 6.356207132339477539e-01 7.352205514907836914e-01 4.697309732437133789e-01 6.971575021743774414e-01
2.103475034236907959e-01 1.428553313016891479e-01 1.925930976867675781e-01 7.708616852760314941e-01 8.125491738319396973e-01 4.179606139659881592e-01 6.356207132339477539e-01 7.352205514907836914e-01 4.697309732437133789e-01 6.971575021743774414e-01
2.103475034236907959e-01 1.428553313016891479e-01 1.925930976867675781e-01 7.708616852760314941e-01 8.125491738319396973e-01 4.997657537460327148e-01 6.356207132339477539e-01 7.352205514907836914e-01 4.697309732437133789e-01 6.971575021743774414e-01
2.103475034236907959e-01 1.428553313016891479e-01 1.925930976867675781e-01 4.206796586513519287e-01 8.125491738319396973e-01 4.179606139659881592e-01 6.356207132339477539e-01 7.352205514907836914e-01 4.697309732437133789e-01 6.971575021743774414e-01
2.103475034236907959e-01 1.428553313016891479e-01 1.925930976867675781e-01 7.708616852760314941e-01 8.125491738319396973e-01 6.041636466979980469e-01 6.356207132339477539e-01 7.352205514907836914e-01 4.697309732437133789e-01 4.826191365718841553e-01
4.472175538539886475e-01 1.428553313016891479e-01 1.925930976867675781e-01 7.708616852760314941e-01 8.125491738319396973e-01 5.023564100265502930e-01 6.356207132339477539e-01 7.352205514907836914e-01 4.697309732437133789e-01 4.826191365718841553e-01
2.103475034236907959e-01 1.428553313016891479e-01 1.925930976867675781e-01 7.708616852760314941e-01 8.125491738319396973e-01 5.331575274467468262e-01 6.356207132339477539e-01 7.352205514907836914e-01 4.697309732437133789e-01 6.971575021743774414e-01
2.103475034236907959e-01 1.428553313016891479e-01 1.925930976867675781e-01 7.708616852760314941e-01 8.125491738319396973e-01 7.554736137390136719e-01 6.356207132339477539e-01 7.352205514907836914e-01 4.697309732437133789e-01 6.971575021743774414e-01
2.103475034236907959e-01 1.428553313016891479e-01 1.925930976867675781e-01 4.206796586513519287e-01 8.125491738319396973e-01 5.625182390213012695e-01 6.356207132339477539e-01 7.352205514907836914e-01 4.697309732437133789e-01 6.971575021743774414e-01
2.103475034236907959e-01 1.428553313016891479e-01 1.925930976867675781e-01 4.206796586513519287e-01 8.125491738319396973e-01 6.895053982734680176e-01 6.356207132339477539e-01 7.352205514907836914e-01 4.697309732437133789e-01 6.971575021743774414e-01
2.103475034236907959e-01 1.428553313016891479e-01 1.925930976867675781e-01 7.708616852760314941e-01 8.125491738319396973e-01 6.895053982734680176e-01 6.356207132339477539e-01 7.352205514907836914e-01 4.697309732437133789e-01 6.971575021743774414e-01
2.103475034236907959e-01 1.428553313016891479e-01 1.925930976867675781e-01 7.708616852760314941e-01 8.125491738319396973e-01 2.936815321445465088e-01 6.356207132339477539e-01 7.352205514907836914e-01 4.697309732437133789e-01 6.971575021743774414e-01
4.472175538539886475e-01 1.428553313016891479e-01 1.925930976867675781e-01 7.708616852760314941e-01 8.125491738319396973e-01 9.610392451286315918e-01 6.356207132339477539e-01 7.352205514907836914e-01 4.697309732437133789e-01 6.971575021743774414e-01
4.472175538539886475e-01 1.428553313016891479e-01 1.925930976867675781e-01 7.708616852760314941e-01 8.125491738319396973e-01 6.681649684906005859e-01 6.356207132339477539e-01 7.352205514907836914e-01 4.697309732437133789e-01 6.971575021743774414e-01
4.472175538539886475e-01 1.428553313016891479e-01 1.925930976867675781e-01 7.708616852760314941e-01 8.125491738319396973e-01 9.610392451286315918e-01 6.356207132339477539e-01 7.352205514907836914e-01 6.380938887596130371e-01 7.774562239646911621e-01
4.472175538539886475e-01 1.428553313016891479e-01 1.925930976867675781e-01 7.708616852760314941e-01 8.125491738319396973e-01 9.610392451286315918e-01 6.356207132339477539e-01 7.352205514907836914e-01 4.697309732437133789e-01 7.774562239646911621e-01
4.472175538539886475e-01 1.428553313016891479e-01 1.925930976867675781e-01 7.708616852760314941e-01 8.125491738319396973e-01 9.214193224906921387e-01 6.356207132339477539e-01 7.352205514907836914e-01 4.697309732437133789e-01 7.774562239646911621e-01
4.472175538539886475e-01 1.428553313016891479e-01 1.925930976867675781e-01 7.708616852760314941e-01 8.125491738319396973e-01 6.714175343513488770e-01 6.356207132339477539e-01 7.352205514907836914e-01 4.697309732437133789e-01 6.971575021743774414e-01
2.103475034236907959e-01 1.428553313016891479e-01 1.925930976867675781e-01 7.708616852760314941e-01 8.125491738319396973e-01 6.895053982734680176e-01 6.356207132339477539e-01 7.352205514907836914e-01 4.697309732437133789e-01 6.971575021743774414e-01
2.103475034236907959e-01 1.428553313016891479e-01 1.925930976867675781e-01 7.708616852760314941e-01 8.125491738319396973e-01 6.789398789405822754e-01 6.356207132339477539e-01 7.352205514907836914e-01 4.697309732437133789e-01 6.971575021743774414e-01
2.103475034236907959e-01 1.428553313016891479e-01 1.925930976867675781e-01 4.206796586513519287e-01 8.125491738319396973e-01 7.753139734268188477e-01 6.356207132339477539e-01 7.352205514907836914e-01 4.697309732437133789e-01 6.971575021743774414e-01
2.103475034236907959e-01 1.428553313016891479e-01 1.925930976867675781e-01 4.206796586513519287e-01 8.125491738319396973e-01 7.753139734268188477e-01 6.356207132339477539e-01 7.352205514907836914e-01 4.697309732437133789e-01 6.971575021743774414e-01
2.103475034236907959e-01 1.428553313016891479e-01 1.925930976867675781e-01 4.206796586513519287e-01 8.125491738319396973e-01 5.702216625213623047e-01 4.957411289215087891e-01 7.352205514907836914e-01 4.697309732437133789e-01 6.971575021743774414e-01
2.103475034236907959e-01 1.428553313016891479e-01 8.083833009004592896e-02 4.206796586513519287e-01 8.125491738319396973e-01 3.592888712882995605e-01 4.957411289215087891e-01 7.352205514907836914e-01 4.697309732437133789e-01 6.971575021743774414e-01
2.103475034236907959e-01 1.428553313016891479e-01 8.083833009004592896e-02 4.206796586513519287e-01 8.125491738319396973e-01 3.592888712882995605e-01 4.957411289215087891e-01 7.352205514907836914e-01 4.697309732437133789e-01 6.971575021743774414e-01
2.103475034236907959e-01 1.428553313016891479e-01 8.083833009004592896e-02 4.206796586513519287e-01 5.399109125137329102e-01 2.224584966897964478e-01 4.957411289215087891e-01 7.352205514907836914e-01 4.697309732437133789e-01 6.971575021743774414e-01
2.103475034236907959e-01 1.428553313016891479e-01 8.083833009004592896e-02 4.206796586513519287e-01 5.399109125137329102e-01 2.224584966897964478e-01 4.957411289215087891e-01 7.352205514907836914e-01 4.697309732437133789e-01 6.971575021743774414e-01
2.103475034236907959e-01 1.428553313016891479e-01 1.925930976867675781e-01 4.206796586513519287e-01 5.399109125137329102e-01 4.036718308925628662e-01 4.957411289215087891e-01 7.352205514907836914e-01 4.697309732437133789e-01 6.971575021743774414e-01
2.103475034236907959e-01 1.428553313016891479e-01 1.925930976867675781e-01 4.206796586513519287e-01 5.399109125137329102e-01 4.036718308925628662e-01 4.957411289215087891e-01 7.352205514907836914e-01 4.697309732437133789e-01 6.971575021743774414e-01
2.103475034236907959e-01 1.428553313016891479e-01 1.925930976867675781e-01 2.708182930946350098e-01 5.000000000000000000e-01 1.136716827750205994e-01 2.606409490108489990e-01 2.422425597906112671e-01 2.582576870918273926e-01 2.973679900169372559e-01
2.103475034236907959e-01 1.428553313016891479e-01 1.925930976867675781e-01 2.708182930946350098e-01 2.749038338661193848e-01 9.816145896911621094e-02 2.606409490108489990e-01 2.422425597906112671e-01 2.582576870918273926e-01 2.973679900169372559e-01
2.103475034236907959e-01 1.428553313016891479e-01 1.925930976867675781e-01 2.708182930946350098e-01 5.000000000000000000e-01 2.367454208433628082e-02 2.606409490108489990e-01 2.422425597906112671e-01 4.364260435104370117e-01 2.973679900169372559e-01
2.103475034236907959e-01 1.428553313016891479e-01 1.925930976867675781e-01 2.708182930946350098e-01 2.749038338661193848e-01 4.537091776728630066e-02 2.606409490108489990e-01 2.422425597906112671e-01 4.364260435104370117e-01 2.973679900169372559e-01
2.103475034236907959e-01 1.428553313016891479e-01 1.925930976867675781e-01 2.708182930946350098e-01 2.749038338661193848e-01 4.537091776728630066e-02 2.606409490108489990e-01 2.422425597906112671e-01 4.364260435104370117e-01 2.973679900169372559e-01
2.103475034236907959e-01 1.428553313016891479e-01 1.925930976867675781e-01 2.708182930946350098e-01 2.749038338661193848e-01 1.281414180994033813e-01 2.606409490108489990e-01 2.422425597906112671e-01 2.582576870918273926e-01 2.973679900169372559e-01
2.103475034236907959e-01 1.428553313016891479e-01 1.925930976867675781e-01 2.708182930946350098e-01 2.749038338661193848e-01 2.008759379386901855e-01 2.606409490108489990e-01 2.422425597906112671e-01 2.582576870918273926e-01 2.973679900169372559e-01
2.103475034236907959e-01 1.428553313016891479e-01 1.925930976867675781e-01 2.708182930946350098e-01 2.749038338661193848e-01 1.281414180994033813e-01 2.606409490108489990e-01 2.422425597906112671e-01 2.582576870918273926e-01 2.973679900169372559e-01
2.103475034236907959e-01 1.428553313016891479e-01 1.925930976867675781e-01 2.708182930946350098e-01 5.000000000000000000e-01 1.281414180994033813e-01 2.606409490108489990e-01 2.422425597906112671e-01 2.582576870918273926e-01 2.973679900169372559e-01
2.103475034236907959e-01 1.428553313016891479e-01 1.925930976867675781e-01 2.708182930946350098e-01 5.000000000000000000e-01 4.537091776728630066e-02 2.606409490108489990e-01 2.422425597906112671e-01 2.582576870918273926e-01 2.973679900169372559e-01
2.103475034236907959e-01 1.428553313016891479e-01 1.925930976867675781e-01 4.206796586513519287e-01 5.399109125137329102e-01 7.753139734268188477e-01 6.356207132339477539e-01 7.352205514907836914e-01 4.697309732437133789e-01 6.971575021743774414e-01
2.103475034236907959e-01 1.428553313016891479e-01 1.925930976867675781e-01 4.206796586513519287e-01 5.399109125137329102e-01 7.753139734268188477e-01 6.356207132339477539e-01 7.352205514907836914e-01 4.697309732437133789e-01 6.971575021743774414e-01
2.103475034236907959e-01 1.428553313016891479e-01 1.925930976867675781e-01 4.206796586513519287e-01 5.399109125137329102e-01 7.753139734268188477e-01 4.957411289215087891e-01 7.352205514907836914e-01 4.697309732437133789e-01 6.971575021743774414e-01
