7.236764430999755859e-01 5.543650984764099121e-01 7.479599118232727051e-01 6.444376707077026367e-01 5.228403806686401367e-01 4.199682474136352539e-01 4.779775738716125488e-01 5.668613314628601074e-01 5.010324120521545410e-01 5.016171336174011230e-01
5.827178359031677246e-01 5.543650984764099121e-01 5.100448131561279297e-01 4.367835521697998047e-01 5.228403806686401367e-01 4.609063565731048584e-01 4.941794872283935547e-01 5.668613314628601074e-01 5.010324120521545410e-01 5.016171336174011230e-01
5.280625224113464355e-01 5.207099914550781250e-01 5.100448131561279297e-01 3.930035531520843506e-01 5.228403806686401367e-01 4.913380146026611328e-01 4.941794872283935547e-01 5.668613314628601074e-01 5.010324120521545410e-01 5.016171336174011230e-01
5.827178359031677246e-01 5.543650984764099121e-01 5.100448131561279297e-01 4.367835521697998047e-01 5.228403806686401367e-01 4.770579636096954346e-01 4.941794872283935547e-01 5.668613314628601074e-01 5.010324120521545410e-01 5.016171336174011230e-01
5.834102630615234375e-01 5.207099914550781250e-01 4.926204979419708252e-01 5.229876637458801270e-01 5.228403806686401367e-01 4.264419078826904297e-01 5.322375893592834473e-01 5.668613314628601074e-01 5.010324120521545410e-01 5.016171336174011230e-01
7.674342393875122070e-01 5.207099914550781250e-01 5.100448131561279297e-01 5.229876637458801270e-01 5.228403806686401367e-01 4.913380146026611328e-01 5.322375893592834473e-01 5.668613314628601074e-01 5.010324120521545410e-01 5.016171336174011230e-01
5.280625224113464355e-01 5.207099914550781250e-01 4.671922028064727783e-01 3.930035531520843506e-01 5.228403806686401367e-01 4.265259206295013428e-01 5.840315818786621094e-01 5.668613314628601074e-01 5.010324120521545410e-01 5.016171336174011230e-01
5.394420623779296875e-01 5.543650984764099121e-01 5.049118399620056152e-01 5.050913691520690918e-01 5.228403806686401367e-01 4.770579636096954346e-01 5.322375893592834473e-01 5.668613314628601074e-01 5.010324120521545410e-01 5.016171336174011230e-01
6.254234910011291504e-01 5.207099914550781250e-01 4.113845825195312500e-01 5.039784908294677734e-01 5.228403806686401367e-01 4.264419078826904297e-01 5.322375893592834473e-01 5.178170204162597656e-01 5.010324120521545410e-01 5.016171336174011230e-01
5.430435538291931152e-01 5.207099914550781250e-01 3.105395734310150146e-01 5.039784908294677734e-01 5.228403806686401367e-01 2.097000330686569214e-01 4.506618082523345947e-01 5.178170204162597656e-01 5.010324120521545410e-01 5.016171336174011230e-01
5.957053303718566895e-01 5.543650984764099121e-01 3.327666819095611572e-01 4.860699176788330078e-01 5.228403806686401367e-01 4.770579636096954346e-01 4.943829476833343506e-01 5.178170204162597656e-01 5.010324120521545410e-01 5.016171336174011230e-01
5.957053303718566895e-01 5.543650984764099121e-01 3.639959990978240967e-01 5.050913691520690918e-01 5.228403806686401367e-01 4.770579636096954346e-01 4.420897066593170166e-01 5.668613314628601074e-01 5.010324120521545410e-01 5.016171336174011230e-01
5.437503457069396973e-01 5.207099914550781250e-01 4.483915567398071289e-01 5.229876637458801270e-01 5.228403806686401367e-01 4.264419078826904297e-01 4.420897066593170166e-01 5.668613314628601074e-01 5.010324120521545410e-01 5.016171336174011230e-01
5.776610374450683594e-01 5.207099914550781250e-01 4.483915567398071289e-01 5.229876637458801270e-01 5.228403806686401367e-01 4.264419078826904297e-01 4.420897066593170166e-01 5.668613314628601074e-01 5.010324120521545410e-01 5.016171336174011230e-01
5.335710644721984863e-01 5.207099914550781250e-01 4.483915567398071289e-01 5.229876637458801270e-01 5.228403806686401367e-01 4.264419078826904297e-01 4.943829476833343506e-01 5.668613314628601074e-01 5.010324120521545410e-01 5.016171336174011230e-01
5.769659280776977539e-01 5.207099914550781250e-01 4.656873047351837158e-01 5.229876637458801270e-01 5.228403806686401367e-01 4.264419078826904297e-01 4.943829476833343506e-01 5.668613314628601074e-01 5.010324120521545410e-01 5.016171336174011230e-01
5.280625224113464355e-01 5.207099914550781250e-01 2.516242563724517822e-01 3.930035531520843506e-01 5.228403806686401367e-01 2.276511043310165405e-01 5.840315818786621094e-01 4.814418554306030273e-01 5.010324120521545410e-01 5.016171336174011230e-01
3.428077399730682373e-01 2.647111713886260986e-01 5.463866591453552246e-01 6.023485064506530762e-01 5.228403806686401367e-01 4.167897999286651611e-01 2.146562486886978149e-01 4.324099719524383545e-01 5.010324120521545410e-01 5.016171336174011230e-01
5.280625224113464355e-01 5.207099914550781250e-01 5.463866591453552246e-01 3.750047087669372559e-01 5.228403806686401367e-01 2.418190240859985352e-01 3.808661997318267822e-01 4.324099719524383545e-01 5.010324120521545410e-01 5.016171336174011230e-01
3.428077399730682373e-01 2.647111713886260986e-01 3.415421843528747559e-01 6.023485064506530762e-01 5.228403806686401367e-01 4.167897999286651611e-01 3.268826007843017578e-01 4.324099719524383545e-01 5.010324120521545410e-01 5.016171336174011230e-01
5.827178359031677246e-01 5.207099914550781250e-01 3.820913732051849365e-01 5.039784908294677734e-01 5.228403806686401367e-01 3.155519664287567139e-01 3.606591820716857910e-01 4.324099719524383545e-01 5.010324120521545410e-01 5.016171336174011230e-01
4.418117105960845947e-01 5.543650984764099121e-01 2.696726918220520020e-01 6.525658369064331055e-01 5.228403806686401367e-01 4.771435856819152832e-01 4.884025156497955322e-01 4.324099719524383545e-01 5.010324120521545410e-01 5.016171336174011230e-01
5.497342348098754883e-01 4.551771879196166992e-01 5.302459597587585449e-01 4.712191820144653320e-01 5.228403806686401367e-01 4.167897999286651611e-01 3.781976997852325439e-01 4.324099719524383545e-01 5.010324120521545410e-01 5.016171336174011230e-01
5.834102630615234375e-01 5.207099914550781250e-01 3.657749593257904053e-01 5.039784908294677734e-01 5.228403806686401367e-01 3.155519664287567139e-01 3.606591820716857910e-01 4.324099719524383545e-01 5.010324120521545410e-01 5.016171336174011230e-01
5.834102630615234375e-01 5.543650984764099121e-01 3.657749593257904053e-01 6.023485064506530762e-01 5.228403806686401367e-01 2.878875434398651123e-01 3.606591820716857910e-01 4.324099719524383545e-01 5.010324120521545410e-01 5.016171336174011230e-01
4.642789959907531738e-01 5.207099914550781250e-01 2.696726918220520020e-01 5.039784908294677734e-01 5.228403806686401367e-01 3.155519664287567139e-01 5.259757041931152344e-01 4.324099719524383545e-01 5.010324120521545410e-01 5.016171336174011230e-01
3.967694640159606934e-01 5.207099914550781250e-01 2.695191502571105957e-01 5.039784908294677734e-01 5.228403806686401367e-01 3.155519664287567139e-01 5.259757041931152344e-01 4.324099719524383545e-01 5.010324120521545410e-01 5.016171336174011230e-01
3.967694640159606934e-01 5.207099914550781250e-01 2.695191502571105957e-01 5.039784908294677734e-01 5.228403806686401367e-01 3.155519664287567139e-01 5.259757041931152344e-01 5.795413851737976074e-01 5.010324120521545410e-01 5.016171336174011230e-01
3.967694640159606934e-01 5.207099914550781250e-01 3.764452338218688965e-01 5.719148516654968262e-01 5.228403806686401367e-01 4.452241063117980957e-01 3.327259123325347900e-01 5.795413851737976074e-01 5.010324120521545410e-01 5.016171336174011230e-01
3.967694640159606934e-01 5.207099914550781250e-01 3.764452338218688965e-01 5.229876637458801270e-01 5.228403806686401367e-01 3.640633523464202881e-01 3.327259123325347900e-01 5.795413851737976074e-01 5.010324120521545410e-01 5.016171336174011230e-01
4.769377410411834717e-01 5.543650984764099121e-01 3.522470295429229736e-01 5.050913691520690918e-01 5.228403806686401367e-01 4.126015901565551758e-01 2.300389111042022705e-01 4.814418554306030273e-01 5.010324120521545410e-01 5.016171336174011230e-01
5.280625224113464355e-01 2.647111713886260986e-01 5.556048750877380371e-01 7.284756898880004883e-01 5.228403806686401367e-01 2.655981183052062988e-01 1.157399341464042664e-01 4.814418554306030273e-01 5.010324120521545410e-01 5.016171336174011230e-01
5.221750140190124512e-01 2.647111713886260986e-01 7.367940545082092285e-01 7.284756898880004883e-01 5.228403806686401367e-01 4.167897999286651611e-01 8.353789895772933960e-02 4.814418554306030273e-01 5.010324120521545410e-01 5.016171336174011230e-01
5.280625224113464355e-01 5.207099914550781250e-01 5.896718502044677734e-01 5.756781101226806641e-01 5.228403806686401367e-01 2.478305995464324951e-01 2.275868207216262817e-01 4.814418554306030273e-01 5.010324120521545410e-01 5.016171336174011230e-01
5.869312882423400879e-01 5.207099914550781250e-01 4.616321623325347900e-01 5.756781101226806641e-01 5.228403806686401367e-01 3.640633523464202881e-01 4.386651217937469482e-01 4.814418554306030273e-01 5.010324120521545410e-01 5.016171336174011230e-01
6.198762655258178711e-01 5.207099914550781250e-01 4.616321623325347900e-01 5.756781101226806641e-01 5.228403806686401367e-01 3.640633523464202881e-01 4.386651217937469482e-01 4.814418554306030273e-01 5.010324120521545410e-01 5.016171336174011230e-01
5.834102630615234375e-01 5.543650984764099121e-01 5.727069973945617676e-01 7.284756898880004883e-01 5.228403806686401367e-01 4.126015901565551758e-01 4.020390212535858154e-01 4.814418554306030273e-01 5.010324120521545410e-01 5.016171336174011230e-01
5.834102630615234375e-01 5.207099914550781250e-01 5.727069973945617676e-01 5.756781101226806641e-01 5.228403806686401367e-01 3.640633523464202881e-01 4.020390212535858154e-01 4.814418554306030273e-01 5.010324120521545410e-01 5.016171336174011230e-01
5.834102630615234375e-01 5.207099914550781250e-01 5.727069973945617676e-01 5.756781101226806641e-01 5.228403806686401367e-01 3.640633523464202881e-01 4.020390212535858154e-01 4.814418554306030273e-01 5.010324120521545410e-01 5.016171336174011230e-01
5.827178359031677246e-01 5.543650984764099121e-01 5.777249336242675781e-01 7.284756898880004883e-01 5.228403806686401367e-01 4.126015901565551758e-01 4.020390212535858154e-01 4.814418554306030273e-01 5.010324120521545410e-01 5.016171336174011230e-01
6.254234910011291504e-01 5.207099914550781250e-01 5.777249336242675781e-01 5.756781101226806641e-01 5.228403806686401367e-01 3.640633523464202881e-01 4.020390212535858154e-01 4.814418554306030273e-01 5.010324120521545410e-01 5.016171336174011230e-01
5.437503457069396973e-01 5.207099914550781250e-01 4.592708647251129150e-01 5.756781101226806641e-01 5.228403806686401367e-01 3.640633523464202881e-01 3.189087808132171631e-01 4.814418554306030273e-01 5.010324120521545410e-01 5.016171336174011230e-01
5.437503457069396973e-01 5.207099914550781250e-01 5.499995350837707520e-01 5.756781101226806641e-01 5.228403806686401367e-01 4.824602603912353516e-01 3.766372501850128174e-01 3.898224532604217529e-01 5.010324120521545410e-01 5.016171336174011230e-01
5.437503457069396973e-01 5.207099914550781250e-01 5.153459310531616211e-01 5.756781101226806641e-01 5.228403806686401367e-01 4.824602603912353516e-01 5.055647492408752441e-01 4.738401472568511963e-01 5.010324120521545410e-01 5.016171336174011230e-01
5.437503457069396973e-01 5.207099914550781250e-01 4.625150561332702637e-01 5.756781101226806641e-01 5.228403806686401367e-01 4.824602603912353516e-01 5.055647492408752441e-01 4.738401472568511963e-01 5.010324120521545410e-01 5.016171336174011230e-01
5.957053303718566895e-01 5.543650984764099121e-01 5.499995350837707520e-01 6.261903047561645508e-01 5.228403806686401367e-01 5.335401296615600586e-01 4.420897066593170166e-01 4.814418554306030273e-01 5.010324120521545410e-01 5.016171336174011230e-01
5.437503457069396973e-01 5.207099914550781250e-01 5.499995350837707520e-01 5.675264000892639160e-01 5.228403806686401367e-01 4.824602603912353516e-01 5.055647492408752441e-01 4.814418554306030273e-01 5.010324120521545410e-01 5.016171336174011230e-01
5.437503457069396973e-01 5.207099914550781250e-01 5.499995350837707520e-01 5.675264000892639160e-01 5.228403806686401367e-01 4.824602603912353516e-01 5.055647492408752441e-01 4.738401472568511963e-01 5.010324120521545410e-01 5.016171336174011230e-01
7.875798940658569336e-01 5.543650984764099121e-01 4.666600227355957031e-01 6.848357319831848145e-01 5.228403806686401367e-01 5.335401296615600586e-01 3.189087808132171631e-01 4.814418554306030273e-01 5.010324120521545410e-01 5.016171336174011230e-01
5.869312882423400879e-01 5.207099914550781250e-01 4.666600227355957031e-01 5.235422253608703613e-01 5.228403806686401367e-01 4.824602603912353516e-01 3.189087808132171631e-01 4.814418554306030273e-01 5.010324120521545410e-01 5.016171336174011230e-01
7.561537027359008789e-01 5.543650984764099121e-01 4.789150357246398926e-01 6.848357319831848145e-01 5.228403806686401367e-01 5.335401296615600586e-01 3.189087808132171631e-01 4.814418554306030273e-01 5.010324120521545410e-01 5.016171336174011230e-01
5.430435538291931152e-01 5.207099914550781250e-01 4.789150357246398926e-01 5.235422253608703613e-01 5.228403806686401367e-01 4.824602603912353516e-01 3.189087808132171631e-01 4.814418554306030273e-01 5.010324120521545410e-01 5.016171336174011230e-01
6.198762655258178711e-01 5.207099914550781250e-01 5.481621026992797852e-01 5.235422253608703613e-01 5.228403806686401367e-01 4.824602603912353516e-01 1.800667941570281982e-01 4.814418554306030273e-01 5.010324120521545410e-01 5.016171336174011230e-01
5.776610374450683594e-01 5.207099914550781250e-01 4.615524113178253174e-01 5.235422253608703613e-01 5.228403806686401367e-01 4.824602603912353516e-01 2.875609695911407471e-01 4.814418554306030273e-01 5.010324120521545410e-01 5.016171336174011230e-01
5.437503457069396973e-01 5.207099914550781250e-01 4.615524113178253174e-01 5.675264000892639160e-01 5.228403806686401367e-01 4.824602603912353516e-01 2.875609695911407471e-01 4.814418554306030273e-01 5.010324120521545410e-01 5.016171336174011230e-01
5.437503457069396973e-01 5.207099914550781250e-01 4.615524113178253174e-01 5.235422253608703613e-01 5.228403806686401367e-01 6.054239273071289062e-01 2.875609695911407471e-01 4.814418554306030273e-01 5.010324120521545410e-01 5.016171336174011230e-01
5.260230898857116699e-01 5.207099914550781250e-01 4.615524113178253174e-01 4.471889436244964600e-01 5.228403806686401367e-01 6.054239273071289062e-01 2.875609695911407471e-01 4.814418554306030273e-01 5.010324120521545410e-01 5.016171336174011230e-01
5.437503457069396973e-01 5.207099914550781250e-01 5.288385152816772461e-01 5.284430980682373047e-01 5.951730608940124512e-01 6.054239273071289062e-01 6.191453933715820312e-01 3.898224532604217529e-01 5.010324120521545410e-01 5.016171336174011230e-01
5.437503457069396973e-01 6.296046972274780273e-01 3.554637134075164795e-01 6.387374997138977051e-01 5.951730608940124512e-01 6.054239273071289062e-01 6.191453933715820312e-01 7.732804417610168457e-01 5.010324120521545410e-01 5.016171336174011230e-01
5.260230898857116699e-01 5.543650984764099121e-01 3.554637134075164795e-01 6.565928459167480469e-01 5.951730608940124512e-01 6.530939936637878418e-01 6.191453933715820312e-01 4.738401472568511963e-01 5.010324120521545410e-01 5.016171336174011230e-01
5.260230898857116699e-01 5.543650984764099121e-01 5.218929052352905273e-01 6.565928459167480469e-01 5.228403806686401367e-01 6.530939936637878418e-01 6.191453933715820312e-01 4.738401472568511963e-01 5.010324120521545410e-01 5.016171336174011230e-01
5.260230898857116699e-01 5.543650984764099121e-01 4.615524113178253174e-01 5.439719557762145996e-01 5.228403806686401367e-01 5.335401296615600586e-01 4.903477132320404053e-01 5.668613314628601074e-01 5.010324120521545410e-01 5.016171336174011230e-01
5.695537328720092773e-01 5.543650984764099121e-01 5.481621026992797852e-01 5.756862759590148926e-01 5.228403806686401367e-01 6.530939936637878418e-01 4.903477132320404053e-01 5.668613314628601074e-01 5.010324120521545410e-01 5.016171336174011230e-01
7.561537027359008789e-01 5.543650984764099121e-01 5.481621026992797852e-01 6.183657050132751465e-01 5.228403806686401367e-01 6.530939936637878418e-01 4.903477132320404053e-01 4.814418554306030273e-01 5.010324120521545410e-01 5.016171336174011230e-01
5.869312882423400879e-01 5.207099914550781250e-01 6.136839389801025391e-01 7.068630456924438477e-01 5.228403806686401367e-01 6.054239273071289062e-01 6.191453933715820312e-01 5.668613314628601074e-01 5.010324120521545410e-01 5.016171336174011230e-01
5.695537328720092773e-01 5.543650984764099121e-01 6.136839389801025391e-01 6.917999386787414551e-01 5.228403806686401367e-01 6.530939936637878418e-01 6.191453933715820312e-01 5.668613314628601074e-01 5.010324120521545410e-01 5.016171336174011230e-01
5.869312882423400879e-01 5.207099914550781250e-01 6.136839389801025391e-01 7.068630456924438477e-01 5.228403806686401367e-01 4.824602603912353516e-01 6.191453933715820312e-01 5.668613314628601074e-01 5.010324120521545410e-01 5.016171336174011230e-01
3.699205219745635986e-01 5.543650984764099121e-01 5.481621026992797852e-01 5.756862759590148926e-01 5.228403806686401367e-01 5.335401296615600586e-01 4.903477132320404053e-01 5.668613314628601074e-01 5.010324120521545410e-01 5.016171336174011230e-01
6.279504299163818359e-01 5.543650984764099121e-01 4.789150357246398926e-01 6.848357319831848145e-01 5.228403806686401367e-01 3.969756364822387695e-01 7.212656140327453613e-01 4.814418554306030273e-01 5.010324120521545410e-01 5.016171336174011230e-01
5.280625224113464355e-01 5.543650984764099121e-01 4.789150357246398926e-01 6.848357319831848145e-01 5.228403806686401367e-01 5.977488160133361816e-01 7.212656140327453613e-01 4.814418554306030273e-01 5.010324120521545410e-01 5.016171336174011230e-01
5.827178359031677246e-01 5.207099914550781250e-01 4.789150357246398926e-01 5.930864214897155762e-01 5.228403806686401367e-01 4.824602603912353516e-01 7.212656140327453613e-01 4.814418554306030273e-01 5.010324120521545410e-01 5.016171336174011230e-01
5.280625224113464355e-01 5.543650984764099121e-01 4.789150357246398926e-01 6.848357319831848145e-01 5.228403806686401367e-01 5.977488160133361816e-01 7.212656140327453613e-01 4.814418554306030273e-01 5.010324120521545410e-01 5.016171336174011230e-01
5.280625224113464355e-01 5.543650984764099121e-01 4.443180263042449951e-01 6.848357319831848145e-01 5.228403806686401367e-01 7.097970247268676758e-01 7.212656140327453613e-01 4.814418554306030273e-01 5.010324120521545410e-01 5.016171336174011230e-01
5.280625224113464355e-01 5.207099914550781250e-01 4.443180263042449951e-01 5.930864214897155762e-01 5.228403806686401367e-01 6.659332513809204102e-01 7.212656140327453613e-01 4.814418554306030273e-01 5.010324120521545410e-01 5.016171336174011230e-01
2.987502217292785645e-01 2.647111713886260986e-01 7.259013503789901733e-02 4.496069252490997314e-01 2.794902622699737549e-01 3.719205558300018311e-01 1.556478887796401978e-01 2.667185664176940918e-01 5.010324120521545410e-01 5.016171336174011230e-01
2.667685747146606445e-01 5.207099914550781250e-01 1.129043102264404297e-01 3.268021643161773682e-01 5.228403806686401367e-01 1.640797257423400879e-01 2.740100026130676270e-01 4.814418554306030273e-01 5.010324120521545410e-01 5.016171336174011230e-01
7.236764430999755859e-01 5.207099914550781250e-01 4.627949297428131104e-01 4.420631527900695801e-01 5.228403806686401367e-01 5.104347467422485352e-01 2.740100026130676270e-01 4.814418554306030273e-01 5.010324120521545410e-01 5.016171336174011230e-01
5.215156674385070801e-01 5.207099914550781250e-01 3.957701027393341064e-01 5.197023153305053711e-01 5.228403806686401367e-01 4.452241063117980957e-01 5.592146515846252441e-01 4.814418554306030273e-01 5.010324120521545410e-01 5.016171336174011230e-01
3.142374753952026367e-01 5.207099914550781250e-01 3.957701027393341064e-01 5.197023153305053711e-01 5.228403806686401367e-01 4.452241063117980957e-01 5.592146515846252441e-01 4.814418554306030273e-01 5.010324120521545410e-01 5.016171336174011230e-01
3.142374753952026367e-01 5.207099914550781250e-01 3.957701027393341064e-01 5.197023153305053711e-01 5.228403806686401367e-01 2.091823220252990723e-01 5.592146515846252441e-01 4.814418554306030273e-01 5.010324120521545410e-01 5.016171336174011230e-01
5.215156674385070801e-01 5.207099914550781250e-01 3.957701027393341064e-01 4.492626488208770752e-01 5.228403806686401367e-01 4.452241063117980957e-01 5.592146515846252441e-01 4.814418554306030273e-01 5.010324120521545410e-01 5.016171336174011230e-01
4.812031090259552002e-01 5.207099914550781250e-01 3.957701027393341064e-01 4.492626488208770752e-01 5.228403806686401367e-01 4.452241063117980957e-01 5.592146515846252441e-01 4.814418554306030273e-01 5.010324120521545410e-01 5.016171336174011230e-01
4.812031090259552002e-01 5.207099914550781250e-01 3.464351892471313477e-01 4.096412062644958496e-01 5.228403806686401367e-01 4.452241063117980957e-01 4.347425401210784912e-01 4.814418554306030273e-01 5.010324120521545410e-01 5.016171336174011230e-01
5.341789126396179199e-01 5.207099914550781250e-01 3.755365610122680664e-01 3.802766799926757812e-01 5.228403806686401367e-01 4.452241063117980957e-01 4.347425401210784912e-01 3.898224532604217529e-01 5.010324120521545410e-01 5.016171336174011230e-01
5.341789126396179199e-01 5.543650984764099121e-01 3.755365610122680664e-01 4.310612082481384277e-01 5.228403806686401367e-01 4.961409866809844971e-01 4.347425401210784912e-01 4.814418554306030273e-01 5.010324120521545410e-01 5.016171336174011230e-01
4.812031090259552002e-01 5.207099914550781250e-01 3.755365610122680664e-01 3.802766799926757812e-01 5.228403806686401367e-01 4.452241063117980957e-01 4.347425401210784912e-01 4.814418554306030273e-01 5.010324120521545410e-01 5.016171336174011230e-01
5.775619745254516602e-01 5.543650984764099121e-01 3.755365610122680664e-01 4.310612082481384277e-01 5.228403806686401367e-01 4.961409866809844971e-01 5.336297154426574707e-01 4.814418554306030273e-01 5.010324120521545410e-01 5.016171336174011230e-01
5.251339673995971680e-01 5.207099914550781250e-01 3.755365610122680664e-01 4.229080677032470703e-01 5.228403806686401367e-01 4.452241063117980957e-01 5.336297154426574707e-01 4.814418554306030273e-01 5.010324120521545410e-01 5.016171336174011230e-01
6.372494697570800781e-01 5.207099914550781250e-01 3.755365610122680664e-01 3.802766799926757812e-01 5.228403806686401367e-01 4.452241063117980957e-01 5.336297154426574707e-01 4.814418554306030273e-01 5.010324120521545410e-01 5.016171336174011230e-01
5.437503457069396973e-01 5.207099914550781250e-01 3.755365610122680664e-01 4.229080677032470703e-01 5.228403806686401367e-01 4.452241063117980957e-01 4.694026410579681396e-01 4.814418554306030273e-01 5.010324120521545410e-01 5.016171336174011230e-01
6.372494697570800781e-01 5.543650984764099121e-01 3.755365610122680664e-01 4.750219285488128662e-01 5.228403806686401367e-01 5.414077639579772949e-01 4.067330062389373779e-01 4.814418554306030273e-01 5.010324120521545410e-01 5.016171336174011230e-01
5.280625224113464355e-01 5.543650984764099121e-01 5.019614696502685547e-01 5.482177734375000000e-01 5.228403806686401367e-01 6.053345799446105957e-01 4.960818886756896973e-01 4.814418554306030273e-01 5.010324120521545410e-01 5.016171336174011230e-01
5.280625224113464355e-01 5.207099914550781250e-01 5.019614696502685547e-01 2.429476678371429443e-01 5.228403806686401367e-01 3.564091324806213379e-01 4.960818886756896973e-01 4.814418554306030273e-01 5.010324120521545410e-01 5.016171336174011230e-01
5.280625224113464355e-01 5.207099914550781250e-01 5.019614696502685547e-01 2.429476678371429443e-01 5.228403806686401367e-01 3.564091324806213379e-01 4.960818886756896973e-01 4.814418554306030273e-01 5.010324120521545410e-01 5.016171336174011230e-01
5.280625224113464355e-01 5.543650984764099121e-01 5.019614696502685547e-01 4.525222182273864746e-01 5.228403806686401367e-01 4.045760929584503174e-01 5.527181625366210938e-01 4.814418554306030273e-01 5.010324120521545410e-01 5.016171336174011230e-01
5.280625224113464355e-01 5.543650984764099121e-01 5.019614696502685547e-01 6.204270720481872559e-01 5.228403806686401367e-01 6.053345799446105957e-01 5.527181625366210938e-01 4.814418554306030273e-01 5.010324120521545410e-01 5.016171336174011230e-01
5.827178359031677246e-01 5.207099914550781250e-01 4.671922028064727783e-01 4.525222182273864746e-01 5.228403806686401367e-01 4.903664588928222656e-01 5.527181625366210938e-01 4.814418554306030273e-01 5.010324120521545410e-01 5.016171336174011230e-01
5.827178359031677246e-01 5.207099914550781250e-01 4.671922028064727783e-01 4.525222182273864746e-01 5.228403806686401367e-01 3.564091324806213379e-01 5.527181625366210938e-01 4.814418554306030273e-01 5.010324120521545410e-01 5.016171336174011230e-01
5.827178359031677246e-01 5.207099914550781250e-01 3.705521225929260254e-01 4.337453842163085938e-01 5.228403806686401367e-01 4.903664588928222656e-01 5.527181625366210938e-01 4.324099719524383545e-01 5.010324120521545410e-01 5.016171336174011230e-01
5.827178359031677246e-01 5.543650984764099121e-01 3.820913732051849365e-01 6.023485064506530762e-01 5.228403806686401367e-01 4.045760929584503174e-01 5.090318918228149414e-01 4.324099719524383545e-01 5.010324120521545410e-01 5.016171336174011230e-01
4.202322363853454590e-01 5.207099914550781250e-01 2.794652283191680908e-01 4.337453842163085938e-01 5.228403806686401367e-01 4.365791380405426025e-01 5.090318918228149414e-01 4.324099719524383545e-01 5.010324120521545410e-01 5.016171336174011230e-01
5.827178359031677246e-01 5.543650984764099121e-01 3.820913732051849365e-01 6.023485064506530762e-01 5.228403806686401367e-01 5.414077639579772949e-01 5.090318918228149414e-01 4.324099719524383545e-01 5.010324120521545410e-01 5.016171336174011230e-01
5.827178359031677246e-01 5.543650984764099121e-01 3.820913732051849365e-01 6.023485064506530762e-01 5.228403806686401367e-01 6.053345799446105957e-01 5.090318918228149414e-01 4.324099719524383545e-01 5.010324120521545410e-01 5.016171336174011230e-01
5.827178359031677246e-01 5.207099914550781250e-01 3.820913732051849365e-01 2.860189378261566162e-01 5.228403806686401367e-01 5.016685724258422852e-01 6.131823658943176270e-01 4.324099719524383545e-01 5.010324120521545410e-01 5.016171336174011230e-01
5.280625224113464355e-01 5.543650984764099121e-01 3.820913732051849365e-01 4.012755751609802246e-01 5.228403806686401367e-01 6.053345799446105957e-01 6.131823658943176270e-01 4.324099719524383545e-01 5.010324120521545410e-01 5.016171336174011230e-01
5.280625224113464355e-01 5.207099914550781250e-01 3.820913732051849365e-01 4.337453842163085938e-01 5.228403806686401367e-01 5.559566617012023926e-01 6.131823658943176270e-01 4.324099719524383545e-01 5.010324120521545410e-01 5.016171336174011230e-01
5.280625224113464355e-01 5.543650984764099121e-01 3.820913732051849365e-01 4.012755751609802246e-01 5.228403806686401367e-01 6.560716629028320312e-01 4.528945982456207275e-01 4.324099719524383545e-01 5.010324120521545410e-01 5.016171336174011230e-01
5.827178359031677246e-01 5.207099914550781250e-01 5.463866591453552246e-01 4.337453842163085938e-01 5.228403806686401367e-01 6.271889805793762207e-01 6.131823658943176270e-01 4.324099719524383545e-01 5.010324120521545410e-01 5.016171336174011230e-01
5.827178359031677246e-01 5.207099914550781250e-01 3.820913732051849365e-01 4.337453842163085938e-01 5.228403806686401367e-01 4.907602369785308838e-01 6.131823658943176270e-01 4.324099719524383545e-01 5.010324120521545410e-01 5.016171336174011230e-01
5.834102630615234375e-01 5.207099914550781250e-01 3.657749593257904053e-01 4.337453842163085938e-01 5.228403806686401367e-01 4.907602369785308838e-01 6.502408385276794434e-01 4.324099719524383545e-01 5.010324120521545410e-01 5.016171336174011230e-01
5.215156674385070801e-01 5.207099914550781250e-01 3.657749593257904053e-01 4.337453842163085938e-01 5.228403806686401367e-01 4.907602369785308838e-01 6.502408385276794434e-01 4.324099719524383545e-01 5.010324120521545410e-01 5.016171336174011230e-01
5.156214237213134766e-01 5.207099914550781250e-01 2.958158552646636963e-01 4.337453842163085938e-01 5.228403806686401367e-01 4.907602369785308838e-01 5.642141699790954590e-01 4.324099719524383545e-01 5.010324120521545410e-01 5.016171336174011230e-01
3.879350125789642334e-01 5.543650984764099121e-01 3.657749593257904053e-01 4.012755751609802246e-01 5.228403806686401367e-01 5.948628187179565430e-01 6.502408385276794434e-01 4.324099719524383545e-01 5.010324120521545410e-01 5.016171336174011230e-01
4.812031090259552002e-01 5.207099914550781250e-01 2.958158552646636963e-01 4.337453842163085938e-01 5.228403806686401367e-01 4.907602369785308838e-01 5.642141699790954590e-01 5.821648836135864258e-01 5.010324120521545410e-01 5.016171336174011230e-01
4.812031090259552002e-01 5.207099914550781250e-01 3.256256580352783203e-01 4.813654124736785889e-01 5.228403806686401367e-01 4.907602369785308838e-01 5.642141699790954590e-01 3.335421085357666016e-01 5.010324120521545410e-01 5.016171336174011230e-01
4.812031090259552002e-01 5.207099914550781250e-01 3.256256580352783203e-01 4.813654124736785889e-01 5.228403806686401367e-01 4.907602369785308838e-01 5.221481919288635254e-01 3.335421085357666016e-01 5.010324120521545410e-01 5.016171336174011230e-01
4.812031090259552002e-01 5.207099914550781250e-01 2.537090480327606201e-01 3.008095026016235352e-01 5.228403806686401367e-01 4.907602369785308838e-01 5.221481919288635254e-01 3.335421085357666016e-01 5.010324120521545410e-01 5.016171336174011230e-01
5.341789126396179199e-01 5.543650984764099121e-01 2.537090480327606201e-01 5.340169072151184082e-01 5.228403806686401367e-01 5.948628187179565430e-01 5.221481919288635254e-01 6.413571238517761230e-01 5.010324120521545410e-01 5.016171336174011230e-01
5.341789126396179199e-01 5.207099914550781250e-01 3.256256580352783203e-01 4.813654124736785889e-01 5.228403806686401367e-01 4.907602369785308838e-01 6.255629658699035645e-01 5.821648836135864258e-01 5.010324120521545410e-01 5.016171336174011230e-01
4.769377410411834717e-01 5.543650984764099121e-01 2.361443787813186646e-01 4.481521248817443848e-01 5.228403806686401367e-01 5.948628187179565430e-01 5.642141699790954590e-01 5.821648836135864258e-01 5.010324120521545410e-01 5.016171336174011230e-01
5.437503457069396973e-01 5.207099914550781250e-01 5.240812301635742188e-01 6.625317335128784180e-01 5.228403806686401367e-01 5.447685122489929199e-01 5.656632184982299805e-01 6.293489933013916016e-01 5.010324120521545410e-01 5.016171336174011230e-01
5.775619745254516602e-01 5.207099914550781250e-01 6.091502308845520020e-01 6.625317335128784180e-01 5.228403806686401367e-01 5.447685122489929199e-01 5.656632184982299805e-01 6.413571238517761230e-01 5.010324120521545410e-01 5.016171336174011230e-01
5.341789126396179199e-01 5.543650984764099121e-01 5.240812301635742188e-01 7.079499363899230957e-01 5.228403806686401367e-01 5.948628187179565430e-01 5.656632184982299805e-01 6.293489933013916016e-01 5.010324120521545410e-01 5.016171336174011230e-01
4.812031090259552002e-01 5.207099914550781250e-01 5.240812301635742188e-01 6.625317335128784180e-01 5.228403806686401367e-01 5.447685122489929199e-01 5.656632184982299805e-01 6.293489933013916016e-01 5.010324120521545410e-01 5.016171336174011230e-01
5.957053303718566895e-01 5.543650984764099121e-01 5.240812301635742188e-01 7.079499363899230957e-01 5.228403806686401367e-01 5.948628187179565430e-01 5.656632184982299805e-01 6.293489933013916016e-01 5.010324120521545410e-01 5.016171336174011230e-01
