9.424598217010498047e-01 9.932551383972167969e-01 8.671503067016601562e-01 8.804790973663330078e-01 8.486908674240112305e-01 8.343676328659057617e-01 7.118749022483825684e-01 8.098592758178710938e-01 8.399860262870788574e-01 6.241801977157592773e-01
8.075516819953918457e-01 9.476955533027648926e-01 8.671503067016601562e-01 6.240424513816833496e-01 5.662301778793334961e-01 8.343676328659057617e-01 6.021249294281005859e-01 7.229712605476379395e-01 8.399860262870788574e-01 9.743960499763488770e-01
6.751490235328674316e-01 9.476955533027648926e-01 6.787475347518920898e-01 6.240424513816833496e-01 5.662301778793334961e-01 8.343676328659057617e-01 6.021249294281005859e-01 7.229712605476379395e-01 8.399860262870788574e-01 8.908597230911254883e-01
6.751490235328674316e-01 9.476955533027648926e-01 6.787475347518920898e-01 6.240424513816833496e-01 5.662301778793334961e-01 8.343676328659057617e-01 6.021249294281005859e-01 7.229712605476379395e-01 8.399860262870788574e-01 8.703356981277465820e-01
4.525358378887176514e-01 4.753350317478179932e-01 6.787475347518920898e-01 6.240424513816833496e-01 5.662301778793334961e-01 8.343676328659057617e-01 6.021249294281005859e-01 7.229712605476379395e-01 8.399860262870788574e-01 5.628733634948730469e-01
4.564126133918762207e-01 4.753350317478179932e-01 6.787475347518920898e-01 6.240424513816833496e-01 5.662301778793334961e-01 8.343676328659057617e-01 6.021249294281005859e-01 7.229712605476379395e-01 6.383305191993713379e-01 2.758661210536956787e-01
4.525358378887176514e-01 4.753350317478179932e-01 6.787475347518920898e-01 6.240424513816833496e-01 5.662301778793334961e-01 8.343676328659057617e-01 6.021249294281005859e-01 5.056422352790832520e-01 6.383305191993713379e-01 2.910314202308654785e-01
4.564126133918762207e-01 4.753350317478179932e-01 6.787475347518920898e-01 6.240424513816833496e-01 5.662301778793334961e-01 8.343676328659057617e-01 3.319880366325378418e-01 2.514367997646331787e-01 6.383305191993713379e-01 1.305043846368789673e-01
5.856637954711914062e-01 4.981881082057952881e-01 6.787475347518920898e-01 6.240424513816833496e-01 2.034004330635070801e-01 6.180270910263061523e-01 3.319880366325378418e-01 3.369431495666503906e-01 6.383305191993713379e-01 1.131731718778610229e-01
3.714718818664550781e-01 6.289542913436889648e-01 6.787475347518920898e-01 6.240424513816833496e-01 2.034004330635070801e-01 8.343676328659057617e-01 3.319880366325378418e-01 3.369431495666503906e-01 6.383305191993713379e-01 9.449047595262527466e-02
3.714718818664550781e-01 4.652365744113922119e-01 6.787475347518920898e-01 6.240424513816833496e-01 5.662301778793334961e-01 8.343676328659057617e-01 3.319880366325378418e-01 2.514367997646331787e-01 6.383305191993713379e-01 5.414341688156127930e-01
3.714718818664550781e-01 6.289542913436889648e-01 6.787475347518920898e-01 6.240424513816833496e-01 2.034004330635070801e-01 6.180270910263061523e-01 3.319880366325378418e-01 3.369431495666503906e-01 2.601492106914520264e-01 9.449047595262527466e-02
3.714718818664550781e-01 6.289542913436889648e-01 6.787475347518920898e-01 6.240424513816833496e-01 2.034004330635070801e-01 8.343676328659057617e-01 3.319880366325378418e-01 3.369431495666503906e-01 2.601492106914520264e-01 9.449047595262527466e-02
1.432164311408996582e-01 6.289542913436889648e-01 6.787475347518920898e-01 6.240424513816833496e-01 2.034004330635070801e-01 8.343676328659057617e-01 3.319880366325378418e-01 3.369431495666503906e-01 2.601492106914520264e-01 9.449047595262527466e-02
3.714718818664550781e-01 6.289542913436889648e-01 6.787475347518920898e-01 6.240424513816833496e-01 2.034004330635070801e-01 6.180270910263061523e-01 3.319880366325378418e-01 3.369431495666503906e-01 2.601492106914520264e-01 9.449047595262527466e-02
1.432164311408996582e-01 3.304661214351654053e-01 6.787475347518920898e-01 6.240424513816833496e-01 2.034004330635070801e-01 6.180270910263061523e-01 3.319880366325378418e-01 4.148245155811309814e-01 2.601492106914520264e-01 1.740535497665405273e-01
3.714718818664550781e-01 6.495180130004882812e-01 6.787475347518920898e-01 6.240424513816833496e-01 2.034004330635070801e-01 6.180270910263061523e-01 3.319880366325378418e-01 6.439665555953979492e-01 2.601492106914520264e-01 5.018605664372444153e-02
3.714718818664550781e-01 6.107094287872314453e-01 6.787475347518920898e-01 6.240424513816833496e-01 2.034004330635070801e-01 8.343676328659057617e-01 3.319880366325378418e-01 4.615049660205841064e-01 6.383305191993713379e-01 1.997510194778442383e-01
4.564126133918762207e-01 7.633857131004333496e-01 6.787475347518920898e-01 6.240424513816833496e-01 2.034004330635070801e-01 8.343676328659057617e-01 3.319880366325378418e-01 6.439665555953979492e-01 6.383305191993713379e-01 5.127625465393066406e-01
3.714718818664550781e-01 4.874799847602844238e-01 6.787475347518920898e-01 6.240424513816833496e-01 2.034004330635070801e-01 8.343676328659057617e-01 3.319880366325378418e-01 6.439665555953979492e-01 6.383305191993713379e-01 2.853617966175079346e-01
3.714718818664550781e-01 3.304661214351654053e-01 5.560289025306701660e-01 6.240424513816833496e-01 2.034004330635070801e-01 6.180270910263061523e-01 3.319880366325378418e-01 4.148245155811309814e-01 6.383305191993713379e-01 3.135728463530540466e-02
2.481019049882888794e-01 6.405109763145446777e-01 5.560289025306701660e-01 3.365598022937774658e-01 2.034004330635070801e-01 6.180270910263061523e-01 3.319880366325378418e-01 6.439665555953979492e-01 2.601492106914520264e-01 3.135728463530540466e-02
2.481019049882888794e-01 3.304661214351654053e-01 5.560289025306701660e-01 6.240424513816833496e-01 2.034004330635070801e-01 5.508484840393066406e-01 3.319880366325378418e-01 2.935487329959869385e-01 6.383305191993713379e-01 1.718849875032901764e-02
3.157692253589630127e-01 6.658062934875488281e-01 6.787475347518920898e-01 6.240424513816833496e-01 2.034004330635070801e-01 8.343676328659057617e-01 3.319880366325378418e-01 6.439665555953979492e-01 6.383305191993713379e-01 1.038494482636451721e-01
2.486950159072875977e-01 6.658062934875488281e-01 6.787475347518920898e-01 6.240424513816833496e-01 5.662301778793334961e-01 7.924603223800659180e-01 3.319880366325378418e-01 2.935487329959869385e-01 6.383305191993713379e-01 2.339596748352050781e-01
4.525358378887176514e-01 8.815172314643859863e-01 6.787475347518920898e-01 6.240424513816833496e-01 5.662301778793334961e-01 8.343676328659057617e-01 3.319880366325378418e-01 6.439665555953979492e-01 6.383305191993713379e-01 2.594299316406250000e-01
2.128285914659500122e-01 6.495180130004882812e-01 4.088706970214843750e-01 6.240424513816833496e-01 2.034004330635070801e-01 5.508484840393066406e-01 3.319880366325378418e-01 2.935487329959869385e-01 6.383305191993713379e-01 5.264208465814590454e-02
4.564126133918762207e-01 6.658062934875488281e-01 6.787475347518920898e-01 6.240424513816833496e-01 2.034004330635070801e-01 8.343676328659057617e-01 3.319880366325378418e-01 6.439665555953979492e-01 6.383305191993713379e-01 5.264208465814590454e-02
3.714718818664550781e-01 6.405109763145446777e-01 5.560289025306701660e-01 4.265981316566467285e-01 2.034004330635070801e-01 5.508484840393066406e-01 3.319880366325378418e-01 1.400482952594757080e-01 6.383305191993713379e-01 3.580185770988464355e-02
2.481019049882888794e-01 3.304661214351654053e-01 5.560289025306701660e-01 4.265981316566467285e-01 3.585162162780761719e-01 5.508484840393066406e-01 3.319880366325378418e-01 1.400482952594757080e-01 6.383305191993713379e-01 3.135728463530540466e-02
3.191573619842529297e-01 5.083219408988952637e-01 5.560289025306701660e-01 6.240424513816833496e-01 2.034004330635070801e-01 6.180270910263061523e-01 3.319880366325378418e-01 6.217919588088989258e-01 6.383305191993713379e-01 5.442046374082565308e-02
2.481019049882888794e-01 8.342050909996032715e-01 5.560289025306701660e-01 6.240424513816833496e-01 2.034004330635070801e-01 8.343676328659057617e-01 3.319880366325378418e-01 6.439665555953979492e-01 6.383305191993713379e-01 1.270476579666137695e-01
3.157692253589630127e-01 6.658062934875488281e-01 6.787475347518920898e-01 6.240424513816833496e-01 2.034004330635070801e-01 8.343676328659057617e-01 3.319880366325378418e-01 6.439665555953979492e-01 6.383305191993713379e-01 2.582333385944366455e-01
4.525358378887176514e-01 9.766263365745544434e-01 6.787475347518920898e-01 6.240424513816833496e-01 5.662301778793334961e-01 8.343676328659057617e-01 3.319880366325378418e-01 6.439665555953979492e-01 8.399860262870788574e-01 5.036348700523376465e-01
4.564126133918762207e-01 6.658062934875488281e-01 6.787475347518920898e-01 6.240424513816833496e-01 5.662301778793334961e-01 8.343676328659057617e-01 3.319880366325378418e-01 6.439665555953979492e-01 6.383305191993713379e-01 3.900203704833984375e-01
4.564126133918762207e-01 6.658062934875488281e-01 6.787475347518920898e-01 6.240424513816833496e-01 2.034004330635070801e-01 8.343676328659057617e-01 3.319880366325378418e-01 6.439665555953979492e-01 6.383305191993713379e-01 2.225792109966278076e-01
4.525358378887176514e-01 6.658062934875488281e-01 6.787475347518920898e-01 6.240424513816833496e-01 5.662301778793334961e-01 8.343676328659057617e-01 3.319880366325378418e-01 6.439665555953979492e-01 6.383305191993713379e-01 9.030284881591796875e-01
6.751490235328674316e-01 9.930174350738525391e-01 6.787475347518920898e-01 6.240424513816833496e-01 5.662301778793334961e-01 8.343676328659057617e-01 6.021249294281005859e-01 8.463370203971862793e-01 8.399860262870788574e-01 7.540104985237121582e-01
4.525358378887176514e-01 9.816529154777526855e-01 8.671503067016601562e-01 6.240424513816833496e-01 5.662301778793334961e-01 7.411283254623413086e-01 3.319880366325378418e-01 6.439665555953979492e-01 8.399860262870788574e-01 5.470284223556518555e-01
6.751490235328674316e-01 9.816529154777526855e-01 8.671503067016601562e-01 6.240424513816833496e-01 5.662301778793334961e-01 7.411283254623413086e-01 3.319880366325378418e-01 6.439665555953979492e-01 8.399860262870788574e-01 8.085716962814331055e-01
5.782496929168701172e-01 9.816529154777526855e-01 8.671503067016601562e-01 7.788367867469787598e-01 5.662301778793334961e-01 7.411283254623413086e-01 3.319880366325378418e-01 6.439665555953979492e-01 8.399860262870788574e-01 8.767867088317871094e-01
3.528798818588256836e-01 9.050078988075256348e-01 6.787475347518920898e-01 7.788367867469787598e-01 5.662301778793334961e-01 7.411283254623413086e-01 3.319880366325378418e-01 6.439665555953979492e-01 6.383305191993713379e-01 9.393965005874633789e-01
4.542045891284942627e-01 9.930174350738525391e-01 8.671503067016601562e-01 7.788367867469787598e-01 5.662301778793334961e-01 7.411283254623413086e-01 6.021249294281005859e-01 8.463370203971862793e-01 8.399860262870788574e-01 8.520024418830871582e-01
5.782496929168701172e-01 9.930174350738525391e-01 6.787475347518920898e-01 4.680317640304565430e-01 5.662301778793334961e-01 7.411283254623413086e-01 6.021249294281005859e-01 8.463370203971862793e-01 8.399860262870788574e-01 8.520024418830871582e-01
9.324499368667602539e-01 9.796755313873291016e-01 8.671503067016601562e-01 4.680317640304565430e-01 5.662301778793334961e-01 2.696864306926727295e-01 6.021249294281005859e-01 5.161048769950866699e-01 4.297087788581848145e-01 7.475670576095581055e-01
8.163480162620544434e-01 9.668320417404174805e-01 7.496935129165649414e-01 7.559710144996643066e-01 5.662301778793334961e-01 2.696864306926727295e-01 6.021249294281005859e-01 5.161048769950866699e-01 4.297087788581848145e-01 5.430641174316406250e-01
8.798581361770629883e-01 9.796755313873291016e-01 8.671503067016601562e-01 7.559710144996643066e-01 5.662301778793334961e-01 2.696864306926727295e-01 6.021249294281005859e-01 5.161048769950866699e-01 2.554040551185607910e-01 4.669822752475738525e-01
8.798581361770629883e-01 9.668320417404174805e-01 7.496935129165649414e-01 4.680317640304565430e-01 5.662301778793334961e-01 2.696864306926727295e-01 6.021249294281005859e-01 5.161048769950866699e-01 2.554040551185607910e-01 5.793844461441040039e-01
4.210982322692871094e-01 9.421423077583312988e-01 8.671503067016601562e-01 4.680317640304565430e-01 5.662301778793334961e-01 2.696864306926727295e-01 6.021249294281005859e-01 5.161048769950866699e-01 2.554040551185607910e-01 6.060075759887695312e-01
5.782496929168701172e-01 9.421423077583312988e-01 8.671503067016601562e-01 4.680317640304565430e-01 5.662301778793334961e-01 2.696864306926727295e-01 6.021249294281005859e-01 5.161048769950866699e-01 2.554040551185607910e-01 3.824529349803924561e-01
5.782496929168701172e-01 9.796755313873291016e-01 8.671503067016601562e-01 4.680317640304565430e-01 5.662301778793334961e-01 2.696864306926727295e-01 6.021249294281005859e-01 5.161048769950866699e-01 2.554040551185607910e-01 4.945127665996551514e-01
5.782496929168701172e-01 9.477392435073852539e-01 6.787475347518920898e-01 4.680317640304565430e-01 5.662301778793334961e-01 2.696864306926727295e-01 6.021249294281005859e-01 5.161048769950866699e-01 2.554040551185607910e-01 4.967099130153656006e-01
3.528798818588256836e-01 9.477392435073852539e-01 6.787475347518920898e-01 4.680317640304565430e-01 5.662301778793334961e-01 2.696864306926727295e-01 3.319880366325378418e-01 2.593994736671447754e-01 2.554040551185607910e-01 6.244384646415710449e-01
4.525358378887176514e-01 9.477392435073852539e-01 6.787475347518920898e-01 4.680317640304565430e-01 2.034004330635070801e-01 4.342733323574066162e-01 3.319880366325378418e-01 2.593994736671447754e-01 2.554040551185607910e-01 8.544836640357971191e-01
3.528798818588256836e-01 9.477392435073852539e-01 6.787475347518920898e-01 4.680317640304565430e-01 2.034004330635070801e-01 4.342733323574066162e-01 3.319880366325378418e-01 2.593994736671447754e-01 2.554040551185607910e-01 8.412396311759948730e-01
3.528798818588256836e-01 8.596767783164978027e-01 6.787475347518920898e-01 4.680317640304565430e-01 5.662301778793334961e-01 4.342733323574066162e-01 3.319880366325378418e-01 2.593994736671447754e-01 2.554040551185607910e-01 6.244384646415710449e-01
3.528798818588256836e-01 9.789150357246398926e-01 6.787475347518920898e-01 4.680317640304565430e-01 5.662301778793334961e-01 4.342733323574066162e-01 3.319880366325378418e-01 2.593994736671447754e-01 2.554040551185607910e-01 6.670009493827819824e-01
6.751490235328674316e-01 9.789150357246398926e-01 6.787475347518920898e-01 4.680317640304565430e-01 5.662301778793334961e-01 4.342733323574066162e-01 3.319880366325378418e-01 2.593994736671447754e-01 2.554040551185607910e-01 6.894137263298034668e-01
4.525358378887176514e-01 9.789150357246398926e-01 6.787475347518920898e-01 4.680317640304565430e-01 5.662301778793334961e-01 4.342733323574066162e-01 3.319880366325378418e-01 2.593994736671447754e-01 2.554040551185607910e-01 6.894137263298034668e-01
6.751490235328674316e-01 9.491907358169555664e-01 4.587698280811309814e-01 4.680317640304565430e-01 4.906016886234283447e-01 2.696864306926727295e-01 3.319880366325378418e-01 2.593994736671447754e-01 2.554040551185607910e-01 6.262379884719848633e-01
3.655005991458892822e-01 9.400634169578552246e-01 3.016567528247833252e-01 4.680317640304565430e-01 4.906016886234283447e-01 2.696864306926727295e-01 3.319880366325378418e-01 2.593994736671447754e-01 2.554040551185607910e-01 1.769068241119384766e-01
3.655005991458892822e-01 9.400634169578552246e-01 3.016567528247833252e-01 4.680317640304565430e-01 1.585229039192199707e-01 2.696864306926727295e-01 3.319880366325378418e-01 2.593994736671447754e-01 2.554040551185607910e-01 4.465690255165100098e-01
3.655005991458892822e-01 9.400634169578552246e-01 3.016567528247833252e-01 5.633750557899475098e-01 1.585229039192199707e-01 2.696864306926727295e-01 3.319880366325378418e-01 2.593994736671447754e-01 2.554040551185607910e-01 6.809814572334289551e-01
4.678294062614440918e-01 9.491907358169555664e-01 7.236572504043579102e-01 4.680317640304565430e-01 4.906016886234283447e-01 2.696864306926727295e-01 3.319880366325378418e-01 2.593994736671447754e-01 2.554040551185607910e-01 4.758504033088684082e-01
8.984841108322143555e-01 9.785503149032592773e-01 7.236572504043579102e-01 5.461028218269348145e-01 5.983114838600158691e-01 2.696864306926727295e-01 4.327351748943328857e-01 3.491795063018798828e-01 2.554040551185607910e-01 3.343667089939117432e-01
4.678294062614440918e-01 9.491907358169555664e-01 7.236572504043579102e-01 5.461028218269348145e-01 7.459730505943298340e-01 2.696864306926727295e-01 6.021249294281005859e-01 5.161048769950866699e-01 2.554040551185607910e-01 4.906187951564788818e-01
5.915625095367431641e-01 8.754432797431945801e-01 7.236572504043579102e-01 5.461028218269348145e-01 7.459730505943298340e-01 2.696864306926727295e-01 6.021249294281005859e-01 5.161048769950866699e-01 2.554040551185607910e-01 4.906187951564788818e-01
3.670635819435119629e-01 9.491907358169555664e-01 7.236572504043579102e-01 8.090269565582275391e-01 7.459730505943298340e-01 2.696864306926727295e-01 6.021249294281005859e-01 5.161048769950866699e-01 2.554040551185607910e-01 8.220674842596054077e-02
6.727669239044189453e-01 8.828751444816589355e-01 7.236572504043579102e-01 5.461028218269348145e-01 7.459730505943298340e-01 2.696864306926727295e-01 6.021249294281005859e-01 4.854378104209899902e-01 2.554040551185607910e-01 1.161369085311889648e-01
6.627469062805175781e-01 7.610476613044738770e-01 3.917696475982666016e-01 5.461028218269348145e-01 5.983114838600158691e-01 2.696864306926727295e-01 1.814156919717788696e-01 3.218343555927276611e-01 2.554040551185607910e-01 4.193687438964843750e-02
8.385341167449951172e-01 6.416461467742919922e-01 3.917696475982666016e-01 6.798352599143981934e-01 5.983114838600158691e-01 2.696864306926727295e-01 3.677805364131927490e-01 3.218343555927276611e-01 2.554040551185607910e-01 3.654636815190315247e-02
6.627469062805175781e-01 8.675577640533447266e-01 3.917696475982666016e-01 6.798352599143981934e-01 5.983114838600158691e-01 2.696864306926727295e-01 1.814156919717788696e-01 3.218343555927276611e-01 2.554040551185607910e-01 3.216156736016273499e-02
6.627469062805175781e-01 7.858870029449462891e-01 3.917696475982666016e-01 5.461028218269348145e-01 7.459730505943298340e-01 2.696864306926727295e-01 6.021249294281005859e-01 4.854378104209899902e-01 2.554040551185607910e-01 2.392750978469848633e-02
7.173190116882324219e-01 6.416461467742919922e-01 2.256564497947692871e-01 4.992567598819732666e-01 5.983114838600158691e-01 2.696864306926727295e-01 3.677805364131927490e-01 3.218343555927276611e-01 5.708748102188110352e-01 3.654636815190315247e-02
7.674912810325622559e-01 7.864435315132141113e-01 2.256564497947692871e-01 3.609943985939025879e-01 5.983114838600158691e-01 2.696864306926727295e-01 3.677805364131927490e-01 3.218343555927276611e-01 5.708748102188110352e-01 1.502775996923446655e-01
2.856968641281127930e-01 7.853741645812988281e-01 7.236572504043579102e-01 5.461028218269348145e-01 5.983114838600158691e-01 2.696864306926727295e-01 4.327351748943328857e-01 3.218343555927276611e-01 2.554040551185607910e-01 1.384455431252717972e-02
3.402920663356781006e-01 6.401833295822143555e-01 3.917696475982666016e-01 5.461028218269348145e-01 5.983114838600158691e-01 2.696864306926727295e-01 1.814156919717788696e-01 3.218343555927276611e-01 2.554040551185607910e-01 2.722128294408321381e-02
1.633112430572509766e-01 7.853741645812988281e-01 2.243027240037918091e-01 3.609943985939025879e-01 5.983114838600158691e-01 2.696864306926727295e-01 1.814156919717788696e-01 1.505411863327026367e-01 3.482972383499145508e-01 2.722128294408321381e-02
8.706942200660705566e-02 5.320758819580078125e-01 2.243027240037918091e-01 3.609943985939025879e-01 5.983114838600158691e-01 2.696864306926727295e-01 1.814156919717788696e-01 8.391050994396209717e-02 3.482972383499145508e-01 2.722128294408321381e-02
1.633112430572509766e-01 8.335318565368652344e-01 2.756420969963073730e-01 3.609943985939025879e-01 5.983114838600158691e-01 2.696864306926727295e-01 4.327351748943328857e-01 1.619954109191894531e-01 3.482972383499145508e-01 1.338673196732997894e-02
8.706942200660705566e-02 5.320758819580078125e-01 2.756420969963073730e-01 3.609943985939025879e-01 5.983114838600158691e-01 2.696864306926727295e-01 1.814156919717788696e-01 1.619954109191894531e-01 3.482972383499145508e-01 2.722128294408321381e-02
8.706942200660705566e-02 7.619115710258483887e-01 2.756420969963073730e-01 3.609943985939025879e-01 5.983114838600158691e-01 2.696864306926727295e-01 4.327351748943328857e-01 1.619954109191894531e-01 3.482972383499145508e-01 1.338673196732997894e-02
8.706942200660705566e-02 7.771944403648376465e-01 1.624232679605484009e-01 3.609943985939025879e-01 5.983114838600158691e-01 2.696864306926727295e-01 4.327351748943328857e-01 1.619954109191894531e-01 3.482972383499145508e-01 2.797544933855533600e-02
2.469111233949661255e-01 5.320758819580078125e-01 2.756420969963073730e-01 2.929279804229736328e-01 5.983114838600158691e-01 2.696864306926727295e-01 1.814156919717788696e-01 1.619954109191894531e-01 3.482972383499145508e-01 5.074233189225196838e-02
4.018563032150268555e-01 5.168265104293823242e-01 2.756420969963073730e-01 2.929279804229736328e-01 5.983114838600158691e-01 2.696864306926727295e-01 1.814156919717788696e-01 1.619954109191894531e-01 3.482972383499145508e-01 5.240983143448829651e-02
1.634832918643951416e-01 7.182478904724121094e-01 2.756420969963073730e-01 2.929279804229736328e-01 5.983114838600158691e-01 2.696864306926727295e-01 1.814156919717788696e-01 1.619954109191894531e-01 3.482972383499145508e-01 4.705756157636642456e-02
1.634832918643951416e-01 7.182478904724121094e-01 2.756420969963073730e-01 2.929279804229736328e-01 5.983114838600158691e-01 2.696864306926727295e-01 4.327351748943328857e-01 1.619954109191894531e-01 3.482972383499145508e-01 3.272407874464988708e-02
8.706942200660705566e-02 7.182478904724121094e-01 1.624232679605484009e-01 2.929279804229736328e-01 5.983114838600158691e-01 2.696864306926727295e-01 4.327351748943328857e-01 1.619954109191894531e-01 3.482972383499145508e-01 2.643295563757419586e-02
8.706942200660705566e-02 5.534656047821044922e-01 2.756420969963073730e-01 2.929279804229736328e-01 5.983114838600158691e-01 2.696864306926727295e-01 4.327351748943328857e-01 1.619954109191894531e-01 3.482972383499145508e-01 3.272407874464988708e-02
8.706942200660705566e-02 6.132472157478332520e-01 2.756420969963073730e-01 2.929279804229736328e-01 5.983114838600158691e-01 2.696864306926727295e-01 4.327351748943328857e-01 1.619954109191894531e-01 3.482972383499145508e-01 4.407715052366256714e-02
4.018563032150268555e-01 1.940774470567703247e-01 1.827647686004638672e-01 1.600515991449356079e-01 5.983114838600158691e-01 2.696864306926727295e-01 2.800942659378051758e-01 1.619954109191894531e-01 3.482972383499145508e-01 3.788331151008605957e-02
1.135649457573890686e-01 7.494879364967346191e-01 2.756420969963073730e-01 2.929279804229736328e-01 5.983114838600158691e-01 2.696864306926727295e-01 1.814156919717788696e-01 1.619954109191894531e-01 3.482972383499145508e-01 1.243629902601242065e-01
4.018563032150268555e-01 1.940774470567703247e-01 2.824799716472625732e-01 1.600515991449356079e-01 5.983114838600158691e-01 2.696864306926727295e-01 4.074969291687011719e-01 1.619954109191894531e-01 3.482972383499145508e-01 3.788331151008605957e-02
4.721524119377136230e-01 2.091755867004394531e-01 1.827647686004638672e-01 1.600515991449356079e-01 5.983114838600158691e-01 2.696864306926727295e-01 4.074969291687011719e-01 1.619954109191894531e-01 3.482972383499145508e-01 7.200088351964950562e-02
4.721524119377136230e-01 2.091755867004394531e-01 3.895922899246215820e-01 1.600515991449356079e-01 5.983114838600158691e-01 6.660388112068176270e-01 4.074969291687011719e-01 1.619954109191894531e-01 3.482972383499145508e-01 3.041591495275497437e-02
7.212257385253906250e-02 8.036850094795227051e-01 1.624232679605484009e-01 2.929279804229736328e-01 5.983114838600158691e-01 2.696864306926727295e-01 4.327351748943328857e-01 1.619954109191894531e-01 3.482972383499145508e-01 5.050408467650413513e-02
1.746647804975509644e-02 5.764393210411071777e-01 1.624232679605484009e-01 2.929279804229736328e-01 2.256170511245727539e-01 2.696864306926727295e-01 4.327351748943328857e-01 1.619954109191894531e-01 3.482972383499145508e-01 8.599206060171127319e-02
1.746647804975509644e-02 6.363402009010314941e-01 1.624232679605484009e-01 2.929279804229736328e-01 2.256170511245727539e-01 2.696864306926727295e-01 2.800942659378051758e-01 1.619954109191894531e-01 3.482972383499145508e-01 1.358385086059570312e-01
1.746647804975509644e-02 6.161672472953796387e-01 1.827647686004638672e-01 1.600515991449356079e-01 2.256170511245727539e-01 2.696864306926727295e-01 2.800942659378051758e-01 1.619954109191894531e-01 3.482972383499145508e-01 9.407861530780792236e-02
1.746647804975509644e-02 2.971624732017517090e-01 1.827647686004638672e-01 1.600515991449356079e-01 2.256170511245727539e-01 2.696864306926727295e-01 4.074969291687011719e-01 1.619954109191894531e-01 3.482972383499145508e-01 6.438254565000534058e-02
1.746647804975509644e-02 2.819609642028808594e-01 1.827647686004638672e-01 1.600515991449356079e-01 2.256170511245727539e-01 2.696864306926727295e-01 2.800942659378051758e-01 1.619954109191894531e-01 3.482972383499145508e-01 4.348449409008026123e-02
1.746647804975509644e-02 6.190707683563232422e-01 1.827647686004638672e-01 1.600515991449356079e-01 2.256170511245727539e-01 2.696864306926727295e-01 4.074969291687011719e-01 1.619954109191894531e-01 3.482972383499145508e-01 4.348449409008026123e-02
1.746647804975509644e-02 6.161672472953796387e-01 1.827647686004638672e-01 1.600515991449356079e-01 5.983114838600158691e-01 2.696864306926727295e-01 2.800942659378051758e-01 1.619954109191894531e-01 2.604398727416992188e-01 2.596233226358890533e-02
2.332268096506595612e-02 1.246484294533729553e-01 1.827647686004638672e-01 1.600515991449356079e-01 5.983114838600158691e-01 2.696864306926727295e-01 4.074969291687011719e-01 1.619954109191894531e-01 3.482972383499145508e-01 4.491056129336357117e-02
1.960286200046539307e-01 1.253436207771301270e-01 1.827647686004638672e-01 1.600515991449356079e-01 5.983114838600158691e-01 2.696864306926727295e-01 4.074969291687011719e-01 1.619954109191894531e-01 3.482972383499145508e-01 4.304397106170654297e-02
2.450716346502304077e-01 1.359969377517700195e-01 2.824799716472625732e-01 4.015332162380218506e-01 5.983114838600158691e-01 6.660388112068176270e-01 4.074969291687011719e-01 1.619954109191894531e-01 3.482972383499145508e-01 1.210603788495063782e-01
2.450716346502304077e-01 2.942088246345520020e-01 5.021072030067443848e-01 3.499631881713867188e-01 5.983114838600158691e-01 6.660388112068176270e-01 4.074969291687011719e-01 2.277245968580245972e-01 3.482972383499145508e-01 1.210603788495063782e-01
5.887293815612792969e-01 3.213379681110382080e-01 5.021072030067443848e-01 4.718632698059082031e-01 5.983114838600158691e-01 5.258777141571044922e-01 4.074969291687011719e-01 1.619954109191894531e-01 2.604398727416992188e-01 1.210603788495063782e-01
5.181131958961486816e-01 3.312301635742187500e-01 5.021072030067443848e-01 3.360953032970428467e-01 5.983114838600158691e-01 5.258777141571044922e-01 4.074969291687011719e-01 1.619954109191894531e-01 2.604398727416992188e-01 3.727164268493652344e-01
2.079355269670486450e-01 4.898745715618133545e-01 2.824799716472625732e-01 1.600515991449356079e-01 5.983114838600158691e-01 6.660388112068176270e-01 2.800942659378051758e-01 1.619954109191894531e-01 3.482972383499145508e-01 2.777754366397857666e-01
4.018563032150268555e-01 2.872120738029479980e-01 2.824799716472625732e-01 1.600515991449356079e-01 5.983114838600158691e-01 6.660388112068176270e-01 2.800942659378051758e-01 1.619954109191894531e-01 3.482972383499145508e-01 3.988480567932128906e-01
4.018563032150268555e-01 2.872120738029479980e-01 5.021072030067443848e-01 1.600515991449356079e-01 5.983114838600158691e-01 5.258777141571044922e-01 2.800942659378051758e-01 1.619954109191894531e-01 3.482972383499145508e-01 3.988480567932128906e-01
4.018563032150268555e-01 4.531728327274322510e-01 2.824799716472625732e-01 1.600515991449356079e-01 5.983114838600158691e-01 6.660388112068176270e-01 2.800942659378051758e-01 1.619954109191894531e-01 3.482972383499145508e-01 4.420678019523620605e-01
4.018563032150268555e-01 4.898745715618133545e-01 2.824799716472625732e-01 1.600515991449356079e-01 5.983114838600158691e-01 6.660388112068176270e-01 2.800942659378051758e-01 1.619954109191894531e-01 3.482972383499145508e-01 4.420678019523620605e-01
2.079355269670486450e-01 4.898745715618133545e-01 1.827647686004638672e-01 1.600515991449356079e-01 5.983114838600158691e-01 6.660388112068176270e-01 2.800942659378051758e-01 1.619954109191894531e-01 2.604398727416992188e-01 1.958049237728118896e-01
9.454073011875152588e-02 4.898745715618133545e-01 1.827647686004638672e-01 1.600515991449356079e-01 5.983114838600158691e-01 3.856130540370941162e-01 2.800942659378051758e-01 1.619954109191894531e-01 3.482972383499145508e-01 2.900785803794860840e-01
9.454073011875152588e-02 5.708674788475036621e-01 1.827647686004638672e-01 1.600515991449356079e-01 5.983114838600158691e-01 5.264461636543273926e-01 4.074969291687011719e-01 1.619954109191894531e-01 3.482972383499145508e-01 8.057796955108642578e-02
3.654608130455017090e-02 7.954871654510498047e-01 1.827647686004638672e-01 1.600515991449356079e-01 2.256170511245727539e-01 3.856130540370941162e-01 2.800942659378051758e-01 1.619954109191894531e-01 3.482972383499145508e-01 5.105215311050415039e-01
3.654608130455017090e-02 7.510937452316284180e-01 1.624232679605484009e-01 1.788220852613449097e-01 2.256170511245727539e-01 4.342733323574066162e-01 2.800942659378051758e-01 1.619954109191894531e-01 3.482972383499145508e-01 2.029676586389541626e-01
7.737243920564651489e-02 9.110924601554870605e-01 1.624232679605484009e-01 1.788220852613449097e-01 2.256170511245727539e-01 4.342733323574066162e-01 4.327351748943328857e-01 1.619954109191894531e-01 3.482972383499145508e-01 3.898488879203796387e-01
3.781520575284957886e-02 8.744111061096191406e-01 1.624232679605484009e-01 1.788220852613449097e-01 2.256170511245727539e-01 4.342733323574066162e-01 4.327351748943328857e-01 1.619954109191894531e-01 3.482972383499145508e-01 8.188771456480026245e-02
2.299686074256896973e-01 7.042469978332519531e-01 1.624232679605484009e-01 2.420579195022583008e-01 2.256170511245727539e-01 4.342733323574066162e-01 4.327351748943328857e-01 1.619954109191894531e-01 3.482972383499145508e-01 3.067877590656280518e-01
7.045289129018783569e-02 7.042469978332519531e-01 1.624232679605484009e-01 2.420579195022583008e-01 2.256170511245727539e-01 4.342733323574066162e-01 4.327351748943328857e-01 1.619954109191894531e-01 3.482972383499145508e-01 3.275189995765686035e-01
7.045289129018783569e-02 7.042469978332519531e-01 1.030978634953498840e-01 2.420579195022583008e-01 2.256170511245727539e-01 4.342733323574066162e-01 4.327351748943328857e-01 1.619954109191894531e-01 3.482972383499145508e-01 5.721829086542129517e-02
7.045289129018783569e-02 7.042469978332519531e-01 1.030978634953498840e-01 2.420579195022583008e-01 2.256170511245727539e-01 4.342733323574066162e-01 4.327351748943328857e-01 1.619954109191894531e-01 3.482972383499145508e-01 9.001144766807556152e-02
