6.320669054985046387e-01 6.150234937667846680e-01 6.698789596557617188e-01 4.394352436065673828e-01 4.449954330921173096e-01 8.504034876823425293e-01 5.716995596885681152e-01 7.911435961723327637e-01 4.144356250762939453e-01 4.986461102962493896e-01
6.320669054985046387e-01 6.526294350624084473e-01 5.191691517829895020e-01 4.394352436065673828e-01 4.449954330921173096e-01 7.776669859886169434e-01 4.719318747520446777e-01 3.591232597827911377e-01 4.144356250762939453e-01 4.986461102962493896e-01
6.320669054985046387e-01 8.529158234596252441e-01 5.687097311019897461e-01 4.394352436065673828e-01 4.449954330921173096e-01 5.406602025032043457e-01 4.719318747520446777e-01 6.093847751617431641e-01 4.144356250762939453e-01 4.986461102962493896e-01
7.024045586585998535e-01 6.755311489105224609e-01 8.894776701927185059e-01 7.159751653671264648e-01 6.633406877517700195e-01 8.559352755546569824e-01 5.716995596885681152e-01 9.507202506065368652e-01 4.144356250762939453e-01 4.986461102962493896e-01
7.024045586585998535e-01 2.554678320884704590e-01 7.705686688423156738e-01 5.035020709037780762e-01 7.706448435783386230e-01 8.465697765350341797e-01 5.716995596885681152e-01 9.606356620788574219e-01 3.844136297702789307e-01 4.986461102962493896e-01
6.640604138374328613e-01 6.664303541183471680e-01 9.390529394149780273e-01 4.316202998161315918e-01 7.596374750137329102e-01 4.149751365184783936e-01 5.716995596885681152e-01 6.721897125244140625e-01 4.812633097171783447e-01 4.986461102962493896e-01
6.640604138374328613e-01 7.318991422653198242e-01 9.309123754501342773e-01 4.316202998161315918e-01 7.596374750137329102e-01 9.114619493484497070e-01 5.716995596885681152e-01 7.637723684310913086e-01 4.643695950508117676e-01 7.177498340606689453e-01
7.024045586585998535e-01 4.966393411159515381e-01 7.466530799865722656e-01 5.035020709037780762e-01 8.037049174308776855e-01 7.225627303123474121e-01 4.719318747520446777e-01 6.872194409370422363e-01 4.812633097171783447e-01 4.986461102962493896e-01
7.024045586585998535e-01 4.966393411159515381e-01 6.834354400634765625e-01 5.035020709037780762e-01 8.037049174308776855e-01 7.225627303123474121e-01 4.719318747520446777e-01 4.022766649723052979e-01 4.812633097171783447e-01 4.986461102962493896e-01
6.640604138374328613e-01 6.011068820953369141e-01 8.271266818046569824e-01 4.316202998161315918e-01 9.023672342300415039e-01 9.009484648704528809e-01 5.716995596885681152e-01 7.431252598762512207e-01 4.812633097171783447e-01 7.177498340606689453e-01
7.024045586585998535e-01 1.558524519205093384e-01 6.834354400634765625e-01 5.035020709037780762e-01 6.394279003143310547e-01 6.680719256401062012e-01 4.719318747520446777e-01 2.860935628414154053e-01 4.812633097171783447e-01 4.986461102962493896e-01
7.024045586585998535e-01 2.590989470481872559e-01 4.736433327198028564e-01 5.035020709037780762e-01 8.254700899124145508e-01 6.680719256401062012e-01 4.719318747520446777e-01 4.162910580635070801e-01 4.812633097171783447e-01 4.986461102962493896e-01
7.024045586585998535e-01 1.558524519205093384e-01 7.482566237449645996e-01 5.035020709037780762e-01 6.394279003143310547e-01 6.680719256401062012e-01 5.716995596885681152e-01 6.753944754600524902e-01 4.812633097171783447e-01 4.986461102962493896e-01
3.766167461872100830e-01 5.366879105567932129e-01 5.190253853797912598e-01 3.570567071437835693e-01 5.669976472854614258e-01 6.680719256401062012e-01 3.707762956619262695e-01 3.043288588523864746e-01 3.872063159942626953e-01 4.026668071746826172e-01
4.864292144775390625e-01 7.192084193229675293e-01 4.376569688320159912e-01 3.570567071437835693e-01 5.669976472854614258e-01 6.680719256401062012e-01 4.719318747520446777e-01 6.859782934188842773e-01 3.439025580883026123e-01 4.026668071746826172e-01
4.864292144775390625e-01 5.417842864990234375e-01 5.374345183372497559e-01 3.570567071437835693e-01 5.669976472854614258e-01 6.983792781829833984e-01 4.719318747520446777e-01 7.904426455497741699e-01 3.439025580883026123e-01 4.026668071746826172e-01
4.080634117126464844e-01 7.356109023094177246e-01 1.378975212574005127e-01 3.570567071437835693e-01 5.883145928382873535e-01 6.150372028350830078e-01 4.719318747520446777e-01 8.803594708442687988e-01 3.439025580883026123e-01 4.026668071746826172e-01
4.080634117126464844e-01 6.513910889625549316e-01 4.360655322670936584e-02 4.394352436065673828e-01 3.670777678489685059e-01 6.503883600234985352e-01 4.825531840324401855e-01 8.803594708442687988e-01 3.439025580883026123e-01 4.026668071746826172e-01
3.054212629795074463e-01 6.323747634887695312e-01 4.941248893737792969e-01 3.570567071437835693e-01 4.739748537540435791e-01 6.150372028350830078e-01 4.825531840324401855e-01 9.534578323364257812e-01 3.439025580883026123e-01 4.026668071746826172e-01
3.054212629795074463e-01 6.323747634887695312e-01 4.548991620540618896e-01 3.570567071437835693e-01 4.739748537540435791e-01 7.017034292221069336e-01 4.719318747520446777e-01 8.803594708442687988e-01 3.439025580883026123e-01 4.026668071746826172e-01
3.054212629795074463e-01 8.263977169990539551e-01 1.345070004463195801e-01 3.570567071437835693e-01 4.739748537540435791e-01 7.017034292221069336e-01 4.825531840324401855e-01 9.465453624725341797e-01 3.439025580883026123e-01 4.026668071746826172e-01
3.054212629795074463e-01 6.937444210052490234e-01 8.410426378250122070e-01 3.570567071437835693e-01 4.739748537540435791e-01 7.017034292221069336e-01 3.707762956619262695e-01 9.584685564041137695e-01 3.439025580883026123e-01 4.026668071746826172e-01
1.894513964653015137e-01 6.268099546432495117e-01 3.005404472351074219e-01 3.570567071437835693e-01 3.364381492137908936e-01 3.121445775032043457e-01 4.825531840324401855e-01 7.097702026367187500e-01 3.439025580883026123e-01 4.026668071746826172e-01
1.117468401789665222e-01 6.513910889625549316e-01 1.030080392956733704e-01 3.590885698795318604e-01 3.364381492137908936e-01 1.698078215122222900e-01 4.825531840324401855e-01 3.095033168792724609e-01 3.439025580883026123e-01 4.026668071746826172e-01
3.054212629795074463e-01 6.323747634887695312e-01 3.185301721096038818e-01 3.590885698795318604e-01 2.682883441448211670e-01 4.681257307529449463e-01 4.825531840324401855e-01 8.391495347023010254e-01 3.439025580883026123e-01 4.026668071746826172e-01
3.054212629795074463e-01 8.263977169990539551e-01 3.700890839099884033e-01 3.570567071437835693e-01 2.427322119474411011e-01 1.179764941334724426e-01 4.825531840324401855e-01 7.665603756904602051e-01 3.439025580883026123e-01 4.026668071746826172e-01
6.320669054985046387e-01 7.243096232414245605e-01 7.536215186119079590e-01 5.035020709037780762e-01 4.739748537540435791e-01 7.493444085121154785e-01 5.716995596885681152e-01 9.815416336059570312e-01 3.844136297702789307e-01 4.986461102962493896e-01
6.320669054985046387e-01 7.192084193229675293e-01 7.784293293952941895e-01 5.035020709037780762e-01 6.633406877517700195e-01 7.984550595283508301e-01 5.716995596885681152e-01 8.989652395248413086e-01 4.812633097171783447e-01 4.986461102962493896e-01
6.320669054985046387e-01 7.192084193229675293e-01 6.514940261840820312e-01 5.035020709037780762e-01 6.633406877517700195e-01 7.984550595283508301e-01 4.719318747520446777e-01 9.609768390655517578e-01 4.812633097171783447e-01 4.986461102962493896e-01
6.320669054985046387e-01 6.513910889625549316e-01 3.850776851177215576e-01 4.394352436065673828e-01 5.876734256744384766e-01 6.953208446502685547e-01 4.719318747520446777e-01 8.984296321868896484e-01 3.844136297702789307e-01 4.986461102962493896e-01
3.054212629795074463e-01 6.268099546432495117e-01 1.370740681886672974e-01 4.394352436065673828e-01 5.547599196434020996e-01 4.810190796852111816e-01 3.707762956619262695e-01 9.588322043418884277e-01 3.439025580883026123e-01 4.026668071746826172e-01
3.054212629795074463e-01 1.985496729612350464e-01 3.740369081497192383e-01 4.394352436065673828e-01 6.006370186805725098e-01 5.284379124641418457e-01 4.825531840324401855e-01 8.694645762443542480e-01 3.726760745048522949e-01 4.026668071746826172e-01
3.054212629795074463e-01 2.760941088199615479e-01 9.798599779605865479e-02 4.923956692218780518e-01 3.796556890010833740e-01 3.871690630912780762e-01 4.719318747520446777e-01 5.942887663841247559e-01 3.726760745048522949e-01 4.026668071746826172e-01
5.021842122077941895e-01 2.760941088199615479e-01 3.649965524673461914e-01 4.923956692218780518e-01 4.224330484867095947e-01 4.823693335056304932e-01 4.719318747520446777e-01 6.078411340713500977e-01 3.726760745048522949e-01 4.026668071746826172e-01
5.795151591300964355e-01 2.680907249450683594e-01 4.499699473381042480e-01 3.313877582550048828e-01 4.224330484867095947e-01 4.363674819469451904e-01 4.825531840324401855e-01 6.238453984260559082e-01 5.815054178237915039e-01 5.960150361061096191e-01
4.228263795375823975e-01 3.686967790126800537e-01 2.789186239242553711e-01 5.744385719299316406e-01 4.224330484867095947e-01 5.657191276550292969e-01 4.825531840324401855e-01 7.555227279663085938e-01 5.815054178237915039e-01 5.960150361061096191e-01
4.228263795375823975e-01 2.680907249450683594e-01 2.897507250308990479e-01 5.744385719299316406e-01 4.224330484867095947e-01 6.053363680839538574e-01 4.825531840324401855e-01 9.027538299560546875e-01 5.815054178237915039e-01 5.960150361061096191e-01
4.228263795375823975e-01 4.734381437301635742e-01 3.306134045124053955e-01 4.923956692218780518e-01 4.224330484867095947e-01 6.053363680839538574e-01 4.719318747520446777e-01 7.668001651763916016e-01 5.815054178237915039e-01 5.960150361061096191e-01
5.795151591300964355e-01 4.734381437301635742e-01 6.369527578353881836e-01 4.923956692218780518e-01 4.224330484867095947e-01 4.051915705204010010e-01 5.716995596885681152e-01 6.591253280639648438e-01 5.815054178237915039e-01 5.960150361061096191e-01
4.228263795375823975e-01 3.686967790126800537e-01 2.897507250308990479e-01 5.744385719299316406e-01 2.941889762878417969e-01 6.053363680839538574e-01 4.825531840324401855e-01 8.884205222129821777e-01 5.507642030715942383e-01 5.960150361061096191e-01
2.827981710433959961e-01 3.686967790126800537e-01 5.351343750953674316e-01 7.254142761230468750e-01 2.941889762878417969e-01 6.053363680839538574e-01 3.707762956619262695e-01 7.694620490074157715e-01 5.507642030715942383e-01 5.960150361061096191e-01
4.228263795375823975e-01 4.734381437301635742e-01 3.321161866188049316e-01 7.254142761230468750e-01 2.941889762878417969e-01 7.207277417182922363e-01 4.825531840324401855e-01 8.205026388168334961e-01 5.507642030715942383e-01 5.960150361061096191e-01
2.827981710433959961e-01 3.870341479778289795e-01 3.483497202396392822e-01 4.139821827411651611e-01 2.941889762878417969e-01 2.127054631710052490e-01 4.825531840324401855e-01 7.305106520652770996e-01 5.951842665672302246e-01 4.913590848445892334e-01
2.827981710433959961e-01 4.681378602981567383e-01 7.451755404472351074e-01 4.139821827411651611e-01 2.941889762878417969e-01 2.127054631710052490e-01 4.825531840324401855e-01 8.110210299491882324e-01 7.709199786186218262e-01 4.913590848445892334e-01
2.827981710433959961e-01 3.870341479778289795e-01 4.295146167278289795e-01 4.139821827411651611e-01 2.947388291358947754e-01 9.405168890953063965e-02 4.825531840324401855e-01 8.629209399223327637e-01 4.321825206279754639e-01 4.913590848445892334e-01
2.480081617832183838e-01 3.870341479778289795e-01 2.122268676757812500e-01 4.139821827411651611e-01 2.947388291358947754e-01 1.172881200909614563e-01 4.825531840324401855e-01 7.132444381713867188e-01 4.321825206279754639e-01 4.913590848445892334e-01
4.247447252273559570e-01 5.081806778907775879e-01 6.036518216133117676e-01 5.802910327911376953e-01 2.947388291358947754e-01 1.731189340353012085e-01 4.825531840324401855e-01 9.704683423042297363e-01 5.951842665672302246e-01 4.913590848445892334e-01
2.018960416316986084e-01 3.870341479778289795e-01 5.919524431228637695e-01 4.139821827411651611e-01 2.947388291358947754e-01 1.377996206283569336e-01 4.825531840324401855e-01 8.389557003974914551e-01 4.844395816326141357e-01 4.913590848445892334e-01
2.827981710433959961e-01 3.052840828895568848e-01 2.275592088699340820e-01 4.139821827411651611e-01 4.230789542198181152e-01 1.377996206283569336e-01 4.825531840324401855e-01 9.090868234634399414e-01 4.844395816326141357e-01 4.913590848445892334e-01
1.497501134872436523e-01 3.052840828895568848e-01 5.769352316856384277e-01 4.139821827411651611e-01 4.230789542198181152e-01 1.377996206283569336e-01 3.707762956619262695e-01 8.399720191955566406e-01 3.219821155071258545e-01 4.913590848445892334e-01
1.497501134872436523e-01 3.052840828895568848e-01 6.036518216133117676e-01 4.139821827411651611e-01 4.230789542198181152e-01 1.377996206283569336e-01 3.707762956619262695e-01 8.250559568405151367e-01 3.219821155071258545e-01 4.913590848445892334e-01
2.827981710433959961e-01 3.052840828895568848e-01 2.021584808826446533e-01 5.802910327911376953e-01 4.230789542198181152e-01 1.377996206283569336e-01 4.825531840324401855e-01 9.163678288459777832e-01 4.844395816326141357e-01 4.913590848445892334e-01
1.497501134872436523e-01 3.052840828895568848e-01 1.953667849302291870e-01 4.139821827411651611e-01 4.230789542198181152e-01 1.377996206283569336e-01 3.707762956619262695e-01 7.446841001510620117e-01 3.219821155071258545e-01 4.913590848445892334e-01
1.497501134872436523e-01 1.960654407739639282e-01 5.897368118166923523e-02 4.139821827411651611e-01 4.230789542198181152e-01 1.172881200909614563e-01 4.825531840324401855e-01 2.816286087036132812e-01 4.844395816326141357e-01 4.913590848445892334e-01
1.497501134872436523e-01 1.960654407739639282e-01 3.132777512073516846e-01 4.139821827411651611e-01 4.230789542198181152e-01 1.927480399608612061e-01 4.825531840324401855e-01 3.562609851360321045e-01 4.844395816326141357e-01 4.913590848445892334e-01
1.497501134872436523e-01 1.960654407739639282e-01 1.270446330308914185e-01 4.139821827411651611e-01 4.230789542198181152e-01 1.927480399608612061e-01 4.825531840324401855e-01 5.608743429183959961e-01 4.844395816326141357e-01 4.913590848445892334e-01
2.827981710433959961e-01 1.960654407739639282e-01 2.013998031616210938e-01 4.139821827411651611e-01 4.230789542198181152e-01 4.161512851715087891e-01 4.825531840324401855e-01 5.643658638000488281e-01 4.844395816326141357e-01 4.913590848445892334e-01
2.827981710433959961e-01 4.764045774936676025e-01 1.610374450683593750e-01 3.313877582550048828e-01 4.230789542198181152e-01 2.646121680736541748e-01 3.707762956619262695e-01 4.239458143711090088e-01 3.219821155071258545e-01 4.913590848445892334e-01
2.827981710433959961e-01 3.733261227607727051e-01 6.757149100303649902e-02 3.313877582550048828e-01 4.224330484867095947e-01 2.154911756515502930e-01 3.707762956619262695e-01 5.250715017318725586e-01 3.219821155071258545e-01 5.000000000000000000e-01
2.827981710433959961e-01 3.733261227607727051e-01 9.185086190700531006e-02 3.313877582550048828e-01 4.224330484867095947e-01 2.154911756515502930e-01 3.707762956619262695e-01 3.040221929550170898e-01 3.219821155071258545e-01 5.000000000000000000e-01
2.827981710433959961e-01 3.733261227607727051e-01 4.441643133759498596e-02 3.313877582550048828e-01 4.224330484867095947e-01 2.154911756515502930e-01 3.707762956619262695e-01 5.040435194969177246e-01 3.219821155071258545e-01 5.000000000000000000e-01
2.827981710433959961e-01 4.812207818031311035e-01 2.772617936134338379e-01 3.313877582550048828e-01 4.224330484867095947e-01 2.154911756515502930e-01 3.707762956619262695e-01 3.933782279491424561e-01 3.219821155071258545e-01 2.741024494171142578e-01
6.268395781517028809e-01 5.628425478935241699e-01 4.373406469821929932e-01 3.313877582550048828e-01 4.224330484867095947e-01 3.623598217964172363e-01 3.707762956619262695e-01 3.122637569904327393e-01 3.219821155071258545e-01 5.000000000000000000e-01
3.173558712005615234e-01 2.279510051012039185e-01 3.761351406574249268e-01 3.313877582550048828e-01 4.224330484867095947e-01 4.261012673377990723e-01 3.707762956619262695e-01 7.037332653999328613e-01 3.519482612609863281e-01 2.741024494171142578e-01
3.173558712005615234e-01 1.817752718925476074e-01 3.238327801227569580e-01 3.313877582550048828e-01 4.224330484867095947e-01 3.012539148330688477e-01 3.707762956619262695e-01 5.448250174522399902e-01 3.219821155071258545e-01 5.000000000000000000e-01
5.795151591300964355e-01 2.376556098461151123e-01 2.826642990112304688e-01 3.313877582550048828e-01 4.224330484867095947e-01 3.012539148330688477e-01 3.707762956619262695e-01 3.333254158496856689e-01 3.219821155071258545e-01 4.913590848445892334e-01
3.173558712005615234e-01 3.762456476688385010e-01 1.344368904829025269e-01 5.565181970596313477e-01 4.224330484867095947e-01 3.609302341938018799e-01 3.707762956619262695e-01 3.902291655540466309e-01 3.219821155071258545e-01 2.741024494171142578e-01
3.173558712005615234e-01 2.831202447414398193e-01 1.946299821138381958e-01 5.565181970596313477e-01 4.555279910564422607e-01 3.841356337070465088e-01 3.707762956619262695e-01 9.090001583099365234e-01 3.219821155071258545e-01 2.741024494171142578e-01
5.795151591300964355e-01 5.015283823013305664e-01 1.946299821138381958e-01 5.565181970596313477e-01 4.561844468116760254e-01 3.841356337070465088e-01 3.707762956619262695e-01 8.735432624816894531e-01 3.219821155071258545e-01 4.913590848445892334e-01
5.795151591300964355e-01 5.526571869850158691e-01 1.641010940074920654e-01 5.295519232749938965e-01 4.230789542198181152e-01 3.623598217964172363e-01 3.707762956619262695e-01 3.505063354969024658e-01 3.219821155071258545e-01 4.913590848445892334e-01
6.268395781517028809e-01 5.674028992652893066e-01 1.402467787265777588e-01 5.295519232749938965e-01 4.230789542198181152e-01 2.154911756515502930e-01 4.825531840324401855e-01 6.636277437210083008e-01 4.844395816326141357e-01 4.913590848445892334e-01
6.268395781517028809e-01 5.674028992652893066e-01 2.534970343112945557e-01 5.295519232749938965e-01 4.230789542198181152e-01 2.154911756515502930e-01 4.825531840324401855e-01 6.969888210296630859e-01 4.844395816326141357e-01 4.913590848445892334e-01
6.268395781517028809e-01 3.398669362068176270e-01 1.367934048175811768e-01 5.295519232749938965e-01 4.230789542198181152e-01 2.714987099170684814e-01 4.825531840324401855e-01 8.058105707168579102e-01 4.844395816326141357e-01 4.913590848445892334e-01
6.268395781517028809e-01 5.674028992652893066e-01 1.434776633977890015e-01 3.651340007781982422e-01 4.224330484867095947e-01 2.714987099170684814e-01 4.825531840324401855e-01 7.806602120399475098e-01 4.844395816326141357e-01 4.913590848445892334e-01
2.827981710433959961e-01 3.798734247684478760e-01 4.720348864793777466e-02 3.313877582550048828e-01 4.224330484867095947e-01 4.303901195526123047e-01 4.825531840324401855e-01 4.230330288410186768e-01 4.844395816326141357e-01 4.913590848445892334e-01
2.827981710433959961e-01 3.798734247684478760e-01 7.806386798620223999e-02 3.313877582550048828e-01 4.224330484867095947e-01 4.303901195526123047e-01 4.825531840324401855e-01 2.627687454223632812e-01 4.844395816326141357e-01 4.913590848445892334e-01
2.827981710433959961e-01 3.798734247684478760e-01 7.026371359825134277e-02 3.313877582550048828e-01 4.224330484867095947e-01 3.576990067958831787e-01 4.825531840324401855e-01 4.230330288410186768e-01 4.844395816326141357e-01 4.913590848445892334e-01
2.827981710433959961e-01 3.798734247684478760e-01 2.098687887191772461e-01 4.139821827411651611e-01 4.224330484867095947e-01 3.576990067958831787e-01 4.825531840324401855e-01 1.263603121042251587e-01 4.844395816326141357e-01 4.913590848445892334e-01
2.827981710433959961e-01 3.798734247684478760e-01 2.800268530845642090e-01 3.313877582550048828e-01 4.224330484867095947e-01 4.505426287651062012e-01 4.825531840324401855e-01 5.640109181404113770e-01 4.844395816326141357e-01 4.913590848445892334e-01
2.827981710433959961e-01 6.094651818275451660e-01 1.853801459074020386e-01 3.651340007781982422e-01 4.224330484867095947e-01 4.505426287651062012e-01 4.825531840324401855e-01 8.276073336601257324e-01 4.844395816326141357e-01 4.913590848445892334e-01
6.268395781517028809e-01 5.281924605369567871e-01 3.298737406730651855e-01 3.906806111335754395e-01 4.224330484867095947e-01 2.154911756515502930e-01 3.707762956619262695e-01 6.738741397857666016e-01 3.219821155071258545e-01 4.913590848445892334e-01
2.827981710433959961e-01 6.094651818275451660e-01 2.490886449813842773e-01 3.906806111335754395e-01 4.224330484867095947e-01 4.505426287651062012e-01 3.707762956619262695e-01 4.628114402294158936e-01 3.219821155071258545e-01 4.913590848445892334e-01
2.827981710433959961e-01 3.798734247684478760e-01 2.445750385522842407e-01 4.139821827411651611e-01 4.224330484867095947e-01 4.505426287651062012e-01 3.707762956619262695e-01 3.104656338691711426e-01 3.219821155071258545e-01 4.913590848445892334e-01
6.268395781517028809e-01 4.833652675151824951e-01 5.092115998268127441e-01 3.313877582550048828e-01 4.224330484867095947e-01 3.825887739658355713e-01 3.707762956619262695e-01 6.519773602485656738e-01 5.507642030715942383e-01 5.960150361061096191e-01
6.268395781517028809e-01 4.526138305664062500e-01 1.281823962926864624e-01 3.906806111335754395e-01 4.224330484867095947e-01 4.946056008338928223e-01 5.716995596885681152e-01 5.610022544860839844e-01 5.507642030715942383e-01 5.960150361061096191e-01
3.173558712005615234e-01 6.208285689353942871e-01 1.531584709882736206e-01 3.906806111335754395e-01 4.224330484867095947e-01 4.930577278137207031e-01 5.716995596885681152e-01 4.012707471847534180e-01 3.519482612609863281e-01 2.741024494171142578e-01
5.795151591300964355e-01 3.697170913219451904e-01 1.971372365951538086e-01 3.906806111335754395e-01 4.224330484867095947e-01 4.261012673377990723e-01 3.707762956619262695e-01 2.834340333938598633e-01 3.519482612609863281e-01 2.741024494171142578e-01
3.173558712005615234e-01 4.636408686637878418e-01 1.553676277399063110e-01 3.906806111335754395e-01 4.224330484867095947e-01 4.930577278137207031e-01 5.716995596885681152e-01 3.001849055290222168e-01 3.519482612609863281e-01 2.741024494171142578e-01
3.173558712005615234e-01 4.410156607627868652e-01 1.274900883436203003e-01 3.906806111335754395e-01 4.224330484867095947e-01 4.261012673377990723e-01 4.719318747520446777e-01 5.329170823097229004e-01 3.519482612609863281e-01 2.741024494171142578e-01
6.296063065528869629e-01 2.364591509103775024e-01 3.639808297157287598e-01 3.906806111335754395e-01 4.224330484867095947e-01 4.261012673377990723e-01 4.719318747520446777e-01 4.353094398975372314e-01 3.519482612609863281e-01 5.000000000000000000e-01
6.296063065528869629e-01 4.636408686637878418e-01 1.960563957691192627e-01 3.906806111335754395e-01 4.224330484867095947e-01 4.764948487281799316e-01 5.716995596885681152e-01 7.668337821960449219e-01 3.519482612609863281e-01 5.000000000000000000e-01
6.296063065528869629e-01 3.688830733299255371e-01 1.622808128595352173e-01 3.906806111335754395e-01 4.230789542198181152e-01 5.096421837806701660e-01 4.719318747520446777e-01 9.194275736808776855e-01 3.519482612609863281e-01 5.000000000000000000e-01
6.296063065528869629e-01 1.866143196821212769e-01 2.508447170257568359e-01 3.313877582550048828e-01 4.230789542198181152e-01 5.435534119606018066e-01 4.719318747520446777e-01 6.002450585365295410e-01 5.507642030715942383e-01 5.960150361061096191e-01
7.765529155731201172e-01 1.866143196821212769e-01 4.454827606678009033e-01 3.313877582550048828e-01 4.230789542198181152e-01 5.435534119606018066e-01 4.719318747520446777e-01 6.002450585365295410e-01 5.507642030715942383e-01 5.960150361061096191e-01
7.765529155731201172e-01 1.866143196821212769e-01 5.028221607208251953e-01 3.906806111335754395e-01 4.230789542198181152e-01 5.435534119606018066e-01 5.716995596885681152e-01 6.364485621452331543e-01 3.519482612609863281e-01 5.960150361061096191e-01
6.903654336929321289e-01 3.688830733299255371e-01 3.173056542873382568e-01 3.906806111335754395e-01 4.230789542198181152e-01 8.068298697471618652e-01 5.716995596885681152e-01 4.398029148578643799e-01 5.507642030715942383e-01 5.960150361061096191e-01
6.903654336929321289e-01 3.688830733299255371e-01 5.704159736633300781e-01 3.906806111335754395e-01 4.230789542198181152e-01 8.068298697471618652e-01 4.719318747520446777e-01 2.438244372606277466e-01 5.507642030715942383e-01 5.960150361061096191e-01
7.765529155731201172e-01 7.886375784873962402e-01 4.344558715820312500e-01 3.906806111335754395e-01 6.012716889381408691e-01 8.810743689537048340e-01 4.719318747520446777e-01 3.855861127376556396e-01 5.507642030715942383e-01 5.960150361061096191e-01
7.765529155731201172e-01 6.464424133300781250e-01 5.704159736633300781e-01 3.906806111335754395e-01 4.230789542198181152e-01 5.435534119606018066e-01 7.083368301391601562e-01 7.412417531013488770e-01 5.507642030715942383e-01 5.960150361061096191e-01
5.795151591300964355e-01 6.464424133300781250e-01 5.306595563888549805e-01 3.651340007781982422e-01 4.230789542198181152e-01 6.230060458183288574e-01 4.719318747520446777e-01 8.088765740394592285e-01 5.815054178237915039e-01 5.960150361061096191e-01
5.795151591300964355e-01 6.464424133300781250e-01 3.689801692962646484e-01 3.651340007781982422e-01 4.230789542198181152e-01 6.296070218086242676e-01 7.083368301391601562e-01 8.102481961250305176e-01 5.815054178237915039e-01 5.960150361061096191e-01
5.795151591300964355e-01 6.464424133300781250e-01 2.745297253131866455e-01 3.651340007781982422e-01 4.224330484867095947e-01 4.363674819469451904e-01 7.083368301391601562e-01 8.610802292823791504e-01 5.815054178237915039e-01 5.960150361061096191e-01
5.795151591300964355e-01 5.502302646636962891e-01 4.499699473381042480e-01 5.535382628440856934e-01 4.224330484867095947e-01 6.296070218086242676e-01 7.083368301391601562e-01 9.395443201065063477e-01 5.815054178237915039e-01 5.960150361061096191e-01
5.795151591300964355e-01 8.169788122177124023e-01 5.927653312683105469e-01 5.701372623443603516e-01 5.692035555839538574e-01 6.230060458183288574e-01 5.716995596885681152e-01 8.049595952033996582e-01 5.815054178237915039e-01 5.960150361061096191e-01
6.320669054985046387e-01 8.169788122177124023e-01 5.362316370010375977e-01 5.802195072174072266e-01 5.692035555839538574e-01 4.655678868293762207e-01 4.719318747520446777e-01 2.844487428665161133e-01 5.125511884689331055e-01 5.960150361061096191e-01
5.795151591300964355e-01 8.696478009223937988e-01 4.499699473381042480e-01 4.794806540012359619e-01 4.224330484867095947e-01 4.051915705204010010e-01 7.083368301391601562e-01 7.881064414978027344e-01 5.815054178237915039e-01 5.960150361061096191e-01
5.795151591300964355e-01 7.812482714653015137e-01 7.509093880653381348e-01 6.650772094726562500e-01 4.224330484867095947e-01 4.051915705204010010e-01 7.083368301391601562e-01 8.380765318870544434e-01 5.815054178237915039e-01 5.960150361061096191e-01
6.320669054985046387e-01 7.806124091148376465e-01 6.142972707748413086e-01 5.701372623443603516e-01 6.006370186805725098e-01 7.088049054145812988e-01 5.716995596885681152e-01 7.313162684440612793e-01 5.125511884689331055e-01 4.986461102962493896e-01
6.320669054985046387e-01 7.806124091148376465e-01 5.823734402656555176e-01 3.413043320178985596e-01 4.586901962757110596e-01 6.929392814636230469e-01 4.719318747520446777e-01 3.455694019794464111e-01 5.125511884689331055e-01 4.986461102962493896e-01
6.320669054985046387e-01 8.718054294586181641e-01 5.275841951370239258e-01 4.919694364070892334e-01 4.406243562698364258e-01 8.297807574272155762e-01 5.716995596885681152e-01 6.645777225494384766e-01 5.125511884689331055e-01 4.986461102962493896e-01
6.320669054985046387e-01 9.712763428688049316e-01 4.700910151004791260e-01 4.919694364070892334e-01 4.406243562698364258e-01 7.881932854652404785e-01 4.719318747520446777e-01 7.910072803497314453e-01 5.125511884689331055e-01 4.986461102962493896e-01
6.320669054985046387e-01 8.417192101478576660e-01 6.119157075881958008e-01 4.919694364070892334e-01 6.120037436485290527e-01 6.523997187614440918e-01 4.719318747520446777e-01 5.547953844070434570e-01 5.125511884689331055e-01 4.986461102962493896e-01
6.320669054985046387e-01 9.625282883644104004e-01 5.275841951370239258e-01 4.919694364070892334e-01 6.120037436485290527e-01 4.361019730567932129e-01 5.716995596885681152e-01 9.515520930290222168e-01 5.125511884689331055e-01 4.986461102962493896e-01
3.054212629795074463e-01 2.566967308521270752e-01 2.529872655868530273e-01 3.851622939109802246e-01 5.506658554077148438e-01 2.127953916788101196e-01 4.719318747520446777e-01 4.179801642894744873e-01 3.726760745048522949e-01 4.026668071746826172e-01
6.320669054985046387e-01 8.350494503974914551e-01 5.275841951370239258e-01 4.919694364070892334e-01 6.120037436485290527e-01 6.956523060798645020e-01 5.716995596885681152e-01 9.567044973373413086e-01 5.125511884689331055e-01 4.986461102962493896e-01
6.320669054985046387e-01 9.033443331718444824e-01 4.700910151004791260e-01 4.919694364070892334e-01 6.120037436485290527e-01 6.523997187614440918e-01 4.719318747520446777e-01 6.357690691947937012e-01 5.125511884689331055e-01 4.986461102962493896e-01
3.054212629795074463e-01 2.566967308521270752e-01 1.152815893292427063e-01 4.281047880649566650e-01 6.291925907135009766e-01 2.801730334758758545e-01 7.083368301391601562e-01 3.760546445846557617e-01 3.726760745048522949e-01 4.026668071746826172e-01
3.054212629795074463e-01 2.566967308521270752e-01 1.295590400695800781e-01 3.505871891975402832e-01 5.506658554077148438e-01 1.921470761299133301e-01 4.719318747520446777e-01 4.482999145984649658e-01 3.726760745048522949e-01 4.026668071746826172e-01
3.054212629795074463e-01 6.268099546432495117e-01 7.801023125648498535e-02 2.336310744285583496e-01 5.037908554077148438e-01 2.667107284069061279e-01 4.719318747520446777e-01 2.178464531898498535e-01 3.726760745048522949e-01 4.026668071746826172e-01
1.894513964653015137e-01 2.566967308521270752e-01 5.493202060461044312e-02 2.784171104431152344e-01 4.112088680267333984e-01 5.661950111389160156e-01 7.083368301391601562e-01 5.801746845245361328e-01 6.802719831466674805e-01 4.026668071746826172e-01
3.054212629795074463e-01 6.268099546432495117e-01 1.156250908970832825e-01 2.336310744285583496e-01 5.037908554077148438e-01 5.721114277839660645e-01 5.716995596885681152e-01 6.352362036705017090e-01 3.726760745048522949e-01 4.026668071746826172e-01
5.161529183387756348e-01 4.677392542362213135e-01 1.156250908970832825e-01 2.336310744285583496e-01 6.291925907135009766e-01 5.051162838935852051e-01 4.719318747520446777e-01 3.588844239711761475e-01 3.726760745048522949e-01 4.026668071746826172e-01
3.490476310253143311e-01 2.566967308521270752e-01 9.389548748731613159e-02 5.951844453811645508e-01 2.941889762878417969e-01 4.639301002025604248e-01 7.083368301391601562e-01 4.418245553970336914e-01 6.524496674537658691e-01 4.026668071746826172e-01
3.490476310253143311e-01 3.556852638721466064e-01 1.973882131278514862e-02 4.348545968532562256e-01 2.941889762878417969e-01 3.701863586902618408e-01 7.083368301391601562e-01 1.827873736619949341e-01 2.771609127521514893e-01 4.026668071746826172e-01
4.228263795375823975e-01 3.556852638721466064e-01 2.646712660789489746e-01 5.643556118011474609e-01 2.941889762878417969e-01 7.711114287376403809e-01 7.083368301391601562e-01 3.074746727943420410e-01 8.145022392272949219e-01 5.960150361061096191e-01
