6.109671592712402344e-01 4.350823163986206055e-01 7.237472534179687500e-01 4.650880992412567139e-01 7.042484879493713379e-01 7.678966522216796875e-01 2.972571253776550293e-01 4.808672368526458740e-01 4.806496798992156982e-01 5.161464810371398926e-01
5.815373659133911133e-01 4.350823163986206055e-01 7.237472534179687500e-01 4.650880992412567139e-01 5.025195479393005371e-01 7.678966522216796875e-01 2.972571253776550293e-01 4.808672368526458740e-01 4.806496798992156982e-01 5.161464810371398926e-01
5.815373659133911133e-01 4.781769216060638428e-01 6.182393431663513184e-01 4.650880992412567139e-01 5.025195479393005371e-01 7.678966522216796875e-01 3.974343538284301758e-01 4.808672368526458740e-01 4.806496798992156982e-01 5.161464810371398926e-01
5.130654573440551758e-01 6.092576384544372559e-01 6.182393431663513184e-01 4.650880992412567139e-01 4.936898350715637207e-01 6.775815486907958984e-01 3.974343538284301758e-01 4.808672368526458740e-01 4.806496798992156982e-01 5.161464810371398926e-01
4.489263892173767090e-01 4.781769216060638428e-01 6.182393431663513184e-01 4.650880992412567139e-01 4.936898350715637207e-01 6.775815486907958984e-01 3.974343538284301758e-01 4.808672368526458740e-01 4.806496798992156982e-01 5.161464810371398926e-01
4.162234067916870117e-01 3.807546496391296387e-01 5.537564158439636230e-01 4.650880992412567139e-01 4.575343132019042969e-01 4.901640117168426514e-01 4.951686263084411621e-01 4.808672368526458740e-01 4.806496798992156982e-01 4.840692281723022461e-01
4.162234067916870117e-01 4.350823163986206055e-01 5.537564158439636230e-01 4.650880992412567139e-01 4.499672353267669678e-01 4.558205604553222656e-01 5.010638236999511719e-01 4.808672368526458740e-01 4.806496798992156982e-01 4.840692281723022461e-01
4.162234067916870117e-01 4.912305772304534912e-01 5.926046967506408691e-01 2.798759937286376953e-01 4.499672353267669678e-01 4.558205604553222656e-01 4.535778164863586426e-01 4.808672368526458740e-01 4.806496798992156982e-01 4.840692281723022461e-01
4.797577857971191406e-01 4.350823163986206055e-01 4.957657158374786377e-01 4.650880992412567139e-01 4.499672353267669678e-01 3.904980719089508057e-01 3.114489614963531494e-01 4.808672368526458740e-01 4.806496798992156982e-01 4.840692281723022461e-01
4.162234067916870117e-01 4.350823163986206055e-01 5.155125856399536133e-01 4.650880992412567139e-01 4.499672353267669678e-01 3.904980719089508057e-01 3.668188154697418213e-01 4.808672368526458740e-01 4.806496798992156982e-01 4.840692281723022461e-01
5.487943887710571289e-01 4.350823163986206055e-01 5.155125856399536133e-01 4.650880992412567139e-01 4.499672353267669678e-01 3.904980719089508057e-01 3.114489614963531494e-01 4.808672368526458740e-01 4.806496798992156982e-01 4.840692281723022461e-01
4.797577857971191406e-01 4.583107233047485352e-01 5.640327334403991699e-01 4.974502027034759521e-01 4.499672353267669678e-01 3.904980719089508057e-01 3.114489614963531494e-01 4.808672368526458740e-01 4.806496798992156982e-01 4.840692281723022461e-01
5.487943887710571289e-01 4.350823163986206055e-01 5.155125856399536133e-01 4.650880992412567139e-01 4.499672353267669678e-01 3.904980719089508057e-01 3.114489614963531494e-01 4.808672368526458740e-01 4.806496798992156982e-01 4.840692281723022461e-01
4.162234067916870117e-01 4.583107233047485352e-01 5.155125856399536133e-01 4.974502027034759521e-01 4.499672353267669678e-01 3.904980719089508057e-01 6.489799022674560547e-01 4.808672368526458740e-01 4.806496798992156982e-01 4.840692281723022461e-01
4.162234067916870117e-01 4.350823163986206055e-01 5.155125856399536133e-01 4.650880992412567139e-01 4.499672353267669678e-01 3.904980719089508057e-01 6.489799022674560547e-01 4.808672368526458740e-01 4.806496798992156982e-01 4.840692281723022461e-01
4.162234067916870117e-01 4.350823163986206055e-01 6.201871633529663086e-01 4.650880992412567139e-01 4.499672353267669678e-01 3.904980719089508057e-01 6.489799022674560547e-01 4.808672368526458740e-01 4.806496798992156982e-01 4.840692281723022461e-01
4.797577857971191406e-01 4.350823163986206055e-01 5.640327334403991699e-01 4.650880992412567139e-01 4.499672353267669678e-01 3.904980719089508057e-01 5.480296611785888672e-01 4.808672368526458740e-01 4.806496798992156982e-01 4.840692281723022461e-01
5.435308814048767090e-01 4.781769216060638428e-01 5.640327334403991699e-01 4.650880992412567139e-01 5.650829672813415527e-01 5.457504987716674805e-01 3.320342898368835449e-01 4.808672368526458740e-01 4.806496798992156982e-01 5.161464810371398926e-01
5.788593292236328125e-01 4.350823163986206055e-01 6.182393431663513184e-01 4.650880992412567139e-01 6.292573213577270508e-01 3.904980719089508057e-01 3.668188154697418213e-01 4.808672368526458740e-01 4.806496798992156982e-01 4.840692281723022461e-01
4.162234067916870117e-01 4.658378064632415771e-01 6.201871633529663086e-01 4.650880992412567139e-01 4.499672353267669678e-01 4.558205604553222656e-01 3.380336165428161621e-01 4.808672368526458740e-01 4.806496798992156982e-01 4.840692281723022461e-01
4.797577857971191406e-01 4.350823163986206055e-01 5.155125856399536133e-01 4.650880992412567139e-01 6.292573213577270508e-01 3.904980719089508057e-01 4.606592655181884766e-01 4.808672368526458740e-01 4.806496798992156982e-01 4.840692281723022461e-01
4.162234067916870117e-01 5.367839336395263672e-01 5.537564158439636230e-01 4.576536417007446289e-01 4.517622590065002441e-01 4.558205604553222656e-01 3.584357798099517822e-01 4.808672368526458740e-01 4.806496798992156982e-01 4.840692281723022461e-01
4.797577857971191406e-01 4.350823163986206055e-01 5.640327334403991699e-01 4.650880992412567139e-01 5.025195479393005371e-01 3.904980719089508057e-01 3.310489952564239502e-01 4.808672368526458740e-01 4.806496798992156982e-01 4.840692281723022461e-01
4.162234067916870117e-01 4.588766694068908691e-01 5.537564158439636230e-01 4.650880992412567139e-01 5.025195479393005371e-01 3.993659019470214844e-01 4.690288901329040527e-01 4.808672368526458740e-01 4.806496798992156982e-01 4.840692281723022461e-01
4.162234067916870117e-01 4.588766694068908691e-01 6.201871633529663086e-01 4.650880992412567139e-01 5.025195479393005371e-01 3.993659019470214844e-01 3.752015233039855957e-01 4.808672368526458740e-01 4.806496798992156982e-01 4.840692281723022461e-01
6.931560635566711426e-01 6.983236670494079590e-01 5.640327334403991699e-01 2.986779212951660156e-01 6.116788387298583984e-01 5.595740675926208496e-01 3.974343538284301758e-01 4.808672368526458740e-01 4.806496798992156982e-01 5.161464810371398926e-01
5.015441179275512695e-01 5.746191143989562988e-01 5.256620049476623535e-01 5.569674372673034668e-01 6.084559559822082520e-01 3.332923650741577148e-01 5.426686406135559082e-01 4.808672368526458740e-01 4.806496798992156982e-01 5.279424786567687988e-01
4.115987420082092285e-01 6.183543205261230469e-01 4.131516516208648682e-01 3.751080930233001709e-01 2.776922583580017090e-01 5.181862115859985352e-01 3.600473403930664062e-01 4.808672368526458740e-01 4.806496798992156982e-01 5.161464810371398926e-01
3.465646505355834961e-01 5.458093881607055664e-01 4.131516516208648682e-01 2.554864883422851562e-01 2.776922583580017090e-01 3.332923650741577148e-01 3.600473403930664062e-01 4.808672368526458740e-01 4.806496798992156982e-01 5.161464810371398926e-01
2.923284471035003662e-01 6.183543205261230469e-01 4.131516516208648682e-01 2.554864883422851562e-01 2.776922583580017090e-01 3.332923650741577148e-01 2.308329492807388306e-01 4.808672368526458740e-01 4.806496798992156982e-01 5.161464810371398926e-01
2.923284471035003662e-01 4.304250776767730713e-01 2.806470394134521484e-01 2.986779212951660156e-01 3.973050415515899658e-01 5.181862115859985352e-01 4.425692558288574219e-01 4.808672368526458740e-01 4.806496798992156982e-01 5.161464810371398926e-01
3.194140493869781494e-01 6.420049667358398438e-01 5.256620049476623535e-01 3.565416634082794189e-01 4.470867514610290527e-01 3.721428215503692627e-01 4.073132276535034180e-01 4.808672368526458740e-01 4.806496798992156982e-01 3.022688329219818115e-01
1.112983077764511108e-01 2.507026791572570801e-01 5.256620049476623535e-01 2.554864883422851562e-01 2.044206708669662476e-01 2.131579816341400146e-01 1.478727310895919800e-01 2.745981216430664062e-01 3.178588449954986572e-01 4.758431315422058105e-01
1.543986499309539795e-01 4.337424337863922119e-01 4.131516516208648682e-01 3.565416634082794189e-01 2.916441559791564941e-01 2.131579816341400146e-01 2.212652862071990967e-01 2.745981216430664062e-01 3.178588449954986572e-01 4.758431315422058105e-01
2.923284471035003662e-01 2.071497142314910889e-01 2.806470394134521484e-01 3.565416634082794189e-01 4.470867514610290527e-01 3.721428215503692627e-01 5.575678348541259766e-01 4.808672368526458740e-01 4.806496798992156982e-01 3.022688329219818115e-01
9.928595274686813354e-02 2.544984519481658936e-01 2.806470394134521484e-01 3.549142181873321533e-01 4.841180741786956787e-01 2.131579816341400146e-01 3.425553739070892334e-01 2.745981216430664062e-01 3.178588449954986572e-01 4.758431315422058105e-01
1.543986499309539795e-01 2.029839307069778442e-01 2.806470394134521484e-01 4.704465568065643311e-01 4.841180741786956787e-01 2.131579816341400146e-01 2.310395687818527222e-01 2.745981216430664062e-01 3.178588449954986572e-01 3.022688329219818115e-01
1.718070656061172485e-01 3.623400330543518066e-01 2.806470394134521484e-01 4.704465568065643311e-01 3.679768443107604980e-01 2.131579816341400146e-01 2.310395687818527222e-01 2.745981216430664062e-01 3.178588449954986572e-01 4.758431315422058105e-01
1.543986499309539795e-01 3.623400330543518066e-01 2.806470394134521484e-01 4.704465568065643311e-01 3.679768443107604980e-01 2.131579816341400146e-01 2.310395687818527222e-01 2.745981216430664062e-01 3.178588449954986572e-01 4.758431315422058105e-01
5.317325592041015625e-01 3.934057354927062988e-01 3.260458111763000488e-01 2.807500660419464111e-01 6.240264773368835449e-01 5.604708790779113770e-01 3.350008428096771240e-01 4.808672368526458740e-01 4.806496798992156982e-01 4.840692281723022461e-01
3.177493512630462646e-01 3.623400330543518066e-01 1.648379117250442505e-01 4.704465568065643311e-01 5.310853123664855957e-01 1.940705031156539917e-01 1.591602861881256104e-01 2.745981216430664062e-01 3.178588449954986572e-01 5.161464810371398926e-01
5.317325592041015625e-01 5.719429254531860352e-01 1.648379117250442505e-01 2.807500660419464111e-01 6.240264773368835449e-01 5.604708790779113770e-01 2.389487326145172119e-01 4.808672368526458740e-01 4.806496798992156982e-01 4.840692281723022461e-01
3.153705298900604248e-01 3.232187628746032715e-01 1.915679723024368286e-01 2.962833940982818604e-01 5.522424578666687012e-01 1.940705031156539917e-01 1.425572037696838379e-01 2.745981216430664062e-01 3.178588449954986572e-01 4.840692281723022461e-01
2.626166343688964844e-01 3.623400330543518066e-01 4.131516516208648682e-01 2.962833940982818604e-01 4.259918630123138428e-01 1.940705031156539917e-01 2.304175496101379395e-01 4.109624624252319336e-01 3.178588449954986572e-01 3.022688329219818115e-01
2.547007203102111816e-01 3.623400330543518066e-01 1.648379117250442505e-01 2.962833940982818604e-01 2.906342744827270508e-01 1.940705031156539917e-01 1.148961186408996582e-01 2.745981216430664062e-01 3.178588449954986572e-01 4.840692281723022461e-01
7.333939075469970703e-01 5.719429254531860352e-01 3.260458111763000488e-01 4.756837189197540283e-01 6.730306744575500488e-01 4.800848364830017090e-01 3.350008428096771240e-01 4.808672368526458740e-01 4.806496798992156982e-01 4.840692281723022461e-01
4.329329431056976318e-01 3.633409440517425537e-01 3.260458111763000488e-01 2.807500660419464111e-01 5.117380619049072266e-01 2.967835664749145508e-01 2.516908049583435059e-01 4.109624624252319336e-01 3.178588449954986572e-01 4.840692281723022461e-01
4.329329431056976318e-01 3.633409440517425537e-01 3.260458111763000488e-01 4.756837189197540283e-01 3.669473230838775635e-01 2.967835664749145508e-01 2.516908049583435059e-01 4.109624624252319336e-01 3.178588449954986572e-01 4.840692281723022461e-01
7.333939075469970703e-01 5.719429254531860352e-01 3.260458111763000488e-01 4.756837189197540283e-01 2.776326537132263184e-01 4.800848364830017090e-01 3.062267303466796875e-01 4.808672368526458740e-01 4.806496798992156982e-01 4.840692281723022461e-01
4.968471229076385498e-01 4.044165909290313721e-01 2.287616133689880371e-01 2.807500660419464111e-01 3.669473230838775635e-01 3.682142198085784912e-01 3.010822832584381104e-01 4.109624624252319336e-01 3.178588449954986572e-01 4.840692281723022461e-01
2.312382012605667114e-01 3.633409440517425537e-01 1.648379117250442505e-01 2.962833940982818604e-01 3.669473230838775635e-01 1.940705031156539917e-01 3.403249979019165039e-01 4.109624624252319336e-01 3.178588449954986572e-01 4.840692281723022461e-01
7.333939075469970703e-01 4.723927080631256104e-01 3.260458111763000488e-01 2.807500660419464111e-01 1.855183392763137817e-01 1.982037574052810669e-01 2.516908049583435059e-01 4.109624624252319336e-01 3.178588449954986572e-01 4.840692281723022461e-01
6.333262920379638672e-01 4.583107233047485352e-01 3.260458111763000488e-01 4.974502027034759521e-01 4.303732812404632568e-01 5.830167531967163086e-01 3.062267303466796875e-01 4.808672368526458740e-01 4.806496798992156982e-01 4.840692281723022461e-01
6.333262920379638672e-01 4.176941215991973877e-01 3.260458111763000488e-01 4.165490567684173584e-01 3.813175857067108154e-01 3.660371899604797363e-01 2.471388429403305054e-01 4.808672368526458740e-01 4.806496798992156982e-01 4.840692281723022461e-01
6.333262920379638672e-01 4.583107233047485352e-01 3.260458111763000488e-01 4.974502027034759521e-01 4.303732812404632568e-01 5.830167531967163086e-01 2.471388429403305054e-01 4.808672368526458740e-01 4.806496798992156982e-01 4.840692281723022461e-01
4.968471229076385498e-01 2.654521763324737549e-01 2.287616133689880371e-01 2.986779212951660156e-01 4.070381522178649902e-01 2.694690823554992676e-01 3.010822832584381104e-01 4.109624624252319336e-01 3.178588449954986572e-01 4.840692281723022461e-01
4.996269643306732178e-01 2.099266797304153442e-01 2.995269894599914551e-01 3.147690594196319580e-01 2.820104062557220459e-01 7.477673888206481934e-02 1.400613337755203247e-01 4.109624624252319336e-01 3.178588449954986572e-01 7.162374854087829590e-01
2.185472697019577026e-01 3.174198567867279053e-01 2.626267373561859131e-01 3.147690594196319580e-01 2.803658246994018555e-01 1.042445823550224304e-01 2.341137081384658813e-01 4.109624624252319336e-01 3.178588449954986572e-01 5.161464810371398926e-01
2.557748854160308838e-01 4.691182971000671387e-01 1.648379117250442505e-01 2.986779212951660156e-01 2.803658246994018555e-01 2.197647392749786377e-01 2.341137081384658813e-01 4.109624624252319336e-01 3.178588449954986572e-01 5.161464810371398926e-01
3.441349267959594727e-01 3.251816928386688232e-01 2.287616133689880371e-01 2.986779212951660156e-01 4.070381522178649902e-01 3.295586407184600830e-01 3.010822832584381104e-01 4.109624624252319336e-01 3.178588449954986572e-01 4.840692281723022461e-01
3.276876509189605713e-01 2.654521763324737549e-01 3.260458111763000488e-01 5.102763772010803223e-01 4.070381522178649902e-01 3.898866176605224609e-01 3.955914378166198730e-01 4.109624624252319336e-01 3.178588449954986572e-01 4.840692281723022461e-01
3.154917359352111816e-01 2.654521763324737549e-01 3.260458111763000488e-01 5.102763772010803223e-01 4.070381522178649902e-01 2.694690823554992676e-01 3.955914378166198730e-01 4.109624624252319336e-01 3.178588449954986572e-01 4.840692281723022461e-01
4.659010469913482666e-01 2.654521763324737549e-01 3.260458111763000488e-01 5.102763772010803223e-01 4.070381522178649902e-01 2.694690823554992676e-01 6.498591303825378418e-01 4.109624624252319336e-01 3.178588449954986572e-01 5.161464810371398926e-01
3.276876509189605713e-01 3.504719436168670654e-01 4.260827004909515381e-01 5.102763772010803223e-01 3.757646381855010986e-01 3.898866176605224609e-01 2.620583176612854004e-01 2.745981216430664062e-01 3.178588449954986572e-01 4.840692281723022461e-01
2.396308630704879761e-01 3.504719436168670654e-01 3.487227261066436768e-01 3.479704260826110840e-01 3.757646381855010986e-01 3.898866176605224609e-01 2.089263945817947388e-01 2.745981216430664062e-01 3.178588449954986572e-01 3.076236546039581299e-01
2.640434205532073975e-01 2.654521763324737549e-01 3.592657446861267090e-01 3.479704260826110840e-01 2.778218090534210205e-01 2.694690823554992676e-01 4.560132324695587158e-01 4.109624624252319336e-01 3.178588449954986572e-01 3.076236546039581299e-01
2.640434205532073975e-01 2.654521763324737549e-01 1.861699670553207397e-01 3.364213407039642334e-01 2.778218090534210205e-01 3.295586407184600830e-01 2.116599529981613159e-01 4.109624624252319336e-01 3.178588449954986572e-01 3.076236546039581299e-01
2.640434205532073975e-01 2.654521763324737549e-01 1.861699670553207397e-01 3.364213407039642334e-01 2.778218090534210205e-01 3.295586407184600830e-01 2.116599529981613159e-01 4.109624624252319336e-01 3.178588449954986572e-01 3.076236546039581299e-01
2.895807325839996338e-01 2.654521763324737549e-01 1.842586249113082886e-01 3.479704260826110840e-01 2.778218090534210205e-01 2.694690823554992676e-01 4.560132324695587158e-01 4.109624624252319336e-01 3.178588449954986572e-01 3.076236546039581299e-01
2.640434205532073975e-01 3.251816928386688232e-01 2.558321058750152588e-01 1.790664643049240112e-01 2.781305313110351562e-01 3.295586407184600830e-01 3.010822832584381104e-01 4.109624624252319336e-01 3.178588449954986572e-01 3.076236546039581299e-01
2.640434205532073975e-01 2.654521763324737549e-01 2.558321058750152588e-01 1.790664643049240112e-01 2.778218090534210205e-01 2.694690823554992676e-01 3.010822832584381104e-01 4.109624624252319336e-01 3.178588449954986572e-01 3.076236546039581299e-01
2.396308630704879761e-01 2.654521763324737549e-01 3.592657446861267090e-01 3.479704260826110840e-01 2.778218090534210205e-01 2.954103350639343262e-01 3.955914378166198730e-01 4.109624624252319336e-01 3.178588449954986572e-01 3.076236546039581299e-01
2.396308630704879761e-01 2.654521763324737549e-01 3.592657446861267090e-01 3.479704260826110840e-01 2.778218090534210205e-01 2.694690823554992676e-01 3.955914378166198730e-01 4.109624624252319336e-01 3.178588449954986572e-01 3.076236546039581299e-01
2.396308630704879761e-01 2.654521763324737549e-01 3.592657446861267090e-01 3.479704260826110840e-01 2.778218090534210205e-01 3.898866176605224609e-01 3.955914378166198730e-01 4.109624624252319336e-01 3.178588449954986572e-01 3.076236546039581299e-01
2.396308630704879761e-01 2.654521763324737549e-01 3.592657446861267090e-01 3.479704260826110840e-01 2.778218090534210205e-01 3.898866176605224609e-01 3.955914378166198730e-01 4.109624624252319336e-01 3.178588449954986572e-01 3.076236546039581299e-01
2.396308630704879761e-01 2.654521763324737549e-01 3.592657446861267090e-01 3.479704260826110840e-01 2.778218090534210205e-01 3.898866176605224609e-01 3.955914378166198730e-01 4.109624624252319336e-01 3.178588449954986572e-01 3.076236546039581299e-01
2.396308630704879761e-01 2.654521763324737549e-01 3.487227261066436768e-01 2.779347002506256104e-01 2.388629764318466187e-01 3.898866176605224609e-01 2.089263945817947388e-01 2.745981216430664062e-01 3.178588449954986572e-01 3.076236546039581299e-01
2.640434205532073975e-01 2.654521763324737549e-01 1.842586249113082886e-01 3.479704260826110840e-01 2.778218090534210205e-01 2.694690823554992676e-01 4.560132324695587158e-01 4.109624624252319336e-01 3.178588449954986572e-01 3.076236546039581299e-01
2.640434205532073975e-01 2.654521763324737549e-01 3.592657446861267090e-01 3.479704260826110840e-01 2.778218090534210205e-01 3.898866176605224609e-01 3.955914378166198730e-01 4.109624624252319336e-01 3.178588449954986572e-01 3.076236546039581299e-01
2.640434205532073975e-01 2.654521763324737549e-01 3.592657446861267090e-01 3.479704260826110840e-01 2.778218090534210205e-01 3.898866176605224609e-01 4.763768315315246582e-01 4.109624624252319336e-01 3.178588449954986572e-01 3.076236546039581299e-01
2.640434205532073975e-01 2.654521763324737549e-01 2.558321058750152588e-01 3.479704260826110840e-01 2.778218090534210205e-01 2.694690823554992676e-01 4.560132324695587158e-01 4.109624624252319336e-01 3.178588449954986572e-01 3.076236546039581299e-01
4.996269643306732178e-01 4.971631467342376709e-01 2.558321058750152588e-01 1.790664643049240112e-01 4.753326475620269775e-01 3.295586407184600830e-01 1.583656966686248779e-01 4.109624624252319336e-01 3.178588449954986572e-01 7.162374854087829590e-01
3.165918290615081787e-01 2.654521763324737549e-01 2.558321058750152588e-01 1.790664643049240112e-01 2.778218090534210205e-01 3.295586407184600830e-01 1.241971924901008606e-01 4.109624624252319336e-01 3.178588449954986572e-01 7.162374854087829590e-01
2.907445728778839111e-01 2.709482908248901367e-01 4.604476392269134521e-01 3.479704260826110840e-01 2.778218090534210205e-01 2.694690823554992676e-01 4.845379590988159180e-01 4.109624624252319336e-01 3.178588449954986572e-01 3.356145024299621582e-01
2.640434205532073975e-01 2.654521763324737549e-01 4.604476392269134521e-01 3.479704260826110840e-01 2.778218090534210205e-01 2.694690823554992676e-01 3.955914378166198730e-01 4.109624624252319336e-01 3.178588449954986572e-01 3.076236546039581299e-01
2.396308630704879761e-01 2.654521763324737549e-01 3.592657446861267090e-01 3.479704260826110840e-01 2.778218090534210205e-01 2.694690823554992676e-01 3.955914378166198730e-01 4.109624624252319336e-01 3.178588449954986572e-01 3.076236546039581299e-01
3.177493512630462646e-01 3.006880283355712891e-01 2.154667377471923828e-01 3.479704260826110840e-01 3.078348636627197266e-01 2.694690823554992676e-01 4.883317649364471436e-01 4.109624624252319336e-01 3.178588449954986572e-01 3.356145024299621582e-01
2.396308630704879761e-01 2.654521763324737549e-01 3.592657446861267090e-01 3.479704260826110840e-01 2.778218090534210205e-01 2.694690823554992676e-01 3.955914378166198730e-01 4.109624624252319336e-01 3.178588449954986572e-01 3.076236546039581299e-01
2.907445728778839111e-01 2.654521763324737549e-01 2.558321058750152588e-01 3.479704260826110840e-01 2.778218090534210205e-01 2.694690823554992676e-01 4.845379590988159180e-01 4.109624624252319336e-01 3.178588449954986572e-01 3.356145024299621582e-01
2.895807325839996338e-01 2.654521763324737549e-01 3.592657446861267090e-01 3.479704260826110840e-01 2.778218090534210205e-01 2.694690823554992676e-01 3.955914378166198730e-01 4.109624624252319336e-01 3.178588449954986572e-01 3.076236546039581299e-01
2.396308630704879761e-01 3.138746321201324463e-01 3.301646709442138672e-01 2.779347002506256104e-01 2.388629764318466187e-01 3.898866176605224609e-01 4.863521754741668701e-01 2.745981216430664062e-01 3.178588449954986572e-01 3.076236546039581299e-01
2.396308630704879761e-01 2.902854382991790771e-01 2.602944076061248779e-01 2.779347002506256104e-01 2.388629764318466187e-01 3.898866176605224609e-01 8.972252905368804932e-02 2.745981216430664062e-01 3.178588449954986572e-01 2.468976974487304688e-01
5.190733075141906738e-01 6.691756844520568848e-01 5.080468654632568359e-01 4.771794080734252930e-01 2.394755929708480835e-01 3.772459328174591064e-01 2.261283844709396362e-01 2.745981216430664062e-01 3.178588449954986572e-01 2.468976974487304688e-01
2.821534872055053711e-01 3.138746321201324463e-01 2.602944076061248779e-01 2.779347002506256104e-01 2.394755929708480835e-01 2.613348960876464844e-01 2.261283844709396362e-01 2.745981216430664062e-01 3.178588449954986572e-01 4.018410146236419678e-01
2.396308630704879761e-01 2.345272451639175415e-01 2.602944076061248779e-01 3.479704260826110840e-01 3.937403261661529541e-01 3.992483913898468018e-01 2.261283844709396362e-01 2.745981216430664062e-01 3.178588449954986572e-01 3.076236546039581299e-01
5.190733075141906738e-01 5.768990516662597656e-01 2.602944076061248779e-01 6.823579072952270508e-01 4.695020318031311035e-01 7.134397029876708984e-01 4.564377963542938232e-01 5.137288570404052734e-01 5.155348777770996094e-01 4.018410146236419678e-01
2.895807325839996338e-01 2.345272451639175415e-01 3.747328519821166992e-01 3.479704260826110840e-01 2.784977853298187256e-01 3.036325573921203613e-01 2.261283844709396362e-01 2.745981216430664062e-01 3.178588449954986572e-01 1.582519412040710449e-01
2.396308630704879761e-01 2.349367141723632812e-01 3.301646709442138672e-01 3.182175159454345703e-01 2.778218090534210205e-01 2.954103350639343262e-01 1.382415145635604858e-01 2.745981216430664062e-01 3.178588449954986572e-01 3.076236546039581299e-01
2.396308630704879761e-01 2.349367141723632812e-01 3.301646709442138672e-01 2.100653350353240967e-01 3.937403261661529541e-01 3.036325573921203613e-01 1.963630616664886475e-01 2.745981216430664062e-01 3.178588449954986572e-01 3.076236546039581299e-01
5.190733075141906738e-01 4.182486236095428467e-01 3.301646709442138672e-01 3.867135345935821533e-01 5.982467532157897949e-01 4.882271289825439453e-01 4.564377963542938232e-01 5.137288570404052734e-01 5.155348777770996094e-01 4.024724364280700684e-01
5.190733075141906738e-01 4.182486236095428467e-01 3.301646709442138672e-01 5.253303647041320801e-01 5.982467532157897949e-01 4.882271289825439453e-01 4.564377963542938232e-01 5.137288570404052734e-01 5.155348777770996094e-01 4.024724364280700684e-01
2.895807325839996338e-01 2.658968567848205566e-01 3.301646709442138672e-01 2.100653350353240967e-01 2.474141418933868408e-01 2.954103350639343262e-01 2.001109868288040161e-01 2.745981216430664062e-01 3.178588449954986572e-01 3.076236546039581299e-01
2.640434205532073975e-01 2.658968567848205566e-01 4.490161538124084473e-01 3.081123530864715576e-01 2.474141418933868408e-01 2.954103350639343262e-01 2.001109868288040161e-01 2.745981216430664062e-01 3.178588449954986572e-01 3.076236546039581299e-01
2.884824573993682861e-01 2.654521763324737549e-01 3.468489944934844971e-01 3.081123530864715576e-01 2.474141418933868408e-01 2.954103350639343262e-01 3.126342892646789551e-01 2.745981216430664062e-01 3.178588449954986572e-01 3.076236546039581299e-01
2.884824573993682861e-01 2.654521763324737549e-01 3.468489944934844971e-01 3.479704260826110840e-01 2.474141418933868408e-01 2.694690823554992676e-01 3.126342892646789551e-01 2.745981216430664062e-01 3.178588449954986572e-01 3.076236546039581299e-01
2.640434205532073975e-01 2.658968567848205566e-01 2.353848665952682495e-01 3.182175159454345703e-01 2.474141418933868408e-01 3.898866176605224609e-01 2.001109868288040161e-01 2.745981216430664062e-01 3.178588449954986572e-01 3.076236546039581299e-01
4.548892080783843994e-01 5.774553418159484863e-01 3.301646709442138672e-01 4.439000487327575684e-01 4.192690551280975342e-01 6.572018265724182129e-01 4.564377963542938232e-01 5.137288570404052734e-01 5.155348777770996094e-01 4.024724364280700684e-01
3.932285606861114502e-01 5.774553418159484863e-01 2.602944076061248779e-01 5.717597603797912598e-01 4.465723633766174316e-01 7.311273813247680664e-01 4.345704913139343262e-01 5.137288570404052734e-01 5.155348777770996094e-01 2.888761162757873535e-01
5.826383233070373535e-01 5.058528184890747070e-01 3.747328519821166992e-01 5.253303647041320801e-01 4.695020318031311035e-01 5.925123691558837891e-01 4.564377963542938232e-01 5.137288570404052734e-01 5.155348777770996094e-01 5.927317142486572266e-01
4.548892080783843994e-01 5.058528184890747070e-01 3.301646709442138672e-01 5.253303647041320801e-01 4.695020318031311035e-01 5.925123691558837891e-01 4.564377963542938232e-01 5.137288570404052734e-01 5.155348777770996094e-01 5.927317142486572266e-01
4.548892080783843994e-01 5.081496238708496094e-01 3.301646709442138672e-01 5.253303647041320801e-01 4.695020318031311035e-01 6.761586070060729980e-01 4.564377963542938232e-01 5.137288570404052734e-01 5.155348777770996094e-01 5.927317142486572266e-01
7.410441637039184570e-01 5.774553418159484863e-01 2.602944076061248779e-01 5.717597603797912598e-01 4.465723633766174316e-01 6.261029839515686035e-01 5.295187234878540039e-01 5.137288570404052734e-01 5.155348777770996094e-01 5.920975804328918457e-01
7.410441637039184570e-01 5.081496238708496094e-01 2.914607822895050049e-01 5.717597603797912598e-01 4.465723633766174316e-01 3.297985196113586426e-01 5.143451690673828125e-01 5.137288570404052734e-01 5.155348777770996094e-01 5.920975804328918457e-01
7.410441637039184570e-01 6.045039296150207520e-01 2.602944076061248779e-01 5.717597603797912598e-01 4.465723633766174316e-01 4.803470671176910400e-01 5.990030169486999512e-01 5.137288570404052734e-01 5.155348777770996094e-01 5.920975804328918457e-01
3.932285606861114502e-01 5.058528184890747070e-01 2.602944076061248779e-01 5.717597603797912598e-01 4.465723633766174316e-01 4.140477776527404785e-01 6.775847077369689941e-01 5.137288570404052734e-01 5.155348777770996094e-01 2.888761162757873535e-01
3.932285606861114502e-01 5.058528184890747070e-01 2.602944076061248779e-01 6.947497129440307617e-01 4.465723633766174316e-01 4.140477776527404785e-01 5.143451690673828125e-01 5.137288570404052734e-01 5.155348777770996094e-01 2.888761162757873535e-01
3.932285606861114502e-01 5.058528184890747070e-01 2.602944076061248779e-01 5.717597603797912598e-01 4.465723633766174316e-01 4.140477776527404785e-01 6.775847077369689941e-01 5.137288570404052734e-01 5.155348777770996094e-01 2.888761162757873535e-01
4.384738802909851074e-01 4.588766694068908691e-01 3.301646709442138672e-01 5.253303647041320801e-01 4.695020318031311035e-01 3.361545801162719727e-01 4.125167131423950195e-01 5.137288570404052734e-01 5.155348777770996094e-01 5.927317142486572266e-01
4.384738802909851074e-01 3.368028402328491211e-01 4.490161538124084473e-01 5.253303647041320801e-01 4.297994077205657959e-01 4.784405529499053955e-01 5.120764374732971191e-01 5.998241305351257324e-01 5.854042172431945801e-01 4.897991716861724854e-01
4.962693750858306885e-01 4.350823163986206055e-01 3.468489944934844971e-01 5.253303647041320801e-01 4.297994077205657959e-01 4.784405529499053955e-01 5.120764374732971191e-01 5.998241305351257324e-01 5.854042172431945801e-01 4.897991716861724854e-01
3.495015203952789307e-01 1.596095114946365356e-01 3.468489944934844971e-01 5.253303647041320801e-01 4.397338926792144775e-01 2.694690823554992676e-01 1.956446170806884766e-01 2.745981216430664062e-01 3.178588449954986572e-01 5.218721032142639160e-01
3.448301255702972412e-01 3.997558653354644775e-01 6.277129054069519043e-01 3.081123530864715576e-01 4.757162928581237793e-01 3.295586407184600830e-01 1.174985691905021667e-01 2.745981216430664062e-01 3.178588449954986572e-01 3.356145024299621582e-01
3.448301255702972412e-01 3.997558653354644775e-01 6.384773850440979004e-01 3.081123530864715576e-01 4.757162928581237793e-01 3.295586407184600830e-01 1.174985691905021667e-01 2.745981216430664062e-01 3.178588449954986572e-01 3.356145024299621582e-01
3.448301255702972412e-01 9.462291002273559570e-02 3.938640058040618896e-01 2.351514399051666260e-01 2.823219597339630127e-01 3.295586407184600830e-01 1.746160686016082764e-01 2.745981216430664062e-01 3.178588449954986572e-01 3.356145024299621582e-01
3.448301255702972412e-01 9.462291002273559570e-02 3.938640058040618896e-01 2.351514399051666260e-01 2.823219597339630127e-01 1.236108317971229553e-01 1.192303374409675598e-01 2.745981216430664062e-01 3.178588449954986572e-01 3.006487190723419189e-01
3.050882518291473389e-01 1.660594642162322998e-01 3.938640058040618896e-01 2.351514399051666260e-01 2.044206708669662476e-01 2.131579816341400146e-01 1.192303374409675598e-01 2.745981216430664062e-01 3.178588449954986572e-01 3.006487190723419189e-01
2.548117637634277344e-01 7.901498675346374512e-02 2.921864390373229980e-01 2.351514399051666260e-01 2.044206708669662476e-01 2.131579816341400146e-01 1.192303374409675598e-01 2.745981216430664062e-01 3.178588449954986572e-01 3.006487190723419189e-01
