5.543291568756103516e-01 8.080779314041137695e-01 6.653836965560913086e-01 7.777033448219299316e-01 5.416506528854370117e-01 7.524802684783935547e-01 6.266876459121704102e-01 6.001650691032409668e-01 8.400156497955322266e-01 4.562725722789764404e-01
3.392456173896789551e-01 4.647774398326873779e-01 5.044837594032287598e-01 2.395524084568023682e-01 3.273951113224029541e-01 4.042403399944305420e-01 7.622694373130798340e-01 2.834376990795135498e-01 3.415034115314483643e-01 4.562725722789764404e-01
5.371214151382446289e-01 3.964116871356964111e-01 3.401031792163848877e-01 4.660846889019012451e-01 5.416506528854370117e-01 5.842134952545166016e-01 6.390823125839233398e-01 8.124416470527648926e-01 4.125492572784423828e-01 5.810949802398681641e-01
5.543291568756103516e-01 6.298756003379821777e-01 3.864043354988098145e-01 5.471147894859313965e-01 5.416506528854370117e-01 7.601440548896789551e-01 6.448091864585876465e-01 6.291844248771667480e-01 6.012340188026428223e-01 4.562725722789764404e-01
3.273956179618835449e-01 4.784443080425262451e-01 7.091504931449890137e-01 5.318865180015563965e-01 4.087280333042144775e-01 9.355912804603576660e-01 5.532747507095336914e-01 8.570112586021423340e-01 4.396269619464874268e-01 5.000000000000000000e-01
5.543291568756103516e-01 7.224847078323364258e-01 4.086328148841857910e-01 7.080998420715332031e-01 4.087280333042144775e-01 9.062614440917968750e-01 7.636951804161071777e-01 7.096068859100341797e-01 7.262536883354187012e-01 6.479025483131408691e-01
5.597121715545654297e-01 8.881174921989440918e-01 5.685127973556518555e-01 4.689265191555023193e-01 4.087280333042144775e-01 2.060641795396804810e-01 4.705391526222229004e-01 5.916047096252441406e-01 2.757760882377624512e-01 4.562725722789764404e-01
5.371214151382446289e-01 5.699290633201599121e-01 4.019599854946136475e-01 6.401752233505249023e-01 5.416506528854370117e-01 4.341229498386383057e-01 5.532747507095336914e-01 6.577551364898681641e-01 4.744286239147186279e-01 6.479025483131408691e-01
5.371214151382446289e-01 3.704734146595001221e-01 6.144395470619201660e-01 5.644006729125976562e-01 5.416506528854370117e-01 3.582231998443603516e-01 5.104658603668212891e-01 3.020563721656799316e-01 5.899249911308288574e-01 5.000000000000000000e-01
7.042645215988159180e-01 7.981773614883422852e-01 7.150855064392089844e-01 4.875844717025756836e-01 5.416506528854370117e-01 7.837919592857360840e-01 5.648827552795410156e-01 8.583981990814208984e-01 6.930509209632873535e-01 6.479025483131408691e-01
5.371214151382446289e-01 6.787229180335998535e-01 5.946627855300903320e-01 5.108278393745422363e-01 5.416506528854370117e-01 3.968143761157989502e-01 2.777835726737976074e-01 7.024448513984680176e-01 5.794363021850585938e-01 3.822549581527709961e-01
5.371214151382446289e-01 7.776755690574645996e-01 2.841215431690216064e-01 9.115335345268249512e-01 5.416506528854370117e-01 7.287626862525939941e-01 6.555514335632324219e-01 7.915925979614257812e-01 7.876600027084350586e-01 4.562725722789764404e-01
7.042645215988159180e-01 7.212995886802673340e-01 7.877576947212219238e-01 7.790147662162780762e-01 5.416506528854370117e-01 8.445017337799072266e-01 8.697220087051391602e-01 4.710768163204193115e-01 9.027072191238403320e-01 7.321187853813171387e-01
5.371214151382446289e-01 5.394360423088073730e-01 2.214584350585937500e-01 4.835414290428161621e-01 5.416506528854370117e-01 1.073862239718437195e-01 2.743913531303405762e-01 3.271580934524536133e-01 5.794363021850585938e-01 3.822549581527709961e-01
5.371214151382446289e-01 1.721636950969696045e-01 4.502012431621551514e-01 6.825757026672363281e-01 5.416506528854370117e-01 5.345900058746337891e-01 7.252897024154663086e-01 4.661319255828857422e-01 5.094910860061645508e-01 4.880047142505645752e-01
5.371214151382446289e-01 4.704006612300872803e-01 5.305473804473876953e-01 7.524284124374389648e-01 5.416506528854370117e-01 4.709332585334777832e-01 8.217821717262268066e-01 3.984487354755401611e-01 7.876600027084350586e-01 7.321187853813171387e-01
4.790126383304595947e-01 4.662444293498992920e-01 6.732267141342163086e-02 3.068595230579376221e-01 4.290547966957092285e-01 2.489918172359466553e-01 1.930232644081115723e-01 3.737699985504150391e-01 1.331417262554168701e-01 3.822549581527709961e-01
3.349878787994384766e-01 2.844250500202178955e-01 4.494876265525817871e-01 6.442368626594543457e-01 3.543444573879241943e-01 1.641219705343246460e-01 7.196456193923950195e-01 1.107411757111549377e-01 4.520981013774871826e-01 4.562725722789764404e-01
7.042645215988159180e-01 7.212995886802673340e-01 5.858264565467834473e-01 8.004043102264404297e-01 3.543444573879241943e-01 9.105365276336669922e-01 3.692688345909118652e-01 8.518213629722595215e-01 6.785583496093750000e-01 4.880047142505645752e-01
4.790126383304595947e-01 5.516647696495056152e-01 5.209434628486633301e-01 4.882937967777252197e-01 6.012133359909057617e-01 3.417836427688598633e-01 1.608621627092361450e-01 2.108623385429382324e-01 4.823614954948425293e-01 5.810949802398681641e-01
4.790126383304595947e-01 4.854739904403686523e-01 3.470621705055236816e-01 4.669551253318786621e-01 6.012133359909057617e-01 3.433743119239807129e-01 3.577089607715606689e-01 5.009989738464355469e-01 4.576909840106964111e-01 4.562725722789764404e-01
4.790126383304595947e-01 6.339483261108398438e-01 6.173406243324279785e-01 6.411583423614501953e-01 4.290547966957092285e-01 6.942781209945678711e-01 4.656644463539123535e-01 6.027859449386596680e-01 4.823614954948425293e-01 5.810949802398681641e-01
4.790126383304595947e-01 1.840232461690902710e-01 3.680619895458221436e-01 2.840496301651000977e-01 5.211133956909179688e-01 1.949996501207351685e-01 4.940955042839050293e-01 4.705442488193511963e-01 2.419772744178771973e-01 2.592265307903289795e-01
4.790126383304595947e-01 3.333659172058105469e-01 6.217668056488037109e-01 4.558119475841522217e-01 6.012133359909057617e-01 4.926014244556427002e-01 4.486932158470153809e-01 8.344498872756958008e-01 4.576909840106964111e-01 4.562725722789764404e-01
7.042645215988159180e-01 5.044012665748596191e-01 5.658720731735229492e-01 9.149101376533508301e-01 5.211133956909179688e-01 6.584813594818115234e-01 3.748735189437866211e-01 9.502094984054565430e-01 6.088309288024902344e-01 4.562725722789764404e-01
4.790126383304595947e-01 6.692457795143127441e-01 6.390078663825988770e-01 4.706082940101623535e-01 6.012133359909057617e-01 4.740504920482635498e-01 4.649063348770141602e-01 8.426618576049804688e-01 4.823614954948425293e-01 4.562725722789764404e-01
5.543291568756103516e-01 8.660810589790344238e-01 7.268151640892028809e-01 3.151710629463195801e-01 7.340713739395141602e-01 2.989261448383331299e-01 6.260027289390563965e-01 7.138270139694213867e-01 7.061253190040588379e-01 5.810949802398681641e-01
7.042645215988159180e-01 7.842573523521423340e-01 7.956738471984863281e-01 6.107418537139892578e-01 5.416506528854370117e-01 9.396406412124633789e-01 8.233147859573364258e-01 7.096068859100341797e-01 4.396269619464874268e-01 4.562725722789764404e-01
5.371214151382446289e-01 7.565671801567077637e-01 5.083114504814147949e-01 4.052945375442504883e-01 7.340713739395141602e-01 6.519823074340820312e-01 5.996412634849548340e-01 8.086120486259460449e-01 5.899249911308288574e-01 5.000000000000000000e-01
5.371214151382446289e-01 7.156935334205627441e-01 6.846479177474975586e-01 9.053179025650024414e-01 5.416506528854370117e-01 7.698608636856079102e-01 4.379575848579406738e-01 7.216464877128601074e-01 3.523848652839660645e-01 3.936511278152465820e-01
4.790126383304595947e-01 3.159294426441192627e-01 4.915849566459655762e-01 6.657026410102844238e-01 6.012133359909057617e-01 8.845305442810058594e-01 4.415008425712585449e-01 7.523820400238037109e-01 3.836414813995361328e-01 7.020609974861145020e-01
4.790126383304595947e-01 4.456494152545928955e-01 7.894907593727111816e-01 3.516948819160461426e-01 6.012133359909057617e-01 2.528562545776367188e-01 5.204175114631652832e-01 2.975625991821289062e-01 4.823614954948425293e-01 5.000000000000000000e-01
4.790126383304595947e-01 5.482907295227050781e-01 7.150388956069946289e-01 3.058966994285583496e-01 3.543444573879241943e-01 2.895119786262512207e-01 6.332044601440429688e-01 2.335329949855804443e-01 4.576909840106964111e-01 4.562725722789764404e-01
4.790126383304595947e-01 1.757678240537643433e-01 4.294394254684448242e-01 3.230692446231842041e-01 6.012133359909057617e-01 1.868863701820373535e-01 6.509029865264892578e-01 2.915303409099578857e-01 3.462256193161010742e-01 4.562725722789764404e-01
4.790126383304595947e-01 3.068975806236267090e-01 3.029428124427795410e-01 4.868820607662200928e-01 4.290547966957092285e-01 3.056260943412780762e-01 6.061850190162658691e-01 2.634986042976379395e-01 2.030623108148574829e-01 4.562725722789764404e-01
4.790126383304595947e-01 5.314559340476989746e-01 2.586680650711059570e-01 6.181853413581848145e-01 4.290547966957092285e-01 1.389758586883544922e-01 2.645401954650878906e-01 4.194740355014801025e-01 2.876567542552947998e-01 3.936511278152465820e-01
7.042645215988159180e-01 6.131663918495178223e-01 6.534911394119262695e-01 7.466447353363037109e-01 5.211133956909179688e-01 2.159103602170944214e-01 2.569564878940582275e-01 1.847628802061080933e-01 5.850021839141845703e-01 4.562725722789764404e-01
4.790126383304595947e-01 4.285117685794830322e-01 7.453414797782897949e-01 4.205823838710784912e-01 4.290547966957092285e-01 6.818166375160217285e-01 4.677986204624176025e-01 5.086741447448730469e-01 4.823614954948425293e-01 4.562725722789764404e-01
5.597121715545654297e-01 6.374050974845886230e-01 4.192558228969573975e-01 4.437332749366760254e-01 5.416506528854370117e-01 6.898581385612487793e-01 4.791047573089599609e-01 5.638216733932495117e-01 6.136577129364013672e-01 4.562725722789764404e-01
4.790126383304595947e-01 5.709119439125061035e-01 8.249074220657348633e-02 8.643377423286437988e-01 2.650285661220550537e-01 3.047464787960052490e-01 1.378719359636306763e-01 5.767861604690551758e-01 2.749212980270385742e-01 3.936511278152465820e-01
4.790126383304595947e-01 3.209495246410369873e-01 7.352362871170043945e-01 1.290077418088912964e-01 4.217053353786468506e-01 2.898959517478942871e-01 4.432899057865142822e-01 6.087391376495361328e-01 5.348644852638244629e-01 5.810949802398681641e-01
4.790126383304595947e-01 4.968904554843902588e-01 5.180388092994689941e-01 4.916666448116302490e-01 6.012133359909057617e-01 5.679513812065124512e-01 3.225083351135253906e-01 6.151213645935058594e-01 5.348644852638244629e-01 4.562725722789764404e-01
4.790126383304595947e-01 2.612799108028411865e-01 8.902055025100708008e-02 2.294577956199645996e-01 4.217053353786468506e-01 6.641820669174194336e-01 6.275171041488647461e-01 4.568002223968505859e-01 4.672701656818389893e-01 2.592265307903289795e-01
4.790126383304595947e-01 3.798230290412902832e-01 7.840327024459838867e-01 6.787403821945190430e-01 4.217053353786468506e-01 8.792455196380615234e-01 3.359276056289672852e-01 6.774260401725769043e-01 1.432901471853256226e-01 3.543471097946166992e-01
4.790126383304595947e-01 5.160321593284606934e-01 2.807959914207458496e-01 4.282978773117065430e-01 4.217053353786468506e-01 3.696066737174987793e-01 3.691142797470092773e-01 4.372027814388275146e-01 2.749212980270385742e-01 3.936511278152465820e-01
4.790126383304595947e-01 3.391281664371490479e-01 9.192520380020141602e-01 3.856796622276306152e-01 4.217053353786468506e-01 6.439109444618225098e-01 7.993408441543579102e-01 7.617661952972412109e-01 4.191301465034484863e-01 4.562725722789764404e-01
5.597121715545654297e-01 3.669816851615905762e-01 1.979482024908065796e-01 5.674975514411926270e-01 6.012133359909057617e-01 8.006383776664733887e-01 3.671934604644775391e-01 4.524925947189331055e-01 4.281032681465148926e-01 4.562725722789764404e-01
4.790126383304595947e-01 4.222023189067840576e-01 3.757002353668212891e-01 3.948038816452026367e-01 5.211133956909179688e-01 8.325485587120056152e-01 6.818161606788635254e-01 4.106324315071105957e-01 2.419772744178771973e-01 3.936511278152465820e-01
5.597121715545654297e-01 9.137769937515258789e-01 8.491845130920410156e-01 7.867184877395629883e-01 5.211133956909179688e-01 5.072032809257507324e-01 7.749894857406616211e-01 6.072345972061157227e-01 6.576116085052490234e-01 5.810949802398681641e-01
4.790126383304595947e-01 5.045573115348815918e-01 3.906329870223999023e-01 3.687035739421844482e-01 5.211133956909179688e-01 5.834683775901794434e-01 1.700919717550277710e-01 4.728439450263977051e-01 3.031076192855834961e-01 2.592265307903289795e-01
4.790126383304595947e-01 5.931372046470642090e-01 7.784975171089172363e-01 2.498251795768737793e-01 4.217053353786468506e-01 7.448404431343078613e-01 7.993408441543579102e-01 1.615578979253768921e-01 7.153252363204956055e-01 6.479025483131408691e-01
4.790126383304595947e-01 3.494538366794586182e-01 2.750079035758972168e-01 1.966662555932998657e-01 4.217053353786468506e-01 7.887383550405502319e-02 2.792601287364959717e-01 1.990805715322494507e-01 4.638395607471466064e-01 4.562725722789764404e-01
4.790126383304595947e-01 8.179553151130676270e-01 5.261542201042175293e-01 7.049489021301269531e-01 5.744388699531555176e-01 5.974920392036437988e-01 3.225083351135253906e-01 4.715745747089385986e-01 5.000532865524291992e-01 4.562725722789764404e-01
4.790126383304595947e-01 3.068975806236267090e-01 1.452625989913940430e-01 8.841665089130401611e-02 2.650285661220550537e-01 2.507311999797821045e-01 2.105391919612884521e-01 4.324347078800201416e-01 3.031076192855834961e-01 3.936511278152465820e-01
4.790126383304595947e-01 4.395117759704589844e-01 1.702416688203811646e-01 3.220580816268920898e-01 4.217053353786468506e-01 8.828377723693847656e-01 4.425380229949951172e-01 3.306912183761596680e-01 2.836150228977203369e-01 5.000000000000000000e-01
4.790126383304595947e-01 7.191455364227294922e-01 6.329464316368103027e-01 1.284539252519607544e-01 4.217053353786468506e-01 8.568716645240783691e-01 3.225083351135253906e-01 7.327535152435302734e-01 6.434686183929443359e-01 5.810949802398681641e-01
4.790126383304595947e-01 5.952318310737609863e-01 4.208943545818328857e-01 4.552929848432540894e-02 4.217053353786468506e-01 1.863735169172286987e-01 8.832786679267883301e-01 1.133525669574737549e-01 2.836150228977203369e-01 4.562725722789764404e-01
5.597121715545654297e-01 5.564994812011718750e-01 8.674718141555786133e-01 4.588153958320617676e-01 7.340713739395141602e-01 6.732720136642456055e-01 6.719595193862915039e-01 5.325860977172851562e-01 7.262536883354187012e-01 5.810949802398681641e-01
5.371214151382446289e-01 5.812144279479980469e-01 3.434171974658966064e-01 6.150607019662857056e-02 4.456725716590881348e-01 3.548347949981689453e-01 6.390823125839233398e-01 3.494659066200256348e-01 3.415034115314483643e-01 5.000000000000000000e-01
3.273956179618835449e-01 4.614413082599639893e-01 4.058631956577301025e-01 6.547518372535705566e-01 7.340713739395141602e-01 3.581925630569458008e-01 6.390823125839233398e-01 1.654174476861953735e-01 7.061253190040588379e-01 5.810949802398681641e-01
5.371214151382446289e-01 4.285117685794830322e-01 4.769831895828247070e-01 5.699012279510498047e-01 5.416506528854370117e-01 8.843101859092712402e-01 3.255860209465026855e-01 3.953917026519775391e-01 4.766019582748413086e-01 4.562725722789764404e-01
5.371214151382446289e-01 2.724659740924835205e-01 6.126046180725097656e-01 7.432118058204650879e-01 5.416506528854370117e-01 4.829804301261901855e-01 6.390823125839233398e-01 4.600551128387451172e-01 6.136577129364013672e-01 6.479025483131408691e-01
5.371214151382446289e-01 5.519340038299560547e-01 1.831456571817398071e-01 3.669721484184265137e-01 3.273951113224029541e-01 1.786831617355346680e-01 6.390823125839233398e-01 1.994904428720474243e-01 3.151162862777709961e-01 4.562725722789764404e-01
5.597121715545654297e-01 5.814105868339538574e-01 3.280367255210876465e-01 1.153703555464744568e-01 5.416506528854370117e-01 3.775919973850250244e-01 5.532747507095336914e-01 2.128417640924453735e-01 5.480487942695617676e-01 6.479025483131408691e-01
5.371214151382446289e-01 2.086249291896820068e-01 5.593353509902954102e-01 7.150242924690246582e-01 5.416506528854370117e-01 6.392121315002441406e-01 5.532747507095336914e-01 5.445864200592041016e-01 4.744286239147186279e-01 5.000000000000000000e-01
5.371214151382446289e-01 4.340452253818511963e-01 3.812322318553924561e-01 5.736640691757202148e-01 5.416506528854370117e-01 1.788145750761032104e-01 5.532747507095336914e-01 6.196186542510986328e-01 5.899249911308288574e-01 4.562725722789764404e-01
5.597121715545654297e-01 2.483959943056106567e-01 3.143098950386047363e-01 4.358682036399841309e-01 4.087280333042144775e-01 3.940104842185974121e-01 3.163023889064788818e-01 5.703971982002258301e-01 6.930509209632873535e-01 6.479025483131408691e-01
3.392456173896789551e-01 2.398419082164764404e-01 3.740838170051574707e-01 2.967006862163543701e-01 4.087280333042144775e-01 2.292015999555587769e-01 1.789670884609222412e-01 4.408106803894042969e-01 1.653708368539810181e-01 4.562725722789764404e-01
5.371214151382446289e-01 5.969474911689758301e-01 7.743520140647888184e-01 4.125657975673675537e-01 5.416506528854370117e-01 3.705311715602874756e-01 5.104658603668212891e-01 7.709607481956481934e-01 4.744286239147186279e-01 4.562725722789764404e-01
5.371214151382446289e-01 5.889729261398315430e-01 4.038486182689666748e-01 4.731887578964233398e-01 5.416506528854370117e-01 5.894709825515747070e-01 3.809301555156707764e-01 6.067806482315063477e-01 5.147898793220520020e-01 7.020609974861145020e-01
4.790126383304595947e-01 3.081148564815521240e-01 1.113345995545387268e-01 3.596245050430297852e-01 3.543444573879241943e-01 3.182075619697570801e-01 2.218261957168579102e-01 4.348115921020507812e-01 1.464323252439498901e-01 2.592265307903289795e-01
4.790126383304595947e-01 6.720089316368103027e-01 3.768040537834167480e-01 6.044111251831054688e-01 3.543444573879241943e-01 1.647746264934539795e-01 5.594413280487060547e-01 3.274911940097808838e-01 4.520981013774871826e-01 4.562725722789764404e-01
3.349878787994384766e-01 5.163022875785827637e-01 3.660298287868499756e-01 2.512618601322174072e-01 3.543444573879241943e-01 5.000388622283935547e-01 7.602860927581787109e-01 5.803347229957580566e-01 2.855116426944732666e-01 4.880047142505645752e-01
3.349878787994384766e-01 6.176807284355163574e-01 3.805049061775207520e-01 1.782753169536590576e-01 5.211133956909179688e-01 5.607308149337768555e-01 6.061850190162658691e-01 3.224967420101165771e-01 5.114951729774475098e-01 4.562725722789764404e-01
4.790126383304595947e-01 3.389655351638793945e-01 2.896659672260284424e-01 5.177315473556518555e-01 5.211133956909179688e-01 3.598397672176361084e-01 7.126564383506774902e-01 6.003530025482177734e-01 1.464323252439498901e-01 2.592265307903289795e-01
3.349878787994384766e-01 2.121515423059463501e-01 2.449579387903213501e-01 6.280205845832824707e-01 5.211133956909179688e-01 1.403616815805435181e-01 4.249287545680999756e-01 5.373142957687377930e-01 5.038905739784240723e-01 4.880047142505645752e-01
3.349878787994384766e-01 3.899532854557037354e-01 6.959244608879089355e-01 6.971954703330993652e-01 5.211133956909179688e-01 8.891677856445312500e-01 2.569564878940582275e-01 3.313682079315185547e-01 6.484113335609436035e-01 4.880047142505645752e-01
3.349878787994384766e-01 2.395814955234527588e-01 2.686626613140106201e-01 3.219638466835021973e-01 5.211133956909179688e-01 2.344992309808731079e-01 4.559619724750518799e-01 6.273830533027648926e-01 7.662930488586425781e-01 4.880047142505645752e-01
3.349878787994384766e-01 3.239064812660217285e-01 7.063158154487609863e-01 5.908128619194030762e-01 5.211133956909179688e-01 3.367092311382293701e-01 3.199167847633361816e-01 4.698825478553771973e-01 6.235985159873962402e-01 4.562725722789764404e-01
4.790126383304595947e-01 5.582679510116577148e-01 4.714282155036926270e-01 8.968994021415710449e-02 5.211133956909179688e-01 4.132271111011505127e-01 4.748759567737579346e-01 6.806637644767761230e-01 4.849450290203094482e-01 5.810949802398681641e-01
7.042645215988159180e-01 3.942252993583679199e-01 6.032076478004455566e-01 5.840586423873901367e-01 5.416506528854370117e-01 6.550934314727783203e-01 3.672207593917846680e-01 6.436473131179809570e-01 7.061253190040588379e-01 5.810949802398681641e-01
3.349878787994384766e-01 3.969267904758453369e-01 3.096334934234619141e-01 1.855321228504180908e-01 5.211133956909179688e-01 3.353098630905151367e-01 4.656644463539123535e-01 3.562070429325103760e-01 4.576909840106964111e-01 5.000000000000000000e-01
3.349878787994384766e-01 2.844250500202178955e-01 2.227566242218017578e-01 3.887133300304412842e-01 5.211133956909179688e-01 4.532181322574615479e-01 5.164051651954650879e-01 4.886989295482635498e-01 2.628380358219146729e-01 4.255611300468444824e-01
7.042645215988159180e-01 6.131663918495178223e-01 8.110464215278625488e-01 5.041441321372985840e-01 5.416506528854370117e-01 4.862137138843536377e-01 7.503070831298828125e-01 5.956631898880004883e-01 7.262536883354187012e-01 4.562725722789764404e-01
5.543291568756103516e-01 5.581195354461669922e-01 5.627552866935729980e-01 6.674345135688781738e-01 5.416506528854370117e-01 5.537602305412292480e-01 5.047322511672973633e-01 7.554530501365661621e-01 7.262536883354187012e-01 4.562725722789764404e-01
5.543291568756103516e-01 8.562321066856384277e-01 7.153187394142150879e-01 6.674345135688781738e-01 5.416506528854370117e-01 5.521836876869201660e-01 5.559933185577392578e-01 6.571217775344848633e-01 7.262536883354187012e-01 4.562725722789764404e-01
5.371214151382446289e-01 7.092779278755187988e-01 4.833234846591949463e-01 3.192811012268066406e-01 5.416506528854370117e-01 5.313028097152709961e-01 8.233147859573364258e-01 5.219761729240417480e-01 4.744286239147186279e-01 6.479025483131408691e-01
5.543291568756103516e-01 7.589508891105651855e-01 2.146748751401901245e-01 1.339576542377471924e-01 4.456725716590881348e-01 5.457336902618408203e-01 7.636951804161071777e-01 4.178048968315124512e-01 6.012340188026428223e-01 5.000000000000000000e-01
5.371214151382446289e-01 2.262251079082489014e-01 3.726305961608886719e-01 1.370990723371505737e-01 5.416506528854370117e-01 6.489785909652709961e-01 3.813015818595886230e-01 7.884311079978942871e-01 1.653708368539810181e-01 6.479025483131408691e-01
5.371214151382446289e-01 3.199554383754730225e-01 2.092656493186950684e-01 3.963401019573211670e-01 5.416506528854370117e-01 9.116079211235046387e-01 4.578118920326232910e-01 5.125652551651000977e-01 2.285399883985519409e-01 6.479025483131408691e-01
5.543291568756103516e-01 7.771617174148559570e-01 5.696171522140502930e-01 3.886637091636657715e-01 4.087280333042144775e-01 4.862137138843536377e-01 6.555514335632324219e-01 7.603396177291870117e-01 7.262536883354187012e-01 6.479025483131408691e-01
5.371214151382446289e-01 6.623300909996032715e-01 8.710306137800216675e-02 7.327132821083068848e-01 5.416506528854370117e-01 4.304781854152679443e-01 6.388720870018005371e-01 3.834156394004821777e-01 4.744286239147186279e-01 6.479025483131408691e-01
5.371214151382446289e-01 3.665056228637695312e-01 8.088212013244628906e-01 6.747693419456481934e-01 5.416506528854370117e-01 5.641500353813171387e-01 7.128410339355468750e-01 6.542824506759643555e-01 6.930509209632873535e-01 4.562725722789764404e-01
5.371214151382446289e-01 6.146240830421447754e-01 6.814761757850646973e-01 3.438974618911743164e-01 5.416506528854370117e-01 5.460552573204040527e-01 3.294498324394226074e-01 2.867516577243804932e-01 5.382907390594482422e-01 4.562725722789764404e-01
7.042645215988159180e-01 5.429622530937194824e-01 5.840681791305541992e-01 8.255496621131896973e-01 5.416506528854370117e-01 8.968683481216430664e-01 9.212427735328674316e-01 6.831207275390625000e-01 8.478636145591735840e-01 7.321187853813171387e-01
5.371214151382446289e-01 7.654418349266052246e-01 6.261376142501831055e-01 4.893113076686859131e-01 5.416506528854370117e-01 4.747940897941589355e-01 6.555514335632324219e-01 5.153652429580688477e-01 5.899249911308288574e-01 4.562725722789764404e-01
5.371214151382446289e-01 7.797140479087829590e-01 6.949856281280517578e-01 8.887788653373718262e-01 5.416506528854370117e-01 4.755332469940185547e-01 7.603615522384643555e-01 5.401415824890136719e-01 8.015398383140563965e-01 7.321187853813171387e-01
5.371214151382446289e-01 5.084255337715148926e-01 5.886297821998596191e-01 4.793172478675842285e-01 5.416506528854370117e-01 7.121838331222534180e-01 5.434558391571044922e-01 3.565128743648529053e-01 6.136577129364013672e-01 5.427496433258056641e-01
5.371214151382446289e-01 1.840232461690902710e-01 5.874652862548828125e-01 4.932256937026977539e-01 5.416506528854370117e-01 5.619049072265625000e-01 6.716776490211486816e-01 6.821726560592651367e-01 6.136577129364013672e-01 5.000000000000000000e-01
5.371214151382446289e-01 3.697332441806793213e-01 3.279881775379180908e-01 6.664488315582275391e-01 5.416506528854370117e-01 5.338583588600158691e-01 5.037536025047302246e-01 3.342374265193939209e-01 3.364570438861846924e-01 4.880047142505645752e-01
3.349878787994384766e-01 5.821853876113891602e-01 4.527958333492279053e-01 2.746126353740692139e-01 6.012133359909057617e-01 5.194969177246093750e-01 7.868449687957763672e-01 7.066183686256408691e-01 4.823614954948425293e-01 4.880047142505645752e-01
3.349878787994384766e-01 3.306211233139038086e-01 2.571618258953094482e-01 3.095708489418029785e-01 3.543444573879241943e-01 3.790637850761413574e-01 6.627352237701416016e-01 3.856838941574096680e-01 3.095604479312896729e-01 5.810949802398681641e-01
4.790126383304595947e-01 7.729735970497131348e-01 3.366756439208984375e-01 7.493792176246643066e-01 3.543444573879241943e-01 6.459488868713378906e-01 4.215484261512756348e-01 4.432099461555480957e-01 3.411380052566528320e-01 4.562725722789764404e-01
5.543291568756103516e-01 2.518951296806335449e-01 8.089609742164611816e-01 8.344820141792297363e-01 7.340713739395141602e-01 3.868307769298553467e-01 7.200917601585388184e-01 4.641247689723968506e-01 5.606259703636169434e-01 5.810949802398681641e-01
5.371214151382446289e-01 2.406560033559799194e-01 4.450726807117462158e-01 8.455453515052795410e-01 4.456725716590881348e-01 5.263579487800598145e-01 7.546862363815307617e-01 5.678269267082214355e-01 4.367461502552032471e-01 5.427496433258056641e-01
4.790126383304595947e-01 5.318491458892822266e-01 4.622213840484619141e-01 5.926254987716674805e-01 6.012133359909057617e-01 6.835457682609558105e-01 4.940955042839050293e-01 4.233558475971221924e-01 3.836414813995361328e-01 3.936511278152465820e-01
4.790126383304595947e-01 4.289330542087554932e-01 2.985146641731262207e-01 6.518718600273132324e-01 3.543444573879241943e-01 5.840772986412048340e-01 6.850248575210571289e-01 7.465008497238159180e-01 6.484113335609436035e-01 5.000000000000000000e-01
5.543291568756103516e-01 6.642093062400817871e-01 7.917279601097106934e-01 4.650216698646545410e-01 5.416506528854370117e-01 6.902080774307250977e-01 7.151930332183837891e-01 4.451190233230590820e-01 5.642935037612915039e-01 6.479025483131408691e-01
3.392456173896789551e-01 4.018039703369140625e-01 5.505813360214233398e-01 2.454823404550552368e-01 5.416506528854370117e-01 5.413036942481994629e-01 3.175004422664642334e-01 5.273336768150329590e-01 5.654689073562622070e-01 4.562725722789764404e-01
5.543291568756103516e-01 8.597584366798400879e-01 2.129548788070678711e-01 7.164684534072875977e-01 4.087280333042144775e-01 5.525745749473571777e-01 5.033947229385375977e-01 7.442559003829956055e-01 3.947957456111907959e-01 4.562725722789764404e-01
5.371214151382446289e-01 5.152358412742614746e-01 6.676721572875976562e-01 7.211143970489501953e-01 7.340713739395141602e-01 4.772513508796691895e-01 4.684034287929534912e-01 8.020189404487609863e-01 4.657807648181915283e-01 5.000000000000000000e-01
5.371214151382446289e-01 1.865015774965286255e-01 3.123713731765747070e-01 6.326813101768493652e-01 5.416506528854370117e-01 3.458236157894134521e-01 4.134160280227661133e-01 5.065011382102966309e-01 5.815010666847229004e-01 5.000000000000000000e-01
7.042645215988159180e-01 4.729927480220794678e-01 5.125566720962524414e-01 5.512471795082092285e-01 3.273951113224029541e-01 6.396590471267700195e-01 4.988280534744262695e-01 9.420530796051025391e-01 6.836766004562377930e-01 4.562725722789764404e-01
4.790126383304595947e-01 3.416339457035064697e-01 3.595081567764282227e-01 5.289770364761352539e-01 6.012133359909057617e-01 6.975824236869812012e-01 1.930232644081115723e-01 7.236338257789611816e-01 3.754662275314331055e-01 7.020609974861145020e-01
7.042645215988159180e-01 7.644006609916687012e-01 8.696967959403991699e-01 7.998791933059692383e-01 5.416506528854370117e-01 7.309062480926513672e-01 7.886989116668701172e-01 9.112112522125244141e-01 7.262536883354187012e-01 4.562725722789764404e-01
5.371214151382446289e-01 8.269777297973632812e-01 7.435684800148010254e-01 6.069243550300598145e-01 5.416506528854370117e-01 1.850260347127914429e-01 6.546990275382995605e-01 5.032867193222045898e-01 5.815010666847229004e-01 4.562725722789764404e-01
4.790126383304595947e-01 5.312543511390686035e-01 7.898998260498046875e-02 4.638268351554870605e-01 5.211133956909179688e-01 8.012788742780685425e-02 4.234068691730499268e-01 2.905054390430450439e-01 1.783181577920913696e-01 4.255611300468444824e-01
4.790126383304595947e-01 5.314559340476989746e-01 2.732894718647003174e-01 4.937354028224945068e-01 3.543444573879241943e-01 1.717622876167297363e-01 3.660742640495300293e-01 1.647349148988723755e-01 4.435137808322906494e-01 6.479025483131408691e-01
3.349878787994384766e-01 2.896338105201721191e-01 4.699132740497589111e-01 4.843595623970031738e-01 3.543444573879241943e-01 6.352214217185974121e-01 3.936641514301300049e-01 1.681134998798370361e-01 3.786392211914062500e-01 5.000000000000000000e-01
4.790126383304595947e-01 7.789371013641357422e-01 1.502694189548492432e-01 3.482454121112823486e-01 6.012133359909057617e-01 6.252797245979309082e-01 1.413295269012451172e-01 3.154720664024353027e-01 2.419772744178771973e-01 7.020609974861145020e-01
5.543291568756103516e-01 4.355047047138214111e-01 7.469877600669860840e-01 8.913908004760742188e-01 6.012133359909057617e-01 8.363014459609985352e-01 4.215484261512756348e-01 7.219109535217285156e-01 5.850021839141845703e-01 4.562725722789764404e-01
4.790126383304595947e-01 3.926272988319396973e-01 7.673732042312622070e-01 5.181118845939636230e-01 4.290547966957092285e-01 9.255679845809936523e-01 5.485911965370178223e-01 2.840276658535003662e-01 4.736993908882141113e-01 5.810949802398681641e-01
4.790126383304595947e-01 5.655819177627563477e-01 3.096049129962921143e-01 3.754347562789916992e-01 5.211133956909179688e-01 3.757994771003723145e-01 2.926630973815917969e-01 5.883578658103942871e-01 2.419772744178771973e-01 4.255611300468444824e-01
4.790126383304595947e-01 6.790823936462402344e-01 5.139249563217163086e-01 8.241772651672363281e-01 5.211133956909179688e-01 8.621473908424377441e-01 6.384832262992858887e-01 5.606830716133117676e-01 4.576909840106964111e-01 5.810949802398681641e-01
4.790126383304595947e-01 4.289330542087554932e-01 5.478881597518920898e-01 7.516913414001464844e-01 4.290547966957092285e-01 7.576650381088256836e-01 2.514000833034515381e-01 9.416788816452026367e-01 6.484113335609436035e-01 5.810949802398681641e-01
