6.995979547500610352e-01 8.170300722122192383e-01 4.168232679367065430e-01 7.424649596214294434e-01 7.659104466438293457e-01 8.034757375717163086e-01 1.503008306026458740e-01 6.769788265228271484e-01 3.851807415485382080e-01 9.509129524230957031e-01
8.898369073867797852e-01 8.170300722122192383e-01 7.635894417762756348e-01 7.424649596214294434e-01 7.659104466438293457e-01 8.034757375717163086e-01 5.893446803092956543e-01 6.593462824821472168e-01 4.415959417819976807e-01 9.729677438735961914e-01
8.219172358512878418e-01 6.956480741500854492e-01 8.955310583114624023e-01 7.424649596214294434e-01 7.659104466438293457e-01 8.034757375717163086e-01 7.907558083534240723e-01 9.424172639846801758e-01 1.640296876430511475e-01 9.793978333473205566e-01
6.962677240371704102e-01 8.640590906143188477e-01 8.955310583114624023e-01 7.424649596214294434e-01 7.659104466438293457e-01 8.034757375717163086e-01 8.259487152099609375e-01 9.881632924079895020e-01 3.863384723663330078e-01 9.375253319740295410e-01
9.412038326263427734e-01 6.441377401351928711e-01 5.709537863731384277e-01 7.424649596214294434e-01 7.659104466438293457e-01 8.034757375717163086e-01 9.384665489196777344e-01 6.739873290061950684e-01 6.065310239791870117e-01 4.121001362800598145e-01
6.896157860755920410e-01 6.441377401351928711e-01 5.314715504646301270e-01 7.424649596214294434e-01 7.659104466438293457e-01 8.034757375717163086e-01 8.816121816635131836e-01 6.643146276473999023e-01 7.837124466896057129e-01 4.632099568843841553e-01
6.769270896911621094e-01 6.441377401351928711e-01 1.458092033863067627e-01 7.424649596214294434e-01 7.659104466438293457e-01 8.034757375717163086e-01 8.131566643714904785e-01 9.796878099441528320e-01 3.548012971878051758e-01 7.423181533813476562e-01
6.775237917900085449e-01 6.441377401351928711e-01 5.633128881454467773e-01 7.424649596214294434e-01 7.659104466438293457e-01 8.034757375717163086e-01 8.131566643714904785e-01 7.745637893676757812e-01 1.483167409896850586e-01 7.446829080581665039e-01
4.029418528079986572e-01 4.809276759624481201e-01 7.528726011514663696e-02 7.424649596214294434e-01 7.659104466438293457e-01 8.034757375717163086e-01 6.228433251380920410e-01 9.806380271911621094e-01 6.228694915771484375e-01 6.758797764778137207e-01
6.775237917900085449e-01 6.693245172500610352e-01 3.440293371677398682e-01 7.424649596214294434e-01 7.659104466438293457e-01 8.034757375717163086e-01 8.687883019447326660e-01 9.776986241340637207e-01 5.951967835426330566e-01 9.394885897636413574e-01
4.273619055747985840e-01 8.640590906143188477e-01 5.633128881454467773e-01 7.424649596214294434e-01 7.659104466438293457e-01 8.034757375717163086e-01 6.632438898086547852e-01 9.808032512664794922e-01 4.528815448284149170e-01 2.913800477981567383e-01
4.273619055747985840e-01 8.640590906143188477e-01 1.668435335159301758e-01 2.431253045797348022e-01 7.659104466438293457e-01 8.034757375717163086e-01 3.992155492305755615e-01 9.556691050529479980e-01 7.429360151290893555e-01 9.327425360679626465e-01
4.109223484992980957e-01 4.809276759624481201e-01 8.449197411537170410e-01 2.431253045797348022e-01 7.659104466438293457e-01 8.034757375717163086e-01 3.992155492305755615e-01 9.641807675361633301e-01 3.928920626640319824e-01 5.460969805717468262e-01
7.577744126319885254e-01 9.400491118431091309e-01 8.449197411537170410e-01 2.431253045797348022e-01 8.149260878562927246e-01 8.149260878562927246e-01 3.992155492305755615e-01 8.862131834030151367e-01 2.160631418228149414e-01 8.924685120582580566e-01
2.257714271545410156e-01 4.809276759624481201e-01 6.724379658699035645e-01 2.431253045797348022e-01 8.149260878562927246e-01 8.149260878562927246e-01 6.996258497238159180e-01 9.886580109596252441e-01 9.641212821006774902e-01 5.014397501945495605e-01
4.873690009117126465e-01 6.693245172500610352e-01 7.367931008338928223e-01 2.431253045797348022e-01 5.179886221885681152e-01 5.179886221885681152e-01 6.996258497238159180e-01 9.158143997192382812e-01 9.428110718727111816e-01 9.823510050773620605e-02
5.423261523246765137e-01 8.640590906143188477e-01 7.367931008338928223e-01 2.431253045797348022e-01 7.659104466438293457e-01 8.034757375717163086e-01 6.419137120246887207e-01 8.783862590789794922e-01 8.665449023246765137e-01 8.734813332557678223e-01
2.577325999736785889e-01 4.809276759624481201e-01 2.702987492084503174e-01 7.424649596214294434e-01 7.659104466438293457e-01 8.034757375717163086e-01 6.490964293479919434e-01 9.551499485969543457e-01 3.330085873603820801e-01 9.753310680389404297e-01
5.255227684974670410e-01 6.956480741500854492e-01 8.880246877670288086e-01 7.424649596214294434e-01 7.659104466438293457e-01 8.034757375717163086e-01 6.490964293479919434e-01 9.794999361038208008e-01 8.344795107841491699e-01 9.577741026878356934e-01
9.541403055191040039e-01 9.400491118431091309e-01 9.636301994323730469e-01 7.424649596214294434e-01 7.659104466438293457e-01 8.034757375717163086e-01 6.490964293479919434e-01 9.133507609367370605e-01 9.615557789802551270e-01 9.880982041358947754e-01
8.116034865379333496e-01 8.170300722122192383e-01 9.391756653785705566e-01 2.431253045797348022e-01 7.659104466438293457e-01 8.034757375717163086e-01 6.490964293479919434e-01 6.081776618957519531e-01 9.486864209175109863e-01 9.589564800262451172e-01
8.163104057312011719e-01 9.400491118431091309e-01 6.714032888412475586e-01 2.431253045797348022e-01 7.659104466438293457e-01 8.034757375717163086e-01 3.992155492305755615e-01 8.908314704895019531e-01 9.784104228019714355e-01 8.498753309249877930e-01
8.980327248573303223e-01 8.170300722122192383e-01 9.391756653785705566e-01 2.431253045797348022e-01 7.659104466438293457e-01 8.034757375717163086e-01 6.231397986412048340e-01 7.463331818580627441e-01 9.778912067413330078e-01 3.545648157596588135e-01
2.259054332971572876e-01 8.640590906143188477e-01 8.533281087875366211e-01 2.431253045797348022e-01 7.659104466438293457e-01 8.034757375717163086e-01 6.231397986412048340e-01 9.850415587425231934e-01 9.929827451705932617e-01 7.792633175849914551e-01
1.021462231874465942e-01 6.693245172500610352e-01 1.006558611989021301e-01 2.431253045797348022e-01 7.659104466438293457e-01 8.034757375717163086e-01 3.674027919769287109e-01 6.413992643356323242e-01 9.371123313903808594e-01 2.885727882385253906e-01
6.911533474922180176e-01 6.441377401351928711e-01 8.533281087875366211e-01 5.744388699531555176e-01 4.109605550765991211e-01 8.034757375717163086e-01 9.427794218063354492e-01 9.321359992027282715e-01 9.843341708183288574e-01 1.089287549257278442e-01
6.897798180580139160e-01 4.809276759624481201e-01 3.123489022254943848e-02 7.424649596214294434e-01 7.659104466438293457e-01 8.034757375717163086e-01 9.275587201118469238e-01 9.372892975807189941e-01 2.682515084743499756e-01 3.128190934658050537e-01
6.896157860755920410e-01 8.640590906143188477e-01 3.339612483978271484e-01 7.424649596214294434e-01 7.659104466438293457e-01 3.208245933055877686e-01 5.127547979354858398e-01 3.993751406669616699e-01 7.667564153671264648e-01 7.599545121192932129e-01
6.892867684364318848e-01 4.809276759624481201e-01 9.590740203857421875e-01 7.424649596214294434e-01 7.659104466438293457e-01 8.034757375717163086e-01 8.661581873893737793e-01 8.801928758621215820e-01 2.842041552066802979e-01 9.910153746604919434e-01
6.897798180580139160e-01 6.693245172500610352e-01 5.621044635772705078e-01 7.424649596214294434e-01 7.659104466438293457e-01 3.208245933055877686e-01 9.798491597175598145e-01 9.620915651321411133e-01 9.287548661231994629e-01 7.896535396575927734e-01
9.761090278625488281e-01 6.693245172500610352e-01 8.861512541770935059e-01 7.424649596214294434e-01 7.659104466438293457e-01 8.034757375717163086e-01 9.834436178207397461e-01 9.573128819465637207e-01 9.170352816581726074e-01 9.542700052261352539e-01
8.505360484123229980e-01 6.693245172500610352e-01 8.823847770690917969e-01 7.424649596214294434e-01 7.659104466438293457e-01 3.208245933055877686e-01 6.827643513679504395e-01 2.831193804740905762e-01 8.418364524841308594e-01 9.448922872543334961e-01
1.999469399452209473e-01 6.693245172500610352e-01 2.989127635955810547e-01 3.880735039710998535e-01 4.109605550765991211e-01 8.034757375717163086e-01 8.105461597442626953e-01 7.307977676391601562e-01 6.125296950340270996e-01 9.548890590667724609e-01
4.643271565437316895e-01 4.809276759624481201e-01 7.330794334411621094e-01 3.880735039710998535e-01 4.109605550765991211e-01 3.208245933055877686e-01 7.907558083534240723e-01 9.507136940956115723e-01 9.440165162086486816e-01 9.267793297767639160e-01
4.643271565437316895e-01 6.693245172500610352e-01 7.999088168144226074e-01 3.880735039710998535e-01 4.109605550765991211e-01 8.034757375717163086e-01 3.230812251567840576e-01 9.643474817276000977e-01 7.921357154846191406e-01 9.822585582733154297e-01
7.905825972557067871e-01 4.809276759624481201e-01 9.303430914878845215e-01 7.424649596214294434e-01 7.659104466438293457e-01 8.034757375717163086e-01 6.034440398216247559e-01 9.957550764083862305e-01 9.839047789573669434e-01 8.347297310829162598e-01
8.898369073867797852e-01 6.693245172500610352e-01 9.733220338821411133e-01 7.424649596214294434e-01 7.659104466438293457e-01 8.034757375717163086e-01 7.241666316986083984e-01 7.376952171325683594e-01 9.805281758308410645e-01 4.623295962810516357e-01
9.538582563400268555e-01 6.956480741500854492e-01 2.989127635955810547e-01 7.424649596214294434e-01 7.659104466438293457e-01 8.034757375717163086e-01 4.437167942523956299e-01 6.496032476425170898e-01 8.321525454521179199e-01 9.932350516319274902e-01
8.563261032104492188e-01 6.158884763717651367e-01 7.330794334411621094e-01 7.424649596214294434e-01 7.659104466438293457e-01 8.034757375717163086e-01 7.412289381027221680e-01 8.439506888389587402e-01 9.461252093315124512e-01 9.287975430488586426e-01
6.892867684364318848e-01 6.956480741500854492e-01 7.330794334411621094e-01 7.424649596214294434e-01 7.659104466438293457e-01 8.034757375717163086e-01 6.827643513679504395e-01 8.816410899162292480e-01 9.696772694587707520e-01 1.192416921257972717e-01
4.643271565437316895e-01 6.693245172500610352e-01 8.823847770690917969e-01 3.880735039710998535e-01 4.109605550765991211e-01 7.109463810920715332e-01 4.183109700679779053e-01 4.644112288951873779e-01 8.714231848716735840e-01 3.804868757724761963e-01
2.259054332971572876e-01 6.693245172500610352e-01 3.225889503955841064e-01 7.424649596214294434e-01 7.659104466438293457e-01 8.034757375717163086e-01 8.728047013282775879e-01 5.758749246597290039e-01 8.137782216072082520e-01 7.161060571670532227e-01
1.265831291675567627e-01 6.693245172500610352e-01 2.542183175683021545e-02 7.424649596214294434e-01 7.659104466438293457e-01 8.034757375717163086e-01 7.412289381027221680e-01 9.275667667388916016e-01 4.442606568336486816e-01 7.955997437238693237e-02
3.166427016258239746e-01 6.693245172500610352e-01 4.148578047752380371e-01 7.424649596214294434e-01 7.659104466438293457e-01 8.034757375717163086e-01 8.728047013282775879e-01 9.865226149559020996e-01 6.279379725456237793e-01 7.648828625679016113e-01
5.145978927612304688e-01 6.693245172500610352e-01 3.225889503955841064e-01 7.424649596214294434e-01 7.659104466438293457e-01 3.208245933055877686e-01 6.827643513679504395e-01 1.651327610015869141e-01 9.710058569908142090e-01 9.837406277656555176e-01
4.582625627517700195e-01 6.956480741500854492e-01 3.225889503955841064e-01 7.424649596214294434e-01 7.659104466438293457e-01 8.034757375717163086e-01 2.232795506715774536e-01 9.640827178955078125e-01 5.768893361091613770e-01 9.473757743835449219e-01
4.582625627517700195e-01 8.331497907638549805e-01 2.542183175683021545e-02 2.431253045797348022e-01 7.659104466438293457e-01 8.034757375717163086e-01 1.822304427623748779e-01 5.197498202323913574e-01 8.704250454902648926e-01 9.202387928962707520e-01
8.904651999473571777e-01 8.331497907638549805e-01 3.738383948802947998e-02 2.431253045797348022e-01 7.659104466438293457e-01 8.034757375717163086e-01 6.571841835975646973e-01 9.385007619857788086e-01 9.573971033096313477e-01 7.387617230415344238e-01
8.904651999473571777e-01 4.232796132564544678e-01 5.653755068778991699e-01 2.431253045797348022e-01 7.659104466438293457e-01 3.208245933055877686e-01 8.500903248786926270e-01 5.684725046157836914e-01 6.115432381629943848e-01 8.420313596725463867e-01
1.888768374919891357e-01 8.331497907638549805e-01 3.225889503955841064e-01 2.431253045797348022e-01 7.659104466438293457e-01 8.034757375717163086e-01 3.592893183231353760e-01 9.726791977882385254e-01 6.858335137367248535e-01 9.885768294334411621e-01
8.904651999473571777e-01 4.809276759624481201e-01 8.318490386009216309e-01 2.431253045797348022e-01 8.149260878562927246e-01 8.149260878562927246e-01 3.754954040050506592e-01 9.827073216438293457e-01 9.814658164978027344e-01 9.890851378440856934e-01
8.904651999473571777e-01 4.232796132564544678e-01 9.310991168022155762e-01 2.431253045797348022e-01 8.149260878562927246e-01 8.149260878562927246e-01 4.308790266513824463e-01 9.429737925529479980e-01 7.734007239341735840e-01 9.890851378440856934e-01
9.541403055191040039e-01 4.232796132564544678e-01 9.546677470207214355e-01 2.431253045797348022e-01 8.149260878562927246e-01 8.149260878562927246e-01 9.770141243934631348e-01 9.935169219970703125e-01 9.917507767677307129e-01 9.413495659828186035e-01
6.273211836814880371e-01 8.331497907638549805e-01 8.318490386009216309e-01 2.431253045797348022e-01 8.149260878562927246e-01 8.149260878562927246e-01 4.801240265369415283e-01 9.810519218444824219e-01 7.746704220771789551e-01 7.453226447105407715e-01
8.904651999473571777e-01 9.400491118431091309e-01 8.318490386009216309e-01 2.431253045797348022e-01 2.987440228462219238e-01 7.310572862625122070e-01 8.183202147483825684e-01 8.765941858291625977e-02 8.187313675880432129e-01 4.728668034076690674e-01
8.904651999473571777e-01 6.956480741500854492e-01 9.546677470207214355e-01 2.431253045797348022e-01 2.987440228462219238e-01 7.310572862625122070e-01 7.815225124359130859e-01 9.043800830841064453e-01 8.075238466262817383e-01 8.263858556747436523e-01
8.904651999473571777e-01 8.331497907638549805e-01 5.356510281562805176e-01 2.431253045797348022e-01 2.987440228462219238e-01 7.310572862625122070e-01 4.445165097713470459e-01 2.253151386976242065e-01 9.565691351890563965e-01 9.171447753906250000e-01
8.904651999473571777e-01 4.232796132564544678e-01 8.804574012756347656e-01 2.431253045797348022e-01 2.987440228462219238e-01 7.310572862625122070e-01 4.231165051460266113e-01 5.761147737503051758e-01 9.199009537696838379e-01 8.453693985939025879e-01
6.273211836814880371e-01 6.956480741500854492e-01 8.318490386009216309e-01 2.431253045797348022e-01 2.987440228462219238e-01 7.310572862625122070e-01 4.437167942523956299e-01 3.438670039176940918e-01 8.833565115928649902e-01 7.198246121406555176e-01
4.582625627517700195e-01 9.400491118431091309e-01 9.546677470207214355e-01 2.547587156295776367e-01 2.446285635232925415e-01 8.007360100746154785e-01 7.411630451679229736e-02 4.188477694988250732e-01 8.614008426666259766e-01 7.656468749046325684e-01
4.582625627517700195e-01 6.956480741500854492e-01 8.318490386009216309e-01 2.547587156295776367e-01 2.446285635232925415e-01 2.520124018192291260e-01 2.232795506715774536e-01 9.162540435791015625e-01 7.474354505538940430e-01 9.799284338951110840e-01
4.582625627517700195e-01 4.232796132564544678e-01 9.546677470207214355e-01 2.431253045797348022e-01 2.446285635232925415e-01 2.520124018192291260e-01 7.411630451679229736e-02 6.644735932350158691e-01 5.209624171257019043e-01 9.785308241844177246e-01
6.840359568595886230e-01 6.158884763717651367e-01 9.546677470207214355e-01 2.431253045797348022e-01 7.659104466438293457e-01 2.520124018192291260e-01 1.776257306337356567e-01 3.036763966083526611e-01 6.500062346458435059e-01 9.975466132164001465e-01
2.504269182682037354e-01 6.956480741500854492e-01 2.874649465084075928e-01 7.424649596214294434e-01 7.659104466438293457e-01 2.520124018192291260e-01 3.230812251567840576e-01 2.935526967048645020e-01 2.665706872940063477e-01 9.704340100288391113e-01
3.507035076618194580e-01 6.956480741500854492e-01 6.357754468917846680e-01 2.547587156295776367e-01 2.446285635232925415e-01 2.520124018192291260e-01 1.503008306026458740e-01 1.291920840740203857e-01 6.798073649406433105e-01 9.375780224800109863e-01
3.135082423686981201e-01 7.691833972930908203e-01 6.042118072509765625e-01 2.547587156295776367e-01 2.446285635232925415e-01 2.520124018192291260e-01 1.375412642955780029e-01 1.638034582138061523e-01 3.093554973602294922e-01 9.455359578132629395e-01
1.154687628149986267e-01 1.219271272420883179e-01 7.221306562423706055e-01 2.547587156295776367e-01 2.446285635232925415e-01 2.520124018192291260e-01 3.230812251567840576e-01 3.684837138280272484e-03 1.098961662501096725e-02 1.906913667917251587e-01
5.802434682846069336e-01 1.219271272420883179e-01 8.813869357109069824e-01 2.547587156295776367e-01 6.106356382369995117e-01 2.520124018192291260e-01 1.776257306337356567e-01 8.945429697632789612e-03 4.797711223363876343e-02 3.741311728954315186e-01
3.507035076618194580e-01 6.956480741500854492e-01 6.357754468917846680e-01 7.424649596214294434e-01 7.659104466438293457e-01 2.520124018192291260e-01 1.503008306026458740e-01 2.438175678253173828e-02 2.559969760477542877e-02 2.050733715295791626e-01
7.394165396690368652e-01 6.956480741500854492e-01 6.357754468917846680e-01 7.424649596214294434e-01 7.659104466438293457e-01 2.520124018192291260e-01 3.619405031204223633e-01 1.752303242683410645e-01 6.067913398146629333e-02 9.602341800928115845e-02
1.154687628149986267e-01 2.133900374174118042e-01 6.357754468917846680e-01 7.424649596214294434e-01 7.659104466438293457e-01 8.034757375717163086e-01 3.592893183231353760e-01 4.669010639190673828e-01 6.067913398146629333e-02 2.069357633590698242e-01
4.068092703819274902e-01 1.219271272420883179e-01 8.266375660896301270e-01 2.431253045797348022e-01 7.659104466438293457e-01 8.034757375717163086e-01 7.411630451679229736e-02 3.860822319984436035e-02 2.710348367691040039e-01 4.672152101993560791e-01
1.738346219062805176e-01 2.327498942613601685e-01 8.266375660896301270e-01 2.431253045797348022e-01 7.659104466438293457e-01 8.034757375717163086e-01 3.592893183231353760e-01 1.389083918184041977e-02 2.710348367691040039e-01 4.672152101993560791e-01
4.068092703819274902e-01 1.219271272420883179e-01 6.357754468917846680e-01 2.431253045797348022e-01 7.659104466438293457e-01 8.034757375717163086e-01 8.299295306205749512e-01 4.246310591697692871e-01 1.468704640865325928e-01 5.767989754676818848e-01
4.582625627517700195e-01 2.327498942613601685e-01 6.357754468917846680e-01 7.424649596214294434e-01 7.659104466438293457e-01 2.520124018192291260e-01 3.592893183231353760e-01 3.436201512813568115e-01 5.696544051170349121e-01 9.025020599365234375e-01
4.582625627517700195e-01 2.327498942613601685e-01 2.132058739662170410e-01 2.431253045797348022e-01 7.659104466438293457e-01 2.520124018192291260e-01 8.038038611412048340e-01 9.770064949989318848e-01 5.696544051170349121e-01 7.476009726524353027e-01
6.840359568595886230e-01 8.331497907638549805e-01 7.175815701484680176e-01 2.431253045797348022e-01 7.659104466438293457e-01 8.034757375717163086e-01 5.127547979354858398e-01 9.635131955146789551e-01 6.318127512931823730e-01 2.390090078115463257e-01
4.169857800006866455e-01 9.400491118431091309e-01 5.380330085754394531e-01 7.424649596214294434e-01 7.659104466438293457e-01 8.034757375717163086e-01 7.907558083534240723e-01 9.931458234786987305e-01 4.238439798355102539e-01 9.811066389083862305e-01
9.940277040004730225e-02 8.170300722122192383e-01 5.380330085754394531e-01 7.424649596214294434e-01 7.659104466438293457e-01 8.034757375717163086e-01 7.395491003990173340e-01 8.541308045387268066e-01 6.230635643005371094e-01 7.617174983024597168e-01
2.505286335945129395e-01 8.170300722122192383e-01 9.212068319320678711e-01 7.424649596214294434e-01 7.659104466438293457e-01 2.520124018192291260e-01 7.395491003990173340e-01 9.610435366630554199e-01 6.230635643005371094e-01 7.109346389770507812e-01
1.510343998670578003e-01 5.891301035881042480e-01 3.882912993431091309e-01 7.424649596214294434e-01 7.659104466438293457e-01 2.520124018192291260e-01 5.188400745391845703e-01 9.886456727981567383e-01 6.230635643005371094e-01 9.624146223068237305e-01
9.410526156425476074e-01 8.170300722122192383e-01 2.989127635955810547e-01 7.424649596214294434e-01 7.659104466438293457e-01 2.520124018192291260e-01 5.188400745391845703e-01 9.303505420684814453e-01 5.636441111564636230e-01 8.677774667739868164e-01
6.676830053329467773e-01 8.170300722122192383e-01 8.701932430267333984e-01 7.424649596214294434e-01 7.659104466438293457e-01 2.520124018192291260e-01 6.034440398216247559e-01 1.788225322961807251e-01 4.315015673637390137e-01 9.271718859672546387e-01
3.344559073448181152e-01 4.682153463363647461e-01 5.211308002471923828e-01 2.547587156295776367e-01 2.446285635232925415e-01 2.520124018192291260e-01 7.395491003990173340e-01 9.905005097389221191e-01 4.008470177650451660e-01 7.109346389770507812e-01
1.154687628149986267e-01 4.682153463363647461e-01 8.813869357109069824e-01 2.547587156295776367e-01 2.446285635232925415e-01 2.520124018192291260e-01 7.395491003990173340e-01 3.634216189384460449e-01 5.936622992157936096e-02 1.379443407058715820e-01
1.888768374919891357e-01 4.878627061843872070e-01 9.730721712112426758e-01 7.424649596214294434e-01 7.659104466438293457e-01 8.034757375717163086e-01 7.395491003990173340e-01 7.079700231552124023e-01 4.322280585765838623e-01 4.368187487125396729e-01
1.644965112209320068e-01 2.004695087671279907e-01 3.882912993431091309e-01 7.424649596214294434e-01 7.659104466438293457e-01 8.034757375717163086e-01 7.759721279144287109e-01 3.868080303072929382e-02 3.133467733860015869e-01 7.240056991577148438e-01
1.072034463286399841e-01 4.682153463363647461e-01 8.719231933355331421e-02 7.424649596214294434e-01 7.659104466438293457e-01 8.034757375717163086e-01 5.893446803092956543e-01 5.025299265980720520e-02 1.242605969309806824e-01 4.178720712661743164e-02
4.629760682582855225e-01 2.004695087671279907e-01 8.889757394790649414e-01 7.424649596214294434e-01 7.659104466438293457e-01 2.520124018192291260e-01 7.395491003990173340e-01 7.221370935440063477e-01 1.926092058420181274e-01 3.675572574138641357e-01
4.629760682582855225e-01 4.682153463363647461e-01 1.755540817975997925e-01 2.547587156295776367e-01 2.446285635232925415e-01 2.520124018192291260e-01 9.005284309387207031e-01 1.067330092191696167e-01 9.627579152584075928e-02 2.403474412858486176e-02
2.524932920932769775e-01 4.878627061843872070e-01 4.425947070121765137e-01 2.547587156295776367e-01 6.106356382369995117e-01 2.520124018192291260e-01 7.718018889427185059e-01 2.245127409696578979e-01 6.582716107368469238e-02 5.178804695606231689e-02
4.508329927921295166e-01 8.640590906143188477e-01 3.306513279676437378e-02 2.547587156295776367e-01 2.446285635232925415e-01 2.520124018192291260e-01 6.228433251380920410e-01 3.887382745742797852e-01 1.673181802034378052e-01 1.802498698234558105e-01
2.505286335945129395e-01 8.640590906143188477e-01 5.877858400344848633e-01 2.547587156295776367e-01 2.446285635232925415e-01 2.520124018192291260e-01 8.977600336074829102e-01 8.090234398841857910e-01 4.886712133884429932e-01 8.041106462478637695e-01
5.856758356094360352e-01 6.441377401351928711e-01 8.830926418304443359e-01 2.547587156295776367e-01 2.446285635232925415e-01 2.520124018192291260e-01 8.977600336074829102e-01 2.804594039916992188e-01 5.528755784034729004e-01 8.036366701126098633e-01
2.524932920932769775e-01 2.133900374174118042e-01 5.639851093292236328e-01 2.547587156295776367e-01 2.446285635232925415e-01 2.520124018192291260e-01 5.948699712753295898e-01 9.090734720230102539e-01 5.145665630698204041e-02 3.341592848300933838e-01
1.071301102638244629e-01 4.878627061843872070e-01 4.189281463623046875e-01 2.547587156295776367e-01 2.446285635232925415e-01 2.520124018192291260e-01 7.476394176483154297e-01 2.250274568796157837e-01 2.579719759523868561e-02 4.899795055389404297e-01
1.071301102638244629e-01 2.327498942613601685e-01 6.886731386184692383e-01 7.424649596214294434e-01 7.659104466438293457e-01 2.520124018192291260e-01 5.948699712753295898e-01 3.737904429435729980e-01 2.579719759523868561e-02 2.590866386890411377e-01
1.643911898136138916e-01 4.869164824485778809e-01 9.401461482048034668e-01 7.424649596214294434e-01 7.659104466438293457e-01 8.034757375717163086e-01 5.948699712753295898e-01 4.190318882465362549e-01 5.828535184264183044e-02 9.632369279861450195e-01
3.564344644546508789e-01 7.691833972930908203e-01 7.999088168144226074e-01 7.424649596214294434e-01 7.659104466438293457e-01 8.034757375717163086e-01 7.476394176483154297e-01 8.096751570701599121e-02 1.952153295278549194e-01 8.189017176628112793e-01
1.643911898136138916e-01 7.691833972930908203e-01 8.150213956832885742e-01 7.424649596214294434e-01 7.659104466438293457e-01 2.520124018192291260e-01 7.476394176483154297e-01 8.428378701210021973e-01 2.872859239578247070e-01 9.417913556098937988e-01
1.510343998670578003e-01 7.691833972930908203e-01 5.500181913375854492e-01 7.424649596214294434e-01 7.659104466438293457e-01 2.520124018192291260e-01 5.948699712753295898e-01 9.213723540306091309e-01 3.654654622077941895e-01 7.789774537086486816e-01
8.980327248573303223e-01 2.133900374174118042e-01 6.347568035125732422e-01 7.424649596214294434e-01 7.659104466438293457e-01 2.520124018192291260e-01 8.131566643714904785e-01 2.762473747134208679e-02 8.139550685882568359e-02 4.629345834255218506e-01
6.749792098999023438e-01 4.869164824485778809e-01 1.497287005186080933e-01 7.424649596214294434e-01 7.659104466438293457e-01 2.520124018192291260e-01 5.948699712753295898e-01 8.778678178787231445e-01 3.432600796222686768e-01 6.140295267105102539e-01
9.940277040004730225e-02 8.343011736869812012e-01 3.339612483978271484e-01 7.424649596214294434e-01 7.659104466438293457e-01 2.520124018192291260e-01 5.948699712753295898e-01 8.966415524482727051e-01 1.124081090092658997e-01 7.850253582000732422e-01
5.856758356094360352e-01 9.400491118431091309e-01 5.314715504646301270e-01 7.424649596214294434e-01 7.659104466438293457e-01 2.520124018192291260e-01 5.948699712753295898e-01 7.896538376808166504e-01 5.216590762138366699e-01 9.589949846267700195e-01
9.940277040004730225e-02 8.170300722122192383e-01 1.497287005186080933e-01 7.424649596214294434e-01 7.659104466438293457e-01 2.520124018192291260e-01 5.948699712753295898e-01 1.815476268529891968e-01 3.367001414299011230e-01 8.975086808204650879e-01
9.940277040004730225e-02 7.691833972930908203e-01 7.635894417762756348e-01 7.424649596214294434e-01 7.659104466438293457e-01 2.520124018192291260e-01 5.948699712753295898e-01 6.958957314491271973e-01 8.461699634790420532e-02 6.929594278335571289e-01
1.644965112209320068e-01 4.869164824485778809e-01 7.635894417762756348e-01 7.424649596214294434e-01 7.659104466438293457e-01 8.034757375717163086e-01 8.584866523742675781e-01 7.249346971511840820e-01 1.311811357736587524e-01 3.951357901096343994e-01
7.128144800662994385e-02 4.809276759624481201e-01 1.497287005186080933e-01 7.424649596214294434e-01 7.659104466438293457e-01 2.520124018192291260e-01 5.305364131927490234e-01 7.056525349617004395e-01 1.912280321121215820e-01 5.035626888275146484e-01
2.202591300010681152e-01 6.441377401351928711e-01 2.631023526191711426e-01 2.547587156295776367e-01 2.446285635232925415e-01 2.520124018192291260e-01 5.811596512794494629e-01 3.761605620384216309e-01 3.569108247756958008e-01 9.476882219314575195e-01
2.202591300010681152e-01 4.869164824485778809e-01 8.321567177772521973e-01 2.547587156295776367e-01 2.446285635232925415e-01 2.520124018192291260e-01 5.188400745391845703e-01 8.611860871315002441e-02 3.416254818439483643e-01 8.737471699714660645e-01
4.582625627517700195e-01 1.219271272420883179e-01 4.189281463623046875e-01 2.547587156295776367e-01 2.446285635232925415e-01 2.520124018192291260e-01 7.746714353561401367e-01 1.541841477155685425e-01 1.501790881156921387e-01 1.387992352247238159e-01
6.257292628288269043e-01 8.170300722122192383e-01 7.680587172508239746e-01 2.547587156295776367e-01 2.446285635232925415e-01 2.520124018192291260e-01 6.528244614601135254e-01 9.992544054985046387e-01 2.876086719334125519e-02 4.419243633747100830e-01
1.154687628149986267e-01 8.331497907638549805e-01 4.189281463623046875e-01 2.547587156295776367e-01 2.446285635232925415e-01 2.520124018192291260e-01 2.855287492275238037e-01 5.947125703096389771e-02 7.286664843559265137e-01 3.394254297018051147e-02
1.154687628149986267e-01 6.956480741500854492e-01 6.724379658699035645e-01 2.547587156295776367e-01 2.446285635232925415e-01 2.520124018192291260e-01 5.893446803092956543e-01 1.585942208766937256e-01 2.471043616533279419e-01 8.680254220962524414e-01
2.504269182682037354e-01 4.878627061843872070e-01 6.347568035125732422e-01 2.547587156295776367e-01 2.446285635232925415e-01 2.520124018192291260e-01 5.188400745391845703e-01 8.645512163639068604e-02 9.762916713953018188e-02 2.379546016454696655e-01
1.154687628149986267e-01 2.133900374174118042e-01 5.639851093292236328e-01 2.547587156295776367e-01 6.106356382369995117e-01 2.520124018192291260e-01 3.230812251567840576e-01 1.952139586210250854e-01 1.715140342712402344e-01 4.624777436256408691e-01
4.726855158805847168e-01 7.691833972930908203e-01 1.290078908205032349e-01 2.547587156295776367e-01 2.446285635232925415e-01 2.520124018192291260e-01 7.746714353561401367e-01 6.196046248078346252e-02 8.248926699161529541e-02 2.437646389007568359e-01
4.475108981132507324e-01 5.148497223854064941e-01 6.594759225845336914e-01 2.547587156295776367e-01 2.446285635232925415e-01 2.520124018192291260e-01 1.375412642955780029e-01 9.109438061714172363e-01 3.260878920555114746e-01 6.419091224670410156e-01
8.105609416961669922e-01 4.878627061843872070e-01 6.347568035125732422e-01 2.547587156295776367e-01 2.446285635232925415e-01 2.520124018192291260e-01 5.811596512794494629e-01 3.783690929412841797e-01 8.991354107856750488e-01 6.536568701267242432e-02
1.738346219062805176e-01 1.219271272420883179e-01 6.886731386184692383e-01 2.547587156295776367e-01 2.446285635232925415e-01 2.520124018192291260e-01 6.528244614601135254e-01 1.343320906162261963e-01 2.602904736995697021e-01 4.467635750770568848e-01
5.856758356094360352e-01 3.269436657428741455e-01 2.966395318508148193e-01 2.547587156295776367e-01 2.446285635232925415e-01 5.146692395210266113e-01 2.855287492275238037e-01 1.172264665365219116e-01 5.197931528091430664e-01 9.436687231063842773e-01
1.510343998670578003e-01 5.148497223854064941e-01 9.550212323665618896e-02 2.547587156295776367e-01 2.446285635232925415e-01 5.146692395210266113e-01 1.418559849262237549e-01 4.073947668075561523e-01 3.419798612594604492e-02 6.335502862930297852e-01
7.834420800209045410e-01 5.148497223854064941e-01 5.081304311752319336e-01 2.547587156295776367e-01 2.446285635232925415e-01 5.146692395210266113e-01 4.375079572200775146e-01 5.723115056753158569e-02 2.671727538108825684e-01 7.530735135078430176e-01
1.644965112209320068e-01 4.869164824485778809e-01 5.314715504646301270e-01 7.424649596214294434e-01 7.659104466438293457e-01 5.146692395210266113e-01 2.237616777420043945e-01 9.611441940069198608e-02 1.097668930888175964e-01 9.288214445114135742e-01
5.856758356094360352e-01 4.869164824485778809e-01 7.635894417762756348e-01 7.424649596214294434e-01 7.659104466438293457e-01 5.146692395210266113e-01 5.772777646780014038e-02 1.705474779009819031e-02 2.879179120063781738e-01 9.726177453994750977e-01
3.135082423686981201e-01 5.148497223854064941e-01 7.635894417762756348e-01 7.424649596214294434e-01 7.659104466438293457e-01 2.520124018192291260e-01 1.418559849262237549e-01 2.661327086389064789e-02 3.424814641475677490e-01 9.851158261299133301e-01
