4.841444492340087891e-01 3.885606527328491211e-01 5.193000435829162598e-01 5.769606828689575195e-01 5.014503002166748047e-01 5.028536319732666016e-01 4.513149857521057129e-01 7.327139377593994141e-01 4.113398790359497070e-01 1.917080134153366089e-01
4.841444492340087891e-01 7.731871604919433594e-01 5.635039210319519043e-01 5.769606828689575195e-01 5.014503002166748047e-01 5.028536319732666016e-01 4.513149857521057129e-01 7.327139377593994141e-01 3.359789550304412842e-01 7.498672604560852051e-01
7.385991811752319336e-01 6.547207832336425781e-01 5.541572570800781250e-01 7.885246872901916504e-01 5.014503002166748047e-01 5.028536319732666016e-01 6.159856319427490234e-01 7.327139377593994141e-01 4.985350966453552246e-01 4.516407847404479980e-01
7.385991811752319336e-01 6.547207832336425781e-01 7.167923450469970703e-01 5.769606828689575195e-01 5.014503002166748047e-01 5.028536319732666016e-01 4.513149857521057129e-01 6.008333563804626465e-01 5.828196406364440918e-01 7.498672604560852051e-01
7.385991811752319336e-01 6.547207832336425781e-01 7.167923450469970703e-01 5.769606828689575195e-01 5.014503002166748047e-01 5.028536319732666016e-01 4.513149857521057129e-01 6.008333563804626465e-01 5.828196406364440918e-01 7.498672604560852051e-01
4.841444492340087891e-01 6.547207832336425781e-01 3.966700434684753418e-01 5.769606828689575195e-01 5.014503002166748047e-01 5.028536319732666016e-01 4.513149857521057129e-01 7.327139377593994141e-01 3.257974088191986084e-01 4.516407847404479980e-01
4.841444492340087891e-01 6.547207832336425781e-01 5.724279880523681641e-01 5.769606828689575195e-01 5.014503002166748047e-01 5.028536319732666016e-01 4.513149857521057129e-01 3.638025820255279541e-01 5.828196406364440918e-01 7.498672604560852051e-01
3.318125307559967041e-01 5.078823566436767578e-01 6.705852746963500977e-01 5.769606828689575195e-01 5.014503002166748047e-01 5.028536319732666016e-01 4.513149857521057129e-01 4.586766064167022705e-01 5.828196406364440918e-01 8.239858150482177734e-01
4.841444492340087891e-01 6.547207832336425781e-01 5.302736759185791016e-01 5.769606828689575195e-01 5.014503002166748047e-01 5.028536319732666016e-01 4.513149857521057129e-01 7.327139377593994141e-01 3.257974088191986084e-01 7.498672604560852051e-01
3.318125307559967041e-01 2.910905480384826660e-01 5.297000408172607422e-01 5.769606828689575195e-01 5.014503002166748047e-01 5.028536319732666016e-01 4.513149857521057129e-01 6.008333563804626465e-01 3.257974088191986084e-01 7.498672604560852051e-01
4.841444492340087891e-01 6.547207832336425781e-01 5.297000408172607422e-01 5.769606828689575195e-01 5.014503002166748047e-01 5.028536319732666016e-01 4.513149857521057129e-01 6.008333563804626465e-01 5.828196406364440918e-01 7.498672604560852051e-01
4.841444492340087891e-01 6.547207832336425781e-01 5.297000408172607422e-01 5.769606828689575195e-01 5.014503002166748047e-01 5.028536319732666016e-01 4.513149857521057129e-01 6.008333563804626465e-01 5.828196406364440918e-01 7.498672604560852051e-01
4.841444492340087891e-01 6.547207832336425781e-01 5.297000408172607422e-01 5.769606828689575195e-01 5.014503002166748047e-01 5.028536319732666016e-01 4.513149857521057129e-01 6.008333563804626465e-01 5.662127733230590820e-01 7.498672604560852051e-01
3.854064047336578369e-01 8.359149694442749023e-01 8.017869591712951660e-01 5.769606828689575195e-01 5.014503002166748047e-01 5.028536319732666016e-01 4.513149857521057129e-01 4.586766064167022705e-01 5.828196406364440918e-01 8.239858150482177734e-01
4.841444492340087891e-01 6.547207832336425781e-01 5.898621678352355957e-01 5.769606828689575195e-01 5.014503002166748047e-01 5.028536319732666016e-01 4.513149857521057129e-01 4.316234290599822998e-01 5.662127733230590820e-01 4.844596087932586670e-01
4.841444492340087891e-01 6.547207832336425781e-01 6.309326291084289551e-01 4.630752503871917725e-01 5.014503002166748047e-01 5.028536319732666016e-01 4.513149857521057129e-01 3.638025820255279541e-01 5.828196406364440918e-01 6.061053276062011719e-01
4.841444492340087891e-01 4.597696065902709961e-01 4.757716655731201172e-01 4.630752503871917725e-01 5.014503002166748047e-01 5.028536319732666016e-01 4.513149857521057129e-01 5.803636908531188965e-01 4.432404935359954834e-01 2.174712270498275757e-01
4.841444492340087891e-01 4.597696065902709961e-01 6.488833427429199219e-01 4.630752503871917725e-01 5.014503002166748047e-01 5.028536319732666016e-01 4.513149857521057129e-01 4.316234290599822998e-01 2.392777502536773682e-01 4.407209157943725586e-01
4.841444492340087891e-01 4.597696065902709961e-01 6.488833427429199219e-01 4.630752503871917725e-01 5.014503002166748047e-01 5.028536319732666016e-01 4.513149857521057129e-01 4.316234290599822998e-01 2.392777502536773682e-01 4.407209157943725586e-01
4.841444492340087891e-01 4.597696065902709961e-01 6.488833427429199219e-01 4.630752503871917725e-01 5.014503002166748047e-01 5.028536319732666016e-01 4.513149857521057129e-01 4.316234290599822998e-01 3.321861624717712402e-01 4.407209157943725586e-01
4.841444492340087891e-01 4.597696065902709961e-01 5.681613683700561523e-01 4.630752503871917725e-01 5.014503002166748047e-01 5.028536319732666016e-01 4.513149857521057129e-01 4.316234290599822998e-01 7.008500099182128906e-01 5.028709173202514648e-01
4.841444492340087891e-01 4.597696065902709961e-01 5.681613683700561523e-01 4.630752503871917725e-01 5.014503002166748047e-01 4.252377450466156006e-01 4.513149857521057129e-01 4.316234290599822998e-01 3.321861624717712402e-01 5.028709173202514648e-01
4.841444492340087891e-01 4.597696065902709961e-01 5.297000408172607422e-01 5.617293119430541992e-01 4.022130966186523438e-01 5.462721586227416992e-01 4.802727997303009033e-01 4.043001234531402588e-01 6.077964901924133301e-01 6.061053276062011719e-01
4.841444492340087891e-01 4.597696065902709961e-01 5.297000408172607422e-01 5.617293119430541992e-01 4.022130966186523438e-01 5.462721586227416992e-01 4.802727997303009033e-01 4.043001234531402588e-01 6.077964901924133301e-01 4.317895174026489258e-01
4.708693027496337891e-01 6.696310043334960938e-01 5.253605246543884277e-01 5.617293119430541992e-01 4.022130966186523438e-01 5.453133583068847656e-01 4.802727997303009033e-01 5.361366271972656250e-01 3.449504375457763672e-01 4.317895174026489258e-01
4.841444492340087891e-01 4.597696065902709961e-01 5.297000408172607422e-01 5.617293119430541992e-01 4.022130966186523438e-01 5.462721586227416992e-01 4.802727997303009033e-01 3.882443308830261230e-01 6.077964901924133301e-01 4.317895174026489258e-01
4.841444492340087891e-01 4.597696065902709961e-01 5.681613683700561523e-01 5.617293119430541992e-01 4.022130966186523438e-01 5.453133583068847656e-01 4.802727997303009033e-01 3.882443308830261230e-01 3.449504375457763672e-01 4.317895174026489258e-01
4.841444492340087891e-01 4.597696065902709961e-01 4.850574135780334473e-01 5.617293119430541992e-01 4.022130966186523438e-01 5.453133583068847656e-01 4.802727997303009033e-01 3.882443308830261230e-01 3.449504375457763672e-01 4.317895174026489258e-01
4.841444492340087891e-01 4.597696065902709961e-01 4.850574135780334473e-01 3.539767563343048096e-01 4.022130966186523438e-01 4.106265008449554443e-01 4.277908802032470703e-01 5.361366271972656250e-01 3.174462914466857910e-01 3.920623362064361572e-01
4.841444492340087891e-01 4.597696065902709961e-01 4.850574135780334473e-01 4.630752503871917725e-01 5.014503002166748047e-01 5.028536319732666016e-01 3.995647728443145752e-01 4.316234290599822998e-01 7.008500099182128906e-01 4.317895174026489258e-01
4.841444492340087891e-01 4.597696065902709961e-01 4.850574135780334473e-01 4.630752503871917725e-01 5.014503002166748047e-01 5.028536319732666016e-01 4.208242893218994141e-01 4.316234290599822998e-01 7.008500099182128906e-01 4.317895174026489258e-01
3.854064047336578369e-01 6.696310043334960938e-01 5.302736759185791016e-01 4.630752503871917725e-01 5.014503002166748047e-01 5.028536319732666016e-01 4.513149857521057129e-01 3.638025820255279541e-01 7.008500099182128906e-01 4.317895174026489258e-01
7.378396987915039062e-01 6.331630945205688477e-01 8.017869591712951660e-01 6.237274408340454102e-01 7.526543140411376953e-01 4.583287537097930908e-01 6.431248784065246582e-01 5.429960489273071289e-01 9.385834336280822754e-01 8.817434906959533691e-01
4.708693027496337891e-01 6.696310043334960938e-01 6.705852746963500977e-01 6.237274408340454102e-01 4.153175950050354004e-01 6.499415040016174316e-01 6.159856319427490234e-01 6.383998394012451172e-01 3.890115916728973389e-01 5.852875709533691406e-01
4.708693027496337891e-01 6.696310043334960938e-01 5.302736759185791016e-01 4.468935132026672363e-01 5.014503002166748047e-01 6.499415040016174316e-01 3.512999713420867920e-01 5.707125663757324219e-01 2.363376468420028687e-01 6.045350432395935059e-01
3.854064047336578369e-01 2.910905480384826660e-01 5.898621678352355957e-01 4.630752503871917725e-01 5.014503002166748047e-01 5.028536319732666016e-01 4.513149857521057129e-01 4.316234290599822998e-01 3.257974088191986084e-01 6.061053276062011719e-01
3.854064047336578369e-01 2.910905480384826660e-01 5.253605246543884277e-01 4.630752503871917725e-01 5.014503002166748047e-01 5.028536319732666016e-01 3.995647728443145752e-01 4.316234290599822998e-01 6.493798494338989258e-01 6.061053276062011719e-01
3.854064047336578369e-01 2.910905480384826660e-01 5.898621678352355957e-01 3.522001802921295166e-01 5.014503002166748047e-01 5.781317353248596191e-01 3.046503961086273193e-01 4.316234290599822998e-01 7.008500099182128906e-01 4.064786434173583984e-01
3.854064047336578369e-01 2.910905480384826660e-01 5.898621678352355957e-01 4.630752503871917725e-01 5.014503002166748047e-01 5.028536319732666016e-01 3.995647728443145752e-01 3.638025820255279541e-01 7.008500099182128906e-01 5.028709173202514648e-01
3.318125307559967041e-01 2.910905480384826660e-01 4.364619851112365723e-01 4.630752503871917725e-01 5.014503002166748047e-01 4.252377450466156006e-01 3.995647728443145752e-01 5.803636908531188965e-01 3.178059160709381104e-01 5.028709173202514648e-01
4.841444492340087891e-01 3.885606527328491211e-01 4.364619851112365723e-01 4.630752503871917725e-01 5.014503002166748047e-01 4.252377450466156006e-01 3.995647728443145752e-01 3.751661181449890137e-01 5.292009115219116211e-01 5.410073995590209961e-01
4.841444492340087891e-01 6.047437787055969238e-01 6.915382742881774902e-01 4.630752503871917725e-01 5.014503002166748047e-01 4.252377450466156006e-01 3.995647728443145752e-01 4.316234290599822998e-01 3.820385932922363281e-01 5.719186067581176758e-01
4.841444492340087891e-01 6.047437787055969238e-01 6.915382742881774902e-01 4.630752503871917725e-01 5.014503002166748047e-01 4.252377450466156006e-01 4.513149857521057129e-01 4.316234290599822998e-01 7.639005184173583984e-01 5.719186067581176758e-01
4.841444492340087891e-01 6.047437787055969238e-01 5.962925553321838379e-01 4.630752503871917725e-01 5.014503002166748047e-01 5.028536319732666016e-01 4.513149857521057129e-01 4.316234290599822998e-01 7.639005184173583984e-01 5.719186067581176758e-01
3.854064047336578369e-01 4.246891438961029053e-01 5.962925553321838379e-01 4.630752503871917725e-01 5.014503002166748047e-01 5.028536319732666016e-01 4.513149857521057129e-01 4.316234290599822998e-01 7.189280986785888672e-01 5.719186067581176758e-01
3.854064047336578369e-01 4.246891438961029053e-01 9.019981622695922852e-01 5.272848606109619141e-01 5.014503002166748047e-01 5.781317353248596191e-01 6.159856319427490234e-01 4.316234290599822998e-01 6.744925975799560547e-01 3.861885666847229004e-01
3.854064047336578369e-01 4.246891438961029053e-01 8.316175937652587891e-01 4.630752503871917725e-01 5.014503002166748047e-01 5.028536319732666016e-01 4.513149857521057129e-01 4.316234290599822998e-01 7.189280986785888672e-01 6.702176332473754883e-01
4.841444492340087891e-01 6.047437787055969238e-01 8.334559798240661621e-01 4.630752503871917725e-01 5.014503002166748047e-01 5.028536319732666016e-01 4.513149857521057129e-01 4.316234290599822998e-01 7.189280986785888672e-01 6.329914927482604980e-01
3.854064047336578369e-01 4.246891438961029053e-01 8.334559798240661621e-01 4.630752503871917725e-01 5.014503002166748047e-01 5.028536319732666016e-01 4.513149857521057129e-01 4.316234290599822998e-01 7.189280986785888672e-01 6.702176332473754883e-01
3.854064047336578369e-01 4.246891438961029053e-01 8.334559798240661621e-01 4.630752503871917725e-01 5.014503002166748047e-01 5.028536319732666016e-01 4.513149857521057129e-01 4.316234290599822998e-01 7.639005184173583984e-01 5.856835842132568359e-01
3.854064047336578369e-01 4.246891438961029053e-01 7.746523022651672363e-01 4.630752503871917725e-01 5.014503002166748047e-01 5.028536319732666016e-01 4.513149857521057129e-01 3.638025820255279541e-01 7.639005184173583984e-01 5.856835842132568359e-01
3.854064047336578369e-01 4.246891438961029053e-01 7.773447036743164062e-01 4.630752503871917725e-01 5.014503002166748047e-01 4.252377450466156006e-01 3.995647728443145752e-01 5.223302245140075684e-01 3.914938271045684814e-01 4.840516746044158936e-01
4.841444492340087891e-01 3.885606527328491211e-01 8.048888444900512695e-01 4.630752503871917725e-01 4.599975943565368652e-01 4.252377450466156006e-01 3.995647728443145752e-01 3.751661181449890137e-01 5.292009115219116211e-01 6.419608592987060547e-01
3.854064047336578369e-01 4.246891438961029053e-01 7.773447036743164062e-01 4.630752503871917725e-01 4.599975943565368652e-01 4.252377450466156006e-01 4.513149857521057129e-01 4.316234290599822998e-01 3.914938271045684814e-01 6.702176332473754883e-01
4.841444492340087891e-01 6.047437787055969238e-01 5.681812167167663574e-01 4.630752503871917725e-01 4.599975943565368652e-01 4.252377450466156006e-01 4.513149857521057129e-01 4.316234290599822998e-01 7.639005184173583984e-01 6.702176332473754883e-01
4.841444492340087891e-01 4.894093871116638184e-01 5.120531320571899414e-01 4.630752503871917725e-01 4.599975943565368652e-01 4.252377450466156006e-01 3.995647728443145752e-01 5.223302245140075684e-01 5.292009115219116211e-01 4.786824882030487061e-01
4.841444492340087891e-01 4.894093871116638184e-01 5.120531320571899414e-01 4.630752503871917725e-01 4.599975943565368652e-01 4.252377450466156006e-01 3.995647728443145752e-01 3.751661181449890137e-01 5.292009115219116211e-01 4.786824882030487061e-01
4.841444492340087891e-01 4.894093871116638184e-01 5.675839185714721680e-01 4.630752503871917725e-01 4.599975943565368652e-01 4.252377450466156006e-01 3.995647728443145752e-01 3.751661181449890137e-01 5.292009115219116211e-01 4.918486177921295166e-01
5.409719944000244141e-01 4.894093871116638184e-01 4.331997036933898926e-01 4.630752503871917725e-01 4.599975943565368652e-01 5.653084516525268555e-01 3.995647728443145752e-01 5.223302245140075684e-01 2.578543424606323242e-01 1.252866238355636597e-01
5.409719944000244141e-01 4.894093871116638184e-01 6.088106036186218262e-01 4.630752503871917725e-01 4.599975943565368652e-01 5.653084516525268555e-01 3.995647728443145752e-01 5.223302245140075684e-01 5.023490786552429199e-01 3.067320585250854492e-01
5.409719944000244141e-01 4.894093871116638184e-01 4.331997036933898926e-01 4.630752503871917725e-01 4.599975943565368652e-01 5.653084516525268555e-01 3.995647728443145752e-01 5.418432354927062988e-01 3.141504526138305664e-01 1.252866238355636597e-01
5.409719944000244141e-01 4.894093871116638184e-01 5.120531320571899414e-01 4.630752503871917725e-01 4.599975943565368652e-01 4.252377450466156006e-01 3.995647728443145752e-01 3.937129080295562744e-01 2.706819474697113037e-01 7.267258167266845703e-01
4.841444492340087891e-01 4.894093871116638184e-01 5.262569785118103027e-01 4.630752503871917725e-01 4.599975943565368652e-01 4.252377450466156006e-01 3.995647728443145752e-01 3.751661181449890137e-01 5.317402482032775879e-01 5.000753402709960938e-01
5.409719944000244141e-01 4.894093871116638184e-01 2.718128263950347900e-01 4.630752503871917725e-01 4.599975943565368652e-01 4.252377450466156006e-01 3.995647728443145752e-01 5.223302245140075684e-01 2.810184955596923828e-01 2.446136921644210815e-01
4.841444492340087891e-01 4.894093871116638184e-01 4.318466782569885254e-01 4.630752503871917725e-01 4.599975943565368652e-01 4.252377450466156006e-01 3.995647728443145752e-01 3.751661181449890137e-01 5.317402482032775879e-01 4.350185096263885498e-01
5.409719944000244141e-01 4.894093871116638184e-01 3.563249409198760986e-01 4.630752503871917725e-01 4.599975943565368652e-01 5.653084516525268555e-01 3.995647728443145752e-01 5.418432354927062988e-01 1.890833228826522827e-01 1.995267271995544434e-01
5.409719944000244141e-01 4.894093871116638184e-01 4.318466782569885254e-01 4.630752503871917725e-01 4.599975943565368652e-01 4.252377450466156006e-01 3.995647728443145752e-01 3.751661181449890137e-01 5.023490786552429199e-01 4.350185096263885498e-01
5.409719944000244141e-01 4.894093871116638184e-01 5.299074649810791016e-01 4.630752503871917725e-01 4.599975943565368652e-01 5.653084516525268555e-01 3.995647728443145752e-01 5.223302245140075684e-01 2.578543424606323242e-01 5.000753402709960938e-01
4.841444492340087891e-01 4.894093871116638184e-01 4.745691716670989990e-01 4.630752503871917725e-01 4.599975943565368652e-01 4.252377450466156006e-01 4.208242893218994141e-01 3.751661181449890137e-01 5.317402482032775879e-01 5.141881704330444336e-01
4.841444492340087891e-01 4.894093871116638184e-01 4.751434922218322754e-01 4.630752503871917725e-01 4.599975943565368652e-01 4.252377450466156006e-01 4.208242893218994141e-01 3.751661181449890137e-01 5.317402482032775879e-01 5.394383668899536133e-01
5.409719944000244141e-01 4.894093871116638184e-01 3.563249409198760986e-01 4.630752503871917725e-01 4.599975943565368652e-01 5.653084516525268555e-01 3.995647728443145752e-01 5.223302245140075684e-01 2.810184955596923828e-01 2.749266326427459717e-01
5.409719944000244141e-01 4.894093871116638184e-01 4.318466782569885254e-01 4.630752503871917725e-01 4.599975943565368652e-01 4.252377450466156006e-01 3.995647728443145752e-01 3.751661181449890137e-01 5.317402482032775879e-01 6.034324169158935547e-01
5.409719944000244141e-01 4.894093871116638184e-01 4.318466782569885254e-01 4.630752503871917725e-01 4.599975943565368652e-01 5.064305663108825684e-01 3.995647728443145752e-01 3.751661181449890137e-01 4.127388298511505127e-01 3.664580881595611572e-01
5.409719944000244141e-01 4.894093871116638184e-01 3.563249409198760986e-01 4.630752503871917725e-01 4.599975943565368652e-01 5.064305663108825684e-01 3.995647728443145752e-01 5.223302245140075684e-01 2.578543424606323242e-01 1.665061712265014648e-01
5.409719944000244141e-01 4.894093871116638184e-01 5.299074649810791016e-01 4.630752503871917725e-01 4.599975943565368652e-01 5.064305663108825684e-01 3.995647728443145752e-01 3.751661181449890137e-01 4.407581984996795654e-01 4.827754199504852295e-01
4.841444492340087891e-01 4.894093871116638184e-01 3.072654604911804199e-01 4.630752503871917725e-01 4.599975943565368652e-01 4.252377450466156006e-01 4.208242893218994141e-01 5.223302245140075684e-01 2.338143587112426758e-01 1.577198356389999390e-01
4.841444492340087891e-01 4.894093871116638184e-01 4.522715508937835693e-01 4.630752503871917725e-01 4.599975943565368652e-01 4.252377450466156006e-01 4.208242893218994141e-01 3.751661181449890137e-01 4.225328862667083740e-01 3.096977770328521729e-01
4.841444492340087891e-01 4.894093871116638184e-01 4.881691038608551025e-01 4.630752503871917725e-01 4.599975943565368652e-01 4.252377450466156006e-01 4.208242893218994141e-01 3.751661181449890137e-01 4.225328862667083740e-01 3.096977770328521729e-01
4.841444492340087891e-01 4.894093871116638184e-01 4.052162170410156250e-01 4.630752503871917725e-01 4.599975943565368652e-01 4.252377450466156006e-01 4.762010276317596436e-01 5.223302245140075684e-01 2.011806964874267578e-01 3.096977770328521729e-01
5.409719944000244141e-01 4.894093871116638184e-01 3.098667263984680176e-01 4.630752503871917725e-01 4.599975943565368652e-01 5.653084516525268555e-01 3.995647728443145752e-01 5.223302245140075684e-01 4.225328862667083740e-01 3.096977770328521729e-01
4.841444492340087891e-01 4.894093871116638184e-01 4.052162170410156250e-01 4.630752503871917725e-01 4.599975943565368652e-01 4.252377450466156006e-01 4.208242893218994141e-01 3.751661181449890137e-01 4.225328862667083740e-01 3.096977770328521729e-01
4.841444492340087891e-01 4.894093871116638184e-01 4.052162170410156250e-01 4.630752503871917725e-01 4.599975943565368652e-01 4.252377450466156006e-01 4.208242893218994141e-01 3.751661181449890137e-01 4.225328862667083740e-01 3.096977770328521729e-01
5.409719944000244141e-01 4.894093871116638184e-01 4.052162170410156250e-01 4.630752503871917725e-01 4.599975943565368652e-01 5.653084516525268555e-01 3.995647728443145752e-01 5.223302245140075684e-01 3.867763578891754150e-01 3.805737793445587158e-01
4.841444492340087891e-01 4.894093871116638184e-01 6.126390695571899414e-01 4.630752503871917725e-01 4.599975943565368652e-01 4.252377450466156006e-01 3.995647728443145752e-01 3.751661181449890137e-01 4.153816699981689453e-01 3.096977770328521729e-01
4.841444492340087891e-01 4.894093871116638184e-01 5.304558873176574707e-01 4.630752503871917725e-01 4.599975943565368652e-01 4.252377450466156006e-01 4.995173215866088867e-01 3.751661181449890137e-01 4.153816699981689453e-01 3.096977770328521729e-01
4.841444492340087891e-01 4.894093871116638184e-01 5.131149888038635254e-01 7.021961808204650879e-01 4.599975943565368652e-01 4.252377450466156006e-01 6.159856319427490234e-01 3.825257122516632080e-01 4.417109191417694092e-01 3.096977770328521729e-01
4.841444492340087891e-01 3.885606527328491211e-01 5.131149888038635254e-01 7.021961808204650879e-01 4.599975943565368652e-01 5.028536319732666016e-01 6.159856319427490234e-01 5.826203227043151855e-01 4.967975914478302002e-01 4.053204655647277832e-01
4.841444492340087891e-01 4.894093871116638184e-01 4.371579289436340332e-01 4.630752503871917725e-01 4.599975943565368652e-01 4.252377450466156006e-01 4.995173215866088867e-01 3.825257122516632080e-01 2.338143587112426758e-01 1.577198356389999390e-01
5.409719944000244141e-01 4.894093871116638184e-01 4.585244655609130859e-01 4.630752503871917725e-01 4.599975943565368652e-01 5.653084516525268555e-01 4.762010276317596436e-01 5.223302245140075684e-01 2.133863866329193115e-01 2.544845342636108398e-01
4.841444492340087891e-01 4.894093871116638184e-01 3.184814453125000000e-01 4.630752503871917725e-01 4.599975943565368652e-01 4.252377450466156006e-01 3.995647728443145752e-01 5.223302245140075684e-01 2.133863866329193115e-01 1.995267271995544434e-01
4.841444492340087891e-01 4.894093871116638184e-01 4.875936508178710938e-01 4.630752503871917725e-01 4.599975943565368652e-01 4.252377450466156006e-01 3.995647728443145752e-01 5.223302245140075684e-01 2.338143587112426758e-01 5.540657639503479004e-01
4.841444492340087891e-01 4.894093871116638184e-01 4.875936508178710938e-01 4.630752503871917725e-01 4.599975943565368652e-01 4.252377450466156006e-01 3.995647728443145752e-01 3.751661181449890137e-01 4.699487686157226562e-01 5.540657639503479004e-01
4.841444492340087891e-01 4.894093871116638184e-01 4.875936508178710938e-01 4.630752503871917725e-01 4.599975943565368652e-01 4.252377450466156006e-01 3.995647728443145752e-01 3.751661181449890137e-01 4.699487686157226562e-01 5.540657639503479004e-01
4.841444492340087891e-01 4.894093871116638184e-01 4.365913569927215576e-01 4.630752503871917725e-01 4.599975943565368652e-01 4.252377450466156006e-01 4.995173215866088867e-01 5.223302245140075684e-01 2.338143587112426758e-01 1.995267271995544434e-01
4.841444492340087891e-01 4.894093871116638184e-01 6.120924353599548340e-01 4.630752503871917725e-01 4.599975943565368652e-01 4.252377450466156006e-01 2.564832270145416260e-01 3.751661181449890137e-01 4.699487686157226562e-01 4.756924510002136230e-01
4.841444492340087891e-01 4.894093871116638184e-01 4.365913569927215576e-01 4.630752503871917725e-01 4.599975943565368652e-01 4.252377450466156006e-01 2.564832270145416260e-01 5.223302245140075684e-01 2.338143587112426758e-01 1.995267271995544434e-01
4.841444492340087891e-01 4.894093871116638184e-01 4.365913569927215576e-01 4.630752503871917725e-01 4.599975943565368652e-01 4.252377450466156006e-01 4.995173215866088867e-01 5.223302245140075684e-01 2.338143587112426758e-01 1.995267271995544434e-01
5.409719944000244141e-01 4.894093871116638184e-01 3.184814453125000000e-01 4.630752503871917725e-01 4.599975943565368652e-01 5.653084516525268555e-01 4.762010276317596436e-01 5.223302245140075684e-01 2.338143587112426758e-01 1.995267271995544434e-01
5.409719944000244141e-01 4.894093871116638184e-01 5.333281159400939941e-01 4.630752503871917725e-01 4.599975943565368652e-01 5.653084516525268555e-01 4.762010276317596436e-01 3.751661181449890137e-01 4.407581984996795654e-01 5.540657639503479004e-01
5.409719944000244141e-01 4.894093871116638184e-01 5.605286359786987305e-01 4.630752503871917725e-01 4.599975943565368652e-01 5.653084516525268555e-01 4.762010276317596436e-01 3.751661181449890137e-01 4.407581984996795654e-01 4.509814083576202393e-01
5.409719944000244141e-01 4.894093871116638184e-01 3.184814453125000000e-01 4.630752503871917725e-01 4.599975943565368652e-01 5.653084516525268555e-01 4.762010276317596436e-01 5.223302245140075684e-01 2.133863866329193115e-01 2.544845342636108398e-01
5.409719944000244141e-01 4.894093871116638184e-01 5.653407573699951172e-01 4.630752503871917725e-01 4.599975943565368652e-01 5.653084516525268555e-01 4.762010276317596436e-01 3.751661181449890137e-01 4.407581984996795654e-01 5.132504701614379883e-01
5.409719944000244141e-01 4.894093871116638184e-01 5.333281159400939941e-01 4.630752503871917725e-01 4.599975943565368652e-01 5.653084516525268555e-01 4.762010276317596436e-01 3.751661181449890137e-01 4.407581984996795654e-01 4.509814083576202393e-01
5.409719944000244141e-01 4.894093871116638184e-01 3.594819903373718262e-01 4.630752503871917725e-01 4.599975943565368652e-01 5.653084516525268555e-01 4.762010276317596436e-01 5.223302245140075684e-01 2.338143587112426758e-01 1.995267271995544434e-01
5.409719944000244141e-01 4.894093871116638184e-01 3.594819903373718262e-01 4.630752503871917725e-01 4.599975943565368652e-01 5.653084516525268555e-01 3.995647728443145752e-01 5.223302245140075684e-01 2.338143587112426758e-01 1.995267271995544434e-01
4.841444492340087891e-01 4.894093871116638184e-01 3.184814453125000000e-01 4.630752503871917725e-01 4.599975943565368652e-01 4.252377450466156006e-01 4.208242893218994141e-01 5.223302245140075684e-01 2.338143587112426758e-01 1.995267271995544434e-01
5.409719944000244141e-01 4.894093871116638184e-01 2.866409122943878174e-01 4.630752503871917725e-01 4.599975943565368652e-01 5.653084516525268555e-01 4.762010276317596436e-01 5.223302245140075684e-01 2.338143587112426758e-01 1.995267271995544434e-01
3.318125307559967041e-01 3.162212669849395752e-01 3.084758818149566650e-01 4.630752503871917725e-01 4.599975943565368652e-01 5.653084516525268555e-01 4.762010276317596436e-01 3.751661181449890137e-01 6.469510793685913086e-01 3.739062547683715820e-01
3.318125307559967041e-01 3.162212669849395752e-01 3.084758818149566650e-01 4.630752503871917725e-01 4.599975943565368652e-01 5.653084516525268555e-01 4.762010276317596436e-01 3.751661181449890137e-01 6.469510793685913086e-01 3.363522589206695557e-01
3.318125307559967041e-01 3.162212669849395752e-01 2.271946966648101807e-01 4.630752503871917725e-01 4.599975943565368652e-01 5.653084516525268555e-01 4.762010276317596436e-01 3.787888288497924805e-01 4.407581984996795654e-01 5.013720393180847168e-01
3.318125307559967041e-01 3.162212669849395752e-01 1.797004938125610352e-01 4.630752503871917725e-01 4.599975943565368652e-01 5.653084516525268555e-01 4.208242893218994141e-01 5.261772274971008301e-01 2.338143587112426758e-01 3.119046092033386230e-01
3.318125307559967041e-01 3.162212669849395752e-01 1.797004938125610352e-01 4.630752503871917725e-01 4.599975943565368652e-01 4.252377450466156006e-01 4.208242893218994141e-01 5.223302245140075684e-01 2.338143587112426758e-01 1.110183671116828918e-01
3.318125307559967041e-01 3.162212669849395752e-01 3.374526649713516235e-02 3.522001802921295166e-01 4.599975943565368652e-01 5.005964040756225586e-01 1.850804388523101807e-01 5.223302245140075684e-01 2.338143587112426758e-01 4.003168642520904541e-02
3.318125307559967041e-01 5.930360555648803711e-01 8.416599035263061523e-02 4.630752503871917725e-01 4.599975943565368652e-01 4.252377450466156006e-01 4.208242893218994141e-01 5.223302245140075684e-01 1.965009570121765137e-01 5.809061974287033081e-02
3.318125307559967041e-01 5.930360555648803711e-01 6.639300286769866943e-02 4.630752503871917725e-01 4.599975943565368652e-01 4.252377450466156006e-01 4.995173215866088867e-01 3.751661181449890137e-01 4.153816699981689453e-01 5.051276087760925293e-01
5.409719944000244141e-01 7.512619495391845703e-01 2.866409122943878174e-01 4.630752503871917725e-01 4.599975943565368652e-01 4.252377450466156006e-01 4.762010276317596436e-01 5.223302245140075684e-01 2.758675515651702881e-01 5.809061974287033081e-02
4.841444492340087891e-01 7.512619495391845703e-01 5.304558873176574707e-01 4.630752503871917725e-01 4.599975943565368652e-01 4.252377450466156006e-01 4.208242893218994141e-01 3.751661181449890137e-01 3.002869188785552979e-01 1.833285391330718994e-01
4.841444492340087891e-01 7.512619495391845703e-01 5.304558873176574707e-01 4.630752503871917725e-01 4.599975943565368652e-01 4.252377450466156006e-01 4.762010276317596436e-01 5.261772274971008301e-01 1.287025958299636841e-01 4.489766955375671387e-01
4.841444492340087891e-01 7.512619495391845703e-01 5.304558873176574707e-01 4.630752503871917725e-01 4.599975943565368652e-01 4.252377450466156006e-01 4.208242893218994141e-01 3.751661181449890137e-01 3.002869188785552979e-01 1.833285391330718994e-01
4.841444492340087891e-01 7.512619495391845703e-01 5.304558873176574707e-01 4.630752503871917725e-01 2.614921033382415771e-01 4.252377450466156006e-01 4.208242893218994141e-01 3.751661181449890137e-01 3.002869188785552979e-01 1.833285391330718994e-01
4.841444492340087891e-01 7.512619495391845703e-01 1.039641499519348145e-01 7.021961808204650879e-01 4.599975943565368652e-01 5.028536319732666016e-01 4.021714925765991211e-01 5.124655365943908691e-01 3.735586702823638916e-01 6.079490184783935547e-01
4.841444492340087891e-01 7.512619495391845703e-01 2.056545466184616089e-01 7.021961808204650879e-01 4.599975943565368652e-01 4.252377450466156006e-01 4.021714925765991211e-01 3.825257122516632080e-01 3.735586702823638916e-01 2.543075084686279297e-01
4.841444492340087891e-01 7.512619495391845703e-01 2.014232128858566284e-01 4.630752503871917725e-01 4.599975943565368652e-01 4.252377450466156006e-01 2.564832270145416260e-01 3.825257122516632080e-01 3.735586702823638916e-01 3.095231056213378906e-01
4.841444492340087891e-01 7.512619495391845703e-01 2.014232128858566284e-01 4.630752503871917725e-01 4.599975943565368652e-01 4.252377450466156006e-01 6.241679191589355469e-01 3.751661181449890137e-01 3.735586702823638916e-01 4.084817767143249512e-01
4.841444492340087891e-01 7.512619495391845703e-01 2.050730884075164795e-01 7.021961808204650879e-01 4.599975943565368652e-01 5.028536319732666016e-01 6.159856319427490234e-01 3.825257122516632080e-01 3.735586702823638916e-01 4.758124053478240967e-01
4.841444492340087891e-01 7.512619495391845703e-01 4.875936508178710938e-01 4.630752503871917725e-01 4.599975943565368652e-01 4.252377450466156006e-01 6.241679191589355469e-01 3.751661181449890137e-01 3.735586702823638916e-01 4.084817767143249512e-01
4.841444492340087891e-01 7.512619495391845703e-01 4.875936508178710938e-01 4.630752503871917725e-01 4.599975943565368652e-01 4.252377450466156006e-01 6.241679191589355469e-01 3.751661181449890137e-01 3.735586702823638916e-01 4.084817767143249512e-01
4.841444492340087891e-01 7.512619495391845703e-01 4.875936508178710938e-01 4.630752503871917725e-01 4.599975943565368652e-01 4.252377450466156006e-01 4.513149857521057129e-01 3.751661181449890137e-01 4.967975914478302002e-01 4.084817767143249512e-01
