6.782740354537963867e-01 4.967347979545593262e-01 4.496823251247406006e-01 4.059036076068878174e-01 2.681210935115814209e-01 4.987986385822296143e-01 6.647174358367919922e-01 6.744641661643981934e-01 5.468639731407165527e-01 3.947308361530303955e-01
4.839057028293609619e-01 5.906671285629272461e-01 4.496823251247406006e-01 4.191834926605224609e-01 6.189254522323608398e-01 7.333472967147827148e-01 4.471436440944671631e-01 7.854988574981689453e-01 7.427800297737121582e-01 6.504182219505310059e-01
4.839057028293609619e-01 5.906671285629272461e-01 4.496823251247406006e-01 4.191834926605224609e-01 3.377092182636260986e-01 5.361700057983398438e-01 4.471436440944671631e-01 7.854988574981689453e-01 7.545974850654602051e-01 3.947308361530303955e-01
4.839057028293609619e-01 5.906671285629272461e-01 4.496823251247406006e-01 4.191834926605224609e-01 7.253541946411132812e-01 4.371085464954376221e-01 4.471436440944671631e-01 7.854988574981689453e-01 7.427800297737121582e-01 6.504182219505310059e-01
7.987444400787353516e-01 7.993060946464538574e-01 7.388494014739990234e-01 7.166233062744140625e-01 9.323376417160034180e-01 9.627230167388916016e-01 4.316896498203277588e-01 5.548445582389831543e-01 9.437395930290222168e-01 7.559073567390441895e-01
4.839057028293609619e-01 5.906671285629272461e-01 6.027917265892028809e-01 7.166233062744140625e-01 9.348187446594238281e-01 8.377721905708312988e-01 6.179018020629882812e-01 7.978461384773254395e-01 8.918728232383728027e-01 7.559073567390441895e-01
6.782740354537963867e-01 4.967347979545593262e-01 6.027917265892028809e-01 7.166233062744140625e-01 7.132848501205444336e-01 2.767589688301086426e-01 7.985503673553466797e-01 7.978461384773254395e-01 7.640003561973571777e-01 7.559073567390441895e-01
6.782740354537963867e-01 4.967347979545593262e-01 6.027917265892028809e-01 7.166233062744140625e-01 8.739466071128845215e-01 8.971912264823913574e-01 7.422860860824584961e-01 7.978461384773254395e-01 8.918728232383728027e-01 7.559073567390441895e-01
5.887702703475952148e-01 6.276600956916809082e-01 4.496823251247406006e-01 4.059036076068878174e-01 1.232448741793632507e-01 1.998126506805419922e-01 2.801559865474700928e-01 3.268697857856750488e-01 3.400599360466003418e-01 6.072983145713806152e-01
5.887702703475952148e-01 6.276600956916809082e-01 4.496823251247406006e-01 4.059036076068878174e-01 1.232448741793632507e-01 1.923296451568603516e-01 2.801559865474700928e-01 3.268697857856750488e-01 7.713174819946289062e-01 6.072983145713806152e-01
5.887702703475952148e-01 3.296724855899810791e-01 4.496823251247406006e-01 4.059036076068878174e-01 1.232448741793632507e-01 1.998126506805419922e-01 2.801559865474700928e-01 3.268697857856750488e-01 3.400599360466003418e-01 3.947308361530303955e-01
6.174837350845336914e-01 4.486700594425201416e-01 4.496823251247406006e-01 4.672451913356781006e-01 4.035490453243255615e-01 2.108667492866516113e-01 6.098049283027648926e-01 3.268697857856750488e-01 2.770313918590545654e-01 5.881277322769165039e-01
5.623603463172912598e-01 6.431979537010192871e-01 4.496823251247406006e-01 4.672451913356781006e-01 5.312350988388061523e-01 8.871645331382751465e-01 8.267934322357177734e-01 3.268697857856750488e-01 6.190701723098754883e-01 5.881277322769165039e-01
7.236090898513793945e-01 6.431979537010192871e-01 4.496823251247406006e-01 4.059036076068878174e-01 6.166481971740722656e-01 7.555579543113708496e-01 7.411136627197265625e-01 3.268697857856750488e-01 7.053261995315551758e-01 5.881277322769165039e-01
7.236090898513793945e-01 4.486700594425201416e-01 4.496823251247406006e-01 4.059036076068878174e-01 5.878806710243225098e-01 6.800759434700012207e-01 7.411136627197265625e-01 3.268697857856750488e-01 5.066765546798706055e-01 5.881277322769165039e-01
8.589559793472290039e-01 3.296724855899810791e-01 6.027917265892028809e-01 7.250095009803771973e-01 4.691870808601379395e-01 5.245512127876281738e-01 8.029554486274719238e-01 7.034379839897155762e-01 2.528627514839172363e-01 5.881277322769165039e-01
8.589559793472290039e-01 3.296724855899810791e-01 4.496823251247406006e-01 4.059036076068878174e-01 3.151030242443084717e-01 4.484856426715850830e-01 7.411136627197265625e-01 3.268697857856750488e-01 2.528627514839172363e-01 5.881277322769165039e-01
8.229594826698303223e-01 4.486700594425201416e-01 4.496823251247406006e-01 4.059036076068878174e-01 6.625509262084960938e-01 6.557300090789794922e-01 7.411136627197265625e-01 3.268697857856750488e-01 5.066765546798706055e-01 5.881277322769165039e-01
4.618692100048065186e-01 6.431979537010192871e-01 4.496823251247406006e-01 5.136506557464599609e-01 5.734020471572875977e-01 7.788380980491638184e-01 7.411136627197265625e-01 3.268697857856750488e-01 6.703686714172363281e-01 5.881277322769165039e-01
1.746624708175659180e-01 6.431979537010192871e-01 4.496823251247406006e-01 5.136506557464599609e-01 6.926071047782897949e-01 9.029753208160400391e-01 6.581373214721679688e-01 3.268697857856750488e-01 7.718113064765930176e-01 5.881277322769165039e-01
2.542144954204559326e-01 6.431979537010192871e-01 4.496823251247406006e-01 5.136506557464599609e-01 6.926071047782897949e-01 7.832816243171691895e-01 6.581373214721679688e-01 3.268697857856750488e-01 5.374299883842468262e-01 5.881277322769165039e-01
2.542144954204559326e-01 6.431979537010192871e-01 4.496823251247406006e-01 5.136506557464599609e-01 8.146123290061950684e-01 8.563932180404663086e-01 6.581373214721679688e-01 3.268697857856750488e-01 5.374299883842468262e-01 5.881277322769165039e-01
2.542144954204559326e-01 6.431979537010192871e-01 4.496823251247406006e-01 5.136506557464599609e-01 9.224715232849121094e-01 7.911255955696105957e-01 6.581373214721679688e-01 3.268697857856750488e-01 2.459221184253692627e-01 5.881277322769165039e-01
1.746624708175659180e-01 5.213994383811950684e-01 4.496823251247406006e-01 5.136506557464599609e-01 9.703404903411865234e-01 8.888282179832458496e-01 6.581373214721679688e-01 3.268697857856750488e-01 2.459221184253692627e-01 5.881277322769165039e-01
1.746624708175659180e-01 5.213994383811950684e-01 4.496823251247406006e-01 5.136506557464599609e-01 8.541579246520996094e-01 8.318260312080383301e-01 6.581373214721679688e-01 3.268697857856750488e-01 1.875123381614685059e-01 5.881277322769165039e-01
5.585036873817443848e-01 5.213994383811950684e-01 4.496823251247406006e-01 5.136506557464599609e-01 6.326603293418884277e-01 5.078581571578979492e-01 7.411136627197265625e-01 3.268697857856750488e-01 1.875123381614685059e-01 7.274498939514160156e-01
2.377553284168243408e-01 5.213994383811950684e-01 4.496823251247406006e-01 5.136506557464599609e-01 4.756891131401062012e-01 2.032093256711959839e-01 6.581373214721679688e-01 3.268697857856750488e-01 1.113359257578849792e-01 7.274498939514160156e-01
2.377553284168243408e-01 5.213994383811950684e-01 4.496823251247406006e-01 4.059036076068878174e-01 4.458495676517486572e-01 1.101189032196998596e-01 6.581373214721679688e-01 3.268697857856750488e-01 1.113359257578849792e-01 7.274498939514160156e-01
2.170706987380981445e-01 5.213994383811950684e-01 4.496823251247406006e-01 4.059036076068878174e-01 7.271930575370788574e-01 3.951914012432098389e-01 6.581373214721679688e-01 3.268697857856750488e-01 1.875123381614685059e-01 7.274498939514160156e-01
2.900981009006500244e-01 5.213994383811950684e-01 4.496823251247406006e-01 4.191834926605224609e-01 3.390669822692871094e-01 4.265002310276031494e-01 3.450083732604980469e-01 3.268697857856750488e-01 1.875123381614685059e-01 7.274498939514160156e-01
2.900981009006500244e-01 5.213994383811950684e-01 4.339220523834228516e-01 5.122815966606140137e-01 6.191199421882629395e-01 7.866168618202209473e-01 2.330029606819152832e-01 2.506118416786193848e-01 2.460812926292419434e-01 5.183680057525634766e-01
6.236827373504638672e-01 5.213994383811950684e-01 4.339220523834228516e-01 5.122815966606140137e-01 6.191199421882629395e-01 7.577059268951416016e-01 6.435775160789489746e-01 7.034379839897155762e-01 5.658580064773559570e-01 5.183680057525634766e-01
5.292908549308776855e-01 5.213994383811950684e-01 4.496823251247406006e-01 4.191834926605224609e-01 3.587673008441925049e-01 4.608264267444610596e-01 3.450083732604980469e-01 3.268697857856750488e-01 3.508690297603607178e-01 7.274498939514160156e-01
5.292908549308776855e-01 5.213994383811950684e-01 4.496823251247406006e-01 4.191834926605224609e-01 7.093375921249389648e-01 3.404202759265899658e-01 6.581373214721679688e-01 3.268697857856750488e-01 4.948751032352447510e-01 7.274498939514160156e-01
5.292908549308776855e-01 5.213994383811950684e-01 4.339220523834228516e-01 7.250095009803771973e-01 8.209652900695800781e-01 8.185890316963195801e-01 5.261328816413879395e-01 7.034379839897155762e-01 7.357276082038879395e-01 5.183680057525634766e-01
5.292908549308776855e-01 5.213994383811950684e-01 4.339220523834228516e-01 7.250095009803771973e-01 7.080961465835571289e-01 6.602728366851806641e-01 5.261328816413879395e-01 2.506118416786193848e-01 8.368248939514160156e-01 5.183680057525634766e-01
5.292908549308776855e-01 5.213994383811950684e-01 4.339220523834228516e-01 7.357991933822631836e-01 6.530758738517761230e-01 8.346676826477050781e-01 5.261328816413879395e-01 2.506118416786193848e-01 4.322344064712524414e-01 5.183680057525634766e-01
6.236827373504638672e-01 5.213994383811950684e-01 4.339220523834228516e-01 5.122815966606140137e-01 6.353464722633361816e-01 9.585073590278625488e-01 8.940795063972473145e-01 3.905241787433624268e-01 7.985832095146179199e-01 6.719486117362976074e-01
6.365482211112976074e-01 3.537489771842956543e-01 4.339220523834228516e-01 7.166233062744140625e-01 2.708829939365386963e-01 9.789319634437561035e-01 7.460339665412902832e-01 5.511872172355651855e-01 5.485389828681945801e-01 7.559073567390441895e-01
6.365482211112976074e-01 3.537489771842956543e-01 4.339220523834228516e-01 5.638768076896667480e-01 2.596643567085266113e-01 9.642878174781799316e-01 6.555930972099304199e-01 5.714457631111145020e-01 7.962306737899780273e-01 7.559073567390441895e-01
6.365482211112976074e-01 3.537489771842956543e-01 4.339220523834228516e-01 7.962979674339294434e-01 6.506174802780151367e-01 8.912959098815917969e-01 5.656558275222778320e-01 5.548445582389831543e-01 7.682380676269531250e-01 7.559073567390441895e-01
6.365482211112976074e-01 3.537489771842956543e-01 4.339220523834228516e-01 7.962979674339294434e-01 6.506174802780151367e-01 9.559189081192016602e-01 4.322054088115692139e-01 5.548445582389831543e-01 6.564419269561767578e-01 6.698519587516784668e-01
4.756655395030975342e-01 3.181622624397277832e-01 4.339220523834228516e-01 5.638768076896667480e-01 2.646474242210388184e-01 8.008612990379333496e-01 7.460339665412902832e-01 7.034379839897155762e-01 4.829334318637847900e-01 6.698519587516784668e-01
1.746624708175659180e-01 6.431979537010192871e-01 4.339220523834228516e-01 8.115004897117614746e-01 2.247360646724700928e-01 7.493256926536560059e-01 2.330029606819152832e-01 5.714457631111145020e-01 2.034429758787155151e-01 5.183680057525634766e-01
1.746624708175659180e-01 6.431979537010192871e-01 4.339220523834228516e-01 8.115004897117614746e-01 1.639254540205001831e-01 3.719605803489685059e-01 1.812142133712768555e-01 2.506118416786193848e-01 5.874772667884826660e-01 6.719486117362976074e-01
1.746624708175659180e-01 8.716971874237060547e-01 7.376250028610229492e-01 8.029745817184448242e-01 2.016943842172622681e-01 3.719605803489685059e-01 7.680248618125915527e-01 3.905241787433624268e-01 5.874772667884826660e-01 6.719486117362976074e-01
1.746624708175659180e-01 8.716971874237060547e-01 7.376250028610229492e-01 7.250095009803771973e-01 3.174216449260711670e-01 5.044329762458801270e-01 7.680248618125915527e-01 3.905241787433624268e-01 7.207666635513305664e-01 6.719486117362976074e-01
1.746624708175659180e-01 8.041486144065856934e-01 7.376250028610229492e-01 7.250095009803771973e-01 3.174216449260711670e-01 6.315022706985473633e-01 7.680248618125915527e-01 3.905241787433624268e-01 8.174518942832946777e-01 7.576552629470825195e-01
5.292908549308776855e-01 8.041486144065856934e-01 7.376250028610229492e-01 7.250095009803771973e-01 7.567461133003234863e-01 8.701339364051818848e-01 5.867992639541625977e-01 3.905241787433624268e-01 7.916114926338195801e-01 7.576552629470825195e-01
5.292908549308776855e-01 8.041486144065856934e-01 7.376250028610229492e-01 7.250095009803771973e-01 8.979746699333190918e-01 8.478881120681762695e-01 7.680248618125915527e-01 3.905241787433624268e-01 9.213437438011169434e-01 6.719486117362976074e-01
2.170706987380981445e-01 8.716971874237060547e-01 7.376250028610229492e-01 7.250095009803771973e-01 7.297636270523071289e-01 7.906177043914794922e-01 8.462887406349182129e-01 3.905241787433624268e-01 8.867913484573364258e-01 6.719486117362976074e-01
1.746624708175659180e-01 8.716971874237060547e-01 7.376250028610229492e-01 7.250095009803771973e-01 9.382363557815551758e-01 8.478920459747314453e-01 8.462887406349182129e-01 3.905241787433624268e-01 8.867913484573364258e-01 6.719486117362976074e-01
4.618692100048065186e-01 8.716971874237060547e-01 7.376250028610229492e-01 7.250095009803771973e-01 9.382363557815551758e-01 8.842259049415588379e-01 9.703484773635864258e-01 8.196482658386230469e-01 9.213437438011169434e-01 6.719486117362976074e-01
4.618692100048065186e-01 8.041486144065856934e-01 7.376250028610229492e-01 7.250095009803771973e-01 9.382363557815551758e-01 8.795923590660095215e-01 9.703484773635864258e-01 3.905241787433624268e-01 7.942334413528442383e-01 6.719486117362976074e-01
4.618692100048065186e-01 8.041486144065856934e-01 7.376250028610229492e-01 8.029745817184448242e-01 8.498231172561645508e-01 9.003982543945312500e-01 8.462887406349182129e-01 3.905241787433624268e-01 4.339407384395599365e-01 7.274498939514160156e-01
1.746624708175659180e-01 8.041486144065856934e-01 7.376250028610229492e-01 8.029745817184448242e-01 8.860217928886413574e-01 9.316772818565368652e-01 8.462887406349182129e-01 3.905241787433624268e-01 7.207666635513305664e-01 6.719486117362976074e-01
5.585036873817443848e-01 8.041486144065856934e-01 7.376250028610229492e-01 8.029745817184448242e-01 7.737379670143127441e-01 9.122049808502197266e-01 8.462887406349182129e-01 3.905241787433624268e-01 7.942334413528442383e-01 6.719486117362976074e-01
5.585036873817443848e-01 8.041486144065856934e-01 7.376250028610229492e-01 8.029745817184448242e-01 7.737379670143127441e-01 9.502748250961303711e-01 9.516416788101196289e-01 8.196482658386230469e-01 7.942334413528442383e-01 6.719486117362976074e-01
5.585036873817443848e-01 8.041486144065856934e-01 7.376250028610229492e-01 5.122815966606140137e-01 6.882057189941406250e-01 7.699993252754211426e-01 9.516416788101196289e-01 8.196482658386230469e-01 6.864890456199645996e-01 6.719486117362976074e-01
6.236827373504638672e-01 8.041486144065856934e-01 7.376250028610229492e-01 4.985841214656829834e-01 7.992817759513854980e-01 8.447638154029846191e-01 9.516416788101196289e-01 8.196482658386230469e-01 8.837404251098632812e-01 6.719486117362976074e-01
5.292908549308776855e-01 8.041486144065856934e-01 7.376250028610229492e-01 7.357991933822631836e-01 9.580367207527160645e-01 8.958158493041992188e-01 9.703484773635864258e-01 8.196482658386230469e-01 7.942334413528442383e-01 6.719486117362976074e-01
5.292908549308776855e-01 8.041486144065856934e-01 7.376250028610229492e-01 7.357991933822631836e-01 9.404182434082031250e-01 8.790669441223144531e-01 9.703484773635864258e-01 8.196482658386230469e-01 7.942334413528442383e-01 6.719486117362976074e-01
5.292908549308776855e-01 8.716971874237060547e-01 7.376250028610229492e-01 7.250095009803771973e-01 9.642100334167480469e-01 9.336043596267700195e-01 9.703484773635864258e-01 8.196482658386230469e-01 8.505269885063171387e-01 6.719486117362976074e-01
5.292908549308776855e-01 8.716971874237060547e-01 7.376250028610229492e-01 7.250095009803771973e-01 9.537557363510131836e-01 9.344246983528137207e-01 9.703484773635864258e-01 8.196482658386230469e-01 9.264037013053894043e-01 6.719486117362976074e-01
5.292908549308776855e-01 8.041486144065856934e-01 7.376250028610229492e-01 7.250095009803771973e-01 9.537557363510131836e-01 9.762272834777832031e-01 9.703484773635864258e-01 8.196482658386230469e-01 7.563912868499755859e-01 6.719486117362976074e-01
5.292908549308776855e-01 8.041486144065856934e-01 7.376250028610229492e-01 7.250095009803771973e-01 9.759055376052856445e-01 9.722274541854858398e-01 9.703484773635864258e-01 3.905241787433624268e-01 7.563912868499755859e-01 6.719486117362976074e-01
5.292908549308776855e-01 8.041486144065856934e-01 7.376250028610229492e-01 7.250095009803771973e-01 9.702438712120056152e-01 9.678952693939208984e-01 9.703484773635864258e-01 3.905241787433624268e-01 7.563912868499755859e-01 6.719486117362976074e-01
5.292908549308776855e-01 8.041486144065856934e-01 4.496823251247406006e-01 7.114580273628234863e-01 8.603402376174926758e-01 9.719380736351013184e-01 9.350448250770568848e-01 4.819742143154144287e-01 3.814423978328704834e-01 7.274498939514160156e-01
5.292908549308776855e-01 8.041486144065856934e-01 4.496823251247406006e-01 7.114580273628234863e-01 8.603402376174926758e-01 9.661891460418701172e-01 9.350448250770568848e-01 4.819742143154144287e-01 4.961280226707458496e-01 7.274498939514160156e-01
2.170706987380981445e-01 8.716971874237060547e-01 4.496823251247406006e-01 7.114580273628234863e-01 7.346173524856567383e-01 9.750205874443054199e-01 8.753634691238403320e-01 4.819742143154144287e-01 4.961280226707458496e-01 7.274498939514160156e-01
2.170706987380981445e-01 8.041486144065856934e-01 4.496823251247406006e-01 7.114580273628234863e-01 7.346173524856567383e-01 9.551401138305664062e-01 9.350448250770568848e-01 4.819742143154144287e-01 4.961280226707458496e-01 7.274498939514160156e-01
2.406041473150253296e-01 8.716971874237060547e-01 4.496823251247406006e-01 4.763839542865753174e-01 6.006287336349487305e-01 9.524230360984802246e-01 9.051807522773742676e-01 4.819742143154144287e-01 3.653976023197174072e-01 7.274498939514160156e-01
2.170706987380981445e-01 8.041486144065856934e-01 4.496823251247406006e-01 7.114580273628234863e-01 7.449000477790832520e-01 9.777651429176330566e-01 9.051807522773742676e-01 4.819742143154144287e-01 4.330431222915649414e-01 7.274498939514160156e-01
2.170706987380981445e-01 8.041486144065856934e-01 4.496823251247406006e-01 7.114580273628234863e-01 9.022766947746276855e-01 8.515601158142089844e-01 9.051807522773742676e-01 4.819742143154144287e-01 7.129310965538024902e-01 7.274498939514160156e-01
2.170706987380981445e-01 8.041486144065856934e-01 4.496823251247406006e-01 4.763839542865753174e-01 7.298684120178222656e-01 8.002599477767944336e-01 9.051807522773742676e-01 7.406944632530212402e-01 7.129310965538024902e-01 7.274498939514160156e-01
2.170706987380981445e-01 8.766934275627136230e-01 4.496823251247406006e-01 7.114580273628234863e-01 7.298684120178222656e-01 8.783326148986816406e-01 9.051807522773742676e-01 7.406944632530212402e-01 7.129310965538024902e-01 7.274498939514160156e-01
2.170706987380981445e-01 8.041486144065856934e-01 4.496823251247406006e-01 7.114580273628234863e-01 6.654255390167236328e-01 9.214996695518493652e-01 9.214996099472045898e-01 4.819742143154144287e-01 4.330431222915649414e-01 7.274498939514160156e-01
2.170706987380981445e-01 8.041486144065856934e-01 4.496823251247406006e-01 4.763839542865753174e-01 6.654255390167236328e-01 9.046361446380615234e-01 9.214996099472045898e-01 4.819742143154144287e-01 4.976306855678558350e-01 7.274498939514160156e-01
2.170706987380981445e-01 8.041486144065856934e-01 4.496823251247406006e-01 4.763839542865753174e-01 2.761373221874237061e-01 9.651399254798889160e-01 7.005943655967712402e-01 4.819742143154144287e-01 4.133240282535552979e-01 7.274498939514160156e-01
2.170706987380981445e-01 8.041486144065856934e-01 4.496823251247406006e-01 3.712497651576995850e-01 3.046877980232238770e-01 9.451022148132324219e-01 7.005943655967712402e-01 4.819742143154144287e-01 4.133240282535552979e-01 7.274498939514160156e-01
2.170706987380981445e-01 8.041486144065856934e-01 4.496823251247406006e-01 4.763839542865753174e-01 3.098853230476379395e-01 9.423981308937072754e-01 7.383741140365600586e-01 4.819742143154144287e-01 4.133240282535552979e-01 7.274498939514160156e-01
2.170706987380981445e-01 8.041486144065856934e-01 4.496823251247406006e-01 3.712497651576995850e-01 3.046877980232238770e-01 9.674822688102722168e-01 7.383741140365600586e-01 4.819742143154144287e-01 4.133240282535552979e-01 7.274498939514160156e-01
3.754189908504486084e-01 8.041486144065856934e-01 4.496823251247406006e-01 4.900675714015960693e-01 5.011194348335266113e-01 9.823908805847167969e-01 7.383741140365600586e-01 4.819742143154144287e-01 4.133240282535552979e-01 7.274498939514160156e-01
3.754189908504486084e-01 8.041486144065856934e-01 4.496823251247406006e-01 7.225760221481323242e-01 3.773815631866455078e-01 9.441137909889221191e-01 9.340297579765319824e-01 4.819742143154144287e-01 4.133240282535552979e-01 7.274498939514160156e-01
3.925310075283050537e-01 6.375041007995605469e-01 4.496823251247406006e-01 7.225760221481323242e-01 2.683636844158172607e-01 6.294415593147277832e-01 5.186406970024108887e-01 4.819742143154144287e-01 2.925358712673187256e-01 7.274498939514160156e-01
5.989283323287963867e-01 6.375041007995605469e-01 7.376250028610229492e-01 4.554606080055236816e-01 3.821802139282226562e-01 9.224456548690795898e-01 7.869397997856140137e-01 8.196482658386230469e-01 6.570160984992980957e-01 6.719486117362976074e-01
5.989283323287963867e-01 6.375041007995605469e-01 7.376250028610229492e-01 4.554606080055236816e-01 4.635841846466064453e-01 9.752727746963500977e-01 7.869397997856140137e-01 3.905241787433624268e-01 7.526795864105224609e-01 6.719486117362976074e-01
5.989283323287963867e-01 6.375041007995605469e-01 7.376250028610229492e-01 4.554606080055236816e-01 5.036856532096862793e-01 9.752727746963500977e-01 6.829727888107299805e-01 3.905241787433624268e-01 7.526795864105224609e-01 6.719486117362976074e-01
5.989283323287963867e-01 6.375041007995605469e-01 7.376250028610229492e-01 4.554606080055236816e-01 4.317700564861297607e-01 9.703518152236938477e-01 6.904150843620300293e-01 3.905241787433624268e-01 7.526795864105224609e-01 6.719486117362976074e-01
5.989283323287963867e-01 8.041486144065856934e-01 7.376250028610229492e-01 5.122815966606140137e-01 6.985943913459777832e-01 9.703518152236938477e-01 7.869397997856140137e-01 3.905241787433624268e-01 7.526795864105224609e-01 6.719486117362976074e-01
5.989283323287963867e-01 8.041486144065856934e-01 5.254008173942565918e-01 5.122815966606140137e-01 6.761798262596130371e-01 9.783227443695068359e-01 7.109228372573852539e-01 8.196482658386230469e-01 6.862707734107971191e-01 7.880889773368835449e-01
5.989283323287963867e-01 8.041486144065856934e-01 5.254008173942565918e-01 5.122815966606140137e-01 5.977404117584228516e-01 9.626097679138183594e-01 7.109228372573852539e-01 8.196482658386230469e-01 8.116006851196289062e-01 6.655113101005554199e-01
8.113258481025695801e-01 8.041486144065856934e-01 5.254008173942565918e-01 5.122815966606140137e-01 5.977404117584228516e-01 9.255142807960510254e-01 7.479264140129089355e-01 8.196482658386230469e-01 7.010144591331481934e-01 6.655113101005554199e-01
4.360945224761962891e-01 6.375041007995605469e-01 7.376250028610229492e-01 4.554606080055236816e-01 4.220504760742187500e-01 9.804080128669738770e-01 8.555418848991394043e-01 8.196482658386230469e-01 7.574628591537475586e-01 6.655113101005554199e-01
7.447370290756225586e-01 8.041486144065856934e-01 7.376250028610229492e-01 7.357991933822631836e-01 4.310598671436309814e-01 9.985399246215820312e-01 7.726597189903259277e-01 6.405850052833557129e-01 6.722643971443176270e-01 5.228639841079711914e-01
7.926304936408996582e-01 8.041486144065856934e-01 5.254008173942565918e-01 7.357991933822631836e-01 6.649230718612670898e-01 9.989030361175537109e-01 9.366822838783264160e-01 8.196482658386230469e-01 7.999867200851440430e-01 8.502164483070373535e-01
7.926304936408996582e-01 8.041486144065856934e-01 7.376250028610229492e-01 7.357991933822631836e-01 5.663542151451110840e-01 9.986503720283508301e-01 7.726597189903259277e-01 6.405850052833557129e-01 6.722643971443176270e-01 5.228639841079711914e-01
7.926304936408996582e-01 8.041486144065856934e-01 7.376250028610229492e-01 7.250095009803771973e-01 5.494294166564941406e-01 9.719046354293823242e-01 5.931367874145507812e-01 3.901480734348297119e-01 7.002924680709838867e-01 7.576552629470825195e-01
5.032725334167480469e-01 6.375041007995605469e-01 7.376250028610229492e-01 4.419059157371520996e-01 4.667089581489562988e-01 9.559919834136962891e-01 5.471680164337158203e-01 5.751057863235473633e-01 8.110737204551696777e-01 7.576552629470825195e-01
5.032725334167480469e-01 6.375041007995605469e-01 5.254008173942565918e-01 4.554606080055236816e-01 3.647103309631347656e-01 9.953487515449523926e-01 5.176206827163696289e-01 5.751057863235473633e-01 8.473970293998718262e-01 8.502164483070373535e-01
5.032725334167480469e-01 8.041486144065856934e-01 7.376250028610229492e-01 4.985841214656829834e-01 3.806824684143066406e-01 9.501348137855529785e-01 5.471680164337158203e-01 5.751057863235473633e-01 7.647506594657897949e-01 7.576552629470825195e-01
7.926304936408996582e-01 8.041486144065856934e-01 7.376250028610229492e-01 7.250095009803771973e-01 4.667089581489562988e-01 9.953487515449523926e-01 5.931367874145507812e-01 5.751057863235473633e-01 7.513861060142517090e-01 7.576552629470825195e-01
3.887723684310913086e-01 8.041486144065856934e-01 5.254008173942565918e-01 5.974175930023193359e-01 5.644269585609436035e-01 9.503462910652160645e-01 5.641999244689941406e-01 6.405850052833557129e-01 8.561557531356811523e-01 8.502164483070373535e-01
4.993251264095306396e-01 8.041486144065856934e-01 5.254008173942565918e-01 5.122815966606140137e-01 5.747316479682922363e-01 9.847506284713745117e-01 8.039440512657165527e-01 6.405850052833557129e-01 8.561557531356811523e-01 8.502164483070373535e-01
5.292908549308776855e-01 8.987838625907897949e-01 7.376250028610229492e-01 7.250095009803771973e-01 7.079238891601562500e-01 9.962677359580993652e-01 8.567135334014892578e-01 6.405850052833557129e-01 2.771681845188140869e-01 8.029094338417053223e-01
5.292908549308776855e-01 7.328758835792541504e-01 4.496823251247406006e-01 7.114580273628234863e-01 3.238834440708160400e-01 9.921576976776123047e-01 8.952745795249938965e-01 4.819742143154144287e-01 2.771681845188140869e-01 5.881277322769165039e-01
7.374434471130371094e-01 7.328758835792541504e-01 4.496823251247406006e-01 7.599115371704101562e-01 3.666005730628967285e-01 9.880121946334838867e-01 9.344468712806701660e-01 4.819742143154144287e-01 4.311468601226806641e-01 5.881277322769165039e-01
5.292908549308776855e-01 6.773297190666198730e-01 4.496823251247406006e-01 7.114580273628234863e-01 4.655543565750122070e-01 9.864609241485595703e-01 9.340297579765319824e-01 4.819742143154144287e-01 4.133240282535552979e-01 5.881277322769165039e-01
5.292908549308776855e-01 6.773297190666198730e-01 4.496823251247406006e-01 7.114580273628234863e-01 7.241032719612121582e-01 9.864609241485595703e-01 9.340297579765319824e-01 4.819742143154144287e-01 4.133240282535552979e-01 5.881277322769165039e-01
5.292908549308776855e-01 5.591976046562194824e-01 4.496823251247406006e-01 7.114580273628234863e-01 7.453290820121765137e-01 9.721998572349548340e-01 9.340297579765319824e-01 4.819742143154144287e-01 5.811416506767272949e-01 7.274498939514160156e-01
5.292908549308776855e-01 5.591976046562194824e-01 4.496823251247406006e-01 7.114580273628234863e-01 5.279616713523864746e-01 9.845377206802368164e-01 9.340297579765319824e-01 4.819742143154144287e-01 5.811416506767272949e-01 7.274498939514160156e-01
5.292908549308776855e-01 5.591976046562194824e-01 4.496823251247406006e-01 7.114580273628234863e-01 6.862816214561462402e-01 9.789823293685913086e-01 9.340297579765319824e-01 4.819742143154144287e-01 5.811416506767272949e-01 7.274498939514160156e-01
4.176378250122070312e-01 8.041486144065856934e-01 7.376250028610229492e-01 7.250095009803771973e-01 6.426847577095031738e-01 9.922170639038085938e-01 9.082767367362976074e-01 6.405850052833557129e-01 8.407334685325622559e-01 6.719486117362976074e-01
3.887723684310913086e-01 8.041486144065856934e-01 5.254008173942565918e-01 4.985841214656829834e-01 3.826326131820678711e-01 9.556355476379394531e-01 7.003639936447143555e-01 6.405850052833557129e-01 8.407334685325622559e-01 7.880889773368835449e-01
4.176378250122070312e-01 8.041486144065856934e-01 7.376250028610229492e-01 3.922204971313476562e-01 6.176821589469909668e-01 9.931018352508544922e-01 8.043800592422485352e-01 6.405850052833557129e-01 8.407334685325622559e-01 6.719486117362976074e-01
2.296184897422790527e-01 6.375041007995605469e-01 5.254008173942565918e-01 3.394479751586914062e-01 3.375422060489654541e-01 9.501348137855529785e-01 4.538507163524627686e-01 3.901480734348297119e-01 8.502522110939025879e-01 6.719486117362976074e-01
2.296184897422790527e-01 5.591976046562194824e-01 4.496823251247406006e-01 6.154196262359619141e-01 2.881180644035339355e-01 8.959318399429321289e-01 7.410210371017456055e-01 4.819742143154144287e-01 5.987710952758789062e-01 7.274498939514160156e-01
2.296184897422790527e-01 5.591976046562194824e-01 4.496823251247406006e-01 6.154196262359619141e-01 1.668608188629150391e-01 7.176481485366821289e-01 7.410210371017456055e-01 4.819742143154144287e-01 5.987710952758789062e-01 7.274498939514160156e-01
2.296184897422790527e-01 5.591976046562194824e-01 4.496823251247406006e-01 6.154196262359619141e-01 2.272309362888336182e-01 7.029789090156555176e-01 7.410210371017456055e-01 4.819742143154144287e-01 5.175263881683349609e-01 7.274498939514160156e-01
2.296184897422790527e-01 5.591976046562194824e-01 4.496823251247406006e-01 6.154196262359619141e-01 2.186317443847656250e-01 7.176481485366821289e-01 7.410210371017456055e-01 4.819742143154144287e-01 5.175263881683349609e-01 7.274498939514160156e-01
2.296184897422790527e-01 5.591976046562194824e-01 4.496823251247406006e-01 6.154196262359619141e-01 5.032619833946228027e-01 8.398455381393432617e-01 7.410210371017456055e-01 4.819742143154144287e-01 5.175263881683349609e-01 7.274498939514160156e-01
5.292908549308776855e-01 5.591976046562194824e-01 4.496823251247406006e-01 7.114580273628234863e-01 5.098942518234252930e-01 9.825419187545776367e-01 9.340297579765319824e-01 4.819742143154144287e-01 4.133240282535552979e-01 7.274498939514160156e-01
5.292908549308776855e-01 5.591976046562194824e-01 4.496823251247406006e-01 7.114580273628234863e-01 5.093653202056884766e-01 9.852413535118103027e-01 9.340297579765319824e-01 4.819742143154144287e-01 4.133240282535552979e-01 7.274498939514160156e-01
5.292908549308776855e-01 5.591976046562194824e-01 4.496823251247406006e-01 7.114580273628234863e-01 5.098942518234252930e-01 9.835708141326904297e-01 9.340297579765319824e-01 4.819742143154144287e-01 4.133240282535552979e-01 7.274498939514160156e-01
5.292908549308776855e-01 6.501119732856750488e-01 4.496823251247406006e-01 7.114580273628234863e-01 6.673197150230407715e-01 9.689532518386840820e-01 9.340297579765319824e-01 4.819742143154144287e-01 6.961154937744140625e-01 7.274498939514160156e-01
5.292908549308776855e-01 7.580392360687255859e-01 4.496823251247406006e-01 7.114580273628234863e-01 7.211660146713256836e-01 8.028301000595092773e-01 8.586183786392211914e-01 4.819742143154144287e-01 4.956108331680297852e-01 7.274498939514160156e-01
5.292908549308776855e-01 7.580392360687255859e-01 4.496823251247406006e-01 7.114580273628234863e-01 7.835969328880310059e-01 9.781196117401123047e-01 9.340297579765319824e-01 4.819742143154144287e-01 5.596570968627929688e-01 6.213487982749938965e-01
2.296184897422790527e-01 8.222535848617553711e-01 4.496823251247406006e-01 7.114580273628234863e-01 4.166712760925292969e-01 9.046203494071960449e-01 7.410210371017456055e-01 4.819742143154144287e-01 4.956108331680297852e-01 6.213487982749938965e-01
4.579260349273681641e-01 8.222535848617553711e-01 4.496823251247406006e-01 8.900905847549438477e-01 2.770862579345703125e-01 8.146910071372985840e-01 7.410210371017456055e-01 4.819742143154144287e-01 6.217261552810668945e-01 6.213487982749938965e-01
