4.360693097114562988e-01 4.898060262203216553e-01 5.770981907844543457e-01 3.996358811855316162e-01 5.639312863349914551e-01 1.548912525177001953e-01 2.039561271667480469e-01 6.978403031826019287e-02 3.741924166679382324e-01 4.975663721561431885e-01
4.360693097114562988e-01 7.494266629219055176e-01 9.535382986068725586e-01 5.662523508071899414e-01 5.639312863349914551e-01 3.789959251880645752e-01 7.711549401283264160e-01 6.978403031826019287e-02 2.184038311243057251e-01 4.975663721561431885e-01
4.360693097114562988e-01 7.494266629219055176e-01 5.770981907844543457e-01 3.019033670425415039e-01 5.639312863349914551e-01 3.789959251880645752e-01 2.039561271667480469e-01 6.978403031826019287e-02 2.184038311243057251e-01 4.975663721561431885e-01
8.294602632522583008e-01 8.576577305793762207e-01 4.953266382217407227e-01 7.293766736984252930e-01 7.941281795501708984e-01 7.921298146247863770e-01 2.039561271667480469e-01 1.850453317165374756e-01 2.184038311243057251e-01 7.199767231941223145e-01
8.294602632522583008e-01 8.379873037338256836e-01 9.702881574630737305e-01 2.997133135795593262e-01 7.941281795501708984e-01 9.442753791809082031e-01 8.782144784927368164e-01 7.157396078109741211e-01 6.637368798255920410e-01 4.627653062343597412e-01
3.681889474391937256e-01 9.257673025131225586e-01 9.817266464233398438e-01 8.303965926170349121e-01 7.941281795501708984e-01 5.031326413154602051e-01 4.983672797679901123e-01 7.921414971351623535e-01 6.637368798255920410e-01 4.627653062343597412e-01
3.681889474391937256e-01 9.331248998641967773e-01 9.931491017341613770e-01 2.218030691146850586e-01 7.941281795501708984e-01 7.188043594360351562e-01 5.788667201995849609e-01 7.157396078109741211e-01 6.637368798255920410e-01 4.972175955772399902e-01
3.681889474391937256e-01 9.331248998641967773e-01 9.931491017341613770e-01 3.828041851520538330e-01 7.941281795501708984e-01 2.234228104352951050e-01 4.983672797679901123e-01 7.157396078109741211e-01 6.637368798255920410e-01 4.627653062343597412e-01
3.681889474391937256e-01 9.420432448387145996e-01 9.839150905609130859e-01 5.748370885848999023e-01 7.941281795501708984e-01 4.355163574218750000e-01 2.637000381946563721e-02 3.938478827476501465e-01 6.637368798255920410e-01 2.945376038551330566e-01
3.681889474391937256e-01 9.420432448387145996e-01 9.234590530395507812e-01 8.934105634689331055e-01 7.941281795501708984e-01 4.355163574218750000e-01 1.046990826725959778e-01 1.850453317165374756e-01 6.637368798255920410e-01 2.945376038551330566e-01
3.681889474391937256e-01 9.331248998641967773e-01 9.839150905609130859e-01 6.009401679039001465e-01 7.941281795501708984e-01 4.355163574218750000e-01 5.788667201995849609e-01 7.157396078109741211e-01 6.637368798255920410e-01 5.386684462428092957e-02
3.681889474391937256e-01 9.331248998641967773e-01 9.839150905609130859e-01 5.552325844764709473e-01 7.941281795501708984e-01 4.355163574218750000e-01 5.788667201995849609e-01 3.189616501331329346e-01 6.637368798255920410e-01 2.222660332918167114e-01
3.681889474391937256e-01 4.898060262203216553e-01 8.101559877395629883e-01 5.746617913246154785e-01 7.941281795501708984e-01 4.355163574218750000e-01 2.637000381946563721e-02 1.406486332416534424e-01 6.637368798255920410e-01 3.982966542243957520e-01
6.177450418472290039e-01 8.576577305793762207e-01 8.732960224151611328e-01 3.822060525417327881e-01 7.941281795501708984e-01 4.355163574218750000e-01 2.637000381946563721e-02 3.189616501331329346e-01 6.637368798255920410e-01 3.982966542243957520e-01
6.177450418472290039e-01 4.898060262203216553e-01 8.656102418899536133e-01 5.746617913246154785e-01 7.941281795501708984e-01 4.355163574218750000e-01 6.409393996000289917e-02 1.406486332416534424e-01 6.637368798255920410e-01 2.945376038551330566e-01
6.177450418472290039e-01 6.698026657104492188e-01 9.156153798103332520e-01 3.822060525417327881e-01 7.941281795501708984e-01 4.355163574218750000e-01 4.738809168338775635e-01 3.189616501331329346e-01 6.637368798255920410e-01 2.945376038551330566e-01
3.681889474391937256e-01 4.814111292362213135e-01 7.067624926567077637e-01 7.958639264106750488e-01 7.941281795501708984e-01 4.355163574218750000e-01 6.409393996000289917e-02 3.189616501331329346e-01 6.637368798255920410e-01 2.945376038551330566e-01
3.681889474391937256e-01 4.814111292362213135e-01 7.067624926567077637e-01 8.101013898849487305e-01 7.941281795501708984e-01 2.234228104352951050e-01 6.409393996000289917e-02 7.157396078109741211e-01 6.637368798255920410e-01 2.945376038551330566e-01
3.681889474391937256e-01 4.814111292362213135e-01 8.656102418899536133e-01 7.958639264106750488e-01 7.941281795501708984e-01 2.340849936008453369e-01 6.409393996000289917e-02 7.157396078109741211e-01 6.637368798255920410e-01 2.945376038551330566e-01
3.681889474391937256e-01 1.128300130367279053e-01 8.592619895935058594e-01 1.675167232751846313e-01 7.941281795501708984e-01 1.023081019520759583e-01 9.462127089500427246e-02 7.157396078109741211e-01 6.637368798255920410e-01 1.527246832847595215e-01
3.681889474391937256e-01 4.297240078449249268e-01 8.592619895935058594e-01 4.036456644535064697e-01 7.941281795501708984e-01 1.023081019520759583e-01 5.788667201995849609e-01 7.157396078109741211e-01 6.637368798255920410e-01 2.297132760286331177e-01
3.681889474391937256e-01 6.779227256774902344e-01 7.652289271354675293e-01 6.404597759246826172e-01 7.941281795501708984e-01 1.023081019520759583e-01 9.462127089500427246e-02 3.189616501331329346e-01 6.637368798255920410e-01 5.386684462428092957e-02
3.681889474391937256e-01 3.440208137035369873e-01 9.581406712532043457e-01 5.587683916091918945e-01 7.941281795501708984e-01 1.023081019520759583e-01 9.462127089500427246e-02 3.189616501331329346e-01 6.637368798255920410e-01 5.386684462428092957e-02
1.837089508771896362e-01 7.565302848815917969e-01 9.581406712532043457e-01 6.404597759246826172e-01 2.491381168365478516e-01 3.161202371120452881e-02 1.432346999645233154e-01 7.368686050176620483e-02 2.689429819583892822e-01 2.297132760286331177e-01
8.167281746864318848e-01 7.565302848815917969e-01 9.960715770721435547e-01 5.771780610084533691e-01 7.069977521896362305e-01 2.246908992528915405e-01 2.408506572246551514e-01 4.646824896335601807e-01 2.689429819583892822e-01 2.222660332918167114e-01
8.167281746864318848e-01 9.439924955368041992e-01 9.869565963745117188e-01 9.709695577621459961e-01 7.069977521896362305e-01 3.555055260658264160e-01 2.408506572246551514e-01 5.602776408195495605e-01 2.689429819583892822e-01 2.222660332918167114e-01
8.167281746864318848e-01 6.702700257301330566e-01 9.655671715736389160e-01 9.153229594230651855e-01 7.069977521896362305e-01 3.555055260658264160e-01 4.949510097503662109e-01 9.071200489997863770e-01 2.689429819583892822e-01 2.222660332918167114e-01
8.167281746864318848e-01 9.439924955368041992e-01 9.869565963745117188e-01 9.250981807708740234e-01 7.069977521896362305e-01 5.729326605796813965e-01 4.949510097503662109e-01 5.602776408195495605e-01 2.689429819583892822e-01 2.222660332918167114e-01
8.167281746864318848e-01 6.702700257301330566e-01 9.006117582321166992e-01 7.160236239433288574e-01 8.220059275627136230e-01 5.729326605796813965e-01 2.147414833307266235e-01 9.715155363082885742e-01 2.689429819583892822e-01 2.222660332918167114e-01
8.167281746864318848e-01 9.439924955368041992e-01 9.084391593933105469e-01 7.160236239433288574e-01 8.220059275627136230e-01 5.729326605796813965e-01 3.766275048255920410e-01 9.388839602470397949e-01 2.689429819583892822e-01 2.222660332918167114e-01
8.229665160179138184e-01 9.439924955368041992e-01 9.084391593933105469e-01 7.640588283538818359e-01 8.220059275627136230e-01 5.729326605796813965e-01 3.766275048255920410e-01 9.388839602470397949e-01 2.689429819583892822e-01 2.222660332918167114e-01
8.229665160179138184e-01 6.702700257301330566e-01 8.950225710868835449e-01 9.730520844459533691e-01 7.069977521896362305e-01 5.729326605796813965e-01 2.147414833307266235e-01 8.147817254066467285e-01 2.689429819583892822e-01 2.222660332918167114e-01
8.229665160179138184e-01 6.702700257301330566e-01 9.869565963745117188e-01 9.730520844459533691e-01 7.069977521896362305e-01 5.729326605796813965e-01 2.147414833307266235e-01 8.147817254066467285e-01 2.689429819583892822e-01 2.222660332918167114e-01
8.229665160179138184e-01 1.631492972373962402e-01 9.300797581672668457e-01 5.590956211090087891e-01 7.069977521896362305e-01 8.435017466545104980e-01 4.090421199798583984e-01 7.440122961997985840e-01 2.689429819583892822e-01 3.982966542243957520e-01
8.229665160179138184e-01 1.848288625478744507e-01 8.247170448303222656e-01 5.751615166664123535e-01 7.069977521896362305e-01 6.716465950012207031e-01 1.830600351095199585e-01 7.440122961997985840e-01 2.689429819583892822e-01 3.982966542243957520e-01
8.229665160179138184e-01 5.359869003295898438e-01 9.617460966110229492e-01 8.481588363647460938e-01 7.069977521896362305e-01 8.817005157470703125e-01 4.090421199798583984e-01 7.440122961997985840e-01 2.689429819583892822e-01 3.982966542243957520e-01
5.187393426895141602e-01 5.359869003295898438e-01 6.172242164611816406e-01 8.481588363647460938e-01 7.069977521896362305e-01 8.817005157470703125e-01 4.090421199798583984e-01 7.440122961997985840e-01 2.689429819583892822e-01 3.982966542243957520e-01
5.187393426895141602e-01 8.667222857475280762e-01 8.636180758476257324e-01 7.465494275093078613e-01 7.069977521896362305e-01 8.817005157470703125e-01 4.270310401916503906e-01 6.501361727714538574e-01 2.689429819583892822e-01 2.279563397169113159e-01
5.187393426895141602e-01 7.447102665901184082e-01 9.324162602424621582e-01 8.866004943847656250e-01 8.220059275627136230e-01 8.817005157470703125e-01 5.206690356135368347e-02 7.377089262008666992e-01 2.689429819583892822e-01 2.279563397169113159e-01
5.187393426895141602e-01 6.221691966056823730e-01 9.324162602424621582e-01 7.405030131340026855e-01 8.220059275627136230e-01 8.817005157470703125e-01 5.206690356135368347e-02 9.075958728790283203e-01 2.689429819583892822e-01 2.279563397169113159e-01
5.187393426895141602e-01 6.221691966056823730e-01 6.212651729583740234e-01 9.885595440864562988e-01 5.560110807418823242e-01 9.335362911224365234e-01 5.206690356135368347e-02 7.377089262008666992e-01 2.689429819583892822e-01 2.279563397169113159e-01
8.167281746864318848e-01 7.434496283531188965e-01 6.212651729583740234e-01 9.364938139915466309e-01 5.560110807418823242e-01 9.335362911224365234e-01 5.206690356135368347e-02 9.075958728790283203e-01 2.689429819583892822e-01 2.279563397169113159e-01
8.167281746864318848e-01 3.379392921924591064e-01 6.212651729583740234e-01 9.499388337135314941e-01 5.560110807418823242e-01 9.335362911224365234e-01 5.206690356135368347e-02 9.075958728790283203e-01 2.689429819583892822e-01 2.279563397169113159e-01
8.167281746864318848e-01 8.088778853416442871e-01 5.712004303932189941e-01 8.907929658889770508e-01 5.560110807418823242e-01 8.817005157470703125e-01 5.206690356135368347e-02 9.075958728790283203e-01 2.689429819583892822e-01 2.279563397169113159e-01
5.187393426895141602e-01 8.088778853416442871e-01 5.712004303932189941e-01 8.907929658889770508e-01 5.560110807418823242e-01 8.817005157470703125e-01 5.206690356135368347e-02 9.075958728790283203e-01 2.689429819583892822e-01 2.279563397169113159e-01
5.187393426895141602e-01 5.568241477012634277e-01 5.712004303932189941e-01 9.597423672676086426e-01 5.560110807418823242e-01 8.817005157470703125e-01 5.206690356135368347e-02 9.075958728790283203e-01 2.689429819583892822e-01 2.279563397169113159e-01
8.167281746864318848e-01 8.770460486412048340e-01 5.712004303932189941e-01 7.160236239433288574e-01 5.560110807418823242e-01 3.692249953746795654e-01 5.206690356135368347e-02 5.636287331581115723e-01 2.689429819583892822e-01 2.279563397169113159e-01
8.167281746864318848e-01 8.770460486412048340e-01 5.712004303932189941e-01 3.653432428836822510e-01 5.560110807418823242e-01 3.692249953746795654e-01 5.206690356135368347e-02 2.883419692516326904e-01 2.689429819583892822e-01 2.279563397169113159e-01
5.187393426895141602e-01 8.770460486412048340e-01 5.712004303932189941e-01 9.144564270973205566e-01 5.560110807418823242e-01 3.692249953746795654e-01 5.206690356135368347e-02 7.549657821655273438e-01 2.689429819583892822e-01 2.279563397169113159e-01
5.187393426895141602e-01 8.770460486412048340e-01 5.712004303932189941e-01 3.653432428836822510e-01 5.560110807418823242e-01 3.692249953746795654e-01 5.206690356135368347e-02 2.883419692516326904e-01 2.689429819583892822e-01 2.279563397169113159e-01
5.187393426895141602e-01 8.770460486412048340e-01 5.712004303932189941e-01 7.713311910629272461e-01 5.560110807418823242e-01 3.692249953746795654e-01 5.206690356135368347e-02 7.549657821655273438e-01 2.689429819583892822e-01 2.279563397169113159e-01
5.187393426895141602e-01 8.770460486412048340e-01 5.712004303932189941e-01 5.365526676177978516e-01 5.560110807418823242e-01 3.692249953746795654e-01 5.206690356135368347e-02 7.549657821655273438e-01 2.689429819583892822e-01 2.279563397169113159e-01
5.187393426895141602e-01 8.770460486412048340e-01 5.712004303932189941e-01 3.587548732757568359e-01 5.560110807418823242e-01 3.692249953746795654e-01 5.206690356135368347e-02 2.883419692516326904e-01 2.689429819583892822e-01 2.279563397169113159e-01
5.187393426895141602e-01 8.770460486412048340e-01 8.940292000770568848e-01 3.587548732757568359e-01 5.560110807418823242e-01 3.692249953746795654e-01 5.206690356135368347e-02 7.549657821655273438e-01 2.689429819583892822e-01 2.279563397169113159e-01
5.187393426895141602e-01 8.770460486412048340e-01 8.940292000770568848e-01 9.039971232414245605e-01 5.560110807418823242e-01 3.692249953746795654e-01 5.206690356135368347e-02 7.549657821655273438e-01 2.689429819583892822e-01 2.279563397169113159e-01
8.167281746864318848e-01 5.681642889976501465e-01 8.940292000770568848e-01 5.049038529396057129e-01 5.560110807418823242e-01 3.530285060405731201e-01 5.206690356135368347e-02 9.632061719894409180e-01 2.689429819583892822e-01 1.047842800617218018e-01
8.167281746864318848e-01 8.770460486412048340e-01 8.940292000770568848e-01 9.039971232414245605e-01 5.560110807418823242e-01 4.132764637470245361e-01 1.082189977169036865e-01 9.349253177642822266e-01 2.689429819583892822e-01 1.047842800617218018e-01
8.167281746864318848e-01 5.681642889976501465e-01 8.940292000770568848e-01 9.039971232414245605e-01 5.560110807418823242e-01 3.530285060405731201e-01 4.289510473608970642e-02 9.349253177642822266e-01 2.689429819583892822e-01 1.047842800617218018e-01
8.167281746864318848e-01 7.906751036643981934e-01 7.804201841354370117e-01 3.364615738391876221e-01 5.560110807418823242e-01 7.260809540748596191e-01 4.289510473608970642e-02 6.538952589035034180e-01 2.689429819583892822e-01 3.112450614571571350e-02
8.167281746864318848e-01 7.906751036643981934e-01 7.804201841354370117e-01 7.637006044387817383e-01 5.560110807418823242e-01 7.260809540748596191e-01 4.084494709968566895e-01 6.538952589035034180e-01 2.689429819583892822e-01 3.112450614571571350e-02
8.167281746864318848e-01 7.906751036643981934e-01 7.804201841354370117e-01 9.169693589210510254e-01 5.560110807418823242e-01 3.134147226810455322e-01 4.084494709968566895e-01 6.538952589035034180e-01 2.689429819583892822e-01 3.112450614571571350e-02
8.167281746864318848e-01 7.906751036643981934e-01 9.238367080688476562e-01 8.459450006484985352e-01 8.220059275627136230e-01 6.386003494262695312e-01 4.084494709968566895e-01 6.538952589035034180e-01 2.689429819583892822e-01 3.112450614571571350e-02
8.167281746864318848e-01 9.001189470291137695e-01 9.238367080688476562e-01 6.340623497962951660e-01 8.220059275627136230e-01 2.750181853771209717e-01 3.324154317378997803e-01 1.819102019071578979e-01 6.637368798255920410e-01 3.112450614571571350e-02
5.000000000000000000e-01 9.621165990829467773e-01 5.216312408447265625e-01 2.914741635322570801e-01 8.220059275627136230e-01 6.686517596244812012e-01 3.388471305370330811e-01 1.819102019071578979e-01 7.602110505104064941e-01 3.112450614571571350e-02
8.167281746864318848e-01 9.621165990829467773e-01 8.735151290893554688e-01 2.914741635322570801e-01 8.220059275627136230e-01 6.686517596244812012e-01 3.388471305370330811e-01 1.819102019071578979e-01 7.602110505104064941e-01 3.112450614571571350e-02
8.167281746864318848e-01 9.621165990829467773e-01 8.735151290893554688e-01 9.169693589210510254e-01 8.220059275627136230e-01 6.686517596244812012e-01 3.216801583766937256e-02 1.819102019071578979e-01 1.705389320850372314e-01 3.112450614571571350e-02
8.167281746864318848e-01 6.090976595878601074e-01 5.198050737380981445e-01 9.827929735183715820e-01 8.220059275627136230e-01 2.388124763965606689e-01 3.742092549800872803e-01 2.183728516101837158e-01 8.324002623558044434e-01 3.112450614571571350e-02
8.167281746864318848e-01 2.632559835910797119e-01 6.752561032772064209e-02 1.424887124449014664e-02 8.220059275627136230e-01 3.900784999132156372e-02 1.200793087482452393e-01 1.272275596857070923e-01 7.451809644699096680e-01 3.547310456633567810e-02
8.167281746864318848e-01 5.386696755886077881e-02 1.466805934906005859e-01 2.449208647012710571e-01 7.069977521896362305e-01 5.331598520278930664e-01 6.948478221893310547e-01 1.396499108523130417e-02 7.451809644699096680e-01 5.364718288183212280e-02
8.229665160179138184e-01 5.386696755886077881e-02 2.975639402866363525e-01 1.038508713245391846e-01 4.679045677185058594e-01 3.773358762264251709e-01 5.681603550910949707e-01 1.342788189649581909e-01 2.184038311243057251e-01 3.013828024268150330e-02
8.229665160179138184e-01 5.386696755886077881e-02 1.949755251407623291e-01 6.338061094284057617e-01 4.679045677185058594e-01 3.773358762264251709e-01 5.681603550910949707e-01 1.342788189649581909e-01 2.184038311243057251e-01 3.013828024268150330e-02
8.229665160179138184e-01 5.386696755886077881e-02 2.975639402866363525e-01 8.301739692687988281e-01 4.679045677185058594e-01 3.773358762264251709e-01 5.681603550910949707e-01 1.342788189649581909e-01 2.184038311243057251e-01 3.013828024268150330e-02
4.360693097114562988e-01 3.154409825801849365e-01 1.613555848598480225e-01 7.174516320228576660e-01 7.941281795501708984e-01 3.012854158878326416e-01 4.383427798748016357e-01 7.099182903766632080e-02 2.184038311243057251e-01 3.013828024268150330e-02
4.360693097114562988e-01 3.154409825801849365e-01 2.253372520208358765e-01 7.174516320228576660e-01 7.941281795501708984e-01 3.012854158878326416e-01 4.383427798748016357e-01 1.850453317165374756e-01 2.184038311243057251e-01 3.013828024268150330e-02
4.360693097114562988e-01 3.154409825801849365e-01 6.295760869979858398e-01 4.876268804073333740e-01 7.941281795501708984e-01 3.012854158878326416e-01 5.601534992456436157e-02 1.850453317165374756e-01 2.184038311243057251e-01 3.013828024268150330e-02
4.360693097114562988e-01 3.154409825801849365e-01 2.253372520208358765e-01 6.410513073205947876e-02 7.941281795501708984e-01 1.248419359326362610e-01 5.601534992456436157e-02 1.850453317165374756e-01 2.184038311243057251e-01 2.570767700672149658e-01
4.360693097114562988e-01 3.154409825801849365e-01 2.253372520208358765e-01 5.708428099751472473e-02 7.941281795501708984e-01 1.248419359326362610e-01 5.601534992456436157e-02 1.850453317165374756e-01 2.184038311243057251e-01 2.570767700672149658e-01
1.715063750743865967e-01 4.139574766159057617e-01 3.821134269237518311e-01 2.119215577840805054e-01 4.679045677185058594e-01 5.559102892875671387e-01 8.354399204254150391e-01 1.016057655215263367e-01 2.184038311243057251e-01 1.299772560596466064e-01
1.715063750743865967e-01 3.778600394725799561e-01 3.821134269237518311e-01 7.782546281814575195e-01 7.069977521896362305e-01 5.559102892875671387e-01 9.596627354621887207e-01 5.563715100288391113e-01 6.637368798255920410e-01 4.627653062343597412e-01
1.715063750743865967e-01 7.242526412010192871e-01 8.712717890739440918e-01 5.286303758621215820e-01 7.069977521896362305e-01 5.559102892875671387e-01 8.978183865547180176e-01 5.563715100288391113e-01 6.637368798255920410e-01 4.627653062343597412e-01
1.715063750743865967e-01 7.242526412010192871e-01 8.712717890739440918e-01 1.472099572420120239e-01 7.069977521896362305e-01 5.559102892875671387e-01 9.596627354621887207e-01 5.563715100288391113e-01 6.637368798255920410e-01 4.627653062343597412e-01
1.715063750743865967e-01 8.636268377304077148e-01 8.712717890739440918e-01 8.316528797149658203e-01 7.069977521896362305e-01 5.559102892875671387e-01 8.978183865547180176e-01 5.563715100288391113e-01 6.637368798255920410e-01 4.627653062343597412e-01
1.715063750743865967e-01 7.242526412010192871e-01 8.712717890739440918e-01 5.345925092697143555e-01 7.069977521896362305e-01 5.559102892875671387e-01 9.239922761917114258e-01 5.563715100288391113e-01 6.637368798255920410e-01 4.627653062343597412e-01
1.715063750743865967e-01 7.242526412010192871e-01 8.712717890739440918e-01 4.384026229381561279e-01 7.069977521896362305e-01 7.999780178070068359e-01 9.009530544281005859e-01 5.563715100288391113e-01 6.637368798255920410e-01 4.627653062343597412e-01
1.715063750743865967e-01 5.541816949844360352e-01 8.712717890739440918e-01 1.897346079349517822e-01 7.069977521896362305e-01 7.999780178070068359e-01 7.590605616569519043e-01 3.047209978103637695e-01 6.637368798255920410e-01 2.758362293243408203e-01
1.715063750743865967e-01 7.242526412010192871e-01 8.712717890739440918e-01 5.307992696762084961e-01 7.069977521896362305e-01 7.999780178070068359e-01 9.009530544281005859e-01 5.563715100288391113e-01 6.637368798255920410e-01 4.627653062343597412e-01
1.715063750743865967e-01 5.541816949844360352e-01 8.477525115013122559e-01 1.897346079349517822e-01 7.069977521896362305e-01 6.130495071411132812e-01 7.590605616569519043e-01 3.047209978103637695e-01 6.637368798255920410e-01 5.466809272766113281e-01
1.715063750743865967e-01 4.139574766159057617e-01 2.253372520208358765e-01 4.791383147239685059e-01 7.069977521896362305e-01 2.023817002773284912e-01 7.021433115005493164e-01 3.047209978103637695e-01 6.637368798255920410e-01 5.466809272766113281e-01
8.294602632522583008e-01 3.154409825801849365e-01 2.253372520208358765e-01 2.417260408401489258e-01 7.941281795501708984e-01 2.008195370435714722e-01 6.514220833778381348e-01 4.680586457252502441e-01 6.637368798255920410e-01 5.466809272766113281e-01
8.294602632522583008e-01 7.430628538131713867e-01 5.514621734619140625e-02 2.586087286472320557e-01 7.941281795501708984e-01 2.008195370435714722e-01 8.782144784927368164e-01 7.157396078109741211e-01 6.637368798255920410e-01 1.412250399589538574e-01
1.715063750743865967e-01 5.098240375518798828e-01 5.276890397071838379e-01 2.455861568450927734e-01 7.069977521896362305e-01 4.542627632617950439e-01 9.009530544281005859e-01 5.563715100288391113e-01 6.637368798255920410e-01 4.627653062343597412e-01
8.294602632522583008e-01 4.933181703090667725e-01 1.195250749588012695e-01 3.967914879322052002e-01 7.941281795501708984e-01 6.107447147369384766e-01 9.009530544281005859e-01 7.157396078109741211e-01 6.637368798255920410e-01 1.412250399589538574e-01
8.294602632522583008e-01 4.933181703090667725e-01 1.195250749588012695e-01 4.621877893805503845e-02 7.941281795501708984e-01 6.107447147369384766e-01 7.021433115005493164e-01 7.157396078109741211e-01 6.637368798255920410e-01 2.758362293243408203e-01
8.294602632522583008e-01 4.933181703090667725e-01 2.376068569719791412e-02 7.703647483140230179e-03 7.941281795501708984e-01 6.107447147369384766e-01 6.514220833778381348e-01 7.157396078109741211e-01 6.637368798255920410e-01 2.758362293243408203e-01
1.715063750743865967e-01 3.700907230377197266e-01 1.483461856842041016e-01 8.072513341903686523e-02 7.069977521896362305e-01 4.542627632617950439e-01 9.009530544281005859e-01 5.563715100288391113e-01 6.637368798255920410e-01 4.627653062343597412e-01
1.715063750743865967e-01 3.700907230377197266e-01 2.401423156261444092e-01 4.534065425395965576e-01 7.069977521896362305e-01 6.130495071411132812e-01 9.009530544281005859e-01 5.563715100288391113e-01 6.637368798255920410e-01 4.627653062343597412e-01
1.715063750743865967e-01 3.700907230377197266e-01 4.311241209506988525e-01 1.333378702402114868e-01 7.069977521896362305e-01 6.130495071411132812e-01 9.009530544281005859e-01 6.201741099357604980e-01 6.637368798255920410e-01 4.627653062343597412e-01
1.715063750743865967e-01 3.700907230377197266e-01 4.311241209506988525e-01 1.845945417881011963e-01 7.069977521896362305e-01 4.542627632617950439e-01 9.009530544281005859e-01 5.563715100288391113e-01 6.637368798255920410e-01 4.627653062343597412e-01
1.715063750743865967e-01 3.700907230377197266e-01 4.311241209506988525e-01 7.593108415603637695e-01 7.069977521896362305e-01 8.565888553857803345e-02 9.009530544281005859e-01 6.016179323196411133e-01 6.637368798255920410e-01 2.297132760286331177e-01
1.715063750743865967e-01 3.700907230377197266e-01 4.311241209506988525e-01 6.502995491027832031e-01 7.069977521896362305e-01 1.513284146785736084e-01 9.009530544281005859e-01 6.201741099357604980e-01 6.637368798255920410e-01 2.297132760286331177e-01
1.715063750743865967e-01 3.700907230377197266e-01 4.311241209506988525e-01 6.502995491027832031e-01 7.069977521896362305e-01 1.513284146785736084e-01 9.009530544281005859e-01 7.119234204292297363e-01 6.637368798255920410e-01 2.297132760286331177e-01
1.715063750743865967e-01 3.700907230377197266e-01 4.311241209506988525e-01 9.070740342140197754e-01 7.069977521896362305e-01 1.063613221049308777e-01 9.009530544281005859e-01 6.016179323196411133e-01 6.637368798255920410e-01 2.297132760286331177e-01
1.715063750743865967e-01 3.700907230377197266e-01 4.311241209506988525e-01 9.070740342140197754e-01 7.069977521896362305e-01 1.063613221049308777e-01 5.252425670623779297e-01 6.016179323196411133e-01 2.689429819583892822e-01 2.297132760286331177e-01
1.715063750743865967e-01 3.700907230377197266e-01 1.708362698554992676e-01 1.898785978555679321e-01 7.069977521896362305e-01 5.885225906968116760e-02 5.252425670623779297e-01 1.645896732807159424e-01 2.689429819583892822e-01 5.386684462428092957e-02
6.177450418472290039e-01 1.788421273231506348e-01 1.019774079322814941e-01 6.517968140542507172e-03 2.491381168365478516e-01 9.785430133342742920e-02 4.152639582753181458e-02 1.645896732807159424e-01 2.689429819583892822e-01 1.165076196193695068e-01
3.681889474391937256e-01 1.788421273231506348e-01 2.968777157366275787e-02 5.988938733935356140e-03 7.941281795501708984e-01 9.739058464765548706e-02 4.738809168338775635e-01 3.189616501331329346e-01 6.637368798255920410e-01 2.945376038551330566e-01
3.681889474391937256e-01 1.788421273231506348e-01 1.026921253651380539e-02 5.988938733935356140e-03 7.941281795501708984e-01 2.934855818748474121e-01 2.626557946205139160e-01 3.189616501331329346e-01 6.637368798255920410e-01 2.945376038551330566e-01
3.681889474391937256e-01 4.814111292362213135e-01 1.783838495612144470e-02 1.408843602985143661e-02 7.941281795501708984e-01 2.934855818748474121e-01 4.738809168338775635e-01 1.406486332416534424e-01 6.637368798255920410e-01 2.945376038551330566e-01
3.681889474391937256e-01 1.788421273231506348e-01 1.026921253651380539e-02 6.283958908170461655e-03 7.941281795501708984e-01 2.934855818748474121e-01 5.788667201995849609e-01 5.370252132415771484e-01 6.637368798255920410e-01 1.527246832847595215e-01
3.681889474391937256e-01 1.788421273231506348e-01 2.088387496769428253e-02 1.573965251445770264e-01 7.941281795501708984e-01 1.341252475976943970e-01 5.788667201995849609e-01 5.370252132415771484e-01 6.637368798255920410e-01 5.386684462428092957e-02
3.681889474391937256e-01 3.548443317413330078e-01 1.026921253651380539e-02 1.357410289347171783e-02 7.941281795501708984e-01 2.243495732545852661e-01 7.765653729438781738e-01 5.370252132415771484e-01 6.637368798255920410e-01 5.386684462428092957e-02
3.681889474391937256e-01 1.788421273231506348e-01 1.026921253651380539e-02 1.357410289347171783e-02 7.941281795501708984e-01 2.243495732545852661e-01 5.788667201995849609e-01 5.370252132415771484e-01 6.637368798255920410e-01 5.386684462428092957e-02
1.837089508771896362e-01 3.548443317413330078e-01 5.603417754173278809e-02 2.963344454765319824e-01 2.491381168365478516e-01 2.511921525001525879e-01 1.432346999645233154e-01 1.645896732807159424e-01 2.689429819583892822e-01 2.297132760286331177e-01
1.837089508771896362e-01 5.973827838897705078e-01 3.654074072837829590e-01 2.349206805229187012e-01 2.491381168365478516e-01 2.511921525001525879e-01 4.574899375438690186e-02 6.956499218940734863e-01 2.689429819583892822e-01 2.297132760286331177e-01
1.715063750743865967e-01 5.973827838897705078e-01 1.568789631128311157e-01 3.075905740261077881e-01 8.220059275627136230e-01 2.173704653978347778e-01 7.928325235843658447e-02 8.176900148391723633e-01 2.689429819583892822e-01 2.297132760286331177e-01
1.715063750743865967e-01 5.973827838897705078e-01 1.568789631128311157e-01 3.075905740261077881e-01 8.220059275627136230e-01 4.419612288475036621e-01 7.928325235843658447e-02 8.176900148391723633e-01 2.689429819583892822e-01 2.297132760286331177e-01
1.715063750743865967e-01 5.973827838897705078e-01 3.085295557975769043e-01 3.075905740261077881e-01 8.220059275627136230e-01 3.458241820335388184e-01 2.309334576129913330e-01 8.176900148391723633e-01 2.689429819583892822e-01 2.297132760286331177e-01
1.715063750743865967e-01 5.973827838897705078e-01 7.299519181251525879e-01 3.075905740261077881e-01 8.220059275627136230e-01 3.458241820335388184e-01 2.309334576129913330e-01 8.176900148391723633e-01 2.689429819583892822e-01 2.297132760286331177e-01
1.715063750743865967e-01 8.369634747505187988e-01 5.299006104469299316e-01 3.075905740261077881e-01 8.220059275627136230e-01 3.470160663127899170e-01 5.252425670623779297e-01 8.176900148391723633e-01 2.689429819583892822e-01 2.297132760286331177e-01
1.715063750743865967e-01 8.369634747505187988e-01 5.299006104469299316e-01 5.098220705986022949e-01 8.220059275627136230e-01 3.470160663127899170e-01 9.009530544281005859e-01 8.176900148391723633e-01 6.637368798255920410e-01 2.297132760286331177e-01
1.715063750743865967e-01 8.369634747505187988e-01 5.299006104469299316e-01 5.098220705986022949e-01 8.220059275627136230e-01 3.692249953746795654e-01 7.117204070091247559e-01 8.176900148391723633e-01 6.637368798255920410e-01 2.297132760286331177e-01
1.715063750743865967e-01 8.369634747505187988e-01 7.299519181251525879e-01 6.765609979629516602e-01 8.220059275627136230e-01 3.692249953746795654e-01 9.009530544281005859e-01 8.176900148391723633e-01 6.637368798255920410e-01 2.297132760286331177e-01
1.715063750743865967e-01 9.196420907974243164e-01 5.299006104469299316e-01 5.870474576950073242e-01 8.220059275627136230e-01 3.692249953746795654e-01 9.009530544281005859e-01 7.750303149223327637e-01 6.637368798255920410e-01 2.297132760286331177e-01
1.715063750743865967e-01 8.369634747505187988e-01 5.299006104469299316e-01 6.765609979629516602e-01 8.220059275627136230e-01 3.692249953746795654e-01 9.009530544281005859e-01 8.176900148391723633e-01 6.637368798255920410e-01 2.297132760286331177e-01
1.715063750743865967e-01 8.369634747505187988e-01 5.299006104469299316e-01 5.911419391632080078e-01 8.220059275627136230e-01 3.692249953746795654e-01 7.117204070091247559e-01 8.176900148391723633e-01 6.637368798255920410e-01 4.627653062343597412e-01
