4.952664971351623535e-01 1.506479978561401367e-01 2.302509099245071411e-01 1.378906518220901489e-01 2.360648065805435181e-01 3.156828582286834717e-01 2.229344844818115234e-01 2.132570147514343262e-01 8.442865312099456787e-02 4.812810420989990234e-01
2.215821593999862671e-01 1.506479978561401367e-01 2.302509099245071411e-01 2.373505383729934692e-01 4.183604121208190918e-01 3.156828582286834717e-01 2.229344844818115234e-01 2.132570147514343262e-01 4.931348562240600586e-02 6.495934724807739258e-01
4.148632586002349854e-01 1.745609939098358154e-01 2.302509099245071411e-01 2.373505383729934692e-01 6.272665262222290039e-01 7.560598254203796387e-01 2.229344844818115234e-01 2.132570147514343262e-01 9.698076546192169189e-02 5.937663316726684570e-01
5.360872745513916016e-01 6.133705973625183105e-01 2.302509099245071411e-01 3.516506552696228027e-01 4.110147058963775635e-01 3.156828582286834717e-01 2.229344844818115234e-01 2.132570147514343262e-01 5.157417654991149902e-01 4.376524984836578369e-01
6.577478647232055664e-01 7.777174115180969238e-01 2.302509099245071411e-01 3.516506552696228027e-01 5.325340032577514648e-01 3.581686317920684814e-01 2.229344844818115234e-01 2.132570147514343262e-01 3.253089636564254761e-02 9.687355756759643555e-01
8.537866175174713135e-02 6.133705973625183105e-01 2.302509099245071411e-01 3.516506552696228027e-01 6.754006147384643555e-01 3.156828582286834717e-01 2.229344844818115234e-01 2.132570147514343262e-01 6.413064599037170410e-01 9.161903858184814453e-01
5.924178361892700195e-01 9.121160507202148438e-01 5.498315095901489258e-01 3.516506552696228027e-01 8.492457866668701172e-01 6.002345681190490723e-01 2.229344844818115234e-01 2.132570147514343262e-01 5.569302439689636230e-01 2.811427228152751923e-02
6.471573710441589355e-01 9.121160507202148438e-01 2.302509099245071411e-01 3.516506552696228027e-01 9.461395740509033203e-01 3.685480654239654541e-01 2.229344844818115234e-01 2.132570147514343262e-01 5.529568791389465332e-01 4.024064838886260986e-01
2.105627506971359253e-01 9.121160507202148438e-01 2.302509099245071411e-01 3.516506552696228027e-01 9.129420518875122070e-01 3.685480654239654541e-01 2.229344844818115234e-01 2.132570147514343262e-01 1.819201707839965820e-01 5.908023715019226074e-01
7.191736996173858643e-02 9.121160507202148438e-01 2.302509099245071411e-01 2.396986782550811768e-01 6.607989668846130371e-01 3.685480654239654541e-01 4.682268500328063965e-01 2.132570147514343262e-01 3.422563374042510986e-01 2.274222522974014282e-01
3.391481935977935791e-01 9.121160507202148438e-01 5.498315095901489258e-01 7.409329414367675781e-01 2.770120501518249512e-01 3.685480654239654541e-01 2.229344844818115234e-01 2.132570147514343262e-01 4.355659782886505127e-01 5.526574254035949707e-01
1.384656578302383423e-01 9.121160507202148438e-01 2.302509099245071411e-01 6.493153572082519531e-01 6.225042939186096191e-01 3.685480654239654541e-01 2.229344844818115234e-01 2.132570147514343262e-01 8.677680492401123047e-01 8.850469589233398438e-01
8.739506453275680542e-02 9.121160507202148438e-01 2.302509099245071411e-01 7.433760166168212891e-01 5.669267177581787109e-01 3.685480654239654541e-01 2.229344844818115234e-01 2.132570147514343262e-01 4.811798334121704102e-01 7.996225953102111816e-01
3.669840693473815918e-01 9.121160507202148438e-01 2.302509099245071411e-01 7.433760166168212891e-01 9.491860270500183105e-01 3.685480654239654541e-01 4.682268500328063965e-01 2.132570147514343262e-01 6.067330837249755859e-01 8.979801535606384277e-01
4.809929728507995605e-01 9.121160507202148438e-01 2.302509099245071411e-01 7.433760166168212891e-01 8.999459743499755859e-01 7.560598254203796387e-01 2.229344844818115234e-01 2.132570147514343262e-01 9.879777431488037109e-01 9.730201363563537598e-01
1.081227660179138184e-01 9.121160507202148438e-01 2.302509099245071411e-01 7.433760166168212891e-01 9.137756228446960449e-01 3.685480654239654541e-01 2.229344844818115234e-01 5.268943905830383301e-01 9.917750358581542969e-01 9.757674932479858398e-01
1.904237866401672363e-01 9.121160507202148438e-01 2.302509099245071411e-01 7.433760166168212891e-01 9.530968070030212402e-01 3.685480654239654541e-01 2.229344844818115234e-01 5.268943905830383301e-01 9.899709820747375488e-01 9.734430909156799316e-01
2.815493047237396240e-01 9.121160507202148438e-01 2.302509099245071411e-01 8.464125990867614746e-01 9.918745160102844238e-01 3.685480654239654541e-01 4.682268500328063965e-01 5.268943905830383301e-01 9.951015114784240723e-01 9.315856099128723145e-01
1.387124508619308472e-01 9.121160507202148438e-01 2.302509099245071411e-01 8.464125990867614746e-01 7.889457941055297852e-01 3.685480654239654541e-01 2.229344844818115234e-01 2.132570147514343262e-01 9.934825301170349121e-01 9.577689766883850098e-01
9.652745127677917480e-01 9.121160507202148438e-01 2.302509099245071411e-01 9.078087806701660156e-01 9.172720313072204590e-01 3.685480654239654541e-01 2.229344844818115234e-01 2.132570147514343262e-01 9.887433052062988281e-01 9.835118651390075684e-01
8.783499002456665039e-01 9.121160507202148438e-01 2.302509099245071411e-01 7.678948640823364258e-01 6.665658950805664062e-01 3.685480654239654541e-01 2.229344844818115234e-01 2.132570147514343262e-01 9.004449248313903809e-01 9.896434545516967773e-01
8.507239818572998047e-01 9.121160507202148438e-01 2.302509099245071411e-01 7.678948640823364258e-01 6.665658950805664062e-01 3.685480654239654541e-01 2.229344844818115234e-01 5.268943905830383301e-01 9.655858278274536133e-01 9.357253313064575195e-01
7.830111384391784668e-01 9.121160507202148438e-01 2.302509099245071411e-01 7.678948640823364258e-01 6.066688299179077148e-01 3.685480654239654541e-01 2.229344844818115234e-01 5.268943905830383301e-01 9.308290481567382812e-01 6.811532378196716309e-01
7.915451526641845703e-01 9.121160507202148438e-01 2.302509099245071411e-01 9.078087806701660156e-01 6.066688299179077148e-01 3.685480654239654541e-01 2.229344844818115234e-01 5.268943905830383301e-01 9.710215926170349121e-01 2.116084992885589600e-01
4.155471026897430420e-01 9.121160507202148438e-01 5.498315095901489258e-01 9.078087806701660156e-01 1.962869912385940552e-01 3.685480654239654541e-01 2.229344844818115234e-01 5.268943905830383301e-01 9.446902871131896973e-01 4.525375962257385254e-01
5.537207722663879395e-01 9.121160507202148438e-01 5.498315095901489258e-01 9.078087806701660156e-01 6.665658950805664062e-01 3.685480654239654541e-01 2.229344844818115234e-01 5.268943905830383301e-01 9.639264941215515137e-01 2.116084992885589600e-01
4.313504993915557861e-01 9.121160507202148438e-01 2.302509099245071411e-01 9.078087806701660156e-01 1.962869912385940552e-01 3.685480654239654541e-01 2.229344844818115234e-01 5.268943905830383301e-01 9.804056882858276367e-01 3.216169774532318115e-01
2.850797474384307861e-01 9.121160507202148438e-01 2.302509099245071411e-01 8.380813598632812500e-01 1.962869912385940552e-01 3.685480654239654541e-01 2.229344844818115234e-01 5.268943905830383301e-01 9.060696959495544434e-01 5.544188022613525391e-01
2.617692053318023682e-01 9.121160507202148438e-01 2.302509099245071411e-01 8.380813598632812500e-01 1.962869912385940552e-01 3.685480654239654541e-01 2.229344844818115234e-01 5.268943905830383301e-01 8.883669972419738770e-01 7.719232439994812012e-01
6.821227818727493286e-02 9.121160507202148438e-01 2.302509099245071411e-01 5.440733432769775391e-01 5.649057626724243164e-01 3.685480654239654541e-01 2.229344844818115234e-01 5.268943905830383301e-01 9.231135845184326172e-01 7.719232439994812012e-01
8.603395521640777588e-02 9.121160507202148438e-01 5.498315095901489258e-01 2.861914336681365967e-01 3.309336602687835693e-01 3.685480654239654541e-01 2.229344844818115234e-01 5.268943905830383301e-01 6.533975005149841309e-01 5.655208826065063477e-01
7.378588914871215820e-01 9.121160507202148438e-01 2.302509099245071411e-01 8.363413810729980469e-01 7.289067506790161133e-01 3.685480654239654541e-01 7.061839103698730469e-01 5.268943905830383301e-01 7.385767102241516113e-01 7.049659490585327148e-01
8.738604784011840820e-01 7.737287878990173340e-01 2.302509099245071411e-01 7.678948640823364258e-01 1.660138666629791260e-01 3.685480654239654541e-01 2.229344844818115234e-01 2.132570147514343262e-01 9.159551858901977539e-01 6.941359639167785645e-01
4.324584603309631348e-01 8.144388794898986816e-01 2.302509099245071411e-01 9.050863385200500488e-01 7.396143078804016113e-01 3.685480654239654541e-01 4.133852124214172363e-01 5.268943905830383301e-01 9.282394051551818848e-01 8.965452313423156738e-01
7.872828841209411621e-01 9.121160507202148438e-01 5.580672025680541992e-01 6.893028616905212402e-01 5.197155475616455078e-01 3.685480654239654541e-01 2.229344844818115234e-01 5.268943905830383301e-01 8.872743844985961914e-01 8.965452313423156738e-01
7.295411229133605957e-01 9.121160507202148438e-01 2.302509099245071411e-01 8.340529799461364746e-01 5.197155475616455078e-01 3.685480654239654541e-01 2.229344844818115234e-01 5.268943905830383301e-01 7.011268138885498047e-01 7.366678714752197266e-01
8.094335794448852539e-01 9.121160507202148438e-01 2.302509099245071411e-01 9.050863385200500488e-01 3.482373654842376709e-01 3.685480654239654541e-01 2.229344844818115234e-01 5.268943905830383301e-01 5.817186236381530762e-01 4.333322048187255859e-01
6.824159026145935059e-01 9.121160507202148438e-01 2.302509099245071411e-01 9.050863385200500488e-01 3.969438374042510986e-01 3.685480654239654541e-01 2.229344844818115234e-01 5.268943905830383301e-01 4.064861238002777100e-01 9.159044027328491211e-01
7.099265456199645996e-01 9.121160507202148438e-01 2.302509099245071411e-01 8.080355525016784668e-01 5.578896999359130859e-01 3.685480654239654541e-01 2.229344844818115234e-01 5.268943905830383301e-01 2.401630133390426636e-01 4.285830557346343994e-01
9.058534502983093262e-01 9.121160507202148438e-01 2.302509099245071411e-01 5.729195475578308105e-01 6.015070676803588867e-01 3.685480654239654541e-01 7.061839103698730469e-01 2.132570147514343262e-01 5.188879966735839844e-01 7.312002778053283691e-01
9.322029352188110352e-01 9.254784584045410156e-01 2.302509099245071411e-01 9.050863385200500488e-01 7.761729359626770020e-01 3.685480654239654541e-01 7.061839103698730469e-01 2.132570147514343262e-01 9.745012521743774414e-01 8.961866497993469238e-01
9.227235317230224609e-01 7.737287878990173340e-01 2.302509099245071411e-01 9.050863385200500488e-01 7.330124378204345703e-01 3.685480654239654541e-01 7.061839103698730469e-01 2.132570147514343262e-01 2.349410504102706909e-01 5.125293731689453125e-01
9.513880014419555664e-01 9.254784584045410156e-01 3.460693061351776123e-01 8.080355525016784668e-01 5.754839181900024414e-01 3.685480654239654541e-01 7.061839103698730469e-01 3.543459773063659668e-01 2.211157083511352539e-01 5.517264604568481445e-01
3.494825363159179688e-01 8.691117763519287109e-01 3.460693061351776123e-01 8.080355525016784668e-01 9.308442473411560059e-01 3.685480654239654541e-01 4.879358112812042236e-01 4.879358112812042236e-01 6.867878139019012451e-02 9.396073818206787109e-01
5.896396040916442871e-01 9.121160507202148438e-01 7.763361334800720215e-01 9.050863385200500488e-01 7.576769590377807617e-01 4.263004958629608154e-01 4.879358112812042236e-01 4.879358112812042236e-01 7.334307432174682617e-01 7.916646003723144531e-01
8.437691926956176758e-01 9.121160507202148438e-01 3.460693061351776123e-01 8.080355525016784668e-01 8.699555397033691406e-01 3.685480654239654541e-01 4.879358112812042236e-01 4.879358112812042236e-01 4.449237287044525146e-01 5.508970022201538086e-01
7.068734765052795410e-01 9.121160507202148438e-01 5.000000000000000000e-01 9.050863385200500488e-01 6.138077974319458008e-01 4.355483949184417725e-01 4.879358112812042236e-01 4.879358112812042236e-01 9.478841423988342285e-01 5.508970022201538086e-01
9.212040901184082031e-01 9.121160507202148438e-01 5.000000000000000000e-01 9.050863385200500488e-01 8.937857151031494141e-01 4.263004958629608154e-01 4.879358112812042236e-01 4.879358112812042236e-01 6.631717681884765625e-01 9.845267534255981445e-01
9.434593319892883301e-01 9.121160507202148438e-01 5.000000000000000000e-01 9.050863385200500488e-01 5.079365968704223633e-01 4.355483949184417725e-01 4.879358112812042236e-01 4.879358112812042236e-01 1.918325200676918030e-02 8.748238682746887207e-01
9.141610860824584961e-01 9.121160507202148438e-01 7.763361334800720215e-01 8.080355525016784668e-01 8.453269600868225098e-01 7.739992141723632812e-01 4.879358112812042236e-01 4.879358112812042236e-01 6.179327517747879028e-02 6.365864872932434082e-01
6.962481737136840820e-01 9.121160507202148438e-01 2.302509099245071411e-01 9.050863385200500488e-01 5.618351697921752930e-01 3.685480654239654541e-01 4.879358112812042236e-01 4.879358112812042236e-01 1.444195508956909180e-01 5.147792696952819824e-01
7.327095866203308105e-01 9.121160507202148438e-01 5.498315095901489258e-01 8.080355525016784668e-01 8.537526130676269531e-01 3.685480654239654541e-01 2.229344844818115234e-01 6.456547975540161133e-01 5.440091490745544434e-01 6.407276988029479980e-01
4.633213877677917480e-01 9.121160507202148438e-01 2.302509099245071411e-01 9.050863385200500488e-01 6.312282681465148926e-01 3.685480654239654541e-01 2.229344844818115234e-01 2.132570147514343262e-01 2.675649523735046387e-01 8.381753563880920410e-01
6.264670491218566895e-01 9.121160507202148438e-01 2.302509099245071411e-01 6.976882219314575195e-01 6.958841681480407715e-01 3.685480654239654541e-01 4.682268500328063965e-01 2.132570147514343262e-01 4.788168668746948242e-01 6.944125890731811523e-01
1.824492067098617554e-01 9.121160507202148438e-01 2.302509099245071411e-01 6.976882219314575195e-01 6.531850695610046387e-01 3.685480654239654541e-01 2.229344844818115234e-01 2.132570147514343262e-01 1.336316913366317749e-01 7.602305412292480469e-01
2.514583170413970947e-01 9.121160507202148438e-01 2.302509099245071411e-01 9.050863385200500488e-01 9.255887269973754883e-01 3.685480654239654541e-01 2.229344844818115234e-01 2.132570147514343262e-01 1.362506151199340820e-01 9.517346024513244629e-01
6.627892255783081055e-01 6.133705973625183105e-01 2.302509099245071411e-01 8.080355525016784668e-01 9.255887269973754883e-01 3.685480654239654541e-01 2.229344844818115234e-01 2.132570147514343262e-01 5.399759858846664429e-02 7.318683266639709473e-01
4.057345390319824219e-01 6.133705973625183105e-01 2.302509099245071411e-01 8.080355525016784668e-01 9.029584527015686035e-01 3.685480654239654541e-01 4.682268500328063965e-01 2.132570147514343262e-01 5.964664816856384277e-01 9.564590454101562500e-01
7.368001341819763184e-01 7.777174115180969238e-01 2.302509099245071411e-01 9.050863385200500488e-01 8.537526130676269531e-01 3.685480654239654541e-01 2.229344844818115234e-01 2.132570147514343262e-01 5.809589624404907227e-01 8.944681882858276367e-01
7.772770524024963379e-01 6.133705973625183105e-01 5.498315095901489258e-01 8.340529799461364746e-01 7.513659000396728516e-01 3.685480654239654541e-01 2.229344844818115234e-01 2.132570147514343262e-01 5.025935173034667969e-01 9.484182000160217285e-01
5.895788669586181641e-01 6.133705973625183105e-01 5.498315095901489258e-01 8.080355525016784668e-01 3.978900015354156494e-01 3.685480654239654541e-01 2.229344844818115234e-01 2.132570147514343262e-01 8.379917144775390625e-01 8.274030089378356934e-01
4.645110964775085449e-01 6.133705973625183105e-01 2.302509099245071411e-01 6.893028616905212402e-01 7.862834930419921875e-01 3.685480654239654541e-01 2.229344844818115234e-01 2.132570147514343262e-01 5.015411376953125000e-01 7.975863218307495117e-01
2.750017940998077393e-01 6.133705973625183105e-01 5.498315095901489258e-01 9.050863385200500488e-01 4.076949954032897949e-01 7.071269750595092773e-01 2.229344844818115234e-01 2.132570147514343262e-01 6.636087894439697266e-01 4.166274070739746094e-01
5.895788669586181641e-01 9.152611494064331055e-01 5.498315095901489258e-01 6.893028616905212402e-01 7.372958660125732422e-01 3.156828582286834717e-01 2.229344844818115234e-01 2.132570147514343262e-01 5.992387533187866211e-01 9.626809358596801758e-01
5.315535068511962891e-01 8.561257719993591309e-01 2.302509099245071411e-01 6.976882219314575195e-01 9.124475717544555664e-01 3.156828582286834717e-01 2.229344844818115234e-01 2.132570147514343262e-01 6.453430652618408203e-01 9.061020016670227051e-01
3.957390785217285156e-01 9.152611494064331055e-01 5.498315095901489258e-01 5.488139986991882324e-01 6.305319666862487793e-01 3.156828582286834717e-01 2.229344844818115234e-01 2.132570147514343262e-01 8.193355202674865723e-01 5.682943463325500488e-01
3.844453096389770508e-01 9.152611494064331055e-01 2.302509099245071411e-01 6.976882219314575195e-01 2.384405434131622314e-01 3.156828582286834717e-01 2.229344844818115234e-01 2.132570147514343262e-01 4.606814682483673096e-01 7.637546658515930176e-01
5.674623250961303711e-01 9.152611494064331055e-01 2.302509099245071411e-01 6.976882219314575195e-01 2.384405434131622314e-01 3.685480654239654541e-01 4.682268500328063965e-01 2.132570147514343262e-01 5.351412892341613770e-01 9.023749232292175293e-01
3.711800277233123779e-01 9.152611494064331055e-01 2.302509099245071411e-01 6.976882219314575195e-01 4.940123260021209717e-01 7.071269750595092773e-01 4.682268500328063965e-01 2.132570147514343262e-01 6.803491115570068359e-01 8.555403947830200195e-01
5.351604223251342773e-01 9.152611494064331055e-01 2.302509099245071411e-01 9.050863385200500488e-01 7.636606097221374512e-01 7.071269750595092773e-01 2.229344844818115234e-01 2.132570147514343262e-01 7.808408737182617188e-01 8.580743670463562012e-01
3.957390785217285156e-01 8.561257719993591309e-01 5.498315095901489258e-01 6.976882219314575195e-01 7.263460159301757812e-01 7.071269750595092773e-01 2.229344844818115234e-01 2.132570147514343262e-01 4.030788540840148926e-01 3.666315376758575439e-01
2.066736519336700439e-01 9.152611494064331055e-01 2.302509099245071411e-01 5.488139986991882324e-01 4.435388743877410889e-01 7.071269750595092773e-01 2.229344844818115234e-01 2.132570147514343262e-01 6.684530377388000488e-01 8.924561142921447754e-01
3.320406675338745117e-01 9.152611494064331055e-01 2.302509099245071411e-01 6.976882219314575195e-01 7.648342251777648926e-01 3.156828582286834717e-01 4.879358112812042236e-01 4.879358112812042236e-01 5.610387921333312988e-01 9.765705466270446777e-01
3.957390785217285156e-01 9.152611494064331055e-01 7.763361334800720215e-01 4.615468382835388184e-01 9.380540251731872559e-01 7.739992141723632812e-01 4.879358112812042236e-01 4.879358112812042236e-01 4.122159481048583984e-01 8.893300294876098633e-01
9.933772683143615723e-02 9.152611494064331055e-01 2.302509099245071411e-01 4.615468382835388184e-01 8.560293912887573242e-01 7.071269750595092773e-01 4.879358112812042236e-01 4.879358112812042236e-01 2.096776217222213745e-01 7.184891104698181152e-01
3.384099528193473816e-02 9.152611494064331055e-01 2.302509099245071411e-01 4.615468382835388184e-01 9.039372205734252930e-01 7.071269750595092773e-01 2.229344844818115234e-01 2.132570147514343262e-01 3.556107282638549805e-01 8.758592605590820312e-01
6.244295090436935425e-02 9.152611494064331055e-01 2.302509099245071411e-01 4.615468382835388184e-01 9.039372205734252930e-01 7.071269750595092773e-01 2.229344844818115234e-01 2.132570147514343262e-01 3.995046615600585938e-01 6.697996854782104492e-01
3.221371024847030640e-02 9.152611494064331055e-01 2.302509099245071411e-01 4.615468382835388184e-01 7.588835954666137695e-01 7.071269750595092773e-01 2.229344844818115234e-01 2.132570147514343262e-01 7.099838256835937500e-01 4.546841979026794434e-01
4.202941060066223145e-02 6.133705973625183105e-01 2.302509099245071411e-01 4.615468382835388184e-01 5.528634190559387207e-01 7.071269750595092773e-01 4.682268500328063965e-01 2.132570147514343262e-01 9.308268427848815918e-01 4.546841979026794434e-01
4.644899070262908936e-01 6.133705973625183105e-01 2.302509099245071411e-01 4.615468382835388184e-01 5.640826225280761719e-01 7.071269750595092773e-01 2.229344844818115234e-01 2.132570147514343262e-01 9.011175632476806641e-01 6.128696799278259277e-01
1.999400705099105835e-01 7.777174115180969238e-01 2.302509099245071411e-01 4.615468382835388184e-01 8.153470158576965332e-01 3.156828582286834717e-01 2.229344844818115234e-01 2.132570147514343262e-01 8.020641803741455078e-01 7.929385304450988770e-01
1.411006897687911987e-01 6.133705973625183105e-01 5.498315095901489258e-01 4.615468382835388184e-01 7.264097332954406738e-01 3.156828582286834717e-01 4.879358112812042236e-01 4.879358112812042236e-01 7.880743145942687988e-01 7.177966833114624023e-01
7.296004146337509155e-02 6.133705973625183105e-01 7.763361334800720215e-01 4.615468382835388184e-01 7.166942954063415527e-01 7.739992141723632812e-01 4.879358112812042236e-01 4.879358112812042236e-01 5.732079148292541504e-01 6.676158905029296875e-01
1.890405453741550446e-02 6.133705973625183105e-01 7.763361334800720215e-01 4.615468382835388184e-01 2.432025671005249023e-01 7.215149998664855957e-01 4.879358112812042236e-01 4.879358112812042236e-01 7.886718511581420898e-01 9.192456007003784180e-01
1.168221533298492432e-01 7.777174115180969238e-01 7.763361334800720215e-01 4.615468382835388184e-01 7.166942954063415527e-01 7.215149998664855957e-01 4.879358112812042236e-01 4.879358112812042236e-01 8.748936653137207031e-01 9.487259387969970703e-01
4.736955463886260986e-01 7.398636937141418457e-01 7.763361334800720215e-01 4.615468382835388184e-01 7.038695812225341797e-01 7.215149998664855957e-01 4.879358112812042236e-01 4.879358112812042236e-01 9.409078955650329590e-01 9.752018451690673828e-01
3.775307536125183105e-01 7.398636937141418457e-01 7.763361334800720215e-01 4.615468382835388184e-01 9.648542404174804688e-01 7.215149998664855957e-01 7.864142060279846191e-01 7.864142060279846191e-01 8.843402862548828125e-01 7.682030200958251953e-01
3.030413985252380371e-01 7.398636937141418457e-01 2.302509099245071411e-01 4.615468382835388184e-01 8.627478480339050293e-01 3.156828582286834717e-01 4.879358112812042236e-01 4.879358112812042236e-01 4.881263077259063721e-01 9.673864245414733887e-01
6.235234737396240234e-01 8.640279173851013184e-01 2.302509099245071411e-01 4.615468382835388184e-01 1.084717363119125366e-01 3.156828582286834717e-01 2.229344844818115234e-01 2.132570147514343262e-01 6.691657751798629761e-02 6.264497041702270508e-01
6.340222805738449097e-02 8.640279173851013184e-01 5.498315095901489258e-01 4.615468382835388184e-01 3.142270445823669434e-01 3.156828582286834717e-01 6.456540226936340332e-01 2.132570147514343262e-01 1.738083362579345703e-01 2.855038642883300781e-01
4.525865316390991211e-01 9.067919254302978516e-01 5.498315095901489258e-01 4.615468382835388184e-01 3.902480900287628174e-01 3.156828582286834717e-01 6.456540226936340332e-01 2.132570147514343262e-01 1.099839434027671814e-01 2.560300827026367188e-01
2.237945199012756348e-01 7.083586454391479492e-01 2.302509099245071411e-01 5.513266324996948242e-01 1.714788228273391724e-01 3.156828582286834717e-01 6.456540226936340332e-01 2.132570147514343262e-01 5.847526788711547852e-01 4.592446088790893555e-01
1.702009290456771851e-01 8.132372498512268066e-01 3.460693061351776123e-01 5.513266324996948242e-01 7.998852133750915527e-01 3.156828582286834717e-01 6.456540226936340332e-01 2.132570147514343262e-01 2.924134731292724609e-01 5.681738257408142090e-01
4.472754001617431641e-01 9.067919254302978516e-01 3.460693061351776123e-01 7.035850882530212402e-01 2.355778813362121582e-01 3.156828582286834717e-01 6.456540226936340332e-01 2.132570147514343262e-01 5.290265679359436035e-01 7.273847460746765137e-01
1.960586309432983398e-01 4.837552309036254883e-01 3.460693061351776123e-01 8.760054707527160645e-01 1.207228526473045349e-01 3.156828582286834717e-01 2.382566034793853760e-01 2.132570147514343262e-01 6.675605475902557373e-02 8.526833057403564453e-01
4.683486223220825195e-01 7.083586454391479492e-01 3.460693061351776123e-01 8.760054707527160645e-01 2.574051618576049805e-01 3.156828582286834717e-01 2.382566034793853760e-01 2.132570147514343262e-01 9.510964751243591309e-01 8.894128799438476562e-01
4.928478300571441650e-01 7.083586454391479492e-01 7.722870111465454102e-01 7.852854728698730469e-01 9.260137081146240234e-01 3.156828582286834717e-01 7.864142060279846191e-01 7.864142060279846191e-01 8.056132197380065918e-01 9.163165092468261719e-01
7.226299047470092773e-01 4.837552309036254883e-01 5.580672025680541992e-01 5.513266324996948242e-01 3.714316189289093018e-01 3.156828582286834717e-01 2.382566034793853760e-01 2.132570147514343262e-01 7.610126733779907227e-01 7.875713706016540527e-01
4.805374741554260254e-01 8.132372498512268066e-01 7.722870111465454102e-01 8.760054707527160645e-01 4.726652204990386963e-01 3.156828582286834717e-01 2.382566034793853760e-01 2.132570147514343262e-01 8.845098018646240234e-01 9.330211281776428223e-01
6.698082685470581055e-01 7.806352376937866211e-01 7.722870111465454102e-01 5.170313715934753418e-01 5.651119947433471680e-01 3.156828582286834717e-01 2.382566034793853760e-01 3.089185655117034912e-01 1.490569263696670532e-01 9.803847074508666992e-01
8.494581580162048340e-01 4.080140590667724609e-01 7.722870111465454102e-01 7.611250877380371094e-01 5.651119947433471680e-01 3.156828582286834717e-01 2.382566034793853760e-01 6.456547975540161133e-01 6.296712756156921387e-01 9.584024548530578613e-01
2.741189599037170410e-01 4.080140590667724609e-01 7.722870111465454102e-01 7.852854728698730469e-01 2.192907482385635376e-01 3.156828582286834717e-01 6.456540226936340332e-01 6.456547975540161133e-01 8.789603710174560547e-01 9.803847074508666992e-01
6.866205930709838867e-01 6.622227430343627930e-01 5.000000000000000000e-01 4.268391728401184082e-01 6.247494816780090332e-01 4.263004958629608154e-01 5.418986678123474121e-01 5.418986678123474121e-01 8.269380927085876465e-01 8.976331353187561035e-01
7.460429072380065918e-01 9.429753422737121582e-01 7.722870111465454102e-01 7.852854728698730469e-01 6.247494816780090332e-01 3.156828582286834717e-01 5.418986678123474121e-01 5.418986678123474121e-01 7.700632810592651367e-01 9.659022688865661621e-01
6.970610022544860840e-01 7.806352376937866211e-01 7.722870111465454102e-01 7.852854728698730469e-01 6.247494816780090332e-01 3.156828582286834717e-01 5.418986678123474121e-01 5.418986678123474121e-01 9.210191369056701660e-01 8.864998817443847656e-01
6.018093824386596680e-01 6.622227430343627930e-01 7.722870111465454102e-01 7.852854728698730469e-01 4.948526918888092041e-01 3.156828582286834717e-01 5.418986678123474121e-01 5.418986678123474121e-01 8.818351030349731445e-01 8.554280400276184082e-01
6.066013574600219727e-01 3.432690501213073730e-01 5.000000000000000000e-01 6.578192710876464844e-01 3.649347126483917236e-01 4.263004958629608154e-01 5.418986678123474121e-01 5.418986678123474121e-01 9.208693504333496094e-01 8.632138967514038086e-01
5.910509824752807617e-01 3.432690501213073730e-01 5.000000000000000000e-01 2.758487761020660400e-01 1.393147110939025879e-01 4.263004958629608154e-01 5.418986678123474121e-01 5.418986678123474121e-01 9.055060744285583496e-01 6.268069148063659668e-01
5.910509824752807617e-01 7.083586454391479492e-01 5.000000000000000000e-01 4.884045422077178955e-01 3.881002366542816162e-01 4.263004958629608154e-01 5.418986678123474121e-01 5.418986678123474121e-01 8.772110939025878906e-01 6.268069148063659668e-01
5.910509824752807617e-01 9.429753422737121582e-01 5.000000000000000000e-01 5.513266324996948242e-01 9.087760448455810547e-01 4.263004958629608154e-01 5.418986678123474121e-01 5.418986678123474121e-01 9.218553304672241211e-01 9.546062350273132324e-01
5.998240113258361816e-01 9.407923817634582520e-01 7.763361334800720215e-01 6.578192710876464844e-01 7.224881649017333984e-01 4.263004958629608154e-01 5.418986678123474121e-01 5.418986678123474121e-01 9.729499220848083496e-01 9.637157917022705078e-01
4.811315834522247314e-01 9.407923817634582520e-01 7.763361334800720215e-01 4.884045422077178955e-01 9.087760448455810547e-01 4.263004958629608154e-01 5.418986678123474121e-01 5.418986678123474121e-01 7.276052832603454590e-01 5.745987296104431152e-01
5.802528262138366699e-01 9.407923817634582520e-01 5.000000000000000000e-01 8.141564726829528809e-01 6.635156273841857910e-01 4.263004958629608154e-01 5.418986678123474121e-01 5.418986678123474121e-01 9.115408658981323242e-01 9.756822586059570312e-01
4.160391092300415039e-01 9.407923817634582520e-01 5.000000000000000000e-01 8.141564726829528809e-01 6.635156273841857910e-01 4.263004958629608154e-01 5.418986678123474121e-01 5.418986678123474121e-01 6.625871658325195312e-01 9.288661479949951172e-01
3.862474262714385986e-01 9.407923817634582520e-01 7.763361334800720215e-01 6.767102479934692383e-01 7.004402279853820801e-01 4.263004958629608154e-01 7.864142060279846191e-01 7.864142060279846191e-01 9.091561436653137207e-01 7.860538363456726074e-01
5.056715011596679688e-01 9.407923817634582520e-01 7.763361334800720215e-01 4.615468382835388184e-01 6.859364509582519531e-01 7.739992141723632812e-01 5.866147279739379883e-01 5.866147279739379883e-01 9.640420675277709961e-01 8.858416676521301270e-01
1.999355405569076538e-01 9.429753422737121582e-01 5.000000000000000000e-01 4.615468382835388184e-01 4.868730902671813965e-01 4.263004958629608154e-01 5.418986678123474121e-01 5.418986678123474121e-01 5.291312336921691895e-01 7.860538363456726074e-01
5.431045889854431152e-01 3.869071304798126221e-01 7.763361334800720215e-01 8.035402297973632812e-01 7.470492720603942871e-01 4.263004958629608154e-01 7.864142060279846191e-01 7.864142060279846191e-01 7.592694759368896484e-01 8.939978480339050293e-01
3.422897160053253174e-01 9.010905623435974121e-01 7.763361334800720215e-01 8.035402297973632812e-01 7.470492720603942871e-01 4.263004958629608154e-01 7.864142060279846191e-01 7.864142060279846191e-01 9.083703160285949707e-01 4.372968673706054688e-01
3.727657794952392578e-01 9.429753422737121582e-01 3.460693061351776123e-01 6.887162327766418457e-01 7.470492720603942871e-01 3.156828582286834717e-01 7.864142060279846191e-01 7.864142060279846191e-01 9.709342718124389648e-01 2.963608801364898682e-01
1.928595453500747681e-02 9.112342000007629395e-01 3.460693061351776123e-01 6.887162327766418457e-01 9.537975192070007324e-01 3.685480654239654541e-01 7.864142060279846191e-01 7.864142060279846191e-01 8.407679796218872070e-01 7.725701928138732910e-01
2.411157637834548950e-02 7.457085251808166504e-01 3.460693061351776123e-01 3.325536847114562988e-01 8.085450530052185059e-01 3.685480654239654541e-01 7.864142060279846191e-01 7.864142060279846191e-01 5.113792419433593750e-01 1.079010143876075745e-01
8.272387832403182983e-02 7.457085251808166504e-01 3.460693061351776123e-01 4.794584512710571289e-01 7.666273117065429688e-01 3.685480654239654541e-01 7.864142060279846191e-01 7.864142060279846191e-01 9.145503640174865723e-01 6.788566112518310547e-01
1.163367554545402527e-01 9.407923817634582520e-01 3.460693061351776123e-01 5.258859992027282715e-01 2.542583048343658447e-01 3.685480654239654541e-01 6.456540226936340332e-01 3.543459773063659668e-01 9.363765716552734375e-01 8.119739294052124023e-01
4.692935943603515625e-01 9.407923817634582520e-01 3.460693061351776123e-01 7.429409027099609375e-01 8.255115151405334473e-01 3.685480654239654541e-01 6.456540226936340332e-01 4.893976151943206787e-01 9.248275756835937500e-01 5.485433936119079590e-01
2.528376691043376923e-02 7.620595097541809082e-01 3.460693061351776123e-01 7.946424484252929688e-01 8.224134445190429688e-01 3.685480654239654541e-01 6.456540226936340332e-01 7.454350590705871582e-01 9.650800228118896484e-01 1.410431414842605591e-01
2.400525063276290894e-01 7.620595097541809082e-01 3.460693061351776123e-01 8.675050139427185059e-01 6.556491255760192871e-01 3.685480654239654541e-01 6.456540226936340332e-01 7.454350590705871582e-01 8.772876858711242676e-01 3.803420662879943848e-01
3.942768871784210205e-01 9.407923817634582520e-01 3.460693061351776123e-01 8.675050139427185059e-01 9.304692149162292480e-01 3.685480654239654541e-01 7.864142060279846191e-01 7.864142060279846191e-01 9.455114603042602539e-01 1.963534802198410034e-01
2.437193095684051514e-01 9.407923817634582520e-01 5.741160511970520020e-01 7.429409027099609375e-01 9.708042740821838379e-01 3.156828582286834717e-01 7.864142060279846191e-01 7.864142060279846191e-01 6.159144043922424316e-01 6.795442104339599609e-01
