5.110846757888793945e-01 7.755626440048217773e-01 3.920257687568664551e-01 4.261912405490875244e-01 3.825100064277648926e-01 4.345177114009857178e-01 2.750340998172760010e-01 3.465193212032318115e-01 2.018184065818786621e-01 1.208437830209732056e-01
6.244583129882812500e-01 7.755626440048217773e-01 3.920257687568664551e-01 4.261912405490875244e-01 3.534346222877502441e-01 4.345177114009857178e-01 2.750340998172760010e-01 3.465193212032318115e-01 1.232164129614830017e-01 6.068922206759452820e-02
5.595631003379821777e-01 3.374187946319580078e-01 3.920257687568664551e-01 4.261912405490875244e-01 5.541702508926391602e-01 2.433885335922241211e-01 2.750340998172760010e-01 3.465193212032318115e-01 1.710668206214904785e-01 1.267958432435989380e-01
5.595631003379821777e-01 3.374187946319580078e-01 3.920257687568664551e-01 2.554675042629241943e-01 3.883334100246429443e-01 2.433885335922241211e-01 2.750340998172760010e-01 3.465193212032318115e-01 1.126164197921752930e-01 5.412185564637184143e-02
6.244583129882812500e-01 7.755626440048217773e-01 3.920257687568664551e-01 2.554675042629241943e-01 4.221968054771423340e-01 2.433885335922241211e-01 2.750340998172760010e-01 3.465193212032318115e-01 1.465635746717453003e-01 9.229859709739685059e-02
8.089667558670043945e-01 4.833428263664245605e-01 3.920257687568664551e-01 2.554675042629241943e-01 7.872119545936584473e-01 4.345177114009857178e-01 2.750340998172760010e-01 3.465193212032318115e-01 4.489765465259552002e-01 5.659994855523109436e-02
8.149819374084472656e-01 7.755626440048217773e-01 3.920257687568664551e-01 2.554675042629241943e-01 5.290361046791076660e-01 4.345177114009857178e-01 2.750340998172760010e-01 3.465193212032318115e-01 3.117057681083679199e-01 9.229859709739685059e-02
8.089667558670043945e-01 7.755626440048217773e-01 3.920257687568664551e-01 2.554675042629241943e-01 2.024216651916503906e-01 2.433885335922241211e-01 2.750340998172760010e-01 3.465193212032318115e-01 4.743139147758483887e-01 3.782481849193572998e-01
8.089667558670043945e-01 7.755626440048217773e-01 3.920257687568664551e-01 2.554675042629241943e-01 5.290361046791076660e-01 8.123857975006103516e-01 6.749002337455749512e-01 3.465193212032318115e-01 8.230405449867248535e-01 2.977708578109741211e-01
8.149819374084472656e-01 7.755626440048217773e-01 3.920257687568664551e-01 2.554675042629241943e-01 4.204014539718627930e-01 6.444746255874633789e-01 6.749002337455749512e-01 3.465193212032318115e-01 8.230405449867248535e-01 4.529698789119720459e-01
6.768760085105895996e-01 6.171913146972656250e-01 6.730702519416809082e-01 2.554675042629241943e-01 3.578540384769439697e-01 8.123857975006103516e-01 6.749002337455749512e-01 3.465193212032318115e-01 8.230405449867248535e-01 3.272202610969543457e-01
6.016715168952941895e-01 6.171913146972656250e-01 6.730702519416809082e-01 6.919333338737487793e-01 5.712342262268066406e-01 6.360965371131896973e-01 7.067295312881469727e-01 4.801996648311614990e-01 9.666817188262939453e-01 8.120805025100708008e-01
3.034572601318359375e-01 6.171913146972656250e-01 6.730702519416809082e-01 6.919333338737487793e-01 5.243374109268188477e-01 6.360965371131896973e-01 7.067295312881469727e-01 4.801996648311614990e-01 9.348073601722717285e-01 8.921291828155517578e-01
3.766313791275024414e-01 6.171913146972656250e-01 6.730702519416809082e-01 6.919333338737487793e-01 5.681821107864379883e-01 8.067781925201416016e-01 7.067295312881469727e-01 4.801996648311614990e-01 9.812036156654357910e-01 7.641605734825134277e-01
3.766313791275024414e-01 6.171913146972656250e-01 6.730702519416809082e-01 6.919333338737487793e-01 3.799383640289306641e-01 8.067781925201416016e-01 7.067295312881469727e-01 4.801996648311614990e-01 4.399409890174865723e-01 8.429936766624450684e-01
3.034572601318359375e-01 6.171913146972656250e-01 6.730702519416809082e-01 6.919333338737487793e-01 5.681821107864379883e-01 8.067781925201416016e-01 7.067295312881469727e-01 4.801996648311614990e-01 3.742755055427551270e-01 6.616769433021545410e-01
5.698165297508239746e-01 6.171913146972656250e-01 6.730702519416809082e-01 6.919333338737487793e-01 1.513935923576354980e-01 8.067781925201416016e-01 7.067295312881469727e-01 4.801996648311614990e-01 7.914912104606628418e-01 6.616769433021545410e-01
5.498307943344116211e-01 5.235573053359985352e-01 3.920257687568664551e-01 6.919333338737487793e-01 5.681821107864379883e-01 8.067781925201416016e-01 7.067295312881469727e-01 4.801996648311614990e-01 5.452831983566284180e-01 6.616769433021545410e-01
2.143065482378005981e-01 5.235573053359985352e-01 3.920257687568664551e-01 2.554675042629241943e-01 5.681821107864379883e-01 8.123857975006103516e-01 6.749002337455749512e-01 3.465193212032318115e-01 6.124983429908752441e-01 3.675742149353027344e-01
2.143065482378005981e-01 2.171925753355026245e-01 2.154630869626998901e-01 2.554675042629241943e-01 8.787422776222229004e-01 7.044221758842468262e-01 6.749002337455749512e-01 3.465193212032318115e-01 7.618042230606079102e-01 3.010548651218414307e-01
3.099715411663055420e-01 2.171925753355026245e-01 2.154630869626998901e-01 2.554675042629241943e-01 5.681821107864379883e-01 4.370378553867340088e-01 6.749002337455749512e-01 3.465193212032318115e-01 8.683947324752807617e-01 7.396265864372253418e-01
2.210157364606857300e-01 2.171925753355026245e-01 2.154630869626998901e-01 2.554675042629241943e-01 5.243374109268188477e-01 1.633958667516708374e-01 2.518304884433746338e-01 3.465193212032318115e-01 6.320158243179321289e-01 1.470678895711898804e-01
2.143065482378005981e-01 2.171925753355026245e-01 2.154630869626998901e-01 2.554675042629241943e-01 1.830669306218624115e-02 1.633958667516708374e-01 2.518304884433746338e-01 3.465193212032318115e-01 1.709197163581848145e-01 8.063250780105590820e-02
2.210157364606857300e-01 2.171925753355026245e-01 2.154630869626998901e-01 2.554675042629241943e-01 1.053523123264312744e-01 8.144933581352233887e-01 6.749002337455749512e-01 3.465193212032318115e-01 6.320158243179321289e-01 1.470678895711898804e-01
3.517738580703735352e-01 2.171925753355026245e-01 2.154630869626998901e-01 2.554675042629241943e-01 5.479323267936706543e-01 5.248526930809020996e-01 2.518304884433746338e-01 3.465193212032318115e-01 2.460028827190399170e-01 6.696970760822296143e-02
3.517738580703735352e-01 2.171925753355026245e-01 2.154630869626998901e-01 2.554675042629241943e-01 7.095677256584167480e-01 8.144933581352233887e-01 6.749002337455749512e-01 3.465193212032318115e-01 2.140380442142486572e-01 6.425476819276809692e-02
3.517738580703735352e-01 2.171925753355026245e-01 2.154630869626998901e-01 2.554675042629241943e-01 7.095677256584167480e-01 4.013301730155944824e-01 2.750340998172760010e-01 3.465193212032318115e-01 5.017912387847900391e-02 1.195026785135269165e-01
2.143065482378005981e-01 2.171925753355026245e-01 2.154630869626998901e-01 2.554675042629241943e-01 3.387141525745391846e-01 5.248526930809020996e-01 2.518304884433746338e-01 3.465193212032318115e-01 2.596649229526519775e-01 4.381918907165527344e-02
3.991045653820037842e-01 2.171925753355026245e-01 2.154630869626998901e-01 2.554675042629241943e-01 1.178646236658096313e-01 1.276554763317108154e-01 2.505565881729125977e-01 3.465193212032318115e-01 4.784967750310897827e-02 2.041345834732055664e-01
2.143065482378005981e-01 2.171925753355026245e-01 2.154630869626998901e-01 2.554675042629241943e-01 2.121786326169967651e-01 1.276554763317108154e-01 2.505565881729125977e-01 3.465193212032318115e-01 1.252945363521575928e-01 1.039884760975837708e-01
4.085904955863952637e-01 2.171925753355026245e-01 2.154630869626998901e-01 2.554675042629241943e-01 1.657741367816925049e-01 3.349776938557624817e-02 2.750340998172760010e-01 3.465193212032318115e-01 1.647865213453769684e-02 7.876332849264144897e-02
4.958916306495666504e-01 2.171925753355026245e-01 2.154630869626998901e-01 2.554675042629241943e-01 2.161904871463775635e-01 3.349776938557624817e-02 2.750340998172760010e-01 3.465193212032318115e-01 2.496697939932346344e-02 8.523295819759368896e-02
4.958916306495666504e-01 2.171925753355026245e-01 2.154630869626998901e-01 2.554675042629241943e-01 5.496487617492675781e-01 1.059690266847610474e-01 2.750340998172760010e-01 3.465193212032318115e-01 1.379074621945619583e-02 1.522584073245525360e-02
4.860445559024810791e-01 2.171925753355026245e-01 2.154630869626998901e-01 2.554675042629241943e-01 7.926836609840393066e-01 3.979980349540710449e-01 2.750340998172760010e-01 3.465193212032318115e-01 2.845338173210620880e-02 1.155984550714492798e-01
4.860445559024810791e-01 5.550355911254882812e-01 5.436343550682067871e-01 2.554675042629241943e-01 5.468286275863647461e-01 9.340549260377883911e-02 5.465292930603027344e-01 3.465193212032318115e-01 1.022239960730075836e-02 2.311913520097732544e-01
3.334513008594512939e-01 5.550355911254882812e-01 5.436343550682067871e-01 2.554675042629241943e-01 7.662473917007446289e-01 2.398226782679557800e-02 2.505565881729125977e-01 3.465193212032318115e-01 1.146476641297340393e-01 3.434910997748374939e-02
4.860445559024810791e-01 5.550355911254882812e-01 5.436343550682067871e-01 3.923389315605163574e-01 9.121806025505065918e-01 3.186530619859695435e-02 2.750340998172760010e-01 3.465193212032318115e-01 3.030310757458209991e-02 3.751826286315917969e-02
6.089904308319091797e-01 5.550355911254882812e-01 5.436343550682067871e-01 7.539869546890258789e-01 8.036929368972778320e-01 1.619995981454849243e-01 2.750340998172760010e-01 3.465193212032318115e-01 4.558254033327102661e-02 1.539470255374908447e-01
7.268481254577636719e-01 6.171913146972656250e-01 6.730702519416809082e-01 7.539869546890258789e-01 6.192287206649780273e-01 1.011744961142539978e-01 2.750340998172760010e-01 3.465193212032318115e-01 4.558254033327102661e-02 1.539470255374908447e-01
3.421579897403717041e-01 6.171913146972656250e-01 6.730702519416809082e-01 6.919333338737487793e-01 5.082153677940368652e-01 5.123044252395629883e-01 7.067295312881469727e-01 5.555656552314758301e-01 9.425114840269088745e-02 3.849511742591857910e-01
6.573871374130249023e-01 6.171913146972656250e-01 6.730702519416809082e-01 6.919333338737487793e-01 5.113267898559570312e-01 1.517165154218673706e-01 7.067295312881469727e-01 5.555656552314758301e-01 1.975192576646804810e-01 3.881011605262756348e-01
4.342250227928161621e-01 6.171913146972656250e-01 6.730702519416809082e-01 6.919333338737487793e-01 7.605980634689331055e-01 1.517165154218673706e-01 7.067295312881469727e-01 3.331637084484100342e-01 2.379713952541351318e-01 8.442804217338562012e-01
9.674256294965744019e-02 3.374187946319580078e-01 3.920257687568664551e-01 6.919333338737487793e-01 4.670445621013641357e-01 5.123044252395629883e-01 7.067295312881469727e-01 3.331637084484100342e-01 1.605053842067718506e-01 6.828110218048095703e-01
9.674256294965744019e-02 3.374187946319580078e-01 3.920257687568664551e-01 3.923389315605163574e-01 5.681821107864379883e-01 1.210821494460105896e-01 2.750340998172760010e-01 3.465193212032318115e-01 3.617041409015655518e-01 9.159087389707565308e-02
9.674256294965744019e-02 3.374187946319580078e-01 3.920257687568664551e-01 3.923389315605163574e-01 8.469502925872802734e-01 1.210821494460105896e-01 2.750340998172760010e-01 3.465193212032318115e-01 3.055473864078521729e-01 2.048988491296768188e-01
2.825039923191070557e-01 5.550355911254882812e-01 5.436343550682067871e-01 3.923389315605163574e-01 6.355134844779968262e-01 4.345177114009857178e-01 2.750340998172760010e-01 3.465193212032318115e-01 8.656928688287734985e-02 2.048988491296768188e-01
6.380871534347534180e-01 5.550355911254882812e-01 5.436343550682067871e-01 3.923389315605163574e-01 4.459767639636993408e-01 6.955008506774902344e-01 6.749002337455749512e-01 3.465193212032318115e-01 6.795965433120727539e-01 4.477815628051757812e-01
6.380871534347534180e-01 5.550355911254882812e-01 5.436343550682067871e-01 7.539869546890258789e-01 3.024227917194366455e-01 1.619995981454849243e-01 2.750340998172760010e-01 3.465193212032318115e-01 3.585603535175323486e-01 2.048988491296768188e-01
6.679424643516540527e-01 5.550355911254882812e-01 3.920257687568664551e-01 7.539869546890258789e-01 8.263601064682006836e-01 5.213881731033325195e-01 2.518304884433746338e-01 3.465193212032318115e-01 7.165772318840026855e-01 7.161515355110168457e-01
3.925053179264068604e-01 5.235573053359985352e-01 3.920257687568664551e-01 7.539869546890258789e-01 8.876498341560363770e-01 1.619995981454849243e-01 2.750340998172760010e-01 3.465193212032318115e-01 8.466191887855529785e-01 2.425290644168853760e-01
1.260946244001388550e-01 3.374187946319580078e-01 3.920257687568664551e-01 7.539869546890258789e-01 8.009908199310302734e-01 4.370378553867340088e-01 6.749002337455749512e-01 3.465193212032318115e-01 9.466762542724609375e-01 3.029546737670898438e-01
3.099715411663055420e-01 3.374187946319580078e-01 7.729406952857971191e-01 3.923389315605163574e-01 8.116971254348754883e-01 2.972173690795898438e-01 2.750340998172760010e-01 3.465193212032318115e-01 2.064896672964096069e-01 7.167526483535766602e-01
2.825039923191070557e-01 3.374187946319580078e-01 3.920257687568664551e-01 7.539869546890258789e-01 5.575147867202758789e-01 1.210821494460105896e-01 2.750340998172760010e-01 3.465193212032318115e-01 2.485000789165496826e-01 3.661320209503173828e-01
5.507279634475708008e-01 3.374187946319580078e-01 3.920257687568664551e-01 7.539869546890258789e-01 3.024227917194366455e-01 7.044221758842468262e-01 6.749002337455749512e-01 3.465193212032318115e-01 4.597760736942291260e-01 7.108243107795715332e-01
4.503214657306671143e-01 3.374187946319580078e-01 3.920257687568664551e-01 7.539869546890258789e-01 2.315088957548141479e-01 7.044221758842468262e-01 6.749002337455749512e-01 3.465193212032318115e-01 3.907894492149353027e-01 4.825659841299057007e-02
4.503214657306671143e-01 3.374187946319580078e-01 3.920257687568664551e-01 3.923389315605163574e-01 7.340885400772094727e-01 2.972173690795898438e-01 2.750340998172760010e-01 3.465193212032318115e-01 3.771981596946716309e-01 3.884929791092872620e-02
7.991339564323425293e-01 6.171913146972656250e-01 6.730702519416809082e-01 3.923389315605163574e-01 5.779833793640136719e-01 2.972173690795898438e-01 2.750340998172760010e-01 3.465193212032318115e-01 2.467143535614013672e-01 4.829616472125053406e-02
7.832941412925720215e-01 6.171913146972656250e-01 6.730702519416809082e-01 6.919333338737487793e-01 4.061430990695953369e-01 3.563622236251831055e-01 7.067295312881469727e-01 7.774834632873535156e-01 4.317345023155212402e-01 2.242328226566314697e-01
6.782121658325195312e-01 6.171913146972656250e-01 6.730702519416809082e-01 6.919333338737487793e-01 3.830248713493347168e-01 6.310195922851562500e-01 7.067295312881469727e-01 5.897549986839294434e-01 4.317345023155212402e-01 1.991766244173049927e-01
6.016186475753784180e-01 6.171913146972656250e-01 6.730702519416809082e-01 6.919333338737487793e-01 1.712024807929992676e-01 2.321742475032806396e-01 7.067295312881469727e-01 7.774834632873535156e-01 1.842134147882461548e-01 1.186755523085594177e-01
7.991339564323425293e-01 6.171913146972656250e-01 2.518295049667358398e-01 6.919333338737487793e-01 1.923269331455230713e-01 2.321742475032806396e-01 7.067295312881469727e-01 5.555656552314758301e-01 1.842134147882461548e-01 4.592671990394592285e-01
3.870625197887420654e-01 6.171913146972656250e-01 2.518295049667358398e-01 6.919333338737487793e-01 4.726541936397552490e-01 8.916635066270828247e-02 7.067295312881469727e-01 5.555656552314758301e-01 1.842134147882461548e-01 8.920320868492126465e-01
6.053273081779479980e-01 6.171913146972656250e-01 6.730702519416809082e-01 6.919333338737487793e-01 6.577866524457931519e-02 2.321742475032806396e-01 7.067295312881469727e-01 7.774834632873535156e-01 3.595648705959320068e-01 6.791570782661437988e-01
7.210694551467895508e-01 6.171913146972656250e-01 5.866132974624633789e-01 6.919333338737487793e-01 3.956326842308044434e-01 2.310808748006820679e-01 7.067295312881469727e-01 7.774834632873535156e-01 5.430827140808105469e-01 6.963278651237487793e-01
6.802084445953369141e-01 7.628328800201416016e-01 5.866132974624633789e-01 6.919333338737487793e-01 6.469357609748840332e-01 5.225873589515686035e-01 7.067295312881469727e-01 7.774834632873535156e-01 5.430827140808105469e-01 7.566170692443847656e-01
6.508449912071228027e-01 7.628328800201416016e-01 5.866132974624633789e-01 6.919333338737487793e-01 2.394057810306549072e-01 2.321742475032806396e-01 7.067295312881469727e-01 7.774834632873535156e-01 6.557541489601135254e-01 6.698095798492431641e-01
6.508449912071228027e-01 7.628328800201416016e-01 5.866132974624633789e-01 3.385969400405883789e-01 7.749367356300354004e-01 3.531831502914428711e-01 7.067295312881469727e-01 7.774834632873535156e-01 5.490648150444030762e-01 8.368494510650634766e-01
6.508449912071228027e-01 7.628328800201416016e-01 6.730702519416809082e-01 3.385969400405883789e-01 9.573144912719726562e-01 6.277801394462585449e-01 7.067295312881469727e-01 3.331637084484100342e-01 5.490648150444030762e-01 4.128973186016082764e-01
6.508449912071228027e-01 7.628328800201416016e-01 6.730702519416809082e-01 6.919333338737487793e-01 8.866457939147949219e-01 5.225873589515686035e-01 7.067295312881469727e-01 3.331637084484100342e-01 7.917711734771728516e-01 6.698095798492431641e-01
6.508449912071228027e-01 7.628328800201416016e-01 6.730702519416809082e-01 6.919333338737487793e-01 7.669175863265991211e-01 2.616576552391052246e-01 7.067295312881469727e-01 5.555656552314758301e-01 6.378557682037353516e-01 6.698095798492431641e-01
1.863139271736145020e-01 7.628328800201416016e-01 6.730702519416809082e-01 6.919333338737487793e-01 8.049642443656921387e-01 7.304518222808837891e-01 7.067295312881469727e-01 5.555656552314758301e-01 6.046384572982788086e-01 6.961051821708679199e-01
1.087260618805885315e-01 3.374187946319580078e-01 3.920257687568664551e-01 6.919333338737487793e-01 7.504300773143768311e-02 4.281091988086700439e-01 7.067295312881469727e-01 6.935278177261352539e-01 7.714982032775878906e-01 6.698095798492431641e-01
3.532750606536865234e-01 3.374187946319580078e-01 3.920257687568664551e-01 3.923389315605163574e-01 5.475384369492530823e-02 8.600071072578430176e-01 7.625398635864257812e-01 3.465193212032318115e-01 6.642071604728698730e-01 3.053403496742248535e-01
3.532750606536865234e-01 3.374187946319580078e-01 3.920257687568664551e-01 3.923389315605163574e-01 7.985249757766723633e-01 8.600071072578430176e-01 7.625398635864257812e-01 3.465193212032318115e-01 8.514596819877624512e-01 3.317014276981353760e-01
3.378776311874389648e-01 3.374187946319580078e-01 3.920257687568664551e-01 7.539869546890258789e-01 9.501525759696960449e-01 8.600071072578430176e-01 3.716879189014434814e-01 3.465193212032318115e-01 7.174812555313110352e-01 1.579702943563461304e-01
5.498307943344116211e-01 3.374187946319580078e-01 3.920257687568664551e-01 7.539869546890258789e-01 7.985249757766723633e-01 4.345177114009857178e-01 2.750340998172760010e-01 3.465193212032318115e-01 7.155870199203491211e-01 5.022111907601356506e-02
8.230581879615783691e-01 7.755626440048217773e-01 6.201056241989135742e-01 7.539869546890258789e-01 7.269119620323181152e-01 8.600071072578430176e-01 7.625398635864257812e-01 3.465193212032318115e-01 7.155870199203491211e-01 3.053403496742248535e-01
8.995443582534790039e-01 7.755626440048217773e-01 3.920257687568664551e-01 7.586781382560729980e-01 2.633843123912811279e-01 8.600071072578430176e-01 7.625398635864257812e-01 7.719483971595764160e-01 7.155870199203491211e-01 3.053403496742248535e-01
8.995443582534790039e-01 7.755626440048217773e-01 3.920257687568664551e-01 7.586781382560729980e-01 8.145527243614196777e-01 7.289592623710632324e-01 6.145913600921630859e-01 5.000000000000000000e-01 7.155870199203491211e-01 3.311918675899505615e-01
6.602597236633300781e-01 3.374187946319580078e-01 3.920257687568664551e-01 3.923389315605163574e-01 8.283428549766540527e-01 4.345177114009857178e-01 2.750340998172760010e-01 3.465193212032318115e-01 4.691470265388488770e-01 3.082956075668334961e-01
8.995443582534790039e-01 3.374187946319580078e-01 3.920257687568664551e-01 7.586781382560729980e-01 9.500267505645751953e-01 8.610952496528625488e-01 6.145913600921630859e-01 7.719483971595764160e-01 5.288886427879333496e-01 1.130091771483421326e-01
8.995443582534790039e-01 3.374187946319580078e-01 7.729406952857971191e-01 7.586781382560729980e-01 9.833641052246093750e-01 8.009307980537414551e-01 6.145913600921630859e-01 5.000000000000000000e-01 4.952792525291442871e-01 2.850202023983001709e-01
4.412442743778228760e-01 3.374187946319580078e-01 7.729406952857971191e-01 4.133866727352142334e-01 7.300184965133666992e-01 8.009307980537414551e-01 6.145913600921630859e-01 5.000000000000000000e-01 4.625351727008819580e-01 5.704151391983032227e-01
6.539934873580932617e-01 3.374187946319580078e-01 7.729406952857971191e-01 7.586781382560729980e-01 8.029203414916992188e-01 7.289592623710632324e-01 6.145913600921630859e-01 5.000000000000000000e-01 2.275306135416030884e-01 3.301564753055572510e-01
4.412442743778228760e-01 3.374187946319580078e-01 7.729406952857971191e-01 7.586781382560729980e-01 5.124303102493286133e-01 8.009307980537414551e-01 6.145913600921630859e-01 5.000000000000000000e-01 6.583449840545654297e-01 1.396744549274444580e-01
4.412442743778228760e-01 3.374187946319580078e-01 7.729406952857971191e-01 4.133866727352142334e-01 9.208145737648010254e-01 8.009307980537414551e-01 6.145913600921630859e-01 7.719483971595764160e-01 2.329142987728118896e-01 3.518964648246765137e-01
5.095136761665344238e-01 3.374187946319580078e-01 7.729406952857971191e-01 3.923389315605163574e-01 8.802551627159118652e-01 6.391381025314331055e-01 2.750340998172760010e-01 6.344850659370422363e-01 1.832613348960876465e-01 2.960476875305175781e-01
3.026534318923950195e-01 3.374187946319580078e-01 7.729406952857971191e-01 3.923389315605163574e-01 4.694112539291381836e-01 6.391381025314331055e-01 2.750340998172760010e-01 3.465193212032318115e-01 1.947867125272750854e-01 2.582578659057617188e-01
5.095136761665344238e-01 3.374187946319580078e-01 7.729406952857971191e-01 3.923389315605163574e-01 1.237060502171516418e-01 6.391381025314331055e-01 2.750340998172760010e-01 6.344850659370422363e-01 6.939369440078735352e-01 1.960413604974746704e-01
3.026534318923950195e-01 3.374187946319580078e-01 7.729406952857971191e-01 4.261912405490875244e-01 4.773599505424499512e-01 6.391381025314331055e-01 2.750340998172760010e-01 6.344850659370422363e-01 5.101870894432067871e-01 1.626336425542831421e-01
4.489248991012573242e-01 6.171913146972656250e-01 6.730702519416809082e-01 4.261912405490875244e-01 8.531198501586914062e-01 4.345177114009857178e-01 2.750340998172760010e-01 6.344850659370422363e-01 2.968733310699462891e-01 3.301564753055572510e-01
3.562561571598052979e-01 6.171913146972656250e-01 2.518295049667358398e-01 6.919333338737487793e-01 8.531198501586914062e-01 7.974931001663208008e-01 7.067295312881469727e-01 7.774834632873535156e-01 4.996923804283142090e-01 5.026389956474304199e-01
1.762107312679290771e-01 6.171913146972656250e-01 2.518295049667358398e-01 6.919333338737487793e-01 5.024246573448181152e-01 7.974931001663208008e-01 7.067295312881469727e-01 7.774834632873535156e-01 4.996923804283142090e-01 7.296824455261230469e-01
1.023012474179267883e-01 5.235573053359985352e-01 7.729406952857971191e-01 3.385969400405883789e-01 5.843598246574401855e-01 7.974931001663208008e-01 7.067295312881469727e-01 4.367081522941589355e-01 4.996923804283142090e-01 4.937626719474792480e-01
8.572744578123092651e-02 7.755626440048217773e-01 7.729406952857971191e-01 4.261912405490875244e-01 5.611017346382141113e-01 8.123857975006103516e-01 6.749002337455749512e-01 3.465193212032318115e-01 6.851816177368164062e-01 4.616371393203735352e-01
6.602597236633300781e-01 5.235573053359985352e-01 7.729406952857971191e-01 4.261912405490875244e-01 6.340588927268981934e-01 8.123857975006103516e-01 6.749002337455749512e-01 3.465193212032318115e-01 6.250081658363342285e-01 1.222213879227638245e-01
8.230581879615783691e-01 5.235573053359985352e-01 7.729406952857971191e-01 4.261912405490875244e-01 6.340588927268981934e-01 8.123857975006103516e-01 6.749002337455749512e-01 3.465193212032318115e-01 8.149436712265014648e-01 1.222213879227638245e-01
6.602597236633300781e-01 7.755626440048217773e-01 7.729406952857971191e-01 4.261912405490875244e-01 7.213534712791442871e-01 8.123857975006103516e-01 6.749002337455749512e-01 3.465193212032318115e-01 8.149436712265014648e-01 8.327112197875976562e-01
6.602597236633300781e-01 7.755626440048217773e-01 3.920257687568664551e-01 4.261912405490875244e-01 4.347619414329528809e-01 8.123857975006103516e-01 6.749002337455749512e-01 3.465193212032318115e-01 7.068368792533874512e-01 4.771791994571685791e-01
5.138133764266967773e-01 7.755626440048217773e-01 3.920257687568664551e-01 4.261912405490875244e-01 5.055370330810546875e-01 8.123857975006103516e-01 6.749002337455749512e-01 3.465193212032318115e-01 2.080046087503433228e-01 6.893441677093505859e-01
5.138133764266967773e-01 7.755626440048217773e-01 3.920257687568664551e-01 4.261912405490875244e-01 4.081034064292907715e-01 8.144933581352233887e-01 6.749002337455749512e-01 3.465193212032318115e-01 6.873850822448730469e-01 3.256973028182983398e-01
6.602597236633300781e-01 5.235573053359985352e-01 3.920257687568664551e-01 4.261912405490875244e-01 3.492629826068878174e-01 8.123857975006103516e-01 6.749002337455749512e-01 3.465193212032318115e-01 4.542097747325897217e-01 2.995994687080383301e-01
6.602597236633300781e-01 5.235573053359985352e-01 3.920257687568664551e-01 4.261912405490875244e-01 3.726002871990203857e-01 8.123857975006103516e-01 6.749002337455749512e-01 3.465193212032318115e-01 6.873850822448730469e-01 5.400865674018859863e-01
4.489248991012573242e-01 6.171913146972656250e-01 6.730702519416809082e-01 4.261912405490875244e-01 2.201290130615234375e-01 8.123857975006103516e-01 6.749002337455749512e-01 3.465193212032318115e-01 4.730903804302215576e-01 3.256973028182983398e-01
4.489248991012573242e-01 6.171913146972656250e-01 6.730702519416809082e-01 6.919333338737487793e-01 6.854466199874877930e-01 7.974931001663208008e-01 7.067295312881469727e-01 4.801996648311614990e-01 7.478046417236328125e-01 3.873406350612640381e-01
4.489248991012573242e-01 6.171913146972656250e-01 6.730702519416809082e-01 6.919333338737487793e-01 2.349075824022293091e-01 3.531831502914428711e-01 7.067295312881469727e-01 4.801996648311614990e-01 4.736288785934448242e-01 2.063265740871429443e-01
4.489248991012573242e-01 6.171913146972656250e-01 6.730702519416809082e-01 6.919333338737487793e-01 2.855207026004791260e-01 7.974931001663208008e-01 7.067295312881469727e-01 4.801996648311614990e-01 9.319806694984436035e-01 2.903670668601989746e-01
7.450881600379943848e-01 6.171913146972656250e-01 6.730702519416809082e-01 6.919333338737487793e-01 5.575361251831054688e-01 8.067781925201416016e-01 7.067295312881469727e-01 7.774834632873535156e-01 8.401692509651184082e-01 1.871392279863357544e-01
4.489248991012573242e-01 6.020070314407348633e-01 6.730702519416809082e-01 6.919333338737487793e-01 9.075466394424438477e-01 8.067781925201416016e-01 7.067295312881469727e-01 7.774834632873535156e-01 8.838030695915222168e-01 6.315795183181762695e-01
4.489248991012573242e-01 6.020070314407348633e-01 6.730702519416809082e-01 6.919333338737487793e-01 7.510687708854675293e-01 8.067781925201416016e-01 7.067295312881469727e-01 7.774834632873535156e-01 8.401692509651184082e-01 9.214293360710144043e-01
4.336297810077667236e-01 6.020070314407348633e-01 6.730702519416809082e-01 6.919333338737487793e-01 6.279717087745666504e-01 8.067781925201416016e-01 7.067295312881469727e-01 4.367081522941589355e-01 7.209199070930480957e-01 7.925115823745727539e-01
4.658226072788238525e-01 6.020070314407348633e-01 6.730702519416809082e-01 6.919333338737487793e-01 8.850693702697753906e-01 8.067781925201416016e-01 7.067295312881469727e-01 7.774834632873535156e-01 7.924284338951110840e-01 1.897073835134506226e-01
7.578039765357971191e-01 6.020070314407348633e-01 6.730702519416809082e-01 6.919333338737487793e-01 3.640608787536621094e-01 9.058749675750732422e-01 7.067295312881469727e-01 4.367081522941589355e-01 9.805825352668762207e-01 5.273337960243225098e-01
7.578039765357971191e-01 6.020070314407348633e-01 6.730702519416809082e-01 6.919333338737487793e-01 9.663293957710266113e-01 8.067781925201416016e-01 7.067295312881469727e-01 4.367081522941589355e-01 8.838030695915222168e-01 6.295822858810424805e-01
7.578039765357971191e-01 6.020070314407348633e-01 6.730702519416809082e-01 6.919333338737487793e-01 8.188527822494506836e-01 8.067781925201416016e-01 7.067295312881469727e-01 4.367081522941589355e-01 7.892435789108276367e-01 8.736715316772460938e-01
4.658226072788238525e-01 6.020070314407348633e-01 6.730702519416809082e-01 6.919333338737487793e-01 8.188527822494506836e-01 8.067781925201416016e-01 7.067295312881469727e-01 7.774834632873535156e-01 6.796744465827941895e-01 8.666545748710632324e-01
4.658226072788238525e-01 6.020070314407348633e-01 6.730702519416809082e-01 6.919333338737487793e-01 9.647130966186523438e-01 8.067781925201416016e-01 7.067295312881469727e-01 7.774834632873535156e-01 8.468763232231140137e-01 8.709167242050170898e-01
4.658226072788238525e-01 6.020070314407348633e-01 6.730702519416809082e-01 6.919333338737487793e-01 8.767880201339721680e-01 9.058749675750732422e-01 7.067295312881469727e-01 7.774834632873535156e-01 9.651440978050231934e-01 3.896544873714447021e-01
7.578039765357971191e-01 6.020070314407348633e-01 6.730702519416809082e-01 6.919333338737487793e-01 9.619236588478088379e-01 9.058749675750732422e-01 7.067295312881469727e-01 7.774834632873535156e-01 9.695956707000732422e-01 8.747519850730895996e-01
7.578039765357971191e-01 6.020070314407348633e-01 6.730702519416809082e-01 6.919333338737487793e-01 8.767880201339721680e-01 9.058749675750732422e-01 7.067295312881469727e-01 7.774834632873535156e-01 9.197500348091125488e-01 6.801745295524597168e-01
7.578039765357971191e-01 6.020070314407348633e-01 6.730702519416809082e-01 6.919333338737487793e-01 6.639128327369689941e-01 5.430693030357360840e-01 3.950640261173248291e-01 7.774834632873535156e-01 6.328605413436889648e-01 4.862760305404663086e-01
7.450881600379943848e-01 6.020070314407348633e-01 6.730702519416809082e-01 6.919333338737487793e-01 7.943870425224304199e-01 8.067781925201416016e-01 7.067295312881469727e-01 7.774834632873535156e-01 9.269577264785766602e-01 6.824744939804077148e-01
4.489248991012573242e-01 6.020070314407348633e-01 6.730702519416809082e-01 6.919333338737487793e-01 7.135979533195495605e-01 5.430693030357360840e-01 3.950640261173248291e-01 6.935278177261352539e-01 8.274765610694885254e-01 4.722175300121307373e-01
7.268481254577636719e-01 6.020070314407348633e-01 6.730702519416809082e-01 6.919333338737487793e-01 4.401901960372924805e-01 5.430693030357360840e-01 3.950640261173248291e-01 6.935278177261352539e-01 4.094362556934356689e-01 4.391211271286010742e-01
4.258237183094024658e-01 6.020070314407348633e-01 6.730702519416809082e-01 6.919333338737487793e-01 2.212173342704772949e-01 1.683000326156616211e-01 3.950640261173248291e-01 6.935278177261352539e-01 4.919308722019195557e-01 4.391211271286010742e-01
4.182383716106414795e-01 7.755626440048217773e-01 7.729406952857971191e-01 6.919333338737487793e-01 1.138741821050643921e-01 1.683000326156616211e-01 3.950640261173248291e-01 7.774834632873535156e-01 4.152180254459381104e-01 3.159762024879455566e-01
4.182383716106414795e-01 7.755626440048217773e-01 7.729406952857971191e-01 4.133866727352142334e-01 2.353017479181289673e-01 3.140871524810791016e-01 6.145913600921630859e-01 5.000000000000000000e-01 1.789621561765670776e-01 5.022111907601356506e-02
