6.795507073402404785e-01 6.417981386184692383e-01 5.699446201324462891e-01 3.956691324710845947e-01 6.990525126457214355e-01 6.921240091323852539e-01 8.506479859352111816e-01 3.668642640113830566e-01 5.332807302474975586e-01 1.696421205997467041e-01
5.040266513824462891e-01 6.417981386184692383e-01 1.994464397430419922e-01 2.244942933320999146e-01 6.534095406532287598e-01 5.731552839279174805e-01 8.506479859352111816e-01 2.953856587409973145e-01 5.332807302474975586e-01 2.231198400259017944e-01
5.040266513824462891e-01 6.417981386184692383e-01 1.036806777119636536e-01 4.111772477626800537e-01 3.727334439754486084e-01 5.731552839279174805e-01 6.474480628967285156e-01 1.734880059957504272e-01 5.332807302474975586e-01 6.354280710220336914e-01
5.040266513824462891e-01 6.417981386184692383e-01 1.030285730957984924e-01 4.111772477626800537e-01 3.727334439754486084e-01 5.731552839279174805e-01 5.385984182357788086e-01 1.734880059957504272e-01 5.332807302474975586e-01 3.786355853080749512e-01
5.040266513824462891e-01 6.417981386184692383e-01 4.188000261783599854e-01 4.111772477626800537e-01 3.727334439754486084e-01 5.731552839279174805e-01 7.807798385620117188e-01 1.734880059957504272e-01 5.332807302474975586e-01 6.354280710220336914e-01
5.040266513824462891e-01 6.417981386184692383e-01 7.519729435443878174e-02 4.111772477626800537e-01 3.727334439754486084e-01 5.731552839279174805e-01 6.311476230621337891e-01 1.734880059957504272e-01 5.332807302474975586e-01 1.839926242828369141e-01
5.040266513824462891e-01 6.417981386184692383e-01 1.609846800565719604e-01 4.111772477626800537e-01 3.727334439754486084e-01 5.731552839279174805e-01 3.593072891235351562e-01 1.734880059957504272e-01 5.402573943138122559e-01 1.839926242828369141e-01
5.040266513824462891e-01 6.417981386184692383e-01 4.679229110479354858e-02 2.244942933320999146e-01 3.727334439754486084e-01 5.731552839279174805e-01 2.218935340642929077e-01 1.581039875745773315e-01 5.402573943138122559e-01 1.839926242828369141e-01
5.040266513824462891e-01 6.417981386184692383e-01 2.153690755367279053e-01 4.111772477626800537e-01 3.727334439754486084e-01 5.731552839279174805e-01 2.864568233489990234e-01 1.734880059957504272e-01 5.402573943138122559e-01 1.839926242828369141e-01
5.040266513824462891e-01 6.417981386184692383e-01 2.141823321580886841e-01 4.111772477626800537e-01 3.727334439754486084e-01 5.731552839279174805e-01 2.864568233489990234e-01 1.734880059957504272e-01 5.402573943138122559e-01 3.920724093914031982e-01
5.040266513824462891e-01 6.417981386184692383e-01 2.638316452503204346e-01 4.111772477626800537e-01 3.727334439754486084e-01 5.731552839279174805e-01 2.864568233489990234e-01 1.734880059957504272e-01 5.402573943138122559e-01 3.920724093914031982e-01
5.040266513824462891e-01 6.417981386184692383e-01 7.675804197788238525e-02 4.111772477626800537e-01 3.727334439754486084e-01 5.731552839279174805e-01 2.864568233489990234e-01 1.734880059957504272e-01 5.402573943138122559e-01 1.839926242828369141e-01
5.040266513824462891e-01 6.417981386184692383e-01 7.220645248889923096e-02 4.111772477626800537e-01 3.727334439754486084e-01 5.731552839279174805e-01 2.864568233489990234e-01 1.581039875745773315e-01 5.402573943138122559e-01 1.839926242828369141e-01
5.040266513824462891e-01 6.417981386184692383e-01 5.194127932190895081e-02 2.244942933320999146e-01 3.727334439754486084e-01 5.731552839279174805e-01 5.111057311296463013e-02 1.581039875745773315e-01 5.402573943138122559e-01 1.839926242828369141e-01
5.040266513824462891e-01 6.417981386184692383e-01 4.261475801467895508e-02 2.244942933320999146e-01 3.727334439754486084e-01 5.731552839279174805e-01 5.111057311296463013e-02 1.581039875745773315e-01 5.402573943138122559e-01 1.839926242828369141e-01
5.040266513824462891e-01 6.417981386184692383e-01 2.279908061027526855e-01 4.111772477626800537e-01 3.727334439754486084e-01 5.731552839279174805e-01 3.353279531002044678e-01 1.734880059957504272e-01 5.402573943138122559e-01 1.839926242828369141e-01
5.040266513824462891e-01 2.952548861503601074e-01 4.740697741508483887e-01 4.111772477626800537e-01 3.727334439754486084e-01 5.731552839279174805e-01 3.353279531002044678e-01 1.734880059957504272e-01 5.402573943138122559e-01 3.920724093914031982e-01
5.040266513824462891e-01 2.952548861503601074e-01 4.740697741508483887e-01 4.111772477626800537e-01 3.727334439754486084e-01 5.731552839279174805e-01 5.500640869140625000e-01 1.734880059957504272e-01 5.402573943138122559e-01 1.751778423786163330e-01
5.040266513824462891e-01 2.952548861503601074e-01 3.882114589214324951e-01 4.111772477626800537e-01 3.727334439754486084e-01 5.731552839279174805e-01 2.860623896121978760e-01 1.734880059957504272e-01 5.402573943138122559e-01 1.652067303657531738e-01
5.040266513824462891e-01 2.952548861503601074e-01 1.790423095226287842e-01 2.244942933320999146e-01 3.727334439754486084e-01 5.731552839279174805e-01 2.860623896121978760e-01 1.581039875745773315e-01 5.402573943138122559e-01 3.753741681575775146e-01
5.040266513824462891e-01 2.952548861503601074e-01 3.882114589214324951e-01 2.244942933320999146e-01 3.727334439754486084e-01 5.731552839279174805e-01 2.860623896121978760e-01 1.581039875745773315e-01 5.402573943138122559e-01 3.753741681575775146e-01
5.040266513824462891e-01 2.952548861503601074e-01 3.882114589214324951e-01 2.244942933320999146e-01 3.727334439754486084e-01 5.731552839279174805e-01 2.860623896121978760e-01 1.581039875745773315e-01 5.402573943138122559e-01 1.736254394054412842e-01
5.040266513824462891e-01 2.952548861503601074e-01 3.882114589214324951e-01 2.244942933320999146e-01 3.727334439754486084e-01 5.731552839279174805e-01 2.860623896121978760e-01 1.581039875745773315e-01 5.402573943138122559e-01 1.736254394054412842e-01
5.040266513824462891e-01 2.952548861503601074e-01 3.882114589214324951e-01 2.244942933320999146e-01 3.727334439754486084e-01 5.731552839279174805e-01 2.860623896121978760e-01 1.581039875745773315e-01 5.402573943138122559e-01 3.753741681575775146e-01
5.040266513824462891e-01 2.952548861503601074e-01 3.882114589214324951e-01 2.244942933320999146e-01 3.727334439754486084e-01 5.731552839279174805e-01 2.860623896121978760e-01 1.581039875745773315e-01 5.402573943138122559e-01 1.652067303657531738e-01
5.040266513824462891e-01 2.952548861503601074e-01 3.882114589214324951e-01 2.244942933320999146e-01 3.727334439754486084e-01 5.731552839279174805e-01 2.860623896121978760e-01 1.581039875745773315e-01 5.402573943138122559e-01 1.652067303657531738e-01
5.040266513824462891e-01 2.952548861503601074e-01 3.139254152774810791e-01 2.244942933320999146e-01 3.727334439754486084e-01 5.731552839279174805e-01 4.135409295558929443e-01 1.581039875745773315e-01 5.402573943138122559e-01 1.652067303657531738e-01
5.040266513824462891e-01 2.952548861503601074e-01 2.757631242275238037e-01 2.244942933320999146e-01 3.727334439754486084e-01 5.731552839279174805e-01 6.872647404670715332e-01 1.581039875745773315e-01 5.402573943138122559e-01 1.652067303657531738e-01
5.040266513824462891e-01 2.952548861503601074e-01 6.154486536979675293e-01 2.244942933320999146e-01 3.727334439754486084e-01 5.731552839279174805e-01 5.553036928176879883e-01 1.581039875745773315e-01 5.402573943138122559e-01 1.652067303657531738e-01
5.040266513824462891e-01 2.952548861503601074e-01 4.898849725723266602e-01 2.244942933320999146e-01 3.727334439754486084e-01 5.731552839279174805e-01 7.091766595840454102e-01 1.581039875745773315e-01 5.402573943138122559e-01 1.652067303657531738e-01
5.040266513824462891e-01 2.952548861503601074e-01 6.252855062484741211e-01 4.111772477626800537e-01 3.727334439754486084e-01 5.731552839279174805e-01 4.389756023883819580e-01 1.734880059957504272e-01 5.402573943138122559e-01 1.652067303657531738e-01
5.040266513824462891e-01 2.952548861503601074e-01 5.832544565200805664e-01 2.244942933320999146e-01 3.727334439754486084e-01 5.731552839279174805e-01 4.543794095516204834e-01 1.581039875745773315e-01 5.402573943138122559e-01 1.652067303657531738e-01
5.040266513824462891e-01 2.952548861503601074e-01 6.815659403800964355e-01 4.111772477626800537e-01 3.727334439754486084e-01 5.731552839279174805e-01 4.543794095516204834e-01 1.734880059957504272e-01 5.402573943138122559e-01 2.651594579219818115e-01
5.040266513824462891e-01 2.952548861503601074e-01 5.860544443130493164e-01 4.111772477626800537e-01 3.727334439754486084e-01 5.731552839279174805e-01 4.543794095516204834e-01 1.734880059957504272e-01 5.402573943138122559e-01 2.651594579219818115e-01
5.040266513824462891e-01 2.952548861503601074e-01 5.990086197853088379e-01 2.244942933320999146e-01 3.727334439754486084e-01 5.731552839279174805e-01 6.023421287536621094e-01 1.581039875745773315e-01 5.402573943138122559e-01 2.651594579219818115e-01
5.040266513824462891e-01 2.952548861503601074e-01 5.990086197853088379e-01 2.244942933320999146e-01 3.727334439754486084e-01 5.731552839279174805e-01 8.251941204071044922e-01 1.581039875745773315e-01 5.402573943138122559e-01 2.651594579219818115e-01
5.040266513824462891e-01 2.952548861503601074e-01 5.990086197853088379e-01 4.111772477626800537e-01 3.727334439754486084e-01 5.731552839279174805e-01 8.251941204071044922e-01 1.734880059957504272e-01 5.402573943138122559e-01 2.651594579219818115e-01
5.040266513824462891e-01 2.952548861503601074e-01 8.155106306076049805e-01 2.244942933320999146e-01 6.534095406532287598e-01 5.731552839279174805e-01 8.251941204071044922e-01 1.581039875745773315e-01 5.402573943138122559e-01 2.272357642650604248e-01
5.040266513824462891e-01 2.952548861503601074e-01 7.698186635971069336e-01 4.111772477626800537e-01 3.727334439754486084e-01 5.731552839279174805e-01 6.023421287536621094e-01 1.072973161935806274e-01 5.402573943138122559e-01 1.483402103185653687e-01
5.040266513824462891e-01 2.952548861503601074e-01 8.508453965187072754e-01 4.111772477626800537e-01 3.727334439754486084e-01 5.731552839279174805e-01 6.023421287536621094e-01 1.072973161935806274e-01 5.402573943138122559e-01 1.483402103185653687e-01
5.040266513824462891e-01 2.952548861503601074e-01 9.097543358802795410e-01 4.111772477626800537e-01 3.727334439754486084e-01 5.731552839279174805e-01 8.251941204071044922e-01 1.072973161935806274e-01 5.402573943138122559e-01 1.483402103185653687e-01
5.040266513824462891e-01 2.952548861503601074e-01 7.250964045524597168e-01 4.111772477626800537e-01 3.727334439754486084e-01 5.731552839279174805e-01 8.251941204071044922e-01 1.072973161935806274e-01 5.402573943138122559e-01 6.851750612258911133e-02
5.040266513824462891e-01 2.952548861503601074e-01 8.909285068511962891e-01 4.111772477626800537e-01 6.534095406532287598e-01 5.731552839279174805e-01 8.251941204071044922e-01 1.072973161935806274e-01 5.402573943138122559e-01 6.851750612258911133e-02
5.040266513824462891e-01 2.952548861503601074e-01 9.119486212730407715e-01 4.111772477626800537e-01 6.534095406532287598e-01 5.731552839279174805e-01 8.251941204071044922e-01 1.072973161935806274e-01 5.402573943138122559e-01 6.851750612258911133e-02
5.040266513824462891e-01 2.952548861503601074e-01 8.841727972030639648e-01 2.244942933320999146e-01 6.534095406532287598e-01 5.731552839279174805e-01 8.251941204071044922e-01 9.709323942661285400e-02 5.402573943138122559e-01 1.203147917985916138e-01
5.040266513824462891e-01 2.952548861503601074e-01 8.738979697227478027e-01 2.244942933320999146e-01 6.534095406532287598e-01 5.731552839279174805e-01 7.692082524299621582e-01 9.709323942661285400e-02 5.402573943138122559e-01 1.203147917985916138e-01
5.040266513824462891e-01 2.952548861503601074e-01 8.767265081405639648e-01 2.244942933320999146e-01 6.534095406532287598e-01 5.731552839279174805e-01 7.692082524299621582e-01 9.709323942661285400e-02 5.402573943138122559e-01 1.203147917985916138e-01
5.040266513824462891e-01 2.952548861503601074e-01 7.847144007682800293e-01 2.244942933320999146e-01 6.534095406532287598e-01 5.731552839279174805e-01 7.692082524299621582e-01 1.581039875745773315e-01 5.402573943138122559e-01 2.207852900028228760e-01
5.040266513824462891e-01 2.952548861503601074e-01 7.847144007682800293e-01 2.244942933320999146e-01 6.534095406532287598e-01 5.731552839279174805e-01 7.383655309677124023e-01 1.581039875745773315e-01 5.402573943138122559e-01 1.606919020414352417e-01
5.040266513824462891e-01 2.952548861503601074e-01 7.847144007682800293e-01 2.244942933320999146e-01 6.534095406532287598e-01 5.731552839279174805e-01 7.692082524299621582e-01 1.581039875745773315e-01 5.402573943138122559e-01 1.606919020414352417e-01
5.040266513824462891e-01 2.952548861503601074e-01 9.369764924049377441e-01 2.244942933320999146e-01 6.534095406532287598e-01 5.731552839279174805e-01 7.692082524299621582e-01 1.581039875745773315e-01 5.402573943138122559e-01 2.207852900028228760e-01
5.040266513824462891e-01 2.952548861503601074e-01 8.947636485099792480e-01 4.111772477626800537e-01 6.534095406532287598e-01 5.731552839279174805e-01 7.692082524299621582e-01 1.072973161935806274e-01 5.402573943138122559e-01 6.851750612258911133e-02
5.040266513824462891e-01 2.952548861503601074e-01 8.947636485099792480e-01 4.111772477626800537e-01 6.534095406532287598e-01 5.731552839279174805e-01 7.692082524299621582e-01 1.072973161935806274e-01 5.402573943138122559e-01 6.851750612258911133e-02
5.040266513824462891e-01 2.952548861503601074e-01 8.217924237251281738e-01 4.111772477626800537e-01 6.534095406532287598e-01 5.731552839279174805e-01 7.692082524299621582e-01 1.072973161935806274e-01 5.402573943138122559e-01 6.851750612258911133e-02
5.040266513824462891e-01 6.417981386184692383e-01 8.742211461067199707e-01 4.111772477626800537e-01 6.534095406532287598e-01 5.731552839279174805e-01 7.692082524299621582e-01 1.072973161935806274e-01 5.402573943138122559e-01 6.851750612258911133e-02
5.040266513824462891e-01 6.417981386184692383e-01 7.485550642013549805e-01 2.244942933320999146e-01 6.534095406532287598e-01 5.731552839279174805e-01 7.383655309677124023e-01 1.581039875745773315e-01 5.402573943138122559e-01 1.322360187768936157e-01
5.040266513824462891e-01 6.417981386184692383e-01 8.275380730628967285e-01 2.244942933320999146e-01 6.534095406532287598e-01 5.731552839279174805e-01 7.383655309677124023e-01 1.581039875745773315e-01 5.402573943138122559e-01 1.322360187768936157e-01
5.040266513824462891e-01 6.417981386184692383e-01 8.275380730628967285e-01 2.244942933320999146e-01 6.534095406532287598e-01 5.731552839279174805e-01 7.383655309677124023e-01 1.581039875745773315e-01 5.402573943138122559e-01 9.335646778345108032e-02
5.040266513824462891e-01 6.417981386184692383e-01 6.786935925483703613e-01 2.244942933320999146e-01 6.534095406532287598e-01 5.731552839279174805e-01 8.076816797256469727e-01 1.581039875745773315e-01 5.402573943138122559e-01 9.335646778345108032e-02
5.040266513824462891e-01 6.417981386184692383e-01 6.967902779579162598e-01 2.244942933320999146e-01 6.534095406532287598e-01 5.731552839279174805e-01 8.076816797256469727e-01 1.581039875745773315e-01 5.402573943138122559e-01 1.606919020414352417e-01
5.040266513824462891e-01 6.417981386184692383e-01 7.783297896385192871e-01 2.244942933320999146e-01 6.534095406532287598e-01 5.731552839279174805e-01 7.184538841247558594e-01 1.581039875745773315e-01 5.402573943138122559e-01 9.335646778345108032e-02
5.040266513824462891e-01 6.417981386184692383e-01 5.877572894096374512e-01 2.244942933320999146e-01 6.534095406532287598e-01 5.731552839279174805e-01 7.184538841247558594e-01 1.581039875745773315e-01 5.402573943138122559e-01 9.335646778345108032e-02
5.040266513824462891e-01 6.417981386184692383e-01 8.976161479949951172e-01 2.244942933320999146e-01 6.534095406532287598e-01 5.731552839279174805e-01 7.184538841247558594e-01 1.581039875745773315e-01 5.402573943138122559e-01 9.335646778345108032e-02
5.040266513824462891e-01 6.417981386184692383e-01 7.859008312225341797e-01 2.244942933320999146e-01 6.534095406532287598e-01 5.731552839279174805e-01 7.383655309677124023e-01 1.581039875745773315e-01 5.402573943138122559e-01 1.322360187768936157e-01
5.040266513824462891e-01 6.417981386184692383e-01 8.326361179351806641e-01 2.244942933320999146e-01 6.534095406532287598e-01 5.731552839279174805e-01 7.383655309677124023e-01 1.581039875745773315e-01 5.402573943138122559e-01 7.713003456592559814e-02
5.040266513824462891e-01 6.417981386184692383e-01 7.185508608818054199e-01 2.244942933320999146e-01 3.727334439754486084e-01 5.731552839279174805e-01 7.383655309677124023e-01 1.581039875745773315e-01 5.402573943138122559e-01 1.575372368097305298e-01
5.040266513824462891e-01 6.417981386184692383e-01 7.569900155067443848e-01 1.841575950384140015e-01 3.727334439754486084e-01 5.731552839279174805e-01 4.752156734466552734e-01 1.581039875745773315e-01 5.402573943138122559e-01 1.575372368097305298e-01
5.040266513824462891e-01 6.417981386184692383e-01 7.306400537490844727e-01 2.244942933320999146e-01 3.727334439754486084e-01 5.731552839279174805e-01 4.752156734466552734e-01 1.581039875745773315e-01 5.402573943138122559e-01 1.575372368097305298e-01
5.040266513824462891e-01 6.417981386184692383e-01 6.688789129257202148e-01 2.244942933320999146e-01 3.727334439754486084e-01 5.731552839279174805e-01 9.302026033401489258e-01 1.581039875745773315e-01 5.402573943138122559e-01 1.575372368097305298e-01
5.040266513824462891e-01 6.417981386184692383e-01 7.747405767440795898e-01 2.244942933320999146e-01 3.727334439754486084e-01 5.731552839279174805e-01 9.302026033401489258e-01 1.581039875745773315e-01 5.402573943138122559e-01 1.575372368097305298e-01
5.040266513824462891e-01 6.417981386184692383e-01 6.183225512504577637e-01 2.244942933320999146e-01 6.534095406532287598e-01 5.731552839279174805e-01 9.302026033401489258e-01 1.581039875745773315e-01 5.402573943138122559e-01 1.322360187768936157e-01
5.040266513824462891e-01 6.417981386184692383e-01 7.635636329650878906e-01 2.244942933320999146e-01 6.534095406532287598e-01 5.731552839279174805e-01 9.302026033401489258e-01 1.581039875745773315e-01 5.402573943138122559e-01 1.322360187768936157e-01
5.040266513824462891e-01 6.417981386184692383e-01 7.128111124038696289e-01 2.244942933320999146e-01 6.534095406532287598e-01 5.731552839279174805e-01 9.302026033401489258e-01 1.581039875745773315e-01 5.402573943138122559e-01 1.322360187768936157e-01
5.040266513824462891e-01 6.417981386184692383e-01 7.609709501266479492e-01 2.244942933320999146e-01 6.534095406532287598e-01 5.731552839279174805e-01 9.402603507041931152e-01 1.581039875745773315e-01 5.402573943138122559e-01 1.322360187768936157e-01
5.040266513824462891e-01 6.417981386184692383e-01 7.609709501266479492e-01 2.244942933320999146e-01 6.534095406532287598e-01 5.731552839279174805e-01 9.402603507041931152e-01 1.581039875745773315e-01 5.402573943138122559e-01 1.322360187768936157e-01
5.040266513824462891e-01 6.417981386184692383e-01 9.060414433479309082e-01 2.244942933320999146e-01 6.534095406532287598e-01 5.731552839279174805e-01 9.402603507041931152e-01 1.581039875745773315e-01 5.402573943138122559e-01 1.322360187768936157e-01
5.040266513824462891e-01 6.417981386184692383e-01 8.421576619148254395e-01 1.841575950384140015e-01 6.534095406532287598e-01 5.731552839279174805e-01 9.402603507041931152e-01 1.581039875745773315e-01 5.402573943138122559e-01 1.322360187768936157e-01
5.040266513824462891e-01 6.417981386184692383e-01 6.998836398124694824e-01 1.841575950384140015e-01 6.534095406532287598e-01 5.731552839279174805e-01 9.402603507041931152e-01 1.581039875745773315e-01 5.402573943138122559e-01 1.322360187768936157e-01
5.040266513824462891e-01 6.417981386184692383e-01 8.644708991050720215e-01 1.841575950384140015e-01 6.534095406532287598e-01 5.731552839279174805e-01 9.402603507041931152e-01 1.581039875745773315e-01 5.402573943138122559e-01 1.322360187768936157e-01
5.040266513824462891e-01 6.417981386184692383e-01 7.527763843536376953e-01 1.841575950384140015e-01 6.534095406532287598e-01 2.754808962345123291e-01 9.402603507041931152e-01 1.581039875745773315e-01 5.402573943138122559e-01 1.322360187768936157e-01
5.040266513824462891e-01 6.417981386184692383e-01 7.942731380462646484e-01 1.841575950384140015e-01 6.534095406532287598e-01 5.731552839279174805e-01 9.402603507041931152e-01 1.581039875745773315e-01 5.402573943138122559e-01 1.322360187768936157e-01
5.040266513824462891e-01 6.417981386184692383e-01 7.635636329650878906e-01 1.841575950384140015e-01 6.534095406532287598e-01 5.731552839279174805e-01 9.302026033401489258e-01 1.581039875745773315e-01 5.402573943138122559e-01 1.322360187768936157e-01
5.040266513824462891e-01 6.417981386184692383e-01 7.635636329650878906e-01 1.841575950384140015e-01 6.534095406532287598e-01 5.731552839279174805e-01 9.302026033401489258e-01 1.581039875745773315e-01 5.402573943138122559e-01 1.322360187768936157e-01
5.040266513824462891e-01 6.417981386184692383e-01 7.609709501266479492e-01 2.244942933320999146e-01 6.534095406532287598e-01 5.731552839279174805e-01 9.302026033401489258e-01 1.581039875745773315e-01 5.402573943138122559e-01 9.335646778345108032e-02
5.040266513824462891e-01 6.417981386184692383e-01 8.685867786407470703e-01 1.841575950384140015e-01 6.534095406532287598e-01 5.731552839279174805e-01 9.233756065368652344e-01 1.581039875745773315e-01 5.402573943138122559e-01 9.335646778345108032e-02
5.040266513824462891e-01 6.417981386184692383e-01 8.685867786407470703e-01 1.841575950384140015e-01 6.534095406532287598e-01 5.731552839279174805e-01 9.343476891517639160e-01 1.581039875745773315e-01 5.402573943138122559e-01 9.335646778345108032e-02
5.040266513824462891e-01 6.417981386184692383e-01 8.685867786407470703e-01 1.841575950384140015e-01 6.534095406532287598e-01 5.731552839279174805e-01 9.343476891517639160e-01 1.581039875745773315e-01 5.402573943138122559e-01 1.606919020414352417e-01
5.040266513824462891e-01 6.417981386184692383e-01 9.171987175941467285e-01 1.841575950384140015e-01 6.534095406532287598e-01 5.731552839279174805e-01 9.343476891517639160e-01 1.581039875745773315e-01 5.402573943138122559e-01 1.606919020414352417e-01
5.040266513824462891e-01 6.417981386184692383e-01 8.685867786407470703e-01 1.841575950384140015e-01 6.534095406532287598e-01 5.731552839279174805e-01 9.590537548065185547e-01 1.581039875745773315e-01 5.402573943138122559e-01 1.606919020414352417e-01
5.040266513824462891e-01 6.417981386184692383e-01 8.685867786407470703e-01 1.841575950384140015e-01 6.534095406532287598e-01 5.731552839279174805e-01 9.590537548065185547e-01 1.581039875745773315e-01 5.402573943138122559e-01 1.606919020414352417e-01
5.040266513824462891e-01 6.417981386184692383e-01 3.823039531707763672e-01 2.244942933320999146e-01 6.534095406532287598e-01 5.731552839279174805e-01 9.111815690994262695e-01 1.581039875745773315e-01 5.402573943138122559e-01 2.829248271882534027e-02
5.040266513824462891e-01 6.417981386184692383e-01 3.754257559776306152e-01 2.244942933320999146e-01 6.534095406532287598e-01 5.731552839279174805e-01 6.908708214759826660e-01 1.581039875745773315e-01 5.402573943138122559e-01 1.571773365139961243e-02
5.040266513824462891e-01 6.417981386184692383e-01 5.498412624001502991e-02 2.244942933320999146e-01 6.534095406532287598e-01 5.731552839279174805e-01 5.289387106895446777e-01 1.581039875745773315e-01 5.402573943138122559e-01 7.757864147424697876e-02
5.040266513824462891e-01 6.417981386184692383e-01 5.461963638663291931e-02 2.244942933320999146e-01 6.534095406532287598e-01 5.731552839279174805e-01 5.289387106895446777e-01 1.581039875745773315e-01 5.402573943138122559e-01 7.757864147424697876e-02
5.040266513824462891e-01 6.417981386184692383e-01 1.479771286249160767e-01 2.244942933320999146e-01 3.727334439754486084e-01 5.731552839279174805e-01 6.886708736419677734e-01 1.581039875745773315e-01 5.402573943138122559e-01 3.820436447858810425e-02
5.040266513824462891e-01 6.417981386184692383e-01 5.200738310813903809e-01 2.244942933320999146e-01 3.727334439754486084e-01 5.731552839279174805e-01 4.588924050331115723e-01 1.581039875745773315e-01 5.402573943138122559e-01 3.820436447858810425e-02
5.040266513824462891e-01 6.417981386184692383e-01 4.182576537132263184e-01 2.244942933320999146e-01 3.727334439754486084e-01 5.731552839279174805e-01 4.588924050331115723e-01 1.581039875745773315e-01 5.402573943138122559e-01 3.820436447858810425e-02
5.040266513824462891e-01 6.417981386184692383e-01 5.603814125061035156e-01 2.244942933320999146e-01 3.727334439754486084e-01 5.731552839279174805e-01 4.588924050331115723e-01 1.581039875745773315e-01 5.402573943138122559e-01 3.820436447858810425e-02
5.040266513824462891e-01 6.417981386184692383e-01 5.200738310813903809e-01 2.244942933320999146e-01 3.727334439754486084e-01 5.731552839279174805e-01 4.588924050331115723e-01 1.581039875745773315e-01 5.402573943138122559e-01 3.820436447858810425e-02
5.040266513824462891e-01 6.417981386184692383e-01 8.071470260620117188e-01 2.244942933320999146e-01 3.727334439754486084e-01 5.731552839279174805e-01 6.886708736419677734e-01 1.581039875745773315e-01 5.402573943138122559e-01 6.753484904766082764e-02
5.040266513824462891e-01 6.417981386184692383e-01 3.518404960632324219e-01 2.244942933320999146e-01 3.727334439754486084e-01 5.731552839279174805e-01 4.588924050331115723e-01 1.581039875745773315e-01 5.402573943138122559e-01 3.820436447858810425e-02
5.040266513824462891e-01 6.417981386184692383e-01 5.200738310813903809e-01 2.244942933320999146e-01 3.727334439754486084e-01 5.731552839279174805e-01 3.397389948368072510e-01 1.581039875745773315e-01 5.402573943138122559e-01 3.820436447858810425e-02
5.040266513824462891e-01 6.417981386184692383e-01 2.137877643108367920e-01 2.244942933320999146e-01 3.727334439754486084e-01 5.731552839279174805e-01 2.054184228181838989e-01 1.581039875745773315e-01 5.402573943138122559e-01 3.820436447858810425e-02
5.040266513824462891e-01 6.417981386184692383e-01 2.137877643108367920e-01 2.244942933320999146e-01 3.727334439754486084e-01 5.731552839279174805e-01 2.054184228181838989e-01 1.581039875745773315e-01 5.402573943138122559e-01 3.820436447858810425e-02
5.040266513824462891e-01 6.417981386184692383e-01 1.191423386335372925e-01 2.244942933320999146e-01 3.727334439754486084e-01 5.731552839279174805e-01 2.054184228181838989e-01 1.581039875745773315e-01 5.402573943138122559e-01 1.076382398605346680e-01
5.040266513824462891e-01 6.417981386184692383e-01 1.418514847755432129e-01 2.244942933320999146e-01 3.727334439754486084e-01 5.731552839279174805e-01 2.054184228181838989e-01 1.581039875745773315e-01 5.402573943138122559e-01 4.046490788459777832e-02
5.040266513824462891e-01 6.417981386184692383e-01 7.610520124435424805e-01 2.244942933320999146e-01 3.727334439754486084e-01 5.731552839279174805e-01 7.654243111610412598e-01 1.581039875745773315e-01 5.402573943138122559e-01 3.820436447858810425e-02
5.040266513824462891e-01 6.417981386184692383e-01 6.943664550781250000e-01 2.244942933320999146e-01 3.727334439754486084e-01 5.731552839279174805e-01 7.654243111610412598e-01 1.581039875745773315e-01 5.402573943138122559e-01 3.820436447858810425e-02
5.040266513824462891e-01 6.417981386184692383e-01 6.928710937500000000e-01 2.244942933320999146e-01 3.727334439754486084e-01 5.731552839279174805e-01 5.167778730392456055e-01 1.581039875745773315e-01 5.402573943138122559e-01 3.820436447858810425e-02
5.040266513824462891e-01 6.417981386184692383e-01 6.252647042274475098e-01 2.244942933320999146e-01 3.727334439754486084e-01 5.731552839279174805e-01 3.397389948368072510e-01 1.581039875745773315e-01 5.402573943138122559e-01 3.820436447858810425e-02
5.040266513824462891e-01 6.417981386184692383e-01 2.936622798442840576e-01 2.244942933320999146e-01 3.727334439754486084e-01 5.731552839279174805e-01 2.054184228181838989e-01 1.581039875745773315e-01 5.402573943138122559e-01 3.820436447858810425e-02
5.040266513824462891e-01 6.417981386184692383e-01 3.570824265480041504e-01 2.244942933320999146e-01 3.727334439754486084e-01 5.731552839279174805e-01 2.054184228181838989e-01 1.581039875745773315e-01 5.402573943138122559e-01 3.820436447858810425e-02
5.040266513824462891e-01 6.417981386184692383e-01 7.352216839790344238e-01 2.244942933320999146e-01 3.727334439754486084e-01 5.731552839279174805e-01 3.397389948368072510e-01 1.581039875745773315e-01 5.402573943138122559e-01 3.820436447858810425e-02
5.040266513824462891e-01 6.417981386184692383e-01 3.778043091297149658e-01 2.244942933320999146e-01 3.727334439754486084e-01 5.731552839279174805e-01 9.390587210655212402e-01 1.581039875745773315e-01 5.402573943138122559e-01 3.820436447858810425e-02
5.040266513824462891e-01 6.417981386184692383e-01 6.252647042274475098e-01 2.244942933320999146e-01 3.727334439754486084e-01 5.731552839279174805e-01 8.104745745658874512e-01 1.581039875745773315e-01 5.402573943138122559e-01 3.820436447858810425e-02
5.040266513824462891e-01 6.417981386184692383e-01 4.146797358989715576e-01 2.244942933320999146e-01 3.727334439754486084e-01 5.731552839279174805e-01 7.521247863769531250e-01 1.581039875745773315e-01 5.402573943138122559e-01 3.820436447858810425e-02
5.040266513824462891e-01 6.417981386184692383e-01 6.002086400985717773e-01 2.244942933320999146e-01 3.727334439754486084e-01 5.731552839279174805e-01 7.521247863769531250e-01 1.581039875745773315e-01 5.402573943138122559e-01 6.753484904766082764e-02
5.040266513824462891e-01 6.417981386184692383e-01 6.002086400985717773e-01 2.244942933320999146e-01 3.727334439754486084e-01 5.731552839279174805e-01 7.521247863769531250e-01 1.581039875745773315e-01 5.402573943138122559e-01 6.753484904766082764e-02
5.040266513824462891e-01 6.417981386184692383e-01 6.002086400985717773e-01 2.244942933320999146e-01 3.727334439754486084e-01 5.731552839279174805e-01 7.521247863769531250e-01 1.581039875745773315e-01 5.402573943138122559e-01 6.753484904766082764e-02
5.040266513824462891e-01 6.417981386184692383e-01 5.206986069679260254e-01 2.244942933320999146e-01 3.727334439754486084e-01 5.731552839279174805e-01 8.204652070999145508e-01 1.581039875745773315e-01 5.402573943138122559e-01 6.753484904766082764e-02
5.040266513824462891e-01 6.417981386184692383e-01 6.830459237098693848e-01 2.244942933320999146e-01 3.727334439754486084e-01 5.731552839279174805e-01 7.521247863769531250e-01 1.581039875745773315e-01 5.402573943138122559e-01 6.753484904766082764e-02
5.040266513824462891e-01 6.417981386184692383e-01 4.648256301879882812e-01 2.244942933320999146e-01 3.727334439754486084e-01 5.731552839279174805e-01 8.204652070999145508e-01 1.581039875745773315e-01 5.402573943138122559e-01 6.753484904766082764e-02
5.040266513824462891e-01 6.417981386184692383e-01 4.648256301879882812e-01 2.244942933320999146e-01 3.727334439754486084e-01 5.731552839279174805e-01 9.390587210655212402e-01 1.581039875745773315e-01 5.402573943138122559e-01 6.753484904766082764e-02
5.040266513824462891e-01 6.417981386184692383e-01 5.530711412429809570e-01 4.111772477626800537e-01 3.727334439754486084e-01 5.731552839279174805e-01 9.390587210655212402e-01 1.072973161935806274e-01 5.402573943138122559e-01 3.377927839756011963e-02
5.040266513824462891e-01 6.417981386184692383e-01 5.530711412429809570e-01 1.841575950384140015e-01 3.727334439754486084e-01 5.731552839279174805e-01 6.424313187599182129e-01 1.072973161935806274e-01 3.859905600547790527e-01 3.377927839756011963e-02
5.040266513824462891e-01 6.417981386184692383e-01 2.951312959194183350e-01 1.841575950384140015e-01 3.727334439754486084e-01 5.731552839279174805e-01 6.424313187599182129e-01 1.072973161935806274e-01 3.859905600547790527e-01 2.707479149103164673e-02
5.040266513824462891e-01 6.417981386184692383e-01 2.168887108564376831e-01 1.841575950384140015e-01 3.727334439754486084e-01 5.731552839279174805e-01 8.138987421989440918e-01 1.072973161935806274e-01 3.859905600547790527e-01 2.707479149103164673e-02
5.040266513824462891e-01 6.417981386184692383e-01 3.912611603736877441e-01 1.841575950384140015e-01 3.727334439754486084e-01 2.754808962345123291e-01 8.289909362792968750e-01 1.072973161935806274e-01 3.859905600547790527e-01 2.707479149103164673e-02
