1.356309801340103149e-01 6.685076951980590820e-01 7.615737915039062500e-01 3.326693773269653320e-01 5.398657321929931641e-01 3.034085631370544434e-01 6.011135578155517578e-01 3.204272091388702393e-01 7.334579825401306152e-01 5.418978929519653320e-01
1.090503782033920288e-01 8.038655519485473633e-01 4.102787971496582031e-01 2.066004872322082520e-01 8.700654506683349609e-01 2.934754490852355957e-01 7.217292785644531250e-01 3.531629145145416260e-01 7.334579825401306152e-01 5.418978929519653320e-01
1.851976215839385986e-01 6.685076951980590820e-01 6.616079807281494141e-01 2.433381527662277222e-01 4.087127149105072021e-01 5.315285921096801758e-01 3.932656645774841309e-01 3.204272091388702393e-01 7.334579825401306152e-01 3.041568994522094727e-01
6.025331616401672363e-01 6.685076951980590820e-01 3.462998270988464355e-01 8.214849233627319336e-01 9.744841456413269043e-01 7.924140095710754395e-01 6.474158167839050293e-01 5.180931091308593750e-01 7.334579825401306152e-01 5.418978929519653320e-01
6.054349541664123535e-01 3.967531025409698486e-01 2.528295814990997314e-01 3.319211602210998535e-01 8.567175269126892090e-01 8.619092106819152832e-01 7.217292785644531250e-01 3.531629145145416260e-01 7.334579825401306152e-01 5.418978929519653320e-01
8.821684122085571289e-01 6.566054224967956543e-01 9.417867064476013184e-01 6.118280291557312012e-01 9.507505297660827637e-01 8.963743448257446289e-01 6.474158167839050293e-01 5.180931091308593750e-01 7.334579825401306152e-01 5.418978929519653320e-01
4.345347285270690918e-01 6.685076951980590820e-01 5.174683332443237305e-01 4.140591248869895935e-02 8.643780946731567383e-01 7.967656254768371582e-01 7.217292785644531250e-01 5.180931091308593750e-01 7.334579825401306152e-01 5.418978929519653320e-01
8.795617222785949707e-01 9.325258135795593262e-01 8.884233832359313965e-01 3.923664391040802002e-01 9.685330390930175781e-01 7.035416364669799805e-01 8.375422358512878418e-01 5.180931091308593750e-01 7.334579825401306152e-01 5.418978929519653320e-01
6.276924014091491699e-01 6.416911482810974121e-01 9.283664822578430176e-01 9.407624006271362305e-01 7.029821276664733887e-01 3.031503260135650635e-01 6.474158167839050293e-01 5.180931091308593750e-01 7.334579825401306152e-01 4.501676559448242188e-01
6.758815646171569824e-01 8.618403077125549316e-01 3.232716023921966553e-01 9.064618349075317383e-01 9.363255500793457031e-01 8.546703457832336426e-01 7.619608044624328613e-01 9.062954187393188477e-01 7.334579825401306152e-01 2.105302512645721436e-01
7.883733510971069336e-01 8.171169757843017578e-01 8.852156400680541992e-01 2.141446918249130249e-01 6.825213432312011719e-01 7.933192253112792969e-01 4.309451580047607422e-01 6.570403575897216797e-01 3.293553292751312256e-01 4.501676559448242188e-01
9.113159775733947754e-01 3.557279109954833984e-01 3.697812855243682861e-01 9.748485684394836426e-01 7.765664458274841309e-01 5.591420531272888184e-01 9.217543601989746094e-01 6.962161064147949219e-01 7.334579825401306152e-01 5.418978929519653320e-01
4.789099693298339844e-01 8.171169757843017578e-01 9.778190851211547852e-01 7.525681853294372559e-01 9.724962711334228516e-01 9.091597795486450195e-01 4.043405055999755859e-01 9.062954187393188477e-01 7.334579825401306152e-01 5.418978929519653320e-01
9.084291458129882812e-01 8.618403077125549316e-01 8.728770613670349121e-01 8.905161619186401367e-01 2.340532988309860229e-01 8.066551089286804199e-01 6.824014186859130859e-01 7.934399843215942383e-01 7.334579825401306152e-01 4.501676559448242188e-01
5.113657116889953613e-01 6.685076951980590820e-01 7.245229482650756836e-01 9.451119899749755859e-01 9.644450545310974121e-01 4.489540755748748779e-01 5.327294468879699707e-01 9.062954187393188477e-01 7.334579825401306152e-01 4.501676559448242188e-01
2.743353843688964844e-01 7.693582177162170410e-01 6.523982882499694824e-01 6.409010291099548340e-01 7.252603173255920410e-01 4.538204669952392578e-01 7.619608044624328613e-01 7.773279547691345215e-01 7.334579825401306152e-01 4.501676559448242188e-01
5.280610322952270508e-01 7.693582177162170410e-01 5.440191924571990967e-02 9.887779355049133301e-01 7.489681243896484375e-01 7.391777038574218750e-01 6.169119477272033691e-01 8.308480978012084961e-01 7.334579825401306152e-01 4.501676559448242188e-01
8.729486465454101562e-01 3.666757345199584961e-01 7.073833942413330078e-01 8.414158225059509277e-01 6.350424289703369141e-01 4.065645933151245117e-01 7.217292785644531250e-01 8.989375233650207520e-01 7.334579825401306152e-01 2.105302512645721436e-01
4.637879729270935059e-01 7.499255537986755371e-01 8.843526244163513184e-01 7.389953136444091797e-01 9.394525885581970215e-01 6.717057824134826660e-01 8.188857436180114746e-01 4.138687551021575928e-01 7.334579825401306152e-01 2.105302512645721436e-01
5.852673649787902832e-01 6.704462766647338867e-01 8.380072712898254395e-01 5.572239160537719727e-01 6.106464862823486328e-01 5.494083762168884277e-01 7.976383566856384277e-01 5.405313968658447266e-01 7.334579825401306152e-01 3.041568994522094727e-01
5.326960682868957520e-01 3.869382739067077637e-01 8.767775893211364746e-01 8.768626451492309570e-01 2.551975548267364502e-01 3.693379461765289307e-01 6.169119477272033691e-01 9.062954187393188477e-01 7.334579825401306152e-01 5.418978929519653320e-01
3.772686719894409180e-01 8.808164000511169434e-01 8.317680358886718750e-01 8.299772143363952637e-01 6.766046881675720215e-01 6.819729804992675781e-01 6.824014186859130859e-01 9.062954187393188477e-01 7.334579825401306152e-01 3.100270926952362061e-01
8.460946679115295410e-01 5.188596248626708984e-01 5.512045025825500488e-01 8.144418001174926758e-01 5.560388565063476562e-01 5.412541627883911133e-01 9.217543601989746094e-01 9.062954187393188477e-01 7.334579825401306152e-01 5.418978929519653320e-01
6.533325314521789551e-01 8.906581997871398926e-01 4.731519818305969238e-01 9.437175393104553223e-01 3.231966495513916016e-01 3.397350609302520752e-01 8.188857436180114746e-01 6.156183481216430664e-01 7.334579825401306152e-01 5.418978929519653320e-01
4.646366536617279053e-01 5.188596248626708984e-01 8.735688924789428711e-01 9.604052901268005371e-01 6.939872503280639648e-01 1.880130767822265625e-01 3.145435750484466553e-01 8.092285394668579102e-01 7.334579825401306152e-01 5.418978929519653320e-01
7.508955597877502441e-01 4.684230387210845947e-01 7.197293639183044434e-01 6.425195336341857910e-01 3.556780517101287842e-01 1.085146516561508179e-01 6.169119477272033691e-01 8.092285394668579102e-01 7.334579825401306152e-01 5.418978929519653320e-01
8.377557992935180664e-01 8.906581997871398926e-01 8.815516829490661621e-01 9.276061654090881348e-01 8.679015040397644043e-01 9.036097526550292969e-01 8.188857436180114746e-01 5.985518097877502441e-01 7.334579825401306152e-01 5.418978929519653320e-01
7.370802164077758789e-01 7.413585782051086426e-01 5.402032732963562012e-01 6.647410392761230469e-01 5.183261036872863770e-01 3.771506845951080322e-01 3.372990190982818604e-01 5.012825131416320801e-01 7.334579825401306152e-01 5.418978929519653320e-01
7.365007400512695312e-01 7.693582177162170410e-01 1.559390425682067871e-01 4.169436693191528320e-01 4.318472146987915039e-01 7.473142147064208984e-01 9.433091878890991211e-01 4.082030355930328369e-01 7.334579825401306152e-01 3.041568994522094727e-01
4.693626165390014648e-01 4.198848009109497070e-01 2.702892422676086426e-01 5.321116447448730469e-01 1.597987115383148193e-01 4.568977653980255127e-01 2.761335968971252441e-01 4.764952361583709717e-01 7.334579825401306152e-01 3.100270926952362061e-01
1.139294877648353577e-01 4.198848009109497070e-01 7.794097810983657837e-02 3.729621767997741699e-01 2.370886206626892090e-01 8.709233254194259644e-02 5.171514153480529785e-01 8.989375233650207520e-01 7.334579825401306152e-01 5.418978929519653320e-01
3.384675979614257812e-01 7.190902829170227051e-01 3.148956298828125000e-01 3.139681816101074219e-01 1.291511207818984985e-01 4.266853630542755127e-01 2.761335968971252441e-01 4.088561534881591797e-01 7.334579825401306152e-01 5.418978929519653320e-01
6.736461520195007324e-01 3.834582269191741943e-01 4.036697745323181152e-01 6.815537214279174805e-01 2.593715786933898926e-01 1.952446103096008301e-01 2.464899122714996338e-01 8.092285394668579102e-01 7.334579825401306152e-01 5.418978929519653320e-01
8.292897939682006836e-01 6.082465648651123047e-01 5.705403685569763184e-01 9.085761308670043945e-01 2.192171663045883179e-01 6.961573362350463867e-01 9.433091878890991211e-01 8.512680530548095703e-01 7.334579825401306152e-01 5.418978929519653320e-01
3.418951034545898438e-01 8.285093307495117188e-01 8.121309876441955566e-01 7.751769423484802246e-01 5.112739205360412598e-01 7.845252156257629395e-01 6.824014186859130859e-01 8.092285394668579102e-01 7.334579825401306152e-01 5.418978929519653320e-01
5.637999176979064941e-01 7.693582177162170410e-01 4.609922766685485840e-01 3.985242545604705811e-01 9.368374943733215332e-02 8.576319813728332520e-01 8.188857436180114746e-01 8.092285394668579102e-01 7.334579825401306152e-01 3.100270926952362061e-01
7.993232607841491699e-01 8.906581997871398926e-01 9.065547585487365723e-01 1.517642587423324585e-01 2.059139907360076904e-01 2.978163957595825195e-01 8.188857436180114746e-01 8.092285394668579102e-01 7.334579825401306152e-01 3.100270926952362061e-01
3.329434394836425781e-01 6.866841316223144531e-01 9.628403782844543457e-01 9.122247695922851562e-01 4.563975632190704346e-01 5.893703103065490723e-01 8.556261062622070312e-01 8.308480978012084961e-01 7.334579825401306152e-01 5.418978929519653320e-01
1.231726817786693573e-02 3.666757345199584961e-01 9.508939981460571289e-01 9.702312201261520386e-02 5.930531024932861328e-01 1.883374601602554321e-01 2.761335968971252441e-01 8.308480978012084961e-01 7.334579825401306152e-01 5.418978929519653320e-01
1.658324524760246277e-02 2.126653939485549927e-01 6.201068162918090820e-01 6.591132879257202148e-01 1.976330727338790894e-01 1.791383475065231323e-01 1.331038624048233032e-01 6.916878223419189453e-01 2.473045885562896729e-01 5.418978929519653320e-01
2.621514908969402313e-02 5.188596248626708984e-01 3.766262829303741455e-01 8.741816878318786621e-02 2.064432799816131592e-01 8.633908629417419434e-02 1.331038624048233032e-01 2.465441077947616577e-01 3.159583508968353271e-01 3.041568994522094727e-01
3.950458765029907227e-01 6.673056483268737793e-01 9.250949025154113770e-01 2.587283849716186523e-01 1.321191787719726562e-01 3.945177197456359863e-01 1.331038624048233032e-01 4.474363923072814941e-01 7.334579825401306152e-01 5.418978929519653320e-01
4.214743673801422119e-01 7.693582177162170410e-01 3.274328112602233887e-01 5.833060145378112793e-01 3.702216446399688721e-01 5.632543563842773438e-01 5.612687468528747559e-01 5.012825131416320801e-01 7.334579825401306152e-01 5.418978929519653320e-01
5.069001913070678711e-01 8.906581997871398926e-01 7.765494585037231445e-01 9.696446061134338379e-01 4.657105803489685059e-01 6.460047364234924316e-01 8.188857436180114746e-01 4.545646011829376221e-01 7.334579825401306152e-01 5.418978929519653320e-01
5.168442726135253906e-01 4.198848009109497070e-01 2.803086042404174805e-01 9.563121795654296875e-01 4.823251068592071533e-01 4.568977653980255127e-01 5.840068459510803223e-01 4.764952361583709717e-01 7.334579825401306152e-01 5.418978929519653320e-01
6.181427240371704102e-01 4.198848009109497070e-01 1.010490730404853821e-01 9.273153543472290039e-01 3.082971274852752686e-01 4.941373467445373535e-01 3.732043802738189697e-01 8.989375233650207520e-01 7.334579825401306152e-01 5.418978929519653320e-01
2.466008663177490234e-01 1.605133414268493652e-01 4.375643432140350342e-01 6.182484626770019531e-01 3.971419930458068848e-01 3.561310768127441406e-01 5.171514153480529785e-01 8.989375233650207520e-01 7.334579825401306152e-01 5.418978929519653320e-01
8.908953070640563965e-01 3.834582269191741943e-01 9.324344992637634277e-01 6.262391805648803711e-01 8.801463246345520020e-01 9.092631340026855469e-01 6.169119477272033691e-01 8.194274902343750000e-01 7.334579825401306152e-01 5.418978929519653320e-01
7.314711213111877441e-01 7.693582177162170410e-01 3.562969863414764404e-01 3.176167011260986328e-01 9.002444148063659668e-01 8.453343510627746582e-01 9.070202708244323730e-01 8.092285394668579102e-01 5.298398733139038086e-01 5.418978929519653320e-01
7.925404310226440430e-01 7.693582177162170410e-01 7.052901983261108398e-01 3.673663437366485596e-01 8.821487426757812500e-01 7.003704309463500977e-01 3.119060695171356201e-01 6.379293799400329590e-01 5.298398733139038086e-01 5.418978929519653320e-01
8.850167989730834961e-01 4.375484883785247803e-01 4.212495982646942139e-01 6.564717888832092285e-01 3.165759742259979248e-01 8.503971099853515625e-01 5.171514153480529785e-01 6.468720436096191406e-01 7.334579825401306152e-01 5.418978929519653320e-01
6.562651395797729492e-01 7.693582177162170410e-01 3.663569092750549316e-01 6.722355484962463379e-01 9.514641165733337402e-01 4.503130912780761719e-01 3.766056597232818604e-01 4.565893709659576416e-01 5.298398733139038086e-01 5.418978929519653320e-01
7.328622341156005859e-01 6.885443925857543945e-01 8.653591275215148926e-01 8.162409067153930664e-01 1.764396876096725464e-01 6.341680884361267090e-01 5.171514153480529785e-01 8.092285394668579102e-01 7.334579825401306152e-01 5.418978929519653320e-01
3.625505268573760986e-01 4.809655249118804932e-01 9.717122316360473633e-01 8.905119299888610840e-01 8.374978303909301758e-01 1.436042636632919312e-01 8.576685190200805664e-01 8.092285394668579102e-01 5.298398733139038086e-01 3.100270926952362061e-01
3.862747848033905029e-01 4.684230387210845947e-01 8.364077806472778320e-01 2.397749125957489014e-01 6.652863621711730957e-01 2.580516040325164795e-01 6.252148747444152832e-01 2.271923869848251343e-01 5.298398733139038086e-01 5.418978929519653320e-01
4.653145074844360352e-01 2.498133927583694458e-01 2.081598341464996338e-01 9.270372390747070312e-01 1.085709854960441589e-01 2.067013233900070190e-01 8.188857436180114746e-01 6.314541101455688477e-01 7.334579825401306152e-01 5.418978929519653320e-01
7.924692630767822266e-01 5.188596248626708984e-01 7.080248594284057617e-01 3.945318162441253662e-01 2.953940927982330322e-01 6.792486906051635742e-01 2.794703543186187744e-01 5.003780722618103027e-01 5.298398733139038086e-01 5.418978929519653320e-01
7.478111386299133301e-01 4.751533865928649902e-01 5.380024313926696777e-01 4.103345274925231934e-01 7.716488242149353027e-01 3.309874236583709717e-01 2.761335968971252441e-01 3.922636806964874268e-01 5.298398733139038086e-01 5.418978929519653320e-01
8.701020479202270508e-01 6.159152388572692871e-01 8.455013632774353027e-01 9.418135285377502441e-01 6.699144840240478516e-01 8.373025059700012207e-01 2.794703543186187744e-01 3.116925954818725586e-01 7.334579825401306152e-01 5.418978929519653320e-01
5.404398441314697266e-01 4.198848009109497070e-01 1.482165604829788208e-01 3.721592426300048828e-01 1.086452230811119080e-01 6.077935695648193359e-01 5.840068459510803223e-01 5.118650794029235840e-01 7.334579825401306152e-01 5.418978929519653320e-01
6.055690050125122070e-01 2.107608914375305176e-01 1.475312262773513794e-01 7.189217805862426758e-01 2.665365636348724365e-01 2.647142708301544189e-01 4.700336456298828125e-01 5.182265639305114746e-01 7.334579825401306152e-01 5.418978929519653320e-01
7.938215732574462891e-01 3.834582269191741943e-01 3.716040253639221191e-01 5.174454450607299805e-01 3.694424629211425781e-01 7.838519215583801270e-01 5.171514153480529785e-01 5.118650794029235840e-01 7.334579825401306152e-01 5.418978929519653320e-01
5.541840195655822754e-01 4.198848009109497070e-01 1.543470621109008789e-01 6.710079312324523926e-01 7.962132096290588379e-01 4.189193248748779297e-01 7.976383566856384277e-01 8.989375233650207520e-01 5.298398733139038086e-01 5.418978929519653320e-01
2.541967928409576416e-01 6.386581659317016602e-01 9.405961632728576660e-01 8.838914632797241211e-01 6.393707394599914551e-01 3.445240557193756104e-01 2.761335968971252441e-01 8.989375233650207520e-01 7.334579825401306152e-01 5.418978929519653320e-01
6.043862700462341309e-01 4.198848009109497070e-01 7.064187526702880859e-01 2.892737984657287598e-01 3.361070156097412109e-01 6.462509632110595703e-01 8.578058481216430664e-01 8.092285394668579102e-01 7.334579825401306152e-01 5.418978929519653320e-01
1.299252659082412720e-01 7.413585782051086426e-01 9.632586240768432617e-01 8.573055863380432129e-01 3.897996842861175537e-01 3.763107657432556152e-01 2.761335968971252441e-01 8.092285394668579102e-01 7.334579825401306152e-01 5.418978929519653320e-01
1.555249094963073730e-01 7.693582177162170410e-01 5.483176708221435547e-01 8.384785652160644531e-01 3.312492966651916504e-01 8.542558550834655762e-01 9.433091878890991211e-01 8.092285394668579102e-01 7.334579825401306152e-01 5.418978929519653320e-01
3.544540405273437500e-01 7.693582177162170410e-01 6.045250892639160156e-01 6.867258548736572266e-01 4.554734230041503906e-01 1.445561945438385010e-01 8.188857436180114746e-01 5.405313968658447266e-01 7.334579825401306152e-01 3.041568994522094727e-01
1.881162524223327637e-01 2.217162102460861206e-01 4.071912169456481934e-01 6.746900826692581177e-02 1.023216992616653442e-01 3.549099564552307129e-01 2.761335968971252441e-01 8.092285394668579102e-01 7.334579825401306152e-01 5.418978929519653320e-01
7.708605527877807617e-01 5.188596248626708984e-01 7.492657899856567383e-01 6.920422315597534180e-01 3.713880479335784912e-02 9.616003036499023438e-01 8.188857436180114746e-01 8.092285394668579102e-01 7.334579825401306152e-01 5.418978929519653320e-01
3.875720500946044922e-01 5.188596248626708984e-01 9.583187699317932129e-01 3.317762315273284912e-01 2.499740421772003174e-01 6.951063871383666992e-01 6.169119477272033691e-01 8.092285394668579102e-01 7.334579825401306152e-01 5.418978929519653320e-01
3.031719326972961426e-01 2.217162102460861206e-01 7.230209708213806152e-01 9.379057288169860840e-01 1.640101075172424316e-01 5.852779150009155273e-01 6.169119477272033691e-01 8.092285394668579102e-01 7.334579825401306152e-01 5.418978929519653320e-01
6.597741842269897461e-01 8.906581997871398926e-01 1.756762415170669556e-01 6.749787181615829468e-02 1.093384101986885071e-01 4.303304851055145264e-01 6.169119477272033691e-01 8.092285394668579102e-01 7.334579825401306152e-01 5.418978929519653320e-01
2.368921339511871338e-01 2.217162102460861206e-01 5.474935770034790039e-01 3.430179059505462646e-01 1.002106070518493652e-01 5.089789032936096191e-01 8.556261062622070312e-01 4.138687551021575928e-01 7.334579825401306152e-01 3.100270926952362061e-01
7.949879765510559082e-01 7.693582177162170410e-01 8.805772662162780762e-01 3.507443964481353760e-01 4.238460361957550049e-01 8.240500092506408691e-01 5.171514153480529785e-01 8.092285394668579102e-01 7.334579825401306152e-01 5.418978929519653320e-01
1.169981211423873901e-01 6.866841316223144531e-01 4.894586205482482910e-01 5.392570495605468750e-01 3.079700171947479248e-01 3.495913445949554443e-01 6.169119477272033691e-01 8.308480978012084961e-01 7.334579825401306152e-01 5.418978929519653320e-01
5.170013904571533203e-01 2.217162102460861206e-01 5.561069250106811523e-01 6.464293599128723145e-01 3.389505669474601746e-02 6.351871788501739502e-02 1.331038624048233032e-01 6.916878223419189453e-01 7.334579825401306152e-01 5.418978929519653320e-01
3.335990309715270996e-01 5.188596248626708984e-01 5.149051547050476074e-01 8.948826789855957031e-01 3.659062087535858154e-01 4.905347824096679688e-01 5.799973011016845703e-01 5.462024807929992676e-01 7.334579825401306152e-01 5.418978929519653320e-01
8.879628181457519531e-01 7.693582177162170410e-01 8.278047293424606323e-02 8.806874752044677734e-01 5.021733641624450684e-01 5.237910151481628418e-01 8.188857436180114746e-01 8.092285394668579102e-01 7.334579825401306152e-01 5.418978929519653320e-01
2.691957354545593262e-01 5.188596248626708984e-01 4.313361346721649170e-01 5.279533863067626953e-01 1.872756630182266235e-01 8.299083113670349121e-01 8.188857436180114746e-01 8.092285394668579102e-01 7.334579825401306152e-01 3.100270926952362061e-01
2.938640415668487549e-01 5.188596248626708984e-01 3.644703924655914307e-01 4.736463129520416260e-01 4.519312679767608643e-01 6.087883710861206055e-01 2.464899122714996338e-01 8.092285394668579102e-01 7.334579825401306152e-01 4.733612537384033203e-01
1.204189136624336243e-01 7.693582177162170410e-01 2.224942892789840698e-01 2.414145171642303467e-01 6.580582261085510254e-01 5.907112956047058105e-01 5.171514153480529785e-01 3.296143710613250732e-01 7.334579825401306152e-01 3.041568994522094727e-01
3.250680863857269287e-01 5.188596248626708984e-01 2.029173821210861206e-01 3.513636589050292969e-01 6.525982916355133057e-02 6.134667396545410156e-01 7.153862118721008301e-01 1.004997119307518005e-01 7.334579825401306152e-01 4.733612537384033203e-01
3.080447614192962646e-01 6.612828373908996582e-01 3.592295646667480469e-01 5.727105587720870972e-02 4.365284368395805359e-02 3.053404949605464935e-02 7.153862118721008301e-01 2.645990252494812012e-01 7.334579825401306152e-01 4.733612537384033203e-01
4.964669942855834961e-01 1.605133414268493652e-01 3.666538000106811523e-01 4.103251099586486816e-01 1.280255168676376343e-01 1.919096261262893677e-01 6.257110238075256348e-01 5.968781709671020508e-01 7.334579825401306152e-01 5.418978929519653320e-01
3.823867738246917725e-01 4.198848009109497070e-01 5.048005655407905579e-02 6.050863265991210938e-01 1.186799481511116028e-01 6.119509935379028320e-01 2.761335968971252441e-01 8.989375233650207520e-01 7.334579825401306152e-01 5.418978929519653320e-01
7.368214726448059082e-01 2.975648045539855957e-01 1.735009998083114624e-01 2.942998707294464111e-01 9.606504440307617188e-02 9.617281705141067505e-02 7.153862118721008301e-01 8.092285394668579102e-01 7.334579825401306152e-01 5.418978929519653320e-01
2.471924722194671631e-01 6.612828373908996582e-01 6.759333610534667969e-01 4.714280664920806885e-01 3.658187687397003174e-01 6.343636512756347656e-01 6.257110238075256348e-01 3.822176158428192139e-01 7.334579825401306152e-01 5.418978929519653320e-01
7.992104291915893555e-01 6.612828373908996582e-01 6.936442852020263672e-01 4.108195304870605469e-01 1.495252847671508789e-01 8.793840408325195312e-01 9.433091878890991211e-01 8.092285394668579102e-01 7.334579825401306152e-01 5.418978929519653320e-01
5.485182404518127441e-01 9.145571589469909668e-01 6.251333355903625488e-01 8.105035424232482910e-01 4.432669878005981445e-01 5.243585109710693359e-01 9.433091878890991211e-01 8.989375233650207520e-01 7.334579825401306152e-01 5.418978929519653320e-01
6.831327676773071289e-01 6.159152388572692871e-01 9.939980506896972656e-01 8.675578832626342773e-01 6.751341819763183594e-01 9.368690848350524902e-01 7.976383566856384277e-01 4.138687551021575928e-01 5.298398733139038086e-01 5.418978929519653320e-01
2.268084883689880371e-01 7.693582177162170410e-01 8.709915876388549805e-01 4.232015609741210938e-01 4.508267045021057129e-01 8.724902272224426270e-01 5.840068459510803223e-01 8.092285394668579102e-01 5.298398733139038086e-01 5.418978929519653320e-01
6.490668058395385742e-01 5.188596248626708984e-01 4.581232070922851562e-01 8.555898666381835938e-01 4.345197081565856934e-01 8.079062104225158691e-01 1.390050649642944336e-01 4.565893709659576416e-01 5.298398733139038086e-01 5.418978929519653320e-01
5.435410141944885254e-01 4.751533865928649902e-01 3.731915354728698730e-01 9.314124584197998047e-01 9.561008214950561523e-01 9.453052878379821777e-01 6.169119477272033691e-01 8.092285394668579102e-01 7.334579825401306152e-01 5.418978929519653320e-01
6.993925571441650391e-01 4.684230387210845947e-01 5.654549002647399902e-01 8.553954362869262695e-01 7.406857609748840332e-01 6.942360401153564453e-01 6.208348870277404785e-01 4.565893709659576416e-01 5.298398733139038086e-01 3.100270926952362061e-01
1.517018228769302368e-01 2.498133927583694458e-01 5.603764653205871582e-01 1.275763064622879028e-01 1.826467812061309814e-01 9.819817543029785156e-02 3.119060695171356201e-01 4.565893709659576416e-01 5.298398733139038086e-01 5.418978929519653320e-01
7.338290214538574219e-01 4.751533865928649902e-01 5.871591567993164062e-01 8.404268622398376465e-01 4.764748811721801758e-01 4.535629153251647949e-01 8.769612759351730347e-02 4.931413233280181885e-01 5.298398733139038086e-01 5.418978929519653320e-01
3.234689831733703613e-01 4.158671796321868896e-01 4.424186646938323975e-01 3.642507791519165039e-01 8.265781998634338379e-01 1.796328127384185791e-01 8.538849949836730957e-01 5.405313968658447266e-01 7.334579825401306152e-01 3.041568994522094727e-01
6.999728679656982422e-01 5.188596248626708984e-01 5.562806129455566406e-01 2.978613376617431641e-01 5.921258330345153809e-01 1.616496294736862183e-01 1.233971863985061646e-01 4.565893709659576416e-01 5.298398733139038086e-01 5.418978929519653320e-01
2.777124047279357910e-01 6.286666393280029297e-01 4.942956268787384033e-01 4.650668501853942871e-01 1.191878914833068848e-01 8.774076104164123535e-01 1.390050649642944336e-01 4.565893709659576416e-01 5.298398733139038086e-01 5.418978929519653320e-01
3.673537373542785645e-01 8.052273988723754883e-01 7.953026890754699707e-01 5.517285466194152832e-01 8.601577877998352051e-01 2.371892631053924561e-01 2.187258303165435791e-01 4.565893709659576416e-01 5.298398733139038086e-01 5.418978929519653320e-01
2.156815081834793091e-01 3.557279109954833984e-01 5.066092014312744141e-01 5.469488501548767090e-01 6.608895659446716309e-01 7.743790149688720703e-01 5.074641108512878418e-01 4.329853653907775879e-01 5.298398733139038086e-01 5.418978929519653320e-01
2.076631188392639160e-01 5.287765264511108398e-01 5.046837329864501953e-01 4.703498184680938721e-01 7.205004692077636719e-01 5.263973474502563477e-01 3.234507441520690918e-01 6.570403575897216797e-01 5.298398733139038086e-01 3.100270926952362061e-01
6.658204644918441772e-02 1.929996907711029053e-01 2.582332789897918701e-01 2.095298916101455688e-01 1.173691228032112122e-01 4.569665491580963135e-01 3.234507441520690918e-01 6.570403575897216797e-01 5.298398733139038086e-01 5.418978929519653320e-01
2.930157780647277832e-01 5.710672736167907715e-01 2.811785340309143066e-01 6.129109486937522888e-02 7.626448273658752441e-01 4.604536890983581543e-01 3.055763840675354004e-01 1.562326252460479736e-01 3.159583508968353271e-01 3.041568994522094727e-01
3.399705588817596436e-01 5.926307439804077148e-01 4.133808314800262451e-01 5.246427059173583984e-01 3.071906864643096924e-01 1.647264063358306885e-01 4.350283443927764893e-01 5.335875153541564941e-01 5.298398733139038086e-01 5.418978929519653320e-01
3.548531830310821533e-01 6.032804846763610840e-01 7.138539850711822510e-02 4.044192433357238770e-01 6.403860449790954590e-01 3.210436403751373291e-01 2.266292721033096313e-01 3.290429115295410156e-01 3.159583508968353271e-01 4.733612537384033203e-01
5.290447473526000977e-01 5.440576672554016113e-01 3.589161336421966553e-01 2.543726861476898193e-01 3.202296495437622070e-01 4.335232973098754883e-01 1.136763095855712891e-01 6.570403575897216797e-01 7.231197357177734375e-01 5.418978929519653320e-01
3.905911743640899658e-01 4.751533865928649902e-01 9.335349798202514648e-01 6.205900907516479492e-01 8.308435082435607910e-01 7.897425293922424316e-01 1.796709597110748291e-01 6.570403575897216797e-01 7.231197357177734375e-01 5.418978929519653320e-01
4.377667903900146484e-01 5.926307439804077148e-01 9.611131548881530762e-01 8.025848269462585449e-01 7.265110611915588379e-01 8.940625190734863281e-01 1.410075724124908447e-01 6.570403575897216797e-01 2.473045885562896729e-01 5.418978929519653320e-01
1.502985209226608276e-01 3.282518386840820312e-01 9.672012180089950562e-02 6.506225466728210449e-01 2.307828068733215332e-01 8.950008749961853027e-01 7.197422981262207031e-01 4.565893709659576416e-01 2.473045885562896729e-01 5.418978929519653320e-01
6.220074892044067383e-01 3.282518386840820312e-01 4.815317094326019287e-01 1.406358182430267334e-01 1.924812048673629761e-01 2.843300998210906982e-01 6.803073883056640625e-01 6.570403575897216797e-01 2.473045885562896729e-01 3.100270926952362061e-01
3.660884127020835876e-02 4.982714951038360596e-01 7.819274067878723145e-01 6.870264410972595215e-01 7.260901331901550293e-01 7.550123333930969238e-01 6.803073883056640625e-01 6.570403575897216797e-01 2.473045885562896729e-01 3.100270926952362061e-01
1.610560268163681030e-01 4.751533865928649902e-01 4.876375198364257812e-01 1.764047294855117798e-01 6.806138157844543457e-01 4.658264219760894775e-01 2.091010659933090210e-01 4.931413233280181885e-01 2.473045885562896729e-01 3.100270926952362061e-01
4.742642119526863098e-02 4.618968665599822998e-01 4.445804283022880554e-02 2.241730839014053345e-01 1.391758769750595093e-01 6.716784834861755371e-01 2.091010659933090210e-01 1.646235585212707520e-01 2.473045885562896729e-01 5.418978929519653320e-01
4.114682972431182861e-01 4.618968665599822998e-01 3.278122842311859131e-02 8.431276679039001465e-02 1.183898001909255981e-01 2.576584815979003906e-01 2.039611339569091797e-01 7.376001775264739990e-02 2.473045885562896729e-01 4.501676559448242188e-01
1.181838214397430420e-01 3.557279109954833984e-01 7.252584397792816162e-02 1.984801292419433594e-01 2.961394190788269043e-01 8.593119680881500244e-02 2.039611339569091797e-01 4.069325923919677734e-01 2.473045885562896729e-01 4.501676559448242188e-01
3.491289019584655762e-01 6.286666393280029297e-01 1.103896647691726685e-01 1.892575323581695557e-01 7.457528114318847656e-01 3.517110049724578857e-01 4.273355007171630859e-01 4.069325923919677734e-01 5.298398733139038086e-01 4.501676559448242188e-01
8.526319265365600586e-02 3.557279109954833984e-01 5.365113914012908936e-02 6.545718312263488770e-01 6.132789850234985352e-01 9.506078809499740601e-02 4.273355007171630859e-01 5.271272659301757812e-01 5.298398733139038086e-01 4.501676559448242188e-01
4.706447422504425049e-01 8.162111639976501465e-01 4.583257436752319336e-01 1.960645914077758789e-01 8.393608927726745605e-01 5.535953491926193237e-02 3.107718825340270996e-01 4.764952361583709717e-01 7.346168756484985352e-01 5.418978929519653320e-01
6.507589221000671387e-01 4.751533865928649902e-01 2.813266515731811523e-01 7.768936157226562500e-01 7.392880320549011230e-01 7.451748847961425781e-01 2.091010659933090210e-01 5.271272659301757812e-01 5.298398733139038086e-01 5.418978929519653320e-01
2.695032358169555664e-01 5.550727248191833496e-01 2.200243622064590454e-02 7.535664737224578857e-02 6.751120090484619141e-01 3.256225585937500000e-01 2.266844362020492554e-01 8.508094549179077148e-01 7.346168756484985352e-01 5.418978929519653320e-01
3.053055703639984131e-01 5.550727248191833496e-01 2.374411523342132568e-01 4.540058374404907227e-01 9.900625348091125488e-01 4.023582488298416138e-02 4.013009965419769287e-01 7.112996578216552734e-01 5.298398733139038086e-01 5.418978929519653320e-01
2.522509098052978516e-01 4.751533865928649902e-01 1.503241956233978271e-01 1.097238212823867798e-01 9.034748673439025879e-01 6.451521515846252441e-01 6.280688643455505371e-01 5.003780722618103027e-01 5.298398733139038086e-01 5.418978929519653320e-01
2.735551893711090088e-01 2.224826365709304810e-01 1.351098120212554932e-01 8.281554579734802246e-01 8.463740348815917969e-01 1.042987182736396790e-01 2.266844362020492554e-01 5.003780722618103027e-01 5.298398733139038086e-01 5.418978929519653320e-01
