4.821146726608276367e-01 4.308274686336517334e-01 5.825890898704528809e-01 4.363504052162170410e-01 7.550111413002014160e-01 7.058594822883605957e-01 4.834252595901489258e-01 4.601538181304931641e-01 2.045691758394241333e-01 3.297077417373657227e-01
6.475589871406555176e-01 4.308274686336517334e-01 7.482362389564514160e-01 4.363504052162170410e-01 7.550111413002014160e-01 4.378412365913391113e-01 4.834252595901489258e-01 4.601538181304931641e-01 3.489750623703002930e-01 3.297077417373657227e-01
6.475589871406555176e-01 4.308274686336517334e-01 8.214722275733947754e-01 4.363504052162170410e-01 6.660446524620056152e-01 1.698088496923446655e-01 4.834252595901489258e-01 4.601538181304931641e-01 1.746170818805694580e-01 3.297077417373657227e-01
6.475589871406555176e-01 4.308274686336517334e-01 7.482362389564514160e-01 4.363504052162170410e-01 7.550111413002014160e-01 4.332020282745361328e-01 4.834252595901489258e-01 4.601538181304931641e-01 5.577831268310546875e-01 4.790768027305603027e-01
4.821146726608276367e-01 4.308274686336517334e-01 6.139687895774841309e-01 4.363504052162170410e-01 7.550111413002014160e-01 6.697755455970764160e-01 4.834252595901489258e-01 4.601538181304931641e-01 8.856456279754638672e-01 4.685156047344207764e-01
4.821146726608276367e-01 4.308274686336517334e-01 7.045094370841979980e-01 4.363504052162170410e-01 9.131583571434020996e-01 7.753760814666748047e-01 4.834252595901489258e-01 4.601538181304931641e-01 8.789510130882263184e-01 4.685156047344207764e-01
4.821146726608276367e-01 4.308274686336517334e-01 8.874369859695434570e-01 4.363504052162170410e-01 9.528550505638122559e-01 6.795245409011840820e-01 4.834252595901489258e-01 4.601538181304931641e-01 5.973032712936401367e-01 4.790768027305603027e-01
4.821146726608276367e-01 4.308274686336517334e-01 7.389363050460815430e-01 4.363504052162170410e-01 8.069130182266235352e-01 2.582216858863830566e-01 4.834252595901489258e-01 4.601538181304931641e-01 2.952980995178222656e-01 3.297077417373657227e-01
4.821146726608276367e-01 4.308274686336517334e-01 7.389363050460815430e-01 4.363504052162170410e-01 6.587133407592773438e-01 2.582216858863830566e-01 4.834252595901489258e-01 4.601538181304931641e-01 1.539657562971115112e-01 3.297077417373657227e-01
4.821146726608276367e-01 4.308274686336517334e-01 6.156400442123413086e-01 4.363504052162170410e-01 8.892877697944641113e-01 2.582216858863830566e-01 4.834252595901489258e-01 4.601538181304931641e-01 2.952980995178222656e-01 3.297077417373657227e-01
4.821146726608276367e-01 4.308274686336517334e-01 5.764506459236145020e-01 4.363504052162170410e-01 6.954097747802734375e-01 2.582216858863830566e-01 4.834252595901489258e-01 4.601538181304931641e-01 2.998289763927459717e-01 3.297077417373657227e-01
4.821146726608276367e-01 4.308274686336517334e-01 7.063212990760803223e-01 4.363504052162170410e-01 8.866332173347473145e-01 2.638822793960571289e-01 4.834252595901489258e-01 4.601538181304931641e-01 2.952980995178222656e-01 3.297077417373657227e-01
4.821146726608276367e-01 4.308274686336517334e-01 5.514100193977355957e-01 4.363504052162170410e-01 5.499799847602844238e-01 2.582216858863830566e-01 4.834252595901489258e-01 4.601538181304931641e-01 1.071992963552474976e-01 3.297077417373657227e-01
4.821146726608276367e-01 4.308274686336517334e-01 7.066103816032409668e-01 4.363504052162170410e-01 9.409115910530090332e-01 2.582216858863830566e-01 4.834252595901489258e-01 4.601538181304931641e-01 2.998289763927459717e-01 4.790768027305603027e-01
4.821146726608276367e-01 4.308274686336517334e-01 7.066103816032409668e-01 4.363504052162170410e-01 8.241689801216125488e-01 3.968563377857208252e-01 4.834252595901489258e-01 4.601538181304931641e-01 2.998289763927459717e-01 4.790768027305603027e-01
4.821146726608276367e-01 4.308274686336517334e-01 7.066103816032409668e-01 4.363504052162170410e-01 9.113755822181701660e-01 6.962034702301025391e-01 4.834252595901489258e-01 4.601538181304931641e-01 2.998289763927459717e-01 4.790768027305603027e-01
4.821146726608276367e-01 4.308274686336517334e-01 7.066103816032409668e-01 4.363504052162170410e-01 9.289759397506713867e-01 4.898134469985961914e-01 4.834252595901489258e-01 4.601538181304931641e-01 7.413177490234375000e-01 4.790768027305603027e-01
4.821146726608276367e-01 4.308274686336517334e-01 8.097431659698486328e-01 4.363504052162170410e-01 8.563585281372070312e-01 6.962034702301025391e-01 4.834252595901489258e-01 4.601538181304931641e-01 7.413177490234375000e-01 4.790768027305603027e-01
4.821146726608276367e-01 4.308274686336517334e-01 4.758639633655548096e-01 4.363504052162170410e-01 9.289759397506713867e-01 4.898134469985961914e-01 4.834252595901489258e-01 4.601538181304931641e-01 7.090464234352111816e-01 4.514931440353393555e-01
4.821146726608276367e-01 4.308274686336517334e-01 6.160331964492797852e-01 4.363504052162170410e-01 8.718764781951904297e-01 4.898134469985961914e-01 4.834252595901489258e-01 4.601538181304931641e-01 7.090464234352111816e-01 3.297077417373657227e-01
4.821146726608276367e-01 4.308274686336517334e-01 7.063212990760803223e-01 4.363504052162170410e-01 7.561999559402465820e-01 4.898134469985961914e-01 4.834252595901489258e-01 4.601538181304931641e-01 3.692436218261718750e-01 3.297077417373657227e-01
4.821146726608276367e-01 4.308274686336517334e-01 6.160331964492797852e-01 4.363504052162170410e-01 9.289759397506713867e-01 4.898134469985961914e-01 4.834252595901489258e-01 4.601538181304931641e-01 7.090464234352111816e-01 4.790768027305603027e-01
4.821146726608276367e-01 4.308274686336517334e-01 6.160331964492797852e-01 4.363504052162170410e-01 6.660446524620056152e-01 2.778415679931640625e-01 4.834252595901489258e-01 4.601538181304931641e-01 7.090464234352111816e-01 4.514931440353393555e-01
4.821146726608276367e-01 4.308274686336517334e-01 6.160331964492797852e-01 4.363504052162170410e-01 6.660446524620056152e-01 2.778415679931640625e-01 4.834252595901489258e-01 4.601538181304931641e-01 7.090464234352111816e-01 4.790768027305603027e-01
4.821146726608276367e-01 4.308274686336517334e-01 6.160331964492797852e-01 4.363504052162170410e-01 6.660446524620056152e-01 4.120563268661499023e-01 4.834252595901489258e-01 4.601538181304931641e-01 3.026121556758880615e-01 4.790768027305603027e-01
4.821146726608276367e-01 4.308274686336517334e-01 6.160331964492797852e-01 4.363504052162170410e-01 7.153422832489013672e-01 4.120563268661499023e-01 4.834252595901489258e-01 4.601538181304931641e-01 6.199853420257568359e-01 4.790768027305603027e-01
4.821146726608276367e-01 4.308274686336517334e-01 6.160331964492797852e-01 4.363504052162170410e-01 7.153422832489013672e-01 4.120563268661499023e-01 4.834252595901489258e-01 4.601538181304931641e-01 6.199853420257568359e-01 4.790768027305603027e-01
4.821146726608276367e-01 4.308274686336517334e-01 8.097431659698486328e-01 4.363504052162170410e-01 9.427939057350158691e-01 6.362143158912658691e-01 4.834252595901489258e-01 4.601538181304931641e-01 6.573613286018371582e-01 4.790768027305603027e-01
4.821146726608276367e-01 4.308274686336517334e-01 8.097431659698486328e-01 4.363504052162170410e-01 9.463018178939819336e-01 6.362143158912658691e-01 4.834252595901489258e-01 4.601538181304931641e-01 6.573613286018371582e-01 4.790768027305603027e-01
4.821146726608276367e-01 4.308274686336517334e-01 8.097431659698486328e-01 4.363504052162170410e-01 9.463018178939819336e-01 4.898134469985961914e-01 4.834252595901489258e-01 4.601538181304931641e-01 3.501700162887573242e-01 4.790768027305603027e-01
4.821146726608276367e-01 4.308274686336517334e-01 4.180108010768890381e-01 4.363504052162170410e-01 8.063699007034301758e-01 6.030315756797790527e-01 4.834252595901489258e-01 4.601538181304931641e-01 5.106973648071289062e-01 4.790768027305603027e-01
4.821146726608276367e-01 4.308274686336517334e-01 7.452008128166198730e-01 4.363504052162170410e-01 8.063699007034301758e-01 6.679289340972900391e-01 4.834252595901489258e-01 4.601538181304931641e-01 6.401612758636474609e-01 4.790768027305603027e-01
4.821146726608276367e-01 4.308274686336517334e-01 6.501182317733764648e-01 4.363504052162170410e-01 8.063699007034301758e-01 6.030315756797790527e-01 4.834252595901489258e-01 4.601538181304931641e-01 7.252660393714904785e-01 4.790768027305603027e-01
4.821146726608276367e-01 4.308274686336517334e-01 7.452008128166198730e-01 4.363504052162170410e-01 7.952137589454650879e-01 5.523566007614135742e-01 4.834252595901489258e-01 4.601538181304931641e-01 6.401612758636474609e-01 4.790768027305603027e-01
4.821146726608276367e-01 4.308274686336517334e-01 7.452008128166198730e-01 4.363504052162170410e-01 8.063699007034301758e-01 6.604679226875305176e-01 4.834252595901489258e-01 4.601538181304931641e-01 6.401612758636474609e-01 4.790768027305603027e-01
4.821146726608276367e-01 4.308274686336517334e-01 7.452008128166198730e-01 4.363504052162170410e-01 6.198816299438476562e-01 7.602436542510986328e-01 4.834252595901489258e-01 4.601538181304931641e-01 6.401612758636474609e-01 4.790768027305603027e-01
4.821146726608276367e-01 4.308274686336517334e-01 7.452008128166198730e-01 4.363504052162170410e-01 6.198816299438476562e-01 6.604679226875305176e-01 4.834252595901489258e-01 4.601538181304931641e-01 6.401612758636474609e-01 4.790768027305603027e-01
3.874478936195373535e-01 4.308274686336517334e-01 6.101580858230590820e-01 4.363504052162170410e-01 6.198816299438476562e-01 6.948989629745483398e-01 4.834252595901489258e-01 4.601538181304931641e-01 8.281759023666381836e-01 6.223797202110290527e-01
6.728983521461486816e-01 6.689509153366088867e-01 7.045709490776062012e-01 6.689509153366088867e-01 3.194016516208648682e-01 7.831937670707702637e-01 6.689509153366088867e-01 4.600870907306671143e-01 8.281759023666381836e-01 6.223797202110290527e-01
6.728983521461486816e-01 6.689509153366088867e-01 7.045709490776062012e-01 6.689509153366088867e-01 5.438344478607177734e-01 9.355940222740173340e-01 6.689509153366088867e-01 4.600870907306671143e-01 7.378731966018676758e-01 6.223797202110290527e-01
6.728983521461486816e-01 6.689509153366088867e-01 7.968224883079528809e-01 6.689509153366088867e-01 5.438344478607177734e-01 9.355940222740173340e-01 6.689509153366088867e-01 4.600870907306671143e-01 9.323420524597167969e-01 6.223797202110290527e-01
6.728983521461486816e-01 6.689509153366088867e-01 7.968224883079528809e-01 6.689509153366088867e-01 5.652339458465576172e-01 8.721613883972167969e-01 6.689509153366088867e-01 4.600870907306671143e-01 9.323420524597167969e-01 7.581517100334167480e-01
6.728983521461486816e-01 6.689509153366088867e-01 7.968224883079528809e-01 6.689509153366088867e-01 7.017048597335815430e-01 9.355940222740173340e-01 6.689509153366088867e-01 4.600870907306671143e-01 8.984296321868896484e-01 7.581517100334167480e-01
6.728983521461486816e-01 6.689509153366088867e-01 8.519631624221801758e-01 6.689509153366088867e-01 5.577283501625061035e-01 8.650345206260681152e-01 6.689509153366088867e-01 4.600870907306671143e-01 6.437332034111022949e-01 7.581517100334167480e-01
6.728983521461486816e-01 6.689509153366088867e-01 8.519631624221801758e-01 6.689509153366088867e-01 6.208997964859008789e-01 8.650345206260681152e-01 6.689509153366088867e-01 4.600870907306671143e-01 6.437332034111022949e-01 7.581517100334167480e-01
6.728983521461486816e-01 6.689509153366088867e-01 8.519631624221801758e-01 6.689509153366088867e-01 5.210816860198974609e-01 9.014835953712463379e-01 6.689509153366088867e-01 4.600870907306671143e-01 8.984296321868896484e-01 7.581517100334167480e-01
6.728983521461486816e-01 6.689509153366088867e-01 9.090244770050048828e-01 6.689509153366088867e-01 5.426509976387023926e-01 9.014835953712463379e-01 6.689509153366088867e-01 4.600870907306671143e-01 8.037279844284057617e-01 7.581517100334167480e-01
6.728983521461486816e-01 6.689509153366088867e-01 9.142361879348754883e-01 6.689509153366088867e-01 5.210816860198974609e-01 8.014836311340332031e-01 6.689509153366088867e-01 4.600870907306671143e-01 4.554850459098815918e-01 7.581517100334167480e-01
6.728983521461486816e-01 6.689509153366088867e-01 9.142361879348754883e-01 6.689509153366088867e-01 5.577283501625061035e-01 8.014836311340332031e-01 6.689509153366088867e-01 4.600870907306671143e-01 2.585399150848388672e-01 7.581517100334167480e-01
6.728983521461486816e-01 6.689509153366088867e-01 9.142361879348754883e-01 6.689509153366088867e-01 5.210816860198974609e-01 7.261867523193359375e-01 6.689509153366088867e-01 4.600870907306671143e-01 4.795789122581481934e-01 7.581517100334167480e-01
6.728983521461486816e-01 6.689509153366088867e-01 9.142361879348754883e-01 6.689509153366088867e-01 6.372199654579162598e-01 8.014836311340332031e-01 6.689509153366088867e-01 4.600870907306671143e-01 5.342788696289062500e-01 7.554739713668823242e-01
6.728983521461486816e-01 6.689509153366088867e-01 9.142361879348754883e-01 6.689509153366088867e-01 5.651879906654357910e-01 8.014836311340332031e-01 6.689509153366088867e-01 4.600870907306671143e-01 5.342788696289062500e-01 7.581517100334167480e-01
4.821146726608276367e-01 4.308274686336517334e-01 7.482362389564514160e-01 4.363504052162170410e-01 8.996629118919372559e-01 4.373410046100616455e-01 4.834252595901489258e-01 4.601538181304931641e-01 4.777093231678009033e-01 6.362604498863220215e-01
4.821146726608276367e-01 4.308274686336517334e-01 7.482362389564514160e-01 4.363504052162170410e-01 6.311268806457519531e-01 4.373410046100616455e-01 4.834252595901489258e-01 4.601538181304931641e-01 4.777093231678009033e-01 3.297077417373657227e-01
4.821146726608276367e-01 4.308274686336517334e-01 7.482362389564514160e-01 4.363504052162170410e-01 6.311268806457519531e-01 4.373410046100616455e-01 4.834252595901489258e-01 4.601538181304931641e-01 4.777093231678009033e-01 3.297077417373657227e-01
4.821146726608276367e-01 4.308274686336517334e-01 7.482362389564514160e-01 4.363504052162170410e-01 6.311268806457519531e-01 4.373410046100616455e-01 4.834252595901489258e-01 4.601538181304931641e-01 4.777093231678009033e-01 3.297077417373657227e-01
4.821146726608276367e-01 4.308274686336517334e-01 7.482362389564514160e-01 4.363504052162170410e-01 6.311268806457519531e-01 4.373410046100616455e-01 4.834252595901489258e-01 4.601538181304931641e-01 4.777093231678009033e-01 3.297077417373657227e-01
4.821146726608276367e-01 4.308274686336517334e-01 7.482362389564514160e-01 4.363504052162170410e-01 4.557838141918182373e-01 4.373410046100616455e-01 4.834252595901489258e-01 4.601538181304931641e-01 4.777093231678009033e-01 3.297077417373657227e-01
4.821146726608276367e-01 4.308274686336517334e-01 8.609057664871215820e-01 4.363504052162170410e-01 4.113547801971435547e-01 6.314689517021179199e-01 4.834252595901489258e-01 4.601538181304931641e-01 5.401942133903503418e-01 3.297077417373657227e-01
4.821146726608276367e-01 4.308274686336517334e-01 7.291294336318969727e-01 4.363504052162170410e-01 4.418921172618865967e-01 4.373410046100616455e-01 4.834252595901489258e-01 4.601538181304931641e-01 5.337127447128295898e-01 4.259884953498840332e-01
4.821146726608276367e-01 4.308274686336517334e-01 7.291294336318969727e-01 4.363504052162170410e-01 4.084106683731079102e-01 4.373410046100616455e-01 4.834252595901489258e-01 4.601538181304931641e-01 5.337127447128295898e-01 4.259884953498840332e-01
4.821146726608276367e-01 4.308274686336517334e-01 7.482362389564514160e-01 4.363504052162170410e-01 4.418921172618865967e-01 4.373410046100616455e-01 4.834252595901489258e-01 4.601538181304931641e-01 5.337127447128295898e-01 3.297077417373657227e-01
4.821146726608276367e-01 4.308274686336517334e-01 7.291294336318969727e-01 4.363504052162170410e-01 4.418921172618865967e-01 4.373410046100616455e-01 4.834252595901489258e-01 4.601538181304931641e-01 5.337127447128295898e-01 4.259884953498840332e-01
4.821146726608276367e-01 4.308274686336517334e-01 7.291294336318969727e-01 4.363504052162170410e-01 4.418921172618865967e-01 4.373410046100616455e-01 4.834252595901489258e-01 4.601538181304931641e-01 6.621448397636413574e-01 4.259884953498840332e-01
4.821146726608276367e-01 4.308274686336517334e-01 7.291294336318969727e-01 4.363504052162170410e-01 4.418921172618865967e-01 4.373410046100616455e-01 4.834252595901489258e-01 4.601538181304931641e-01 4.544143080711364746e-01 4.259884953498840332e-01
4.821146726608276367e-01 4.308274686336517334e-01 7.291294336318969727e-01 4.363504052162170410e-01 4.418921172618865967e-01 4.373410046100616455e-01 4.834252595901489258e-01 4.601538181304931641e-01 9.056087136268615723e-01 4.259884953498840332e-01
4.821146726608276367e-01 4.308274686336517334e-01 7.291294336318969727e-01 4.363504052162170410e-01 6.690874099731445312e-01 4.373410046100616455e-01 4.834252595901489258e-01 4.601538181304931641e-01 9.056087136268615723e-01 4.259884953498840332e-01
4.821146726608276367e-01 4.308274686336517334e-01 7.291294336318969727e-01 4.363504052162170410e-01 8.305370211601257324e-01 4.373410046100616455e-01 4.834252595901489258e-01 4.601538181304931641e-01 6.621448397636413574e-01 7.252072095870971680e-01
4.821146726608276367e-01 4.308274686336517334e-01 7.291294336318969727e-01 4.363504052162170410e-01 6.574363708496093750e-01 4.373410046100616455e-01 4.834252595901489258e-01 4.601538181304931641e-01 6.621448397636413574e-01 7.252072095870971680e-01
4.821146726608276367e-01 4.308274686336517334e-01 7.291294336318969727e-01 4.363504052162170410e-01 6.574363708496093750e-01 4.373410046100616455e-01 4.834252595901489258e-01 4.601538181304931641e-01 6.621448397636413574e-01 7.252072095870971680e-01
4.821146726608276367e-01 4.308274686336517334e-01 7.291294336318969727e-01 4.363504052162170410e-01 7.429341673851013184e-01 5.588941574096679688e-01 4.834252595901489258e-01 4.601538181304931641e-01 6.621448397636413574e-01 7.252072095870971680e-01
4.821146726608276367e-01 4.308274686336517334e-01 7.291294336318969727e-01 4.363504052162170410e-01 8.749009370803833008e-01 4.373410046100616455e-01 6.877758502960205078e-01 7.096355557441711426e-01 5.876155495643615723e-01 7.252072095870971680e-01
4.821146726608276367e-01 4.308274686336517334e-01 7.291294336318969727e-01 4.363504052162170410e-01 8.749009370803833008e-01 4.373410046100616455e-01 6.877758502960205078e-01 7.096355557441711426e-01 7.829647660255432129e-01 7.252072095870971680e-01
4.821146726608276367e-01 4.308274686336517334e-01 4.842154085636138916e-01 4.363504052162170410e-01 8.814808130264282227e-01 6.734890937805175781e-01 6.877758502960205078e-01 7.096355557441711426e-01 8.012460470199584961e-01 7.372404336929321289e-01
3.874478936195373535e-01 4.308274686336517334e-01 4.842154085636138916e-01 4.363504052162170410e-01 7.806621789932250977e-01 6.734890937805175781e-01 4.834252595901489258e-01 4.601538181304931641e-01 8.482446074485778809e-01 7.372404336929321289e-01
3.874478936195373535e-01 4.308274686336517334e-01 4.842154085636138916e-01 4.363504052162170410e-01 6.732875704765319824e-01 6.734890937805175781e-01 4.834252595901489258e-01 4.601538181304931641e-01 8.482446074485778809e-01 7.372404336929321289e-01
3.874478936195373535e-01 4.308274686336517334e-01 4.842154085636138916e-01 4.363504052162170410e-01 6.732875704765319824e-01 6.734890937805175781e-01 4.834252595901489258e-01 4.601538181304931641e-01 8.482446074485778809e-01 7.372404336929321289e-01
6.728983521461486816e-01 6.689509153366088867e-01 7.315781712532043457e-01 6.689509153366088867e-01 8.195250034332275391e-01 8.530386686325073242e-01 6.689509153366088867e-01 4.600870907306671143e-01 8.482446074485778809e-01 7.372404336929321289e-01
6.728983521461486816e-01 6.689509153366088867e-01 8.909416794776916504e-01 6.689509153366088867e-01 8.195250034332275391e-01 9.014835953712463379e-01 6.689509153366088867e-01 4.600870907306671143e-01 9.157969951629638672e-01 7.372404336929321289e-01
6.728983521461486816e-01 6.689509153366088867e-01 8.909416794776916504e-01 6.689509153366088867e-01 8.195250034332275391e-01 9.014835953712463379e-01 6.689509153366088867e-01 4.600870907306671143e-01 9.157969951629638672e-01 7.372404336929321289e-01
6.728983521461486816e-01 6.689509153366088867e-01 8.909416794776916504e-01 6.689509153366088867e-01 8.195250034332275391e-01 9.014835953712463379e-01 6.689509153366088867e-01 7.326266765594482422e-01 8.972931504249572754e-01 7.372404336929321289e-01
4.821146726608276367e-01 4.308274686336517334e-01 5.913413166999816895e-01 4.363504052162170410e-01 7.121092677116394043e-01 3.443955183029174805e-01 4.834252595901489258e-01 4.601538181304931641e-01 9.386692047119140625e-01 7.372404336929321289e-01
6.978726387023925781e-01 5.038558840751647949e-01 6.369249224662780762e-01 4.363504052162170410e-01 7.231132984161376953e-01 3.736728131771087646e-01 4.834252595901489258e-01 4.601538181304931641e-01 8.687750101089477539e-01 7.025649547576904297e-01
6.978726387023925781e-01 5.038558840751647949e-01 6.310190558433532715e-01 4.363504052162170410e-01 6.493536233901977539e-01 3.443955183029174805e-01 4.834252595901489258e-01 4.601538181304931641e-01 3.720395565032958984e-01 7.252072095870971680e-01
6.978726387023925781e-01 5.038558840751647949e-01 6.310190558433532715e-01 4.363504052162170410e-01 6.493536233901977539e-01 3.443955183029174805e-01 4.834252595901489258e-01 4.601538181304931641e-01 3.720395565032958984e-01 7.252072095870971680e-01
6.978726387023925781e-01 5.038558840751647949e-01 6.310190558433532715e-01 4.363504052162170410e-01 6.493536233901977539e-01 3.443955183029174805e-01 4.834252595901489258e-01 4.601538181304931641e-01 9.361200332641601562e-01 7.252072095870971680e-01
5.044696927070617676e-01 5.038558840751647949e-01 7.972531914710998535e-01 4.363504052162170410e-01 8.926835656166076660e-01 6.221389174461364746e-01 4.834252595901489258e-01 4.601538181304931641e-01 8.419198989868164062e-01 7.252072095870971680e-01
5.044696927070617676e-01 5.038558840751647949e-01 6.310190558433532715e-01 4.363504052162170410e-01 9.108289480209350586e-01 1.639808118343353271e-01 4.834252595901489258e-01 4.601538181304931641e-01 6.352823972702026367e-01 7.252072095870971680e-01
5.044696927070617676e-01 5.038558840751647949e-01 6.310190558433532715e-01 4.363504052162170410e-01 9.108289480209350586e-01 4.809222221374511719e-01 4.834252595901489258e-01 4.601538181304931641e-01 4.253690540790557861e-01 4.259884953498840332e-01
5.044696927070617676e-01 5.038558840751647949e-01 4.918073713779449463e-01 4.363504052162170410e-01 4.493362307548522949e-01 4.809222221374511719e-01 4.834252595901489258e-01 4.601538181304931641e-01 7.333719730377197266e-01 4.259884953498840332e-01
6.676948666572570801e-01 5.038558840751647949e-01 6.238052845001220703e-01 4.363504052162170410e-01 5.909255146980285645e-01 7.253919243812561035e-01 4.834252595901489258e-01 4.601538181304931641e-01 3.763551115989685059e-01 4.259884953498840332e-01
5.062606334686279297e-01 5.038558840751647949e-01 2.121939659118652344e-01 4.363504052162170410e-01 7.198691964149475098e-01 7.253919243812561035e-01 4.834252595901489258e-01 4.601538181304931641e-01 6.416725516319274902e-01 4.259884953498840332e-01
5.062606334686279297e-01 5.038558840751647949e-01 5.751897692680358887e-01 4.363504052162170410e-01 7.192761898040771484e-01 2.179701477289199829e-01 4.834252595901489258e-01 4.601538181304931641e-01 1.634726822376251221e-01 4.259884953498840332e-01
5.062606334686279297e-01 5.038558840751647949e-01 5.751897692680358887e-01 4.363504052162170410e-01 8.576696515083312988e-01 5.313385128974914551e-01 5.000000000000000000e-01 3.543459773063659668e-01 1.634726822376251221e-01 4.259884953498840332e-01
3.028656542301177979e-01 4.308274686336517334e-01 2.682293057441711426e-01 4.363504052162170410e-01 8.475117087364196777e-01 5.220685005187988281e-01 5.000000000000000000e-01 3.543459773063659668e-01 2.130696177482604980e-01 4.259884953498840332e-01
3.028656542301177979e-01 4.308274686336517334e-01 2.883638143539428711e-01 4.363504052162170410e-01 7.997043728828430176e-01 7.174640893936157227e-01 5.000000000000000000e-01 3.543459773063659668e-01 2.130696177482604980e-01 4.259884953498840332e-01
3.028656542301177979e-01 4.308274686336517334e-01 2.883638143539428711e-01 4.363504052162170410e-01 7.484461665153503418e-01 7.174640893936157227e-01 5.000000000000000000e-01 3.543459773063659668e-01 2.130696177482604980e-01 3.297077417373657227e-01
3.028656542301177979e-01 4.308274686336517334e-01 2.883638143539428711e-01 4.363504052162170410e-01 7.484461665153503418e-01 7.174640893936157227e-01 6.858849525451660156e-01 6.304603219032287598e-01 1.022008955478668213e-01 3.297077417373657227e-01
3.028656542301177979e-01 4.308274686336517334e-01 2.883638143539428711e-01 4.363504052162170410e-01 7.484461665153503418e-01 7.174640893936157227e-01 5.000000000000000000e-01 6.304603219032287598e-01 1.022008955478668213e-01 3.297077417373657227e-01
3.028656542301177979e-01 4.308274686336517334e-01 2.883638143539428711e-01 4.363504052162170410e-01 7.484461665153503418e-01 8.277746438980102539e-01 6.858849525451660156e-01 6.304603219032287598e-01 4.717564582824707031e-02 3.297077417373657227e-01
3.028656542301177979e-01 4.308274686336517334e-01 5.573256611824035645e-01 4.363504052162170410e-01 7.484461665153503418e-01 8.277746438980102539e-01 5.000000000000000000e-01 6.304603219032287598e-01 1.022008955478668213e-01 3.297077417373657227e-01
3.028656542301177979e-01 4.308274686336517334e-01 5.113933086395263672e-01 4.363504052162170410e-01 7.484461665153503418e-01 8.379601836204528809e-01 5.000000000000000000e-01 6.304603219032287598e-01 1.022008955478668213e-01 3.297077417373657227e-01
3.028656542301177979e-01 4.308274686336517334e-01 3.666447103023529053e-01 4.363504052162170410e-01 7.484461665153503418e-01 6.248404383659362793e-01 5.000000000000000000e-01 3.543459773063659668e-01 1.022008955478668213e-01 3.297077417373657227e-01
3.028656542301177979e-01 4.308274686336517334e-01 3.666447103023529053e-01 4.363504052162170410e-01 7.484461665153503418e-01 4.684155583381652832e-01 5.000000000000000000e-01 3.543459773063659668e-01 1.022008955478668213e-01 3.297077417373657227e-01
3.028656542301177979e-01 4.308274686336517334e-01 3.666447103023529053e-01 4.363504052162170410e-01 7.484461665153503418e-01 6.248404383659362793e-01 5.000000000000000000e-01 3.543459773063659668e-01 1.022008955478668213e-01 3.297077417373657227e-01
3.028656542301177979e-01 4.308274686336517334e-01 3.666447103023529053e-01 4.363504052162170410e-01 5.346317291259765625e-01 4.684155583381652832e-01 5.000000000000000000e-01 3.543459773063659668e-01 1.022008955478668213e-01 4.494115412235260010e-01
3.028656542301177979e-01 4.308274686336517334e-01 3.666447103023529053e-01 4.363504052162170410e-01 5.346317291259765625e-01 6.899469494819641113e-01 6.858849525451660156e-01 6.304603219032287598e-01 1.022008955478668213e-01 4.494115412235260010e-01
3.028656542301177979e-01 4.308274686336517334e-01 3.666447103023529053e-01 4.363504052162170410e-01 5.346317291259765625e-01 6.899469494819641113e-01 5.000000000000000000e-01 6.304603219032287598e-01 1.022008955478668213e-01 4.494115412235260010e-01
3.028656542301177979e-01 4.308274686336517334e-01 3.666447103023529053e-01 4.363504052162170410e-01 5.346317291259765625e-01 6.899469494819641113e-01 6.858849525451660156e-01 6.304603219032287598e-01 2.319723963737487793e-01 4.494115412235260010e-01
3.028656542301177979e-01 4.308274686336517334e-01 3.666447103023529053e-01 4.363504052162170410e-01 3.281762003898620605e-01 3.536159992218017578e-01 6.858849525451660156e-01 6.304603219032287598e-01 2.319723963737487793e-01 4.494115412235260010e-01
5.603213310241699219e-01 4.308274686336517334e-01 3.666447103023529053e-01 4.363504052162170410e-01 3.281762003898620605e-01 3.536159992218017578e-01 5.000000000000000000e-01 6.304603219032287598e-01 1.154297143220901489e-01 5.401688814163208008e-01
5.603213310241699219e-01 4.308274686336517334e-01 3.666447103023529053e-01 4.363504052162170410e-01 2.589107155799865723e-01 4.416372478008270264e-01 6.858849525451660156e-01 3.543459773063659668e-01 1.154297143220901489e-01 5.401688814163208008e-01
5.603213310241699219e-01 4.308274686336517334e-01 3.666447103023529053e-01 4.363504052162170410e-01 4.339036047458648682e-01 4.416372478008270264e-01 6.858849525451660156e-01 6.304603219032287598e-01 1.154297143220901489e-01 5.401688814163208008e-01
5.603213310241699219e-01 4.308274686336517334e-01 3.666447103023529053e-01 4.363504052162170410e-01 4.339036047458648682e-01 4.416372478008270264e-01 6.858849525451660156e-01 6.304603219032287598e-01 1.154297143220901489e-01 5.401688814163208008e-01
5.603213310241699219e-01 4.308274686336517334e-01 3.666447103023529053e-01 4.363504052162170410e-01 2.589107155799865723e-01 4.416372478008270264e-01 6.858849525451660156e-01 6.304603219032287598e-01 1.154297143220901489e-01 5.401688814163208008e-01
5.603213310241699219e-01 4.308274686336517334e-01 3.666447103023529053e-01 4.363504052162170410e-01 4.339036047458648682e-01 4.416372478008270264e-01 6.858849525451660156e-01 6.304603219032287598e-01 2.571868896484375000e-01 5.401688814163208008e-01
5.603213310241699219e-01 4.308274686336517334e-01 3.327876925468444824e-01 4.363504052162170410e-01 7.193221449851989746e-01 4.416372478008270264e-01 6.858849525451660156e-01 6.304603219032287598e-01 3.494115173816680908e-01 5.401688814163208008e-01
5.603213310241699219e-01 4.308274686336517334e-01 3.327876925468444824e-01 4.363504052162170410e-01 7.193221449851989746e-01 4.416372478008270264e-01 6.858849525451660156e-01 6.304603219032287598e-01 2.571868896484375000e-01 5.401688814163208008e-01
8.040672540664672852e-01 4.308274686336517334e-01 5.722979307174682617e-01 4.363504052162170410e-01 8.207516670227050781e-01 4.416372478008270264e-01 6.858849525451660156e-01 6.304603219032287598e-01 5.331785678863525391e-01 5.401688814163208008e-01
8.040672540664672852e-01 4.308274686336517334e-01 7.272675037384033203e-01 4.363504052162170410e-01 9.411224126815795898e-01 4.416372478008270264e-01 6.858849525451660156e-01 6.304603219032287598e-01 6.392070651054382324e-01 6.893863677978515625e-01
8.040672540664672852e-01 4.308274686336517334e-01 7.791067361831665039e-01 4.363504052162170410e-01 9.477538466453552246e-01 4.416372478008270264e-01 6.858849525451660156e-01 6.304603219032287598e-01 6.392070651054382324e-01 6.893863677978515625e-01
8.040672540664672852e-01 4.308274686336517334e-01 7.791067361831665039e-01 4.363504052162170410e-01 9.260879158973693848e-01 4.416372478008270264e-01 6.858849525451660156e-01 6.304603219032287598e-01 6.392070651054382324e-01 6.893863677978515625e-01
8.040672540664672852e-01 4.308274686336517334e-01 7.272675037384033203e-01 4.363504052162170410e-01 8.016057610511779785e-01 4.416372478008270264e-01 4.834252595901489258e-01 4.601538181304931641e-01 5.313962101936340332e-01 6.893863677978515625e-01
8.040672540664672852e-01 4.308274686336517334e-01 7.272675037384033203e-01 4.363504052162170410e-01 8.016057610511779785e-01 4.416372478008270264e-01 4.834252595901489258e-01 4.601538181304931641e-01 5.313962101936340332e-01 6.893863677978515625e-01
8.040672540664672852e-01 4.308274686336517334e-01 7.272675037384033203e-01 4.363504052162170410e-01 8.600702285766601562e-01 4.416372478008270264e-01 4.834252595901489258e-01 4.601538181304931641e-01 5.313962101936340332e-01 6.893863677978515625e-01
8.040672540664672852e-01 4.308274686336517334e-01 7.272675037384033203e-01 4.363504052162170410e-01 8.540090322494506836e-01 4.416372478008270264e-01 4.834252595901489258e-01 4.601538181304931641e-01 5.313962101936340332e-01 6.893863677978515625e-01
8.040672540664672852e-01 4.308274686336517334e-01 7.272675037384033203e-01 4.363504052162170410e-01 8.540090322494506836e-01 4.416372478008270264e-01 4.834252595901489258e-01 4.601538181304931641e-01 5.313962101936340332e-01 6.893863677978515625e-01
8.040672540664672852e-01 4.308274686336517334e-01 7.272675037384033203e-01 4.363504052162170410e-01 8.016057610511779785e-01 4.416372478008270264e-01 4.834252595901489258e-01 4.601538181304931641e-01 5.313962101936340332e-01 6.893863677978515625e-01
