7.252123355865478516e-01 6.820617318153381348e-01 6.607534289360046387e-01 6.593478918075561523e-01 6.302585005760192871e-01 6.446747779846191406e-01 7.231191992759704590e-01 6.575620770454406738e-01 7.231191992759704590e-01 6.808004975318908691e-01
7.252123355865478516e-01 6.820617318153381348e-01 6.607534289360046387e-01 6.593478918075561523e-01 6.302585005760192871e-01 6.446747779846191406e-01 7.231191992759704590e-01 6.575620770454406738e-01 7.231191992759704590e-01 6.808004975318908691e-01
5.364106893539428711e-01 3.915250897407531738e-01 6.607534289360046387e-01 6.593478918075561523e-01 6.302585005760192871e-01 6.446747779846191406e-01 7.231191992759704590e-01 6.575620770454406738e-01 7.231191992759704590e-01 6.808004975318908691e-01
5.364106893539428711e-01 3.915250897407531738e-01 6.607534289360046387e-01 8.358758687973022461e-01 6.302585005760192871e-01 6.446747779846191406e-01 7.231191992759704590e-01 6.575620770454406738e-01 7.231191992759704590e-01 2.866684496402740479e-01
5.364106893539428711e-01 3.915250897407531738e-01 6.607534289360046387e-01 6.593478918075561523e-01 6.302585005760192871e-01 6.446747779846191406e-01 7.231191992759704590e-01 6.575620770454406738e-01 7.231191992759704590e-01 6.808004975318908691e-01
8.697242736816406250e-01 6.820617318153381348e-01 6.607534289360046387e-01 8.394085168838500977e-01 6.302585005760192871e-01 6.446747779846191406e-01 7.231191992759704590e-01 3.925093710422515869e-01 7.231191992759704590e-01 8.445001840591430664e-01
8.779541850090026855e-01 9.360242486000061035e-01 8.120062947273254395e-01 9.167254567146301270e-01 8.172770142555236816e-01 8.245626091957092285e-01 8.135532736778259277e-01 8.855509161949157715e-01 8.024641275405883789e-01 9.512590169906616211e-01
8.779541850090026855e-01 9.360242486000061035e-01 8.120062947273254395e-01 9.167254567146301270e-01 8.172770142555236816e-01 8.245626091957092285e-01 8.135532736778259277e-01 8.855509161949157715e-01 8.024641275405883789e-01 9.512590169906616211e-01
7.252123355865478516e-01 6.820617318153381348e-01 6.607534289360046387e-01 6.593478918075561523e-01 8.172770142555236816e-01 6.446747779846191406e-01 7.231191992759704590e-01 9.316080808639526367e-01 7.231191992759704590e-01 8.845884203910827637e-01
7.252123355865478516e-01 6.820617318153381348e-01 6.607534289360046387e-01 6.593478918075561523e-01 6.302585005760192871e-01 6.446747779846191406e-01 7.231191992759704590e-01 6.575620770454406738e-01 7.231191992759704590e-01 6.808004975318908691e-01
7.252123355865478516e-01 6.820617318153381348e-01 6.607534289360046387e-01 6.593478918075561523e-01 6.302585005760192871e-01 6.446747779846191406e-01 7.231191992759704590e-01 6.575620770454406738e-01 7.231191992759704590e-01 8.445001840591430664e-01
5.364106893539428711e-01 3.915250897407531738e-01 6.607534289360046387e-01 6.593478918075561523e-01 6.302585005760192871e-01 6.446747779846191406e-01 7.231191992759704590e-01 6.575620770454406738e-01 7.231191992759704590e-01 6.808004975318908691e-01
7.252123355865478516e-01 6.820617318153381348e-01 6.607534289360046387e-01 6.593478918075561523e-01 6.302585005760192871e-01 6.446747779846191406e-01 7.231191992759704590e-01 6.575620770454406738e-01 7.231191992759704590e-01 8.445001840591430664e-01
8.697242736816406250e-01 6.820617318153381348e-01 6.607534289360046387e-01 6.593478918075561523e-01 6.302585005760192871e-01 6.446747779846191406e-01 7.231191992759704590e-01 6.575620770454406738e-01 7.231191992759704590e-01 8.445001840591430664e-01
8.697242736816406250e-01 6.820617318153381348e-01 6.607534289360046387e-01 6.593478918075561523e-01 6.302585005760192871e-01 6.446747779846191406e-01 7.231191992759704590e-01 6.575620770454406738e-01 7.231191992759704590e-01 8.445001840591430664e-01
8.697242736816406250e-01 6.820617318153381348e-01 6.607534289360046387e-01 8.394085168838500977e-01 6.302585005760192871e-01 6.446747779846191406e-01 7.231191992759704590e-01 4.918403029441833496e-01 7.231191992759704590e-01 8.445001840591430664e-01
5.364106893539428711e-01 3.915250897407531738e-01 6.607534289360046387e-01 6.593478918075561523e-01 6.302585005760192871e-01 6.446747779846191406e-01 7.231191992759704590e-01 6.575620770454406738e-01 7.231191992759704590e-01 6.808004975318908691e-01
1.766967475414276123e-01 3.915250897407531738e-01 6.607534289360046387e-01 4.790573120117187500e-01 2.579601705074310303e-01 2.899962067604064941e-01 7.231191992759704590e-01 4.904003441333770752e-01 7.231191992759704590e-01 6.808004975318908691e-01
1.766967475414276123e-01 3.915250897407531738e-01 6.607534289360046387e-01 4.790573120117187500e-01 2.579601705074310303e-01 2.899962067604064941e-01 7.231191992759704590e-01 6.575620770454406738e-01 7.231191992759704590e-01 6.808004975318908691e-01
8.697242736816406250e-01 6.820617318153381348e-01 6.607534289360046387e-01 8.394085168838500977e-01 6.302585005760192871e-01 6.446747779846191406e-01 7.231191992759704590e-01 4.918403029441833496e-01 7.231191992759704590e-01 8.445001840591430664e-01
8.697242736816406250e-01 6.820617318153381348e-01 6.607534289360046387e-01 8.394085168838500977e-01 6.302585005760192871e-01 6.446747779846191406e-01 7.231191992759704590e-01 4.918403029441833496e-01 7.231191992759704590e-01 8.445001840591430664e-01
8.697242736816406250e-01 8.037790656089782715e-01 8.120062947273254395e-01 9.167254567146301270e-01 6.302585005760192871e-01 8.245626091957092285e-01 7.231191992759704590e-01 4.918403029441833496e-01 7.231191992759704590e-01 8.445001840591430664e-01
8.697242736816406250e-01 6.820617318153381348e-01 6.607534289360046387e-01 8.394085168838500977e-01 6.302585005760192871e-01 6.446747779846191406e-01 7.231191992759704590e-01 6.575620770454406738e-01 7.231191992759704590e-01 6.808004975318908691e-01
8.697242736816406250e-01 6.820617318153381348e-01 6.607534289360046387e-01 8.394085168838500977e-01 6.302585005760192871e-01 6.446747779846191406e-01 7.231191992759704590e-01 4.918403029441833496e-01 7.231191992759704590e-01 8.445001840591430664e-01
8.697242736816406250e-01 8.037790656089782715e-01 8.120062947273254395e-01 9.167254567146301270e-01 6.302585005760192871e-01 8.245626091957092285e-01 7.231191992759704590e-01 4.918403029441833496e-01 7.231191992759704590e-01 8.445001840591430664e-01
1.766967475414276123e-01 3.915250897407531738e-01 6.607534289360046387e-01 4.790573120117187500e-01 2.579601705074310303e-01 2.899962067604064941e-01 7.231191992759704590e-01 4.904003441333770752e-01 7.231191992759704590e-01 2.866684496402740479e-01
1.766967475414276123e-01 3.915250897407531738e-01 6.607534289360046387e-01 4.790573120117187500e-01 2.579601705074310303e-01 2.899962067604064941e-01 2.689433991909027100e-01 1.193730533123016357e-01 2.689433991909027100e-01 4.889166951179504395e-01
1.766967475414276123e-01 3.915250897407531738e-01 6.607534289360046387e-01 4.790573120117187500e-01 2.579601705074310303e-01 2.899962067604064941e-01 2.689433991909027100e-01 1.193730533123016357e-01 2.689433991909027100e-01 4.889166951179504395e-01
3.895962536334991455e-01 3.915250897407531738e-01 6.607534289360046387e-01 4.790573120117187500e-01 2.579601705074310303e-01 2.899962067604064941e-01 2.689433991909027100e-01 1.193730533123016357e-01 2.689433991909027100e-01 4.889166951179504395e-01
3.895962536334991455e-01 3.915250897407531738e-01 6.607534289360046387e-01 4.790573120117187500e-01 2.579601705074310303e-01 2.899962067604064941e-01 2.689433991909027100e-01 1.193730533123016357e-01 2.689433991909027100e-01 4.889166951179504395e-01
1.307067871093750000e-01 9.498601406812667847e-02 2.398538440465927124e-01 4.790573120117187500e-01 2.579601705074310303e-01 2.899962067604064941e-01 2.689433991909027100e-01 1.193730533123016357e-01 2.689433991909027100e-01 4.889166951179504395e-01
1.307067871093750000e-01 9.498601406812667847e-02 2.398538440465927124e-01 4.790573120117187500e-01 2.579601705074310303e-01 2.899962067604064941e-01 2.689433991909027100e-01 1.193730533123016357e-01 2.689433991909027100e-01 4.889166951179504395e-01
1.307067871093750000e-01 9.498601406812667847e-02 2.398538440465927124e-01 2.192074954509735107e-01 2.579601705074310303e-01 2.899962067604064941e-01 2.689433991909027100e-01 1.193730533123016357e-01 2.689433991909027100e-01 4.889166951179504395e-01
1.307067871093750000e-01 9.498601406812667847e-02 2.398538440465927124e-01 2.192074954509735107e-01 2.579601705074310303e-01 2.899962067604064941e-01 2.689433991909027100e-01 1.193730533123016357e-01 2.689433991909027100e-01 4.889166951179504395e-01
1.307067871093750000e-01 9.498601406812667847e-02 2.398538440465927124e-01 4.790573120117187500e-01 2.579601705074310303e-01 2.899962067604064941e-01 2.689433991909027100e-01 5.664946883916854858e-02 2.689433991909027100e-01 6.808004975318908691e-01
1.307067871093750000e-01 9.498601406812667847e-02 2.398538440465927124e-01 2.192074954509735107e-01 2.579601705074310303e-01 2.899962067604064941e-01 2.689433991909027100e-01 5.664946883916854858e-02 2.689433991909027100e-01 6.808004975318908691e-01
1.307067871093750000e-01 9.498601406812667847e-02 2.398538440465927124e-01 4.790573120117187500e-01 2.579601705074310303e-01 2.899962067604064941e-01 2.689433991909027100e-01 5.664946883916854858e-02 2.689433991909027100e-01 6.808004975318908691e-01
1.307067871093750000e-01 9.498601406812667847e-02 2.398538440465927124e-01 2.192074954509735107e-01 2.579601705074310303e-01 2.899962067604064941e-01 2.689433991909027100e-01 5.664946883916854858e-02 2.689433991909027100e-01 6.808004975318908691e-01
1.307067871093750000e-01 3.143194615840911865e-01 2.398538440465927124e-01 2.192074954509735107e-01 2.579601705074310303e-01 2.899962067604064941e-01 2.689433991909027100e-01 5.664946883916854858e-02 2.689433991909027100e-01 6.808004975318908691e-01
1.307067871093750000e-01 3.143194615840911865e-01 2.398538440465927124e-01 4.790573120117187500e-01 2.579601705074310303e-01 2.899962067604064941e-01 7.231191992759704590e-01 8.368154764175415039e-01 7.231191992759704590e-01 6.808004975318908691e-01
1.307067871093750000e-01 3.143194615840911865e-01 2.398538440465927124e-01 2.192074954509735107e-01 2.579601705074310303e-01 2.899962067604064941e-01 2.689433991909027100e-01 4.193954765796661377e-01 2.689433991909027100e-01 6.808004975318908691e-01
1.307067871093750000e-01 3.143194615840911865e-01 2.398538440465927124e-01 4.790573120117187500e-01 2.579601705074310303e-01 2.899962067604064941e-01 2.689433991909027100e-01 4.193954765796661377e-01 2.689433991909027100e-01 6.808004975318908691e-01
1.307067871093750000e-01 3.143194615840911865e-01 2.398538440465927124e-01 2.192074954509735107e-01 2.579601705074310303e-01 2.899962067604064941e-01 2.689433991909027100e-01 4.193954765796661377e-01 2.689433991909027100e-01 6.808004975318908691e-01
1.307067871093750000e-01 3.143194615840911865e-01 2.398538440465927124e-01 2.192074954509735107e-01 2.579601705074310303e-01 2.899962067604064941e-01 2.689433991909027100e-01 4.193954765796661377e-01 2.689433991909027100e-01 9.052843451499938965e-01
1.307067871093750000e-01 3.143194615840911865e-01 2.398538440465927124e-01 2.192074954509735107e-01 2.579601705074310303e-01 2.899962067604064941e-01 2.689433991909027100e-01 4.193954765796661377e-01 2.689433991909027100e-01 6.808004975318908691e-01
4.477085769176483154e-01 3.143194615840911865e-01 2.398538440465927124e-01 8.358758687973022461e-01 6.302585005760192871e-01 6.446747779846191406e-01 2.689433991909027100e-01 4.193954765796661377e-01 2.689433991909027100e-01 9.052843451499938965e-01
4.477085769176483154e-01 3.143194615840911865e-01 2.398538440465927124e-01 8.358758687973022461e-01 6.302585005760192871e-01 6.446747779846191406e-01 2.689433991909027100e-01 4.193954765796661377e-01 2.689433991909027100e-01 9.052843451499938965e-01
4.477085769176483154e-01 3.143194615840911865e-01 2.398538440465927124e-01 8.358758687973022461e-01 6.302585005760192871e-01 6.446747779846191406e-01 2.689433991909027100e-01 4.193954765796661377e-01 2.689433991909027100e-01 9.052843451499938965e-01
4.477085769176483154e-01 3.143194615840911865e-01 2.398538440465927124e-01 8.358758687973022461e-01 6.302585005760192871e-01 6.446747779846191406e-01 2.689433991909027100e-01 4.193954765796661377e-01 2.689433991909027100e-01 9.052843451499938965e-01
4.477085769176483154e-01 3.143194615840911865e-01 2.398538440465927124e-01 6.085893511772155762e-01 6.302585005760192871e-01 6.446747779846191406e-01 2.689433991909027100e-01 4.193954765796661377e-01 2.689433991909027100e-01 9.052843451499938965e-01
4.477085769176483154e-01 3.143194615840911865e-01 2.398538440465927124e-01 6.085893511772155762e-01 6.302585005760192871e-01 6.446747779846191406e-01 2.689433991909027100e-01 4.193954765796661377e-01 2.689433991909027100e-01 9.052843451499938965e-01
4.477085769176483154e-01 3.143194615840911865e-01 2.398538440465927124e-01 8.358758687973022461e-01 6.302585005760192871e-01 6.446747779846191406e-01 2.689433991909027100e-01 4.193954765796661377e-01 2.689433991909027100e-01 9.052843451499938965e-01
4.477085769176483154e-01 1.639912873506546021e-01 2.398538440465927124e-01 8.358758687973022461e-01 6.302585005760192871e-01 6.446747779846191406e-01 2.689433991909027100e-01 4.193954765796661377e-01 2.689433991909027100e-01 9.052843451499938965e-01
4.477085769176483154e-01 1.639912873506546021e-01 2.398538440465927124e-01 8.394085168838500977e-01 6.302585005760192871e-01 6.446747779846191406e-01 2.689433991909027100e-01 4.193954765796661377e-01 2.689433991909027100e-01 9.052843451499938965e-01
4.477085769176483154e-01 1.639912873506546021e-01 2.398538440465927124e-01 8.394085168838500977e-01 6.302585005760192871e-01 6.446747779846191406e-01 2.689433991909027100e-01 4.193954765796661377e-01 2.689433991909027100e-01 9.052843451499938965e-01
4.477085769176483154e-01 1.639912873506546021e-01 2.398538440465927124e-01 8.358758687973022461e-01 6.302585005760192871e-01 6.446747779846191406e-01 2.689433991909027100e-01 4.193954765796661377e-01 2.689433991909027100e-01 9.052843451499938965e-01
1.307067871093750000e-01 3.143194615840911865e-01 2.398538440465927124e-01 2.192074954509735107e-01 2.579601705074310303e-01 2.899962067604064941e-01 2.689433991909027100e-01 4.193954765796661377e-01 2.689433991909027100e-01 8.108550310134887695e-01
1.307067871093750000e-01 3.143194615840911865e-01 2.398538440465927124e-01 2.192074954509735107e-01 2.579601705074310303e-01 2.899962067604064941e-01 2.689433991909027100e-01 4.193954765796661377e-01 2.689433991909027100e-01 8.108550310134887695e-01
9.138198196887969971e-02 1.639912873506546021e-01 2.398538440465927124e-01 6.085893511772155762e-01 6.302585005760192871e-01 6.446747779846191406e-01 2.689433991909027100e-01 1.848588734865188599e-01 2.689433991909027100e-01 9.052843451499938965e-01
3.565229475498199463e-02 1.639912873506546021e-01 2.398538440465927124e-01 6.085893511772155762e-01 6.302585005760192871e-01 6.446747779846191406e-01 2.689433991909027100e-01 1.848588734865188599e-01 2.689433991909027100e-01 9.052843451499938965e-01
3.565229475498199463e-02 1.639912873506546021e-01 2.398538440465927124e-01 8.358758687973022461e-01 1.880314201116561890e-01 2.042408436536788940e-01 2.689433991909027100e-01 1.848588734865188599e-01 2.689433991909027100e-01 9.052843451499938965e-01
3.565229475498199463e-02 1.639912873506546021e-01 2.398538440465927124e-01 8.358758687973022461e-01 6.302585005760192871e-01 6.446747779846191406e-01 2.689433991909027100e-01 1.848588734865188599e-01 2.689433991909027100e-01 9.052843451499938965e-01
3.565229475498199463e-02 1.639912873506546021e-01 2.398538440465927124e-01 8.358758687973022461e-01 6.302585005760192871e-01 6.446747779846191406e-01 2.689433991909027100e-01 1.848588734865188599e-01 2.689433991909027100e-01 9.052843451499938965e-01
3.565229475498199463e-02 1.639912873506546021e-01 2.398538440465927124e-01 8.394085168838500977e-01 1.880314201116561890e-01 2.042408436536788940e-01 2.689433991909027100e-01 1.848588734865188599e-01 2.689433991909027100e-01 6.808004975318908691e-01
3.565229475498199463e-02 1.639912873506546021e-01 2.398538440465927124e-01 8.394085168838500977e-01 1.880314201116561890e-01 2.042408436536788940e-01 2.689433991909027100e-01 1.848588734865188599e-01 2.689433991909027100e-01 6.808004975318908691e-01
3.565229475498199463e-02 1.639912873506546021e-01 2.398538440465927124e-01 8.394085168838500977e-01 1.880314201116561890e-01 2.042408436536788940e-01 2.689433991909027100e-01 1.848588734865188599e-01 2.689433991909027100e-01 9.052843451499938965e-01
3.565229475498199463e-02 1.639912873506546021e-01 2.398538440465927124e-01 2.192074954509735107e-01 2.579601705074310303e-01 2.899962067604064941e-01 2.689433991909027100e-01 4.793464019894599915e-02 2.689433991909027100e-01 9.052843451499938965e-01
2.991890311241149902e-01 3.143194615840911865e-01 2.398538440465927124e-01 2.192074954509735107e-01 2.579601705074310303e-01 2.899962067604064941e-01 2.689433991909027100e-01 4.793464019894599915e-02 2.689433991909027100e-01 9.052843451499938965e-01
1.356471329927444458e-01 5.459918379783630371e-01 6.607534289360046387e-01 4.790573120117187500e-01 2.579601705074310303e-01 2.899962067604064941e-01 2.689433991909027100e-01 1.848588734865188599e-01 2.689433991909027100e-01 9.052843451499938965e-01
3.895962536334991455e-01 5.459918379783630371e-01 6.607534289360046387e-01 2.192074954509735107e-01 2.579601705074310303e-01 2.899962067604064941e-01 2.689433991909027100e-01 1.382046490907669067e-01 2.689433991909027100e-01 9.052843451499938965e-01
2.991890311241149902e-01 5.459918379783630371e-01 6.607534289360046387e-01 4.790573120117187500e-01 2.579601705074310303e-01 2.899962067604064941e-01 2.689433991909027100e-01 1.848588734865188599e-01 2.689433991909027100e-01 9.052843451499938965e-01
1.356471329927444458e-01 5.459918379783630371e-01 6.607534289360046387e-01 8.394085168838500977e-01 6.302585005760192871e-01 6.446747779846191406e-01 2.689433991909027100e-01 1.848588734865188599e-01 2.689433991909027100e-01 9.052843451499938965e-01
1.356471329927444458e-01 5.459918379783630371e-01 6.607534289360046387e-01 8.394085168838500977e-01 6.302585005760192871e-01 6.446747779846191406e-01 2.689433991909027100e-01 1.848588734865188599e-01 2.689433991909027100e-01 9.052843451499938965e-01
1.356471329927444458e-01 5.459918379783630371e-01 6.607534289360046387e-01 8.394085168838500977e-01 6.302585005760192871e-01 6.446747779846191406e-01 2.689433991909027100e-01 1.848588734865188599e-01 2.689433991909027100e-01 9.052843451499938965e-01
1.356471329927444458e-01 5.459918379783630371e-01 6.607534289360046387e-01 8.394085168838500977e-01 1.880314201116561890e-01 2.042408436536788940e-01 2.689433991909027100e-01 1.848588734865188599e-01 2.689433991909027100e-01 9.052843451499938965e-01
1.356471329927444458e-01 5.459918379783630371e-01 6.607534289360046387e-01 8.394085168838500977e-01 6.302585005760192871e-01 6.446747779846191406e-01 2.689433991909027100e-01 1.848588734865188599e-01 2.689433991909027100e-01 9.052843451499938965e-01
1.356471329927444458e-01 5.459918379783630371e-01 6.607534289360046387e-01 8.394085168838500977e-01 1.880314201116561890e-01 2.042408436536788940e-01 2.689433991909027100e-01 1.848588734865188599e-01 2.689433991909027100e-01 6.808004975318908691e-01
1.356471329927444458e-01 7.375575900077819824e-01 6.607534289360046387e-01 8.394085168838500977e-01 6.302585005760192871e-01 6.446747779846191406e-01 2.689433991909027100e-01 1.848588734865188599e-01 2.689433991909027100e-01 9.052843451499938965e-01
1.356471329927444458e-01 5.459918379783630371e-01 6.607534289360046387e-01 8.394085168838500977e-01 1.880314201116561890e-01 2.042408436536788940e-01 2.689433991909027100e-01 1.848588734865188599e-01 2.689433991909027100e-01 9.052843451499938965e-01
1.356471329927444458e-01 7.375575900077819824e-01 6.607534289360046387e-01 8.394085168838500977e-01 6.302585005760192871e-01 6.446747779846191406e-01 2.689433991909027100e-01 1.848588734865188599e-01 2.689433991909027100e-01 9.052843451499938965e-01
1.356471329927444458e-01 7.375575900077819824e-01 6.607534289360046387e-01 8.358758687973022461e-01 6.302585005760192871e-01 6.446747779846191406e-01 2.689433991909027100e-01 1.848588734865188599e-01 2.689433991909027100e-01 9.052843451499938965e-01
3.895962536334991455e-01 7.375575900077819824e-01 6.607534289360046387e-01 4.790573120117187500e-01 2.579601705074310303e-01 2.899962067604064941e-01 2.689433991909027100e-01 1.382046490907669067e-01 2.689433991909027100e-01 6.429740786552429199e-01
3.895962536334991455e-01 5.459918379783630371e-01 6.607534289360046387e-01 4.790573120117187500e-01 2.579601705074310303e-01 2.899962067604064941e-01 2.689433991909027100e-01 1.382046490907669067e-01 2.689433991909027100e-01 6.429740786552429199e-01
1.356471329927444458e-01 5.459918379783630371e-01 6.607534289360046387e-01 8.358758687973022461e-01 6.302585005760192871e-01 6.446747779846191406e-01 2.689433991909027100e-01 1.848588734865188599e-01 2.689433991909027100e-01 9.052843451499938965e-01
1.356471329927444458e-01 5.459918379783630371e-01 6.607534289360046387e-01 8.358758687973022461e-01 6.302585005760192871e-01 6.446747779846191406e-01 2.689433991909027100e-01 1.848588734865188599e-01 2.689433991909027100e-01 9.052843451499938965e-01
1.356471329927444458e-01 5.459918379783630371e-01 6.607534289360046387e-01 8.358758687973022461e-01 6.302585005760192871e-01 6.446747779846191406e-01 2.689433991909027100e-01 1.848588734865188599e-01 2.689433991909027100e-01 9.052843451499938965e-01
1.356471329927444458e-01 7.375575900077819824e-01 6.607534289360046387e-01 4.790573120117187500e-01 2.579601705074310303e-01 2.899962067604064941e-01 2.689433991909027100e-01 4.793464019894599915e-02 2.689433991909027100e-01 6.429740786552429199e-01
1.356471329927444458e-01 5.459918379783630371e-01 6.607534289360046387e-01 4.790573120117187500e-01 1.880314201116561890e-01 2.042408436536788940e-01 2.689433991909027100e-01 1.848588734865188599e-01 2.689433991909027100e-01 9.052843451499938965e-01
1.356471329927444458e-01 5.459918379783630371e-01 6.607534289360046387e-01 4.790573120117187500e-01 2.579601705074310303e-01 2.899962067604064941e-01 2.689433991909027100e-01 1.848588734865188599e-01 2.689433991909027100e-01 9.052843451499938965e-01
1.356471329927444458e-01 7.375575900077819824e-01 6.607534289360046387e-01 8.358758687973022461e-01 6.302585005760192871e-01 6.446747779846191406e-01 2.689433991909027100e-01 1.848588734865188599e-01 2.689433991909027100e-01 9.052843451499938965e-01
6.650643050670623779e-02 5.459918379783630371e-01 6.607534289360046387e-01 8.394085168838500977e-01 1.880314201116561890e-01 9.057719260454177856e-02 2.689433991909027100e-01 1.848588734865188599e-01 2.689433991909027100e-01 6.808004975318908691e-01
6.650643050670623779e-02 5.459918379783630371e-01 6.607534289360046387e-01 8.394085168838500977e-01 1.880314201116561890e-01 9.057719260454177856e-02 7.231191992759704590e-01 6.168521642684936523e-01 7.231191992759704590e-01 4.580195546150207520e-01
6.650643050670623779e-02 5.459918379783630371e-01 6.607534289360046387e-01 8.394085168838500977e-01 1.880314201116561890e-01 9.057719260454177856e-02 7.231191992759704590e-01 6.168521642684936523e-01 7.231191992759704590e-01 4.580195546150207520e-01
6.650643050670623779e-02 5.459918379783630371e-01 6.607534289360046387e-01 8.394085168838500977e-01 1.880314201116561890e-01 9.057719260454177856e-02 7.231191992759704590e-01 6.168521642684936523e-01 7.231191992759704590e-01 4.580195546150207520e-01
6.650643050670623779e-02 5.459918379783630371e-01 6.607534289360046387e-01 8.394085168838500977e-01 1.880314201116561890e-01 9.057719260454177856e-02 7.231191992759704590e-01 6.168521642684936523e-01 7.231191992759704590e-01 4.580195546150207520e-01
6.650643050670623779e-02 5.459918379783630371e-01 6.607534289360046387e-01 8.394085168838500977e-01 1.880314201116561890e-01 9.057719260454177856e-02 7.231191992759704590e-01 6.168521642684936523e-01 7.231191992759704590e-01 4.580195546150207520e-01
6.650643050670623779e-02 5.459918379783630371e-01 6.607534289360046387e-01 8.394085168838500977e-01 1.880314201116561890e-01 9.057719260454177856e-02 7.231191992759704590e-01 6.168521642684936523e-01 7.231191992759704590e-01 4.580195546150207520e-01
6.650643050670623779e-02 5.459918379783630371e-01 6.607534289360046387e-01 8.394085168838500977e-01 1.880314201116561890e-01 9.057719260454177856e-02 7.231191992759704590e-01 6.168521642684936523e-01 7.231191992759704590e-01 4.580195546150207520e-01
6.650643050670623779e-02 5.459918379783630371e-01 6.607534289360046387e-01 8.394085168838500977e-01 1.880314201116561890e-01 9.057719260454177856e-02 7.231191992759704590e-01 6.168521642684936523e-01 7.231191992759704590e-01 4.580195546150207520e-01
6.650643050670623779e-02 5.459918379783630371e-01 6.607534289360046387e-01 8.394085168838500977e-01 1.880314201116561890e-01 9.057719260454177856e-02 7.231191992759704590e-01 4.479686021804809570e-01 7.231191992759704590e-01 4.580195546150207520e-01
6.650643050670623779e-02 5.459918379783630371e-01 6.607534289360046387e-01 8.394085168838500977e-01 1.880314201116561890e-01 9.057719260454177856e-02 7.231191992759704590e-01 4.479686021804809570e-01 7.231191992759704590e-01 4.580195546150207520e-01
6.650643050670623779e-02 5.459918379783630371e-01 6.607534289360046387e-01 8.394085168838500977e-01 1.880314201116561890e-01 9.057719260454177856e-02 7.231191992759704590e-01 3.761165738105773926e-01 7.231191992759704590e-01 6.808004975318908691e-01
6.650643050670623779e-02 3.915250897407531738e-01 6.607534289360046387e-01 8.394085168838500977e-01 1.880314201116561890e-01 9.057719260454177856e-02 7.231191992759704590e-01 3.761165738105773926e-01 7.231191992759704590e-01 6.808004975318908691e-01
1.356471329927444458e-01 3.915250897407531738e-01 6.607534289360046387e-01 8.394085168838500977e-01 1.880314201116561890e-01 2.042408436536788940e-01 7.231191992759704590e-01 3.761165738105773926e-01 7.231191992759704590e-01 6.808004975318908691e-01
1.356471329927444458e-01 3.915250897407531738e-01 6.607534289360046387e-01 8.394085168838500977e-01 1.880314201116561890e-01 2.042408436536788940e-01 7.231191992759704590e-01 3.761165738105773926e-01 7.231191992759704590e-01 6.808004975318908691e-01
6.650643050670623779e-02 3.915250897407531738e-01 6.607534289360046387e-01 8.394085168838500977e-01 1.880314201116561890e-01 9.057719260454177856e-02 7.231191992759704590e-01 3.761165738105773926e-01 7.231191992759704590e-01 6.808004975318908691e-01
6.650643050670623779e-02 3.915250897407531738e-01 6.607534289360046387e-01 8.394085168838500977e-01 1.880314201116561890e-01 9.057719260454177856e-02 7.231191992759704590e-01 2.330524623394012451e-01 7.231191992759704590e-01 4.580195546150207520e-01
6.650643050670623779e-02 3.915250897407531738e-01 6.607534289360046387e-01 7.798154950141906738e-01 1.880314201116561890e-01 9.057719260454177856e-02 7.231191992759704590e-01 2.491707652807235718e-01 7.231191992759704590e-01 6.202730536460876465e-01
6.650643050670623779e-02 3.915250897407531738e-01 6.607534289360046387e-01 8.394085168838500977e-01 1.880314201116561890e-01 9.057719260454177856e-02 7.231191992759704590e-01 2.330524623394012451e-01 7.231191992759704590e-01 4.580195546150207520e-01
6.650643050670623779e-02 3.915250897407531738e-01 6.607534289360046387e-01 8.394085168838500977e-01 1.880314201116561890e-01 9.057719260454177856e-02 7.231191992759704590e-01 2.330524623394012451e-01 7.231191992759704590e-01 4.580195546150207520e-01
6.650643050670623779e-02 3.915250897407531738e-01 6.607534289360046387e-01 8.394085168838500977e-01 1.880314201116561890e-01 9.057719260454177856e-02 7.231191992759704590e-01 2.330524623394012451e-01 7.231191992759704590e-01 4.580195546150207520e-01
8.543551713228225708e-02 3.915250897407531738e-01 6.607534289360046387e-01 7.798154950141906738e-01 1.880314201116561890e-01 9.057719260454177856e-02 7.231191992759704590e-01 2.491707652807235718e-01 7.231191992759704590e-01 6.202730536460876465e-01
8.543551713228225708e-02 3.915250897407531738e-01 6.607534289360046387e-01 7.798154950141906738e-01 1.880314201116561890e-01 9.057719260454177856e-02 7.231191992759704590e-01 2.491707652807235718e-01 7.231191992759704590e-01 6.202730536460876465e-01
8.543551713228225708e-02 3.915250897407531738e-01 6.607534289360046387e-01 7.798154950141906738e-01 1.880314201116561890e-01 9.057719260454177856e-02 7.231191992759704590e-01 2.491707652807235718e-01 7.231191992759704590e-01 6.202730536460876465e-01
9.548548609018325806e-02 9.498601406812667847e-02 2.398538440465927124e-01 7.351509928703308105e-01 1.880314201116561890e-01 9.057719260454177856e-02 7.231191992759704590e-01 2.491707652807235718e-01 7.231191992759704590e-01 6.202730536460876465e-01
9.548548609018325806e-02 9.498601406812667847e-02 2.398538440465927124e-01 7.351509928703308105e-01 1.880314201116561890e-01 9.057719260454177856e-02 7.231191992759704590e-01 2.491707652807235718e-01 7.231191992759704590e-01 6.202730536460876465e-01
9.548548609018325806e-02 9.498601406812667847e-02 2.398538440465927124e-01 7.351509928703308105e-01 1.880314201116561890e-01 9.057719260454177856e-02 7.231191992759704590e-01 2.491707652807235718e-01 7.231191992759704590e-01 6.202730536460876465e-01
1.650661975145339966e-02 9.498601406812667847e-02 2.398538440465927124e-01 8.394085168838500977e-01 1.880314201116561890e-01 9.057719260454177856e-02 7.231191992759704590e-01 2.330524623394012451e-01 7.231191992759704590e-01 6.808004975318908691e-01
1.650661975145339966e-02 9.498601406812667847e-02 2.398538440465927124e-01 8.394085168838500977e-01 1.880314201116561890e-01 9.057719260454177856e-02 7.231191992759704590e-01 2.330524623394012451e-01 7.231191992759704590e-01 6.808004975318908691e-01
6.650643050670623779e-02 3.915250897407531738e-01 6.607534289360046387e-01 8.394085168838500977e-01 1.880314201116561890e-01 9.057719260454177856e-02 7.231191992759704590e-01 2.330524623394012451e-01 7.231191992759704590e-01 6.808004975318908691e-01
6.650643050670623779e-02 3.915250897407531738e-01 6.607534289360046387e-01 6.593478918075561523e-01 1.880314201116561890e-01 9.057719260454177856e-02 7.231191992759704590e-01 2.330524623394012451e-01 7.231191992759704590e-01 6.808004975318908691e-01
1.356471329927444458e-01 3.915250897407531738e-01 6.607534289360046387e-01 6.593478918075561523e-01 1.880314201116561890e-01 2.042408436536788940e-01 7.231191992759704590e-01 3.761165738105773926e-01 7.231191992759704590e-01 6.808004975318908691e-01
1.356471329927444458e-01 3.915250897407531738e-01 6.607534289360046387e-01 6.593478918075561523e-01 6.302585005760192871e-01 6.446747779846191406e-01 7.231191992759704590e-01 3.761165738105773926e-01 7.231191992759704590e-01 6.808004975318908691e-01
1.356471329927444458e-01 3.915250897407531738e-01 6.607534289360046387e-01 4.790573120117187500e-01 2.579601705074310303e-01 2.899962067604064941e-01 7.231191992759704590e-01 2.320242077112197876e-01 7.231191992759704590e-01 4.889166951179504395e-01
3.565229475498199463e-02 9.498601406812667847e-02 2.398538440465927124e-01 4.790573120117187500e-01 2.579601705074310303e-01 2.899962067604064941e-01 7.231191992759704590e-01 2.320242077112197876e-01 7.231191992759704590e-01 4.889166951179504395e-01
3.565229475498199463e-02 9.498601406812667847e-02 2.398538440465927124e-01 2.192074954509735107e-01 2.579601705074310303e-01 2.899962067604064941e-01 2.689433991909027100e-01 4.082050174474716187e-02 2.689433991909027100e-01 4.889166951179504395e-01
3.565229475498199463e-02 9.498601406812667847e-02 2.398538440465927124e-01 2.192074954509735107e-01 2.579601705074310303e-01 2.899962067604064941e-01 2.689433991909027100e-01 4.082050174474716187e-02 2.689433991909027100e-01 4.889166951179504395e-01
