6.937261819839477539e-01 7.499230504035949707e-01 4.462267756462097168e-01 5.563644766807556152e-01 6.431369185447692871e-01 9.333890080451965332e-01 6.883700489997863770e-01 7.040307521820068359e-01 5.058331489562988281e-01 1.981994807720184326e-01
4.776751399040222168e-01 7.499230504035949707e-01 4.462267756462097168e-01 5.563644766807556152e-01 5.731478333473205566e-01 8.545153737068176270e-01 6.883700489997863770e-01 7.040307521820068359e-01 5.058331489562988281e-01 1.981994807720184326e-01
4.776751399040222168e-01 7.499230504035949707e-01 4.462267756462097168e-01 1.354018598794937134e-01 7.307451367378234863e-01 8.714379668235778809e-01 6.883700489997863770e-01 7.040307521820068359e-01 5.058331489562988281e-01 2.100361734628677368e-01
4.776751399040222168e-01 7.499230504035949707e-01 4.462267756462097168e-01 2.768109440803527832e-01 7.307451367378234863e-01 8.714379668235778809e-01 6.883700489997863770e-01 4.756451845169067383e-01 7.526706457138061523e-01 5.936005711555480957e-01
3.716848194599151611e-01 7.499230504035949707e-01 1.711388677358627319e-01 1.255633383989334106e-01 2.192544341087341309e-01 7.661723494529724121e-01 6.883700489997863770e-01 3.933126628398895264e-01 5.058331489562988281e-01 1.260471791028976440e-01
3.716848194599151611e-01 7.499230504035949707e-01 1.711388677358627319e-01 6.367874890565872192e-02 2.192544341087341309e-01 7.661723494529724121e-01 6.883700489997863770e-01 1.982176601886749268e-01 7.526706457138061523e-01 2.718147039413452148e-01
3.716848194599151611e-01 7.499230504035949707e-01 3.448570668697357178e-01 6.367874890565872192e-02 2.192544341087341309e-01 7.661723494529724121e-01 6.883700489997863770e-01 3.977298736572265625e-01 7.526706457138061523e-01 2.718147039413452148e-01
3.716848194599151611e-01 7.499230504035949707e-01 3.448570668697357178e-01 6.367874890565872192e-02 3.804587125778198242e-01 7.661723494529724121e-01 6.883700489997863770e-01 3.977298736572265625e-01 7.526706457138061523e-01 1.260471791028976440e-01
3.716848194599151611e-01 7.499230504035949707e-01 3.448570668697357178e-01 6.367874890565872192e-02 3.804587125778198242e-01 7.661723494529724121e-01 6.883700489997863770e-01 3.977298736572265625e-01 7.526706457138061523e-01 2.718147039413452148e-01
3.716848194599151611e-01 7.499230504035949707e-01 3.448570668697357178e-01 6.367874890565872192e-02 3.804587125778198242e-01 7.661723494529724121e-01 6.883700489997863770e-01 6.339336633682250977e-01 7.526706457138061523e-01 2.718147039413452148e-01
4.432701766490936279e-01 7.499230504035949707e-01 7.580752372741699219e-01 7.729092240333557129e-01 7.381965517997741699e-01 9.330708980560302734e-01 8.695867061614990234e-01 6.657941341400146484e-01 7.526706457138061523e-01 1.484107226133346558e-01
4.776751399040222168e-01 7.499230504035949707e-01 4.462267756462097168e-01 2.768109440803527832e-01 5.541344881057739258e-01 5.776767134666442871e-01 8.695867061614990234e-01 8.791775107383728027e-01 7.526706457138061523e-01 4.994263052940368652e-01
4.776751399040222168e-01 7.499230504035949707e-01 4.462267756462097168e-01 2.768109440803527832e-01 5.541344881057739258e-01 7.661723494529724121e-01 8.695867061614990234e-01 8.634883761405944824e-01 8.533678650856018066e-01 3.483438491821289062e-01
4.776751399040222168e-01 3.271279633045196533e-01 4.462267756462097168e-01 4.469509720802307129e-01 5.541344881057739258e-01 4.985175728797912598e-01 8.695867061614990234e-01 7.069274783134460449e-01 4.727070331573486328e-01 5.701018571853637695e-01
4.776751399040222168e-01 3.271279633045196533e-01 4.462267756462097168e-01 4.469509720802307129e-01 5.541344881057739258e-01 4.985175728797912598e-01 8.695867061614990234e-01 8.634883761405944824e-01 4.727070331573486328e-01 3.483438491821289062e-01
4.776751399040222168e-01 3.271279633045196533e-01 4.462267756462097168e-01 4.469509720802307129e-01 5.541344881057739258e-01 4.985175728797912598e-01 8.695867061614990234e-01 7.069274783134460449e-01 4.727070331573486328e-01 3.369692564010620117e-01
6.826620101928710938e-01 4.328643381595611572e-01 3.609320521354675293e-01 7.540076375007629395e-01 3.420434296131134033e-01 5.473871231079101562e-01 7.213635444641113281e-01 7.457854747772216797e-01 7.601687908172607422e-01 1.911159306764602661e-01
6.826620101928710938e-01 4.328643381595611572e-01 4.462267756462097168e-01 5.921267271041870117e-01 2.575644254684448242e-01 5.473871231079101562e-01 7.213635444641113281e-01 3.956648409366607666e-01 3.480353951454162598e-01 2.336543798446655273e-01
6.826620101928710938e-01 4.328643381595611572e-01 4.462267756462097168e-01 2.768109440803527832e-01 4.570012986660003662e-01 3.364018499851226807e-01 7.213635444641113281e-01 5.280198454856872559e-01 3.480353951454162598e-01 1.030025780200958252e-01
6.826620101928710938e-01 4.328643381595611572e-01 3.609320521354675293e-01 2.768109440803527832e-01 4.570012986660003662e-01 1.771640777587890625e-01 7.954170107841491699e-01 5.280198454856872559e-01 3.480353951454162598e-01 1.856579035520553589e-01
6.826620101928710938e-01 4.328643381595611572e-01 3.609320521354675293e-01 5.921267271041870117e-01 3.601909279823303223e-01 1.249490305781364441e-01 5.699371695518493652e-01 5.280198454856872559e-01 1.522245109081268311e-01 1.214845329523086548e-01
4.129382967948913574e-01 4.328643381595611572e-01 3.609320521354675293e-01 3.726376295089721680e-01 3.601909279823303223e-01 2.279089987277984619e-01 7.954170107841491699e-01 5.280198454856872559e-01 3.070104122161865234e-01 1.624964550137519836e-02
4.129382967948913574e-01 4.328643381595611572e-01 3.609320521354675293e-01 5.563644766807556152e-01 3.596495389938354492e-01 3.918169438838958740e-01 7.954170107841491699e-01 7.457854747772216797e-01 3.070104122161865234e-01 1.068239212036132812e-01
4.129382967948913574e-01 7.499230504035949707e-01 3.609320521354675293e-01 5.563644766807556152e-01 5.731478333473205566e-01 6.357632875442504883e-01 7.954170107841491699e-01 7.457854747772216797e-01 3.070104122161865234e-01 5.779477953910827637e-02
4.129382967948913574e-01 4.328643381595611572e-01 3.609320521354675293e-01 5.563644766807556152e-01 3.596495389938354492e-01 5.711485743522644043e-01 5.629377365112304688e-01 5.280198454856872559e-01 3.070104122161865234e-01 1.531758159399032593e-01
4.129382967948913574e-01 4.328643381595611572e-01 3.609320521354675293e-01 5.563644766807556152e-01 1.048391386866569519e-01 5.711485743522644043e-01 5.629377365112304688e-01 4.483448863029479980e-01 3.070104122161865234e-01 2.092639505863189697e-01
4.129382967948913574e-01 4.328643381595611572e-01 3.609320521354675293e-01 6.868186593055725098e-01 7.717362642288208008e-01 7.328867316246032715e-01 5.629377365112304688e-01 5.280198454856872559e-01 3.070104122161865234e-01 2.923319339752197266e-01
4.129382967948913574e-01 4.328643381595611572e-01 3.609320521354675293e-01 3.988273143768310547e-01 4.134916365146636963e-01 7.582023739814758301e-01 4.616841971874237061e-01 3.929611146450042725e-01 3.070104122161865234e-01 2.923319339752197266e-01
4.129382967948913574e-01 4.328643381595611572e-01 3.609320521354675293e-01 6.868186593055725098e-01 6.003128290176391602e-01 7.328867316246032715e-01 5.629377365112304688e-01 5.280198454856872559e-01 3.070104122161865234e-01 2.273623347282409668e-01
4.129382967948913574e-01 4.328643381595611572e-01 3.609320521354675293e-01 3.988273143768310547e-01 6.003128290176391602e-01 7.479907274246215820e-01 5.629377365112304688e-01 5.280198454856872559e-01 3.070104122161865234e-01 1.008135974407196045e-01
4.129382967948913574e-01 4.328643381595611572e-01 3.609320521354675293e-01 5.563644766807556152e-01 1.996860355138778687e-01 5.711485743522644043e-01 5.629377365112304688e-01 5.280198454856872559e-01 3.070104122161865234e-01 5.693427100777626038e-02
4.129382967948913574e-01 4.328643381595611572e-01 3.609320521354675293e-01 3.988273143768310547e-01 1.996860355138778687e-01 5.711485743522644043e-01 5.629377365112304688e-01 5.280198454856872559e-01 3.070104122161865234e-01 9.028295986354351044e-03
4.129382967948913574e-01 4.328643381595611572e-01 4.462267756462097168e-01 5.563644766807556152e-01 1.996860355138778687e-01 3.918169438838958740e-01 5.629377365112304688e-01 7.457854747772216797e-01 1.522245109081268311e-01 1.030744537711143494e-01
4.129382967948913574e-01 4.328643381595611572e-01 4.462267756462097168e-01 5.563644766807556152e-01 1.996860355138778687e-01 5.117103457450866699e-01 4.616841971874237061e-01 5.280198454856872559e-01 1.522245109081268311e-01 4.246603325009346008e-02
4.129382967948913574e-01 4.328643381595611572e-01 4.462267756462097168e-01 2.777630090713500977e-01 1.996860355138778687e-01 3.080055117607116699e-01 5.629377365112304688e-01 5.280198454856872559e-01 1.522245109081268311e-01 1.030744537711143494e-01
4.129382967948913574e-01 4.328643381595611572e-01 4.462267756462097168e-01 1.540838629007339478e-01 1.996860355138778687e-01 3.080055117607116699e-01 3.050838410854339600e-01 5.280198454856872559e-01 1.522245109081268311e-01 2.223983593285083771e-02
4.129382967948913574e-01 4.328643381595611572e-01 4.462267756462097168e-01 1.540838629007339478e-01 1.996860355138778687e-01 3.080055117607116699e-01 3.050838410854339600e-01 5.280198454856872559e-01 1.522245109081268311e-01 8.826755918562412262e-03
4.129382967948913574e-01 7.082008719444274902e-01 4.462267756462097168e-01 1.540838629007339478e-01 1.996860355138778687e-01 6.567048430442810059e-01 3.050838410854339600e-01 5.280198454856872559e-01 6.257166862487792969e-01 3.246969729661941528e-02
4.129382967948913574e-01 4.328643381595611572e-01 6.044675111770629883e-01 2.390869408845901489e-01 6.003128290176391602e-01 3.080055117607116699e-01 5.629377365112304688e-01 5.280198454856872559e-01 7.325487732887268066e-01 2.833515964448451996e-02
4.129382967948913574e-01 7.082008719444274902e-01 6.044675111770629883e-01 2.390869408845901489e-01 6.684246063232421875e-01 8.202634453773498535e-01 5.629377365112304688e-01 5.280198454856872559e-01 7.325487732887268066e-01 1.121469959616661072e-02
4.129382967948913574e-01 4.328643381595611572e-01 6.044675111770629883e-01 2.390869408845901489e-01 2.513155639171600342e-01 7.516511678695678711e-01 5.629377365112304688e-01 5.280198454856872559e-01 7.325487732887268066e-01 2.855044603347778320e-02
4.129382967948913574e-01 7.082008719444274902e-01 6.044675111770629883e-01 1.354018598794937134e-01 1.157264411449432373e-01 8.268799185752868652e-01 3.050838410854339600e-01 5.280198454856872559e-01 5.888784527778625488e-01 4.306897893548011780e-02
4.129382967948913574e-01 7.082008719444274902e-01 3.609320521354675293e-01 2.390869408845901489e-01 1.157264411449432373e-01 8.268799185752868652e-01 3.050838410854339600e-01 5.280198454856872559e-01 7.325487732887268066e-01 4.858407005667686462e-02
4.129382967948913574e-01 7.082008719444274902e-01 3.609320521354675293e-01 4.685738086700439453e-01 1.157264411449432373e-01 8.268799185752868652e-01 3.050838410854339600e-01 5.280198454856872559e-01 5.888784527778625488e-01 2.709375917911529541e-01
4.129382967948913574e-01 7.082008719444274902e-01 3.609320521354675293e-01 1.354018598794937134e-01 1.157264411449432373e-01 7.516511678695678711e-01 2.459231019020080566e-01 5.280198454856872559e-01 7.325487732887268066e-01 4.202344715595245361e-01
4.129382967948913574e-01 7.082008719444274902e-01 3.609320521354675293e-01 1.354018598794937134e-01 1.157264411449432373e-01 8.268799185752868652e-01 3.050838410854339600e-01 5.280198454856872559e-01 5.888784527778625488e-01 1.537978276610374451e-02
4.129382967948913574e-01 7.499230504035949707e-01 3.609320521354675293e-01 9.866847097873687744e-02 2.993475794792175293e-01 5.541443228721618652e-01 2.459231019020080566e-01 5.280198454856872559e-01 7.325487732887268066e-01 8.989137411117553711e-02
4.129382967948913574e-01 7.499230504035949707e-01 3.609320521354675293e-01 9.866847097873687744e-02 3.186829090118408203e-01 4.393079280853271484e-01 3.540677130222320557e-01 5.280198454856872559e-01 5.888784527778625488e-01 1.498182956129312515e-02
4.129382967948913574e-01 4.328643381595611572e-01 3.609320521354675293e-01 1.540838629007339478e-01 1.154861599206924438e-01 3.919225633144378662e-01 3.540677130222320557e-01 5.280198454856872559e-01 7.245526909828186035e-01 2.827942371368408203e-02
4.129382967948913574e-01 4.328643381595611572e-01 6.044675111770629883e-01 1.540838629007339478e-01 4.400742053985595703e-01 5.499641299247741699e-01 3.540677130222320557e-01 5.280198454856872559e-01 5.068351030349731445e-01 7.012318819761276245e-02
4.129382967948913574e-01 4.328643381595611572e-01 4.462267756462097168e-01 9.866847097873687744e-02 1.636355668306350708e-01 3.541352450847625732e-01 3.540677130222320557e-01 5.280198454856872559e-01 5.068351030349731445e-01 1.246054470539093018e-02
4.129382967948913574e-01 4.328643381595611572e-01 4.462267756462097168e-01 9.866847097873687744e-02 1.876163631677627563e-01 3.541352450847625732e-01 3.540677130222320557e-01 5.280198454856872559e-01 5.068351030349731445e-01 1.649222709238529205e-02
4.129382967948913574e-01 4.328643381595611572e-01 6.044675111770629883e-01 9.866847097873687744e-02 1.149593517184257507e-01 9.016003459692001343e-02 3.540677130222320557e-01 5.280198454856872559e-01 2.738135159015655518e-01 6.429732311517000198e-03
4.129382967948913574e-01 4.328643381595611572e-01 3.609320521354675293e-01 9.866847097873687744e-02 1.636355668306350708e-01 3.993840515613555908e-01 5.629377365112304688e-01 5.280198454856872559e-01 2.738135159015655518e-01 7.144310977309942245e-03
4.129382967948913574e-01 2.420388013124465942e-01 3.609320521354675293e-01 9.866847097873687744e-02 1.149593517184257507e-01 6.154952943325042725e-02 1.618741154670715332e-01 2.821330428123474121e-01 2.738135159015655518e-01 7.144310977309942245e-03
4.129382967948913574e-01 4.328643381595611572e-01 3.609320521354675293e-01 9.866847097873687744e-02 1.149593517184257507e-01 9.016003459692001343e-02 3.540677130222320557e-01 2.821330428123474121e-01 2.738135159015655518e-01 7.144310977309942245e-03
4.129382967948913574e-01 2.420388013124465942e-01 3.609320521354675293e-01 9.866847097873687744e-02 1.149593517184257507e-01 4.589307680726051331e-02 3.540677130222320557e-01 2.821330428123474121e-01 2.738135159015655518e-01 2.968605421483516693e-02
4.129382967948913574e-01 4.328643381595611572e-01 3.609320521354675293e-01 9.866847097873687744e-02 1.149593517184257507e-01 4.589307680726051331e-02 1.574262231588363647e-01 2.821330428123474121e-01 2.738135159015655518e-01 3.508010506629943848e-02
4.129382967948913574e-01 4.328643381595611572e-01 3.609320521354675293e-01 9.866847097873687744e-02 1.636355668306350708e-01 1.029404103755950928e-01 3.540677130222320557e-01 1.852787435054779053e-01 2.738135159015655518e-01 7.144310977309942245e-03
4.129382967948913574e-01 4.328643381595611572e-01 3.609320521354675293e-01 2.894409298896789551e-01 1.876163631677627563e-01 1.352987885475158691e-01 3.616865575313568115e-01 1.852787435054779053e-01 2.738135159015655518e-01 1.498182956129312515e-02
4.129382967948913574e-01 4.328643381595611572e-01 3.609320521354675293e-01 3.982030451297760010e-01 1.876163631677627563e-01 1.352987885475158691e-01 3.616865575313568115e-01 1.852787435054779053e-01 2.738135159015655518e-01 2.365329302847385406e-02
4.129382967948913574e-01 4.328643381595611572e-01 3.609320521354675293e-01 3.982030451297760010e-01 1.876163631677627563e-01 1.352987885475158691e-01 3.616865575313568115e-01 2.821330428123474121e-01 2.738135159015655518e-01 1.227259356528520584e-02
4.129382967948913574e-01 4.328643381595611572e-01 3.609320521354675293e-01 3.982030451297760010e-01 3.341458141803741455e-01 1.352987885475158691e-01 3.616865575313568115e-01 3.929611146450042725e-01 2.738135159015655518e-01 2.365329302847385406e-02
4.129382967948913574e-01 4.328643381595611572e-01 3.609320521354675293e-01 3.982030451297760010e-01 1.876163631677627563e-01 4.175432026386260986e-01 5.629377365112304688e-01 5.280198454856872559e-01 2.738135159015655518e-01 7.858178764581680298e-02
4.129382967948913574e-01 4.328643381595611572e-01 3.609320521354675293e-01 3.982030451297760010e-01 1.149593517184257507e-01 6.154952943325042725e-02 3.616865575313568115e-01 5.280198454856872559e-01 4.997388422489166260e-01 5.145082622766494751e-02
4.129382967948913574e-01 4.328643381595611572e-01 3.609320521354675293e-01 3.982030451297760010e-01 2.721398174762725830e-01 2.179723381996154785e-01 3.050838410854339600e-01 5.280198454856872559e-01 4.997388422489166260e-01 2.691229246556758881e-02
4.129382967948913574e-01 4.328643381595611572e-01 3.609320521354675293e-01 1.354018598794937134e-01 3.341458141803741455e-01 7.016025185585021973e-01 1.574262231588363647e-01 5.280198454856872559e-01 4.997388422489166260e-01 1.398599892854690552e-02
4.129382967948913574e-01 4.328643381595611572e-01 3.609320521354675293e-01 1.354018598794937134e-01 2.000618577003479004e-01 3.952623903751373291e-01 3.540677130222320557e-01 5.280198454856872559e-01 4.997388422489166260e-01 4.044162482023239136e-02
4.129382967948913574e-01 4.328643381595611572e-01 3.609320521354675293e-01 1.354018598794937134e-01 2.721398174762725830e-01 6.988360285758972168e-01 2.673981189727783203e-01 5.280198454856872559e-01 4.997388422489166260e-01 5.164235830307006836e-02
4.129382967948913574e-01 4.328643381595611572e-01 6.044675111770629883e-01 1.354018598794937134e-01 2.721398174762725830e-01 6.988360285758972168e-01 2.673981189727783203e-01 5.280198454856872559e-01 4.997388422489166260e-01 1.113234367221593857e-02
4.129382967948913574e-01 4.328643381595611572e-01 6.044675111770629883e-01 1.354018598794937134e-01 2.721398174762725830e-01 4.714065492153167725e-01 2.673981189727783203e-01 5.280198454856872559e-01 4.665789008140563965e-01 7.572361081838607788e-02
4.129382967948913574e-01 4.328643381595611572e-01 3.609320521354675293e-01 1.354018598794937134e-01 2.275556027889251709e-01 2.253433912992477417e-01 2.673981189727783203e-01 5.280198454856872559e-01 6.985558867454528809e-01 3.562692552804946899e-02
4.129382967948913574e-01 4.328643381595611572e-01 3.609320521354675293e-01 2.894409298896789551e-01 5.304320454597473145e-01 4.050746858119964600e-01 2.673981189727783203e-01 5.280198454856872559e-01 5.068351030349731445e-01 2.764717862010002136e-02
4.129382967948913574e-01 4.328643381595611572e-01 3.609320521354675293e-01 2.894409298896789551e-01 4.570012986660003662e-01 1.531520634889602661e-01 2.673981189727783203e-01 5.280198454856872559e-01 5.068351030349731445e-01 2.764717862010002136e-02
4.129382967948913574e-01 4.328643381595611572e-01 3.609320521354675293e-01 1.540838629007339478e-01 3.596495389938354492e-01 2.872755527496337891e-01 2.673981189727783203e-01 5.280198454856872559e-01 5.068351030349731445e-01 1.620687842369079590e-01
4.129382967948913574e-01 4.328643381595611572e-01 4.462267756462097168e-01 1.540838629007339478e-01 1.911178678274154663e-01 2.872755527496337891e-01 2.673981189727783203e-01 7.307648062705993652e-01 2.940522134304046631e-01 5.565628036856651306e-02
4.129382967948913574e-01 4.328643381595611572e-01 4.462267756462097168e-01 1.540838629007339478e-01 3.596495389938354492e-01 2.872755527496337891e-01 2.673981189727783203e-01 5.280198454856872559e-01 5.068351030349731445e-01 2.327941805124282837e-01
4.129382967948913574e-01 4.328643381595611572e-01 6.044675111770629883e-01 1.540838629007339478e-01 5.837184786796569824e-01 5.467000603675842285e-01 2.673981189727783203e-01 5.280198454856872559e-01 5.068351030349731445e-01 2.741670906543731689e-01
4.129382967948913574e-01 4.328643381595611572e-01 6.044675111770629883e-01 3.041017651557922363e-01 2.262455075979232788e-01 5.467000603675842285e-01 2.673981189727783203e-01 4.483448863029479980e-01 5.068351030349731445e-01 1.769796609878540039e-01
4.129382967948913574e-01 4.328643381595611572e-01 4.462267756462097168e-01 3.041017651557922363e-01 3.596495389938354492e-01 7.130258679389953613e-01 2.673981189727783203e-01 5.280198454856872559e-01 5.068351030349731445e-01 9.400960989296436310e-03
4.129382967948913574e-01 4.328643381595611572e-01 4.462267756462097168e-01 3.386458158493041992e-01 1.048391386866569519e-01 5.467000603675842285e-01 2.673981189727783203e-01 7.307648062705993652e-01 5.068351030349731445e-01 3.566488623619079590e-02
4.129382967948913574e-01 2.420388013124465942e-01 4.462267756462097168e-01 2.009723782539367676e-01 3.596495389938354492e-01 6.231842041015625000e-01 7.213635444641113281e-01 5.280198454856872559e-01 5.068351030349731445e-01 2.900193035602569580e-01
4.129382967948913574e-01 2.420388013124465942e-01 6.044675111770629883e-01 2.009723782539367676e-01 5.837184786796569824e-01 5.467000603675842285e-01 2.673981189727783203e-01 5.280198454856872559e-01 7.245526909828186035e-01 4.400235041975975037e-02
4.129382967948913574e-01 4.328643381595611572e-01 6.044675111770629883e-01 6.505522131919860840e-01 5.837184786796569824e-01 7.130258679389953613e-01 2.673981189727783203e-01 5.280198454856872559e-01 5.068351030349731445e-01 2.096930518746376038e-02
4.129382967948913574e-01 4.328643381595611572e-01 6.044675111770629883e-01 4.685738086700439453e-01 7.717362642288208008e-01 5.671817660331726074e-01 2.673981189727783203e-01 5.280198454856872559e-01 7.245526909828186035e-01 2.096930518746376038e-02
4.129382967948913574e-01 4.328643381595611572e-01 6.044675111770629883e-01 6.505522131919860840e-01 7.717362642288208008e-01 5.671817660331726074e-01 2.673981189727783203e-01 5.280198454856872559e-01 5.068351030349731445e-01 1.065594181418418884e-01
4.129382967948913574e-01 4.328643381595611572e-01 4.462267756462097168e-01 6.505522131919860840e-01 3.596495389938354492e-01 5.467000603675842285e-01 2.673981189727783203e-01 5.280198454856872559e-01 5.068351030349731445e-01 2.096930518746376038e-02
4.432701766490936279e-01 4.328643381595611572e-01 4.995798468589782715e-01 2.361266762018203735e-01 6.235529780387878418e-01 3.887861967086791992e-01 2.673981189727783203e-01 3.315240740776062012e-01 5.068351030349731445e-01 2.198427170515060425e-02
4.432701766490936279e-01 4.328643381595611572e-01 4.995798468589782715e-01 2.361266762018203735e-01 6.235529780387878418e-01 2.015372216701507568e-01 2.673981189727783203e-01 3.315240740776062012e-01 6.985558867454528809e-01 6.925201416015625000e-02
4.432701766490936279e-01 4.328643381595611572e-01 4.995798468589782715e-01 6.958603858947753906e-01 7.997512817382812500e-01 2.015372216701507568e-01 2.673981189727783203e-01 3.315240740776062012e-01 4.997388422489166260e-01 3.351946547627449036e-02
3.716848194599151611e-01 4.328643381595611572e-01 2.813986539840698242e-01 4.470437467098236084e-01 7.997512817382812500e-01 1.096752285957336426e-01 2.673981189727783203e-01 5.653153657913208008e-01 2.881941199302673340e-01 4.867161437869071960e-02
4.432701766490936279e-01 7.499230504035949707e-01 1.264221817255020142e-01 3.862411677837371826e-01 4.239165782928466797e-01 5.848727822303771973e-01 6.213398575782775879e-01 4.361261725425720215e-01 2.463658154010772705e-01 7.756714709103107452e-03
4.432701766490936279e-01 7.499230504035949707e-01 6.335029602050781250e-01 4.056839644908905029e-01 8.398697376251220703e-01 7.623375654220581055e-01 2.459231019020080566e-01 4.361261725425720215e-01 5.123333930969238281e-01 2.297187149524688721e-01
4.432701766490936279e-01 2.420388013124465942e-01 4.040593504905700684e-01 7.000694274902343750e-01 8.730054497718811035e-01 3.767884671688079834e-01 3.891622424125671387e-01 4.361261725425720215e-01 5.505497455596923828e-01 1.144962087273597717e-01
4.432701766490936279e-01 7.499230504035949707e-01 2.813986539840698242e-01 2.889508306980133057e-01 4.909566342830657959e-01 8.467149138450622559e-01 2.459231019020080566e-01 8.371665477752685547e-01 5.562301278114318848e-01 4.599627479910850525e-02
4.432701766490936279e-01 7.499230504035949707e-01 2.813986539840698242e-01 2.889508306980133057e-01 4.909566342830657959e-01 8.467149138450622559e-01 2.459231019020080566e-01 1.982176601886749268e-01 8.426330089569091797e-01 1.458347141742706299e-01
4.432701766490936279e-01 7.499230504035949707e-01 2.813986539840698242e-01 5.138544440269470215e-01 1.674416810274124146e-01 2.123450040817260742e-01 2.459231019020080566e-01 1.251487880945205688e-01 3.959460556507110596e-01 1.862796247005462646e-01
4.432701766490936279e-01 7.499230504035949707e-01 1.264221817255020142e-01 2.719299793243408203e-01 3.063597679138183594e-01 6.752363443374633789e-01 2.603281438350677490e-01 3.933126628398895264e-01 5.562301278114318848e-01 1.862796247005462646e-01
4.432701766490936279e-01 7.499230504035949707e-01 2.813986539840698242e-01 6.319460272789001465e-01 8.433264493942260742e-02 7.934631109237670898e-01 2.603281438350677490e-01 3.933126628398895264e-01 3.198689222335815430e-01 3.289097175002098083e-02
4.432701766490936279e-01 7.499230504035949707e-01 1.264221817255020142e-01 2.889508306980133057e-01 4.909566342830657959e-01 8.882350325584411621e-01 2.459231019020080566e-01 8.371665477752685547e-01 3.178337812423706055e-01 4.599627479910850525e-02
4.432701766490936279e-01 7.499230504035949707e-01 2.695087194442749023e-01 5.138544440269470215e-01 4.909566342830657959e-01 6.153268814086914062e-01 6.390978693962097168e-01 3.933126628398895264e-01 3.178337812423706055e-01 1.860250905156135559e-02
6.937261819839477539e-01 7.499230504035949707e-01 3.609320521354675293e-01 8.112474679946899414e-01 6.612376570701599121e-01 6.771457195281982422e-01 6.213398575782775879e-01 8.634883761405944824e-01 3.178337812423706055e-01 3.619252517819404602e-02
4.129382967948913574e-01 7.082008719444274902e-01 3.609320521354675293e-01 5.828247070312500000e-01 7.232687622308731079e-02 4.058533906936645508e-01 2.603281438350677490e-01 3.929611146450042725e-01 3.495506644248962402e-01 2.093034610152244568e-02
4.432701766490936279e-01 7.082008719444274902e-01 3.609320521354675293e-01 8.408185839653015137e-01 3.063597679138183594e-01 6.166081428527832031e-01 4.074243307113647461e-01 8.371665477752685547e-01 3.495506644248962402e-01 6.674590986222028732e-03
4.432701766490936279e-01 7.082008719444274902e-01 1.711388677358627319e-01 6.319460272789001465e-01 3.063597679138183594e-01 6.166081428527832031e-01 4.074243307113647461e-01 6.622264385223388672e-01 3.495506644248962402e-01 6.674590986222028732e-03
4.432701766490936279e-01 7.499230504035949707e-01 1.711388677358627319e-01 2.889508306980133057e-01 1.566892862319946289e-01 6.058358550071716309e-01 6.883700489997863770e-01 5.343143343925476074e-01 3.495506644248962402e-01 1.047927662730216980e-01
4.432701766490936279e-01 7.499230504035949707e-01 1.711388677358627319e-01 6.319460272789001465e-01 3.063597679138183594e-01 3.949699103832244873e-01 3.050838410854339600e-01 8.371665477752685547e-01 3.178337812423706055e-01 1.261140406131744385e-02
4.432701766490936279e-01 4.328643381595611572e-01 3.448570668697357178e-01 2.889508306980133057e-01 8.433264493942260742e-02 3.619612455368041992e-01 7.213635444641113281e-01 5.343143343925476074e-01 3.495506644248962402e-01 3.199905157089233398e-02
4.432701766490936279e-01 4.328643381595611572e-01 3.448570668697357178e-01 2.889508306980133057e-01 1.566892862319946289e-01 4.979812800884246826e-01 5.699371695518493652e-01 5.314964652061462402e-01 6.257166862487792969e-01 1.230345107614994049e-02
4.432701766490936279e-01 4.328643381595611572e-01 1.711388677358627319e-01 2.889508306980133057e-01 8.433264493942260742e-02 3.080055117607116699e-01 5.699371695518493652e-01 5.314964652061462402e-01 5.068351030349731445e-01 1.261140406131744385e-02
4.432701766490936279e-01 4.328643381595611572e-01 1.711388677358627319e-01 2.479208409786224365e-01 8.433264493942260742e-02 3.080055117607116699e-01 5.699371695518493652e-01 5.314964652061462402e-01 5.068351030349731445e-01 1.261140406131744385e-02
4.432701766490936279e-01 4.328643381595611572e-01 5.513933897018432617e-01 4.729543626308441162e-01 4.665651917457580566e-01 3.071345090866088867e-01 5.699371695518493652e-01 7.535494565963745117e-01 5.068351030349731445e-01 2.207677215337753296e-01
4.129382967948913574e-01 4.328643381595611572e-01 7.257309556007385254e-01 7.552065849304199219e-01 7.271442413330078125e-01 1.935256421566009521e-01 5.699371695518493652e-01 6.356649994850158691e-01 5.068351030349731445e-01 5.392120480537414551e-01
4.129382967948913574e-01 7.499230504035949707e-01 8.274914026260375977e-01 7.552065849304199219e-01 8.643351793289184570e-01 3.939930200576782227e-01 5.699371695518493652e-01 6.356649994850158691e-01 5.068351030349731445e-01 3.525567352771759033e-01
4.129382967948913574e-01 4.328643381595611572e-01 8.274914026260375977e-01 7.552065849304199219e-01 7.271442413330078125e-01 1.040062755346298218e-01 5.699371695518493652e-01 7.714211344718933105e-01 2.940522134304046631e-01 5.241218954324722290e-02
4.129382967948913574e-01 4.328643381595611572e-01 4.219594597816467285e-01 4.131847321987152100e-01 9.534296393394470215e-02 1.935256421566009521e-01 5.699371695518493652e-01 3.929611146450042725e-01 3.070104122161865234e-01 1.524278521537780762e-01
4.129382967948913574e-01 4.328643381595611572e-01 7.373139262199401855e-01 4.131847321987152100e-01 9.534296393394470215e-02 4.116097986698150635e-01 3.050838410854339600e-01 3.929611146450042725e-01 3.070104122161865234e-01 3.832380101084709167e-02
4.129382967948913574e-01 4.328643381595611572e-01 7.373139262199401855e-01 7.687733769416809082e-01 3.357293009757995605e-01 4.116097986698150635e-01 3.050838410854339600e-01 7.714211344718933105e-01 3.070104122161865234e-01 4.495937749743461609e-02
4.129382967948913574e-01 4.328643381595611572e-01 8.274914026260375977e-01 7.552065849304199219e-01 7.790511846542358398e-01 4.116097986698150635e-01 5.699371695518493652e-01 5.672221183776855469e-01 3.070104122161865234e-01 2.199673503637313843e-01
4.129382967948913574e-01 4.328643381595611572e-01 8.274914026260375977e-01 7.552065849304199219e-01 8.926730155944824219e-01 4.116097986698150635e-01 5.699371695518493652e-01 7.714211344718933105e-01 3.070104122161865234e-01 1.561531126499176025e-01
4.129382967948913574e-01 4.328643381595611572e-01 8.274914026260375977e-01 7.552065849304199219e-01 7.115662097930908203e-01 4.116097986698150635e-01 3.050838410854339600e-01 7.714211344718933105e-01 3.070104122161865234e-01 8.683054894208908081e-02
4.129382967948913574e-01 4.328643381595611572e-01 8.274914026260375977e-01 7.552065849304199219e-01 9.478146433830261230e-01 2.172760069370269775e-01 5.699371695518493652e-01 7.714211344718933105e-01 2.738135159015655518e-01 4.482897818088531494e-01
4.129382967948913574e-01 2.420388013124465942e-01 7.257309556007385254e-01 7.552065849304199219e-01 7.115662097930908203e-01 2.172760069370269775e-01 3.050838410854339600e-01 5.672221183776855469e-01 1.251120120286941528e-01 6.109409928321838379e-01
4.129382967948913574e-01 7.499230504035949707e-01 7.373139262199401855e-01 7.687733769416809082e-01 2.475137114524841309e-01 6.131372228264808655e-02 1.618741154670715332e-01 7.714211344718933105e-01 1.251120120286941528e-01 3.475042432546615601e-02
4.129382967948913574e-01 2.420388013124465942e-01 7.373139262199401855e-01 4.403697252273559570e-01 1.870856583118438721e-01 6.131372228264808655e-02 1.618741154670715332e-01 3.929611146450042725e-01 1.251120120286941528e-01 6.649361550807952881e-02
