4.768072962760925293e-01 2.223763316869735718e-01 4.805673062801361084e-01 3.741172552108764648e-01 2.543975114822387695e-01 5.000000000000000000e-01 4.442535042762756348e-01 4.160612225532531738e-01 4.595008492469787598e-01 5.437369346618652344e-01
4.768072962760925293e-01 4.403232932090759277e-01 2.822508513927459717e-01 6.093789935111999512e-01 9.396529793739318848e-01 3.677376210689544678e-01 6.166775226593017578e-01 6.901694089174270630e-02 5.759534239768981934e-01 5.216565132141113281e-01
4.768072962760925293e-01 3.792149424552917480e-01 4.805673062801361084e-01 3.741172552108764648e-01 1.196036934852600098e-01 4.638586938381195068e-01 4.442535042762756348e-01 3.173519372940063477e-01 4.770073890686035156e-01 3.760631382465362549e-01
4.552500545978546143e-01 6.301823258399963379e-01 2.656435668468475342e-01 3.741172552108764648e-01 6.971801519393920898e-01 3.677376210689544678e-01 4.442535042762756348e-01 3.334173858165740967e-01 2.909959256649017334e-01 2.432646900415420532e-01
3.223029971122741699e-01 5.903406143188476562e-01 2.656435668468475342e-01 3.741172552108764648e-01 4.394918084144592285e-01 3.677376210689544678e-01 3.963781595230102539e-01 4.868920743465423584e-01 7.509717345237731934e-01 5.017303824424743652e-01
4.768072962760925293e-01 2.464632987976074219e-01 4.213615953922271729e-01 3.741172552108764648e-01 7.868222594261169434e-01 3.677376210689544678e-01 8.156037926673889160e-01 2.245172858238220215e-01 4.268689453601837158e-01 3.302687108516693115e-01
4.768072962760925293e-01 4.192739129066467285e-01 7.407732605934143066e-01 6.093789935111999512e-01 4.183894097805023193e-01 3.677376210689544678e-01 7.562499046325683594e-01 9.087855815887451172e-01 3.431462943553924561e-01 4.645003974437713623e-01
4.768072962760925293e-01 2.130117118358612061e-01 7.521915435791015625e-01 5.418986678123474121e-01 6.479469686746597290e-02 3.677376210689544678e-01 5.566282868385314941e-01 7.330892086029052734e-01 2.972956895828247070e-01 1.978684812784194946e-01
3.223029971122741699e-01 2.434071898460388184e-01 7.521915435791015625e-01 7.434531450271606445e-01 8.336717635393142700e-02 3.677376210689544678e-01 2.731511890888214111e-01 5.760810971260070801e-01 2.179132699966430664e-01 7.987703680992126465e-01
6.964614391326904297e-01 3.745179772377014160e-01 3.506942987442016602e-01 5.418986678123474121e-01 4.971148371696472168e-01 3.677376210689544678e-01 4.442535042762756348e-01 4.483335316181182861e-01 6.552424430847167969e-01 8.361999988555908203e-01
3.223029971122741699e-01 1.343942731618881226e-01 3.506942987442016602e-01 7.434531450271606445e-01 4.663066565990447998e-01 3.677376210689544678e-01 6.752583980560302734e-01 5.048974156379699707e-01 3.756295740604400635e-01 2.298800945281982422e-01
3.223029971122741699e-01 5.706080198287963867e-01 3.506942987442016602e-01 5.418986678123474121e-01 7.221164703369140625e-01 3.677376210689544678e-01 2.527675628662109375e-01 3.619294464588165283e-01 3.729429244995117188e-01 5.911982655525207520e-01
6.964614391326904297e-01 6.985012292861938477e-01 3.506942987442016602e-01 6.145917177200317383e-01 4.797630608081817627e-01 7.310572862625122070e-01 5.160373449325561523e-01 8.209912776947021484e-01 6.451917290687561035e-01 6.068350672721862793e-01
4.768072962760925293e-01 5.633259415626525879e-01 5.129574537277221680e-01 3.186480104923248291e-01 9.168300628662109375e-01 7.346170544624328613e-01 3.189059495925903320e-01 5.624276399612426758e-01 6.264988183975219727e-01 6.904615759849548340e-01
6.964614391326904297e-01 6.654070615768432617e-01 3.506942987442016602e-01 6.145917177200317383e-01 5.599862337112426758e-01 4.638586938381195068e-01 4.612884521484375000e-01 7.442239522933959961e-01 5.556183457374572754e-01 1.240594759583473206e-01
4.552500545978546143e-01 6.617179512977600098e-01 3.506942987442016602e-01 6.145917177200317383e-01 3.493674993515014648e-01 3.984910547733306885e-01 2.656825482845306396e-01 9.103364348411560059e-01 5.309136509895324707e-01 5.437369346618652344e-01
4.768072962760925293e-01 2.015584558248519897e-01 3.506942987442016602e-01 6.145917177200317383e-01 7.993143796920776367e-01 3.677376210689544678e-01 5.160373449325561523e-01 1.652519255876541138e-01 5.309136509895324707e-01 5.976725816726684570e-01
4.768072962760925293e-01 5.168467760086059570e-01 3.506942987442016602e-01 5.418986678123474121e-01 7.369298338890075684e-01 3.677376210689544678e-01 7.436201572418212891e-01 1.678777188062667847e-01 7.691267132759094238e-01 4.563065469264984131e-01
4.768072962760925293e-01 6.385592818260192871e-01 3.506942987442016602e-01 3.186480104923248291e-01 1.720331162214279175e-01 3.984910547733306885e-01 4.108937680721282959e-01 4.750580191612243652e-01 6.947598457336425781e-01 7.808299064636230469e-01
6.964614391326904297e-01 2.931878566741943359e-01 3.506942987442016602e-01 5.418986678123474121e-01 1.337601393461227417e-01 3.677376210689544678e-01 7.569520473480224609e-01 4.235077500343322754e-01 6.069126129150390625e-01 6.548129916191101074e-01
3.223029971122741699e-01 3.468043506145477295e-01 2.822508513927459717e-01 7.434531450271606445e-01 5.528339147567749023e-01 3.677376210689544678e-01 5.647795796394348145e-01 7.243769168853759766e-01 3.729429244995117188e-01 6.236738562583923340e-01
4.768072962760925293e-01 3.297130465507507324e-01 4.213615953922271729e-01 3.741172552108764648e-01 2.048073858022689819e-01 3.567573428153991699e-01 8.156037926673889160e-01 4.329696595668792725e-01 3.015845715999603271e-01 2.432646900415420532e-01
4.768072962760925293e-01 7.498098015785217285e-01 2.656435668468475342e-01 3.741172552108764648e-01 8.807961940765380859e-01 5.000000000000000000e-01 4.442535042762756348e-01 3.120886981487274170e-01 3.659296035766601562e-01 4.404466748237609863e-01
3.223029971122741699e-01 5.609800815582275391e-01 5.291307568550109863e-01 6.093789935111999512e-01 7.435300350189208984e-01 3.677376210689544678e-01 8.199895024299621582e-01 8.248912692070007324e-01 3.984036147594451904e-01 4.744199514389038086e-01
3.223029971122741699e-01 1.835954934358596802e-01 5.129574537277221680e-01 5.418986678123474121e-01 3.268510401248931885e-01 3.677376210689544678e-01 2.731511890888214111e-01 2.035977989435195923e-01 3.431462943553924561e-01 6.856745481491088867e-01
6.964614391326904297e-01 5.656225085258483887e-01 2.656435668468475342e-01 3.741172552108764648e-01 5.014351010322570801e-01 4.638586938381195068e-01 5.776333808898925781e-01 3.576824069023132324e-01 3.072185516357421875e-01 5.119428634643554688e-01
4.768072962760925293e-01 1.814286112785339355e-01 4.213615953922271729e-01 3.741172552108764648e-01 3.690029680728912354e-01 7.346170544624328613e-01 2.924014031887054443e-01 2.368042618036270142e-01 3.953670561313629150e-01 4.645003974437713623e-01
4.768072962760925293e-01 2.368929833173751831e-01 2.822508513927459717e-01 6.093789935111999512e-01 4.762606918811798096e-01 3.567573428153991699e-01 3.789063096046447754e-01 4.857383370399475098e-01 5.459218025207519531e-01 3.302687108516693115e-01
3.223029971122741699e-01 2.076625376939773560e-01 4.213615953922271729e-01 6.418313980102539062e-01 5.640214681625366211e-01 3.677376210689544678e-01 6.564983129501342773e-01 4.224624037742614746e-01 3.015845715999603271e-01 7.844808697700500488e-01
3.223029971122741699e-01 3.209085166454315186e-01 2.656435668468475342e-01 3.741172552108764648e-01 5.067353248596191406e-01 3.567573428153991699e-01 7.562499046325683594e-01 9.359838068485260010e-02 3.508588373661041260e-01 4.969585835933685303e-01
3.042233884334564209e-01 4.096528589725494385e-01 4.805673062801361084e-01 3.741172552108764648e-01 8.748283386230468750e-01 3.677376210689544678e-01 5.769082903861999512e-01 7.442170381546020508e-01 4.224959015846252441e-01 1.718757301568984985e-01
3.223029971122741699e-01 9.764325618743896484e-02 2.822508513927459717e-01 6.093789935111999512e-01 4.128884375095367432e-01 3.677376210689544678e-01 4.442535042762756348e-01 4.847995638847351074e-01 5.003162026405334473e-01 1.978684812784194946e-01
4.768072962760925293e-01 5.193039774894714355e-01 2.822508513927459717e-01 6.093789935111999512e-01 7.761641144752502441e-01 3.677376210689544678e-01 5.776333808898925781e-01 7.320722937583923340e-01 3.229651749134063721e-01 4.317889809608459473e-01
4.768072962760925293e-01 4.250200092792510986e-01 4.213615953922271729e-01 3.741172552108764648e-01 5.913436412811279297e-01 3.677376210689544678e-01 3.553438484668731689e-01 3.710348308086395264e-01 4.864761531352996826e-01 6.343609690666198730e-01
3.223029971122741699e-01 2.223763316869735718e-01 4.805673062801361084e-01 3.741172552108764648e-01 9.172154068946838379e-01 3.567573428153991699e-01 5.647795796394348145e-01 3.942718207836151123e-01 5.672037601470947266e-01 2.432646900415420532e-01
4.768072962760925293e-01 2.223763316869735718e-01 4.213615953922271729e-01 6.418313980102539062e-01 7.918716073036193848e-01 3.677376210689544678e-01 1.691833585500717163e-01 7.442170381546020508e-01 7.065789699554443359e-01 3.660132586956024170e-01
4.768072962760925293e-01 3.918350934982299805e-01 4.632262587547302246e-01 6.093789935111999512e-01 7.643518447875976562e-01 3.677376210689544678e-01 5.723856091499328613e-01 5.470077395439147949e-01 3.072185516357421875e-01 6.133965849876403809e-01
4.768072962760925293e-01 4.587902426719665527e-01 4.213615953922271729e-01 3.741172552108764648e-01 5.231582522392272949e-01 3.677376210689544678e-01 1.947921365499496460e-01 4.595775306224822998e-01 3.072185516357421875e-01 3.936089575290679932e-01
3.223029971122741699e-01 1.874711364507675171e-01 4.632262587547302246e-01 3.375875055789947510e-01 8.692904710769653320e-01 3.677376210689544678e-01 1.691833585500717163e-01 7.463053464889526367e-01 3.072185516357421875e-01 3.936089575290679932e-01
4.768072962760925293e-01 2.844738960266113281e-01 4.213615953922271729e-01 3.741172552108764648e-01 6.568155884742736816e-01 3.677376210689544678e-01 5.723856091499328613e-01 5.012482404708862305e-01 5.426129698753356934e-01 3.404958248138427734e-01
4.768072962760925293e-01 2.574314177036285400e-01 5.129574537277221680e-01 7.434531450271606445e-01 5.937851071357727051e-01 3.677376210689544678e-01 7.569520473480224609e-01 8.986544013023376465e-01 3.431462943553924561e-01 1.978684812784194946e-01
4.768072962760925293e-01 1.835954934358596802e-01 5.129574537277221680e-01 7.434531450271606445e-01 1.236774623394012451e-01 3.677376210689544678e-01 4.612884521484375000e-01 5.680642127990722656e-01 1.389803141355514526e-01 4.587875306606292725e-01
4.768072962760925293e-01 5.293539762496948242e-01 4.632262587547302246e-01 7.434531450271606445e-01 8.813588619232177734e-01 3.567573428153991699e-01 7.409717440605163574e-01 5.639690160751342773e-01 3.659296035766601562e-01 3.404958248138427734e-01
3.223029971122741699e-01 2.536773681640625000e-01 4.213615953922271729e-01 3.741172552108764648e-01 8.017813563346862793e-01 3.677376210689544678e-01 5.566282868385314941e-01 7.393750548362731934e-01 7.691267132759094238e-01 7.571455836296081543e-01
3.223029971122741699e-01 3.860321640968322754e-01 4.213615953922271729e-01 6.418313980102539062e-01 3.424966037273406982e-01 7.346170544624328613e-01 2.819787561893463135e-01 4.009104967117309570e-01 1.389803141355514526e-01 4.287299811840057373e-01
4.768072962760925293e-01 5.175308585166931152e-01 5.129574537277221680e-01 7.434531450271606445e-01 7.728983163833618164e-01 3.677376210689544678e-01 3.699268996715545654e-01 5.645802021026611328e-01 6.590020060539245605e-01 4.587875306606292725e-01
6.964614391326904297e-01 3.825957775115966797e-01 4.213615953922271729e-01 3.741172552108764648e-01 6.142644882202148438e-01 3.677376210689544678e-01 8.156037926673889160e-01 6.687647700309753418e-01 7.653217911720275879e-01 6.068350672721862793e-01
4.768072962760925293e-01 5.199890732765197754e-01 4.213615953922271729e-01 6.784499287605285645e-01 4.137395024299621582e-01 3.677376210689544678e-01 1.947921365499496460e-01 1.736041903495788574e-01 5.221267342567443848e-01 3.936089575290679932e-01
6.964614391326904297e-01 5.940421223640441895e-01 7.447071671485900879e-01 7.434531450271606445e-01 1.717209666967391968e-01 3.677376210689544678e-01 6.752583980560302734e-01 9.134560078382492065e-02 3.984036147594451904e-01 7.474176883697509766e-01
4.768072962760925293e-01 6.768033504486083984e-01 7.447071671485900879e-01 7.434531450271606445e-01 5.820084810256958008e-01 3.677376210689544678e-01 6.647724509239196777e-01 1.768075972795486450e-01 6.324120163917541504e-01 2.432646900415420532e-01
5.580672025680541992e-01 2.212493270635604858e-01 5.129574537277221680e-01 5.418986678123474121e-01 4.412193000316619873e-01 3.677376210689544678e-01 1.947921365499496460e-01 4.800000786781311035e-01 3.913971781730651855e-01 6.666221618652343750e-01
3.223029971122741699e-01 5.077844858169555664e-01 5.291307568550109863e-01 7.434531450271606445e-01 1.567590832710266113e-01 3.677376210689544678e-01 1.947921365499496460e-01 2.990587949752807617e-01 3.100650608539581299e-01 8.129053115844726562e-01
3.223029971122741699e-01 4.921984970569610596e-01 5.129574537277221680e-01 3.186480104923248291e-01 3.344286084175109863e-01 3.677376210689544678e-01 2.085659950971603394e-01 2.143451422452926636e-01 6.324120163917541504e-01 1.978684812784194946e-01
4.768072962760925293e-01 4.735406637191772461e-01 5.129574537277221680e-01 3.186480104923248291e-01 5.072955489158630371e-01 3.677376210689544678e-01 7.039914727210998535e-01 4.180566668510437012e-01 6.324120163917541504e-01 2.930073738098144531e-01
6.964614391326904297e-01 7.418199181556701660e-01 5.129574537277221680e-01 6.145917177200317383e-01 9.037703275680541992e-01 7.346170544624328613e-01 5.723856091499328613e-01 3.579874932765960693e-01 3.913971781730651855e-01 6.904615759849548340e-01
3.223029971122741699e-01 5.628595948219299316e-01 5.129574537277221680e-01 6.145917177200317383e-01 9.438323974609375000e-01 3.677376210689544678e-01 4.589414894580841064e-01 1.678713709115982056e-01 2.179132699966430664e-01 6.904615759849548340e-01
3.223029971122741699e-01 2.948366403579711914e-01 3.506942987442016602e-01 6.145917177200317383e-01 5.908843278884887695e-01 3.984910547733306885e-01 4.937477409839630127e-01 6.488318443298339844e-01 8.441510796546936035e-01 4.244439005851745605e-01
4.768072962760925293e-01 3.026947379112243652e-01 3.506942987442016602e-01 6.145917177200317383e-01 6.205490231513977051e-01 5.000000000000000000e-01 6.093085408210754395e-01 5.718817710876464844e-01 6.069126129150390625e-01 7.808299064636230469e-01
4.768072962760925293e-01 4.664349257946014404e-01 4.632262587547302246e-01 7.434531450271606445e-01 3.070231713354587555e-02 4.638586938381195068e-01 7.409717440605163574e-01 7.567933201789855957e-01 5.221267342567443848e-01 1.978684812784194946e-01
4.768072962760925293e-01 8.797429800033569336e-01 5.129574537277221680e-01 5.418986678123474121e-01 5.599305033683776855e-01 7.346170544624328613e-01 5.993979573249816895e-01 7.319647073745727539e-01 7.754276990890502930e-01 7.122765183448791504e-01
4.768072962760925293e-01 3.082945942878723145e-01 3.506942987442016602e-01 7.434531450271606445e-01 8.693135380744934082e-01 4.638586938381195068e-01 4.442535042762756348e-01 7.133070230484008789e-01 3.229651749134063721e-01 2.432646900415420532e-01
3.223029971122741699e-01 4.297462999820709229e-01 7.447071671485900879e-01 3.186480104923248291e-01 5.285296440124511719e-01 3.677376210689544678e-01 1.947921365499496460e-01 4.097040593624114990e-01 3.100650608539581299e-01 4.756812155246734619e-01
3.223029971122741699e-01 3.026947379112243652e-01 5.129574537277221680e-01 7.434531450271606445e-01 3.598760068416595459e-01 3.677376210689544678e-01 7.124401926994323730e-01 4.350710213184356689e-01 1.389803141355514526e-01 8.538818359375000000e-01
6.964614391326904297e-01 3.365566730499267578e-01 2.822508513927459717e-01 6.145917177200317383e-01 6.069952845573425293e-01 3.677376210689544678e-01 8.156037926673889160e-01 6.423408389091491699e-01 4.224959015846252441e-01 8.537011742591857910e-01
5.580672025680541992e-01 3.764244616031646729e-01 5.129574537277221680e-01 3.186480104923248291e-01 4.653103649616241455e-01 3.677376210689544678e-01 3.006129860877990723e-01 7.892178893089294434e-01 3.072185516357421875e-01 6.599218249320983887e-01
3.223029971122741699e-01 6.875832676887512207e-01 7.521915435791015625e-01 6.145917177200317383e-01 5.802855491638183594e-01 3.677376210689544678e-01 3.231372535228729248e-01 5.205281376838684082e-01 5.214443206787109375e-01 3.912121951580047607e-01
3.042233884334564209e-01 6.120657324790954590e-01 5.129574537277221680e-01 6.145917177200317383e-01 1.367699056863784790e-01 3.677376210689544678e-01 5.873084664344787598e-01 3.615469634532928467e-01 7.972990274429321289e-01 6.599218249320983887e-01
4.768072962760925293e-01 5.740392804145812988e-01 7.521915435791015625e-01 3.186480104923248291e-01 1.278333812952041626e-01 3.677376210689544678e-01 3.789063096046447754e-01 6.056836619973182678e-02 5.221267342567443848e-01 1.743071675300598145e-01
6.964614391326904297e-01 5.691915154457092285e-01 5.129574537277221680e-01 3.186480104923248291e-01 2.247323095798492432e-01 3.677376210689544678e-01 8.156037926673889160e-01 3.449785113334655762e-01 3.756295740604400635e-01 2.714982032775878906e-01
4.768072962760925293e-01 1.807028055191040039e-01 7.521915435791015625e-01 6.145917177200317383e-01 2.015434652566909790e-01 3.677376210689544678e-01 6.120314002037048340e-01 7.089165449142456055e-01 7.691267132759094238e-01 4.756812155246734619e-01
4.768072962760925293e-01 2.727169692516326904e-01 7.521915435791015625e-01 6.145917177200317383e-01 6.131203174591064453e-01 7.310572862625122070e-01 1.947921365499496460e-01 2.960857450962066650e-01 5.299091935157775879e-01 2.266151160001754761e-01
4.552500545978546143e-01 8.259490728378295898e-01 5.129574537277221680e-01 6.145917177200317383e-01 1.565551757812500000e-01 3.677376210689544678e-01 3.750493228435516357e-01 5.260523557662963867e-01 7.509717345237731934e-01 7.260004878044128418e-01
3.223029971122741699e-01 3.825957775115966797e-01 7.521915435791015625e-01 6.145917177200317383e-01 8.622755408287048340e-01 3.677376210689544678e-01 2.819787561893463135e-01 4.872377216815948486e-01 2.289015501737594604e-01 6.904615759849548340e-01
4.768072962760925293e-01 6.654070615768432617e-01 7.521915435791015625e-01 3.186480104923248291e-01 7.621493935585021973e-01 3.677376210689544678e-01 3.754000365734100342e-01 9.138141274452209473e-01 6.451917290687561035e-01 1.395944207906723022e-01
3.223029971122741699e-01 4.921984970569610596e-01 7.521915435791015625e-01 3.186480104923248291e-01 4.337517917156219482e-02 3.677376210689544678e-01 4.947890937328338623e-01 2.621349692344665527e-01 3.470431566238403320e-01 2.930073738098144531e-01
3.223029971122741699e-01 7.634942531585693359e-01 7.447071671485900879e-01 3.186480104923248291e-01 2.509891390800476074e-01 3.677376210689544678e-01 3.189059495925903320e-01 6.100549101829528809e-01 3.015845715999603271e-01 5.103458762168884277e-01
3.223029971122741699e-01 5.249917507171630859e-01 7.521915435791015625e-01 6.145917177200317383e-01 3.948481678962707520e-01 7.346170544624328613e-01 6.120314002037048340e-01 3.236065208911895752e-01 5.672037601470947266e-01 2.709652483463287354e-01
3.223029971122741699e-01 3.797956109046936035e-01 7.521915435791015625e-01 3.186480104923248291e-01 2.878872454166412354e-01 3.567573428153991699e-01 4.674510955810546875e-01 4.768889844417572021e-01 5.770816802978515625e-01 6.481935977935791016e-01
4.768072962760925293e-01 4.664349257946014404e-01 5.129574537277221680e-01 3.186480104923248291e-01 6.086865067481994629e-01 3.677376210689544678e-01 1.947921365499496460e-01 3.473148345947265625e-01 5.299091935157775879e-01 5.104882717132568359e-01
3.042233884334564209e-01 3.716407418251037598e-01 5.129574537277221680e-01 3.186480104923248291e-01 9.113881587982177734e-01 5.788795351982116699e-01 4.258222579956054688e-01 4.550913572311401367e-01 3.756295740604400635e-01 1.487374901771545410e-01
4.768072962760925293e-01 5.542727708816528320e-01 5.129574537277221680e-01 6.145917177200317383e-01 5.643562078475952148e-01 5.788795351982116699e-01 7.904275059700012207e-01 4.473336040973663330e-01 6.491552591323852539e-01 2.930073738098144531e-01
3.042233884334564209e-01 4.921984970569610596e-01 5.129574537277221680e-01 3.186480104923248291e-01 6.375737786293029785e-01 5.000000000000000000e-01 5.160373449325561523e-01 7.735860943794250488e-01 3.015845715999603271e-01 8.540436625480651855e-01
4.768072962760925293e-01 3.825957775115966797e-01 7.521915435791015625e-01 3.186480104923248291e-01 5.124768614768981934e-02 7.346170544624328613e-01 2.170955538749694824e-01 2.582570314407348633e-01 3.170476257801055908e-01 7.528406381607055664e-01
3.223029971122741699e-01 3.797956109046936035e-01 7.521915435791015625e-01 3.186480104923248291e-01 7.033355236053466797e-01 7.346170544624328613e-01 6.093085408210754395e-01 1.754399687051773071e-01 3.953670561313629150e-01 1.240594759583473206e-01
4.768072962760925293e-01 6.424272656440734863e-01 4.805673062801361084e-01 3.741172552108764648e-01 5.661599040031433105e-01 5.000000000000000000e-01 4.947890937328338623e-01 6.343089938163757324e-01 2.899850010871887207e-01 8.343057632446289062e-01
4.768072962760925293e-01 4.374439418315887451e-01 4.213615953922271729e-01 3.741172552108764648e-01 8.242707848548889160e-01 5.788795351982116699e-01 5.081337094306945801e-01 2.925792336463928223e-01 3.596430122852325439e-01 2.046813815832138062e-01
4.768072962760925293e-01 6.381484270095825195e-01 7.029797434806823730e-01 3.741172552108764648e-01 4.980308115482330322e-01 7.310572862625122070e-01 2.403153181076049805e-01 7.212911546230316162e-02 3.659296035766601562e-01 5.596541762351989746e-01
3.042233884334564209e-01 6.933491230010986328e-01 4.213615953922271729e-01 6.418313980102539062e-01 8.826417922973632812e-01 3.567573428153991699e-01 5.776333808898925781e-01 9.555482119321823120e-02 6.324120163917541504e-01 3.506880998611450195e-01
4.768072962760925293e-01 3.082945942878723145e-01 2.656435668468475342e-01 3.741172552108764648e-01 4.048655629158020020e-01 5.788795351982116699e-01 2.029028236865997314e-01 3.698373436927795410e-01 7.807015776634216309e-01 2.082828134298324585e-01
3.223029971122741699e-01 2.223763316869735718e-01 4.213615953922271729e-01 3.741172552108764648e-01 6.079849600791931152e-01 5.788795351982116699e-01 6.564983129501342773e-01 2.779299318790435791e-01 2.642717957496643066e-01 6.650110483169555664e-01
4.768072962760925293e-01 4.689060747623443604e-01 2.822508513927459717e-01 6.093789935111999512e-01 2.869865894317626953e-01 5.788795351982116699e-01 4.844813644886016846e-01 1.821480691432952881e-01 3.015845715999603271e-01 6.904615759849548340e-01
6.964614391326904297e-01 2.536773681640625000e-01 4.805673062801361084e-01 3.741172552108764648e-01 7.459964752197265625e-01 7.310572862625122070e-01 4.442535042762756348e-01 2.036820501089096069e-01 7.691267132759094238e-01 5.860214829444885254e-01
4.768072962760925293e-01 2.536773681640625000e-01 2.656435668468475342e-01 3.741172552108764648e-01 2.430052906274795532e-01 3.677376210689544678e-01 6.571972966194152832e-01 8.621704578399658203e-01 3.015845715999603271e-01 5.216565132141113281e-01
3.223029971122741699e-01 3.349993228912353516e-01 4.213615953922271729e-01 3.741172552108764648e-01 7.395160198211669922e-01 3.677376210689544678e-01 4.224102497100830078e-01 8.316899538040161133e-01 5.065245628356933594e-01 4.645003974437713623e-01
4.768072962760925293e-01 5.679901838302612305e-01 4.805673062801361084e-01 6.418313980102539062e-01 2.266090959310531616e-01 3.677376210689544678e-01 2.731511890888214111e-01 3.245187401771545410e-01 4.864716529846191406e-01 3.404958248138427734e-01
4.768072962760925293e-01 5.293539762496948242e-01 2.822508513927459717e-01 6.093789935111999512e-01 5.933190584182739258e-01 3.677376210689544678e-01 4.844813644886016846e-01 6.082249283790588379e-01 7.509717345237731934e-01 7.134456038475036621e-01
4.768072962760925293e-01 4.250200092792510986e-01 2.656435668468475342e-01 3.741172552108764648e-01 3.123402297496795654e-01 3.677376210689544678e-01 4.108937680721282959e-01 6.255947947502136230e-01 8.440301418304443359e-01 6.904615759849548340e-01
4.768072962760925293e-01 2.698827087879180908e-01 2.656435668468475342e-01 3.741172552108764648e-01 2.822713553905487061e-01 3.677376210689544678e-01 1.947921365499496460e-01 8.324348926544189453e-01 4.659502208232879639e-01 6.395381093025207520e-01
4.768072962760925293e-01 5.264195203781127930e-01 4.213615953922271729e-01 3.741172552108764648e-01 1.325856000185012817e-01 3.677376210689544678e-01 2.731511890888214111e-01 4.133056104183197021e-01 4.864716529846191406e-01 1.978684812784194946e-01
3.223029971122741699e-01 4.836193025112152100e-01 4.213615953922271729e-01 3.741172552108764648e-01 5.994075536727905273e-01 3.677376210689544678e-01 4.824719727039337158e-01 6.565610766410827637e-01 7.691267132759094238e-01 4.353585243225097656e-01
4.768072962760925293e-01 5.650268793106079102e-01 4.632262587547302246e-01 6.093789935111999512e-01 5.788967609405517578e-01 5.788795351982116699e-01 3.769371807575225830e-01 3.492254018783569336e-01 5.299091935157775879e-01 6.288940906524658203e-01
3.223029971122741699e-01 6.547452807426452637e-01 4.632262587547302246e-01 3.375875055789947510e-01 7.413407564163208008e-01 3.677376210689544678e-01 7.167739868164062500e-01 6.488318443298339844e-01 6.007308363914489746e-01 6.660848855972290039e-01
4.768072962760925293e-01 4.949109554290771484e-01 2.656435668468475342e-01 3.741172552108764648e-01 4.609930813312530518e-01 5.000000000000000000e-01 8.269733190536499023e-01 1.295137107372283936e-01 3.637396395206451416e-01 4.062497615814208984e-01
4.768072962760925293e-01 2.223763316869735718e-01 7.029797434806823730e-01 3.741172552108764648e-01 2.430052906274795532e-01 3.677376210689544678e-01 5.619737505912780762e-01 8.582995533943176270e-01 6.241255402565002441e-01 4.353585243225097656e-01
4.768072962760925293e-01 5.018907785415649414e-01 4.213615953922271729e-01 3.741172552108764648e-01 1.945702433586120605e-01 3.677376210689544678e-01 6.215234398841857910e-01 4.898996055126190186e-01 1.389803141355514526e-01 6.856745481491088867e-01
3.223029971122741699e-01 2.223763316869735718e-01 4.213615953922271729e-01 3.741172552108764648e-01 1.596657335758209229e-01 3.677376210689544678e-01 5.544656515121459961e-01 3.712265789508819580e-01 5.459218025207519531e-01 6.712599396705627441e-01
6.964614391326904297e-01 4.836193025112152100e-01 4.213615953922271729e-01 6.418313980102539062e-01 9.187355041503906250e-01 3.677376210689544678e-01 4.442535042762756348e-01 4.138507843017578125e-01 7.509717345237731934e-01 8.802990317344665527e-01
4.768072962760925293e-01 6.311249136924743652e-01 4.632262587547302246e-01 6.093789935111999512e-01 2.179021388292312622e-01 3.677376210689544678e-01 6.285861730575561523e-01 5.290343761444091797e-01 2.564049959182739258e-01 6.660848855972290039e-01
3.223029971122741699e-01 3.209225237369537354e-01 4.213615953922271729e-01 3.741172552108764648e-01 3.614601492881774902e-01 3.677376210689544678e-01 4.108937680721282959e-01 1.188755184412002563e-01 3.508588373661041260e-01 4.404466748237609863e-01
5.890384912490844727e-01 3.466126322746276855e-01 2.656435668468475342e-01 3.741172552108764648e-01 4.756442829966545105e-02 3.677376210689544678e-01 5.159747600555419922e-01 4.935078024864196777e-01 5.459218025207519531e-01 3.471526503562927246e-01
4.768072962760925293e-01 2.919790148735046387e-01 4.213615953922271729e-01 3.741172552108764648e-01 6.735838055610656738e-01 3.677376210689544678e-01 2.731511890888214111e-01 3.598234653472900391e-01 7.509717345237731934e-01 1.578287780284881592e-01
3.223029971122741699e-01 2.727169692516326904e-01 4.213615953922271729e-01 3.741172552108764648e-01 3.552699387073516846e-01 3.677376210689544678e-01 2.731511890888214111e-01 2.040110528469085693e-01 3.015845715999603271e-01 1.978684812784194946e-01
4.768072962760925293e-01 4.250200092792510986e-01 4.213615953922271729e-01 3.741172552108764648e-01 1.227997317910194397e-01 3.677376210689544678e-01 3.456883728504180908e-01 8.621704578399658203e-01 3.015845715999603271e-01 3.936089575290679932e-01
4.013147354125976562e-01 4.250200092792510986e-01 7.300217747688293457e-01 7.586787939071655273e-01 4.759809374809265137e-01 5.695438981056213379e-01 4.442535042762756348e-01 3.203194737434387207e-01 3.229651749134063721e-01 2.570329904556274414e-01
4.013147354125976562e-01 3.667406141757965088e-01 5.447499155998229980e-01 5.843199491500854492e-01 3.826019763946533203e-01 3.854082524776458740e-01 5.723856091499328613e-01 1.514525562524795532e-01 3.072185516357421875e-01 3.143261671066284180e-01
4.552500545978546143e-01 2.801392674446105957e-01 2.656435668468475342e-01 3.741172552108764648e-01 1.382937580347061157e-01 3.677376210689544678e-01 2.731511890888214111e-01 2.779529690742492676e-01 7.691267132759094238e-01 7.260004878044128418e-01
3.223029971122741699e-01 3.289331197738647461e-01 7.407732605934143066e-01 6.093789935111999512e-01 9.952120482921600342e-02 3.677376210689544678e-01 5.685527920722961426e-01 7.239362597465515137e-02 2.672096490859985352e-01 4.756812155246734619e-01
4.768072962760925293e-01 4.250200092792510986e-01 4.213615953922271729e-01 3.741172552108764648e-01 8.265819549560546875e-01 3.677376210689544678e-01 7.176243066787719727e-01 2.825828194618225098e-01 3.951204419136047363e-01 1.978684812784194946e-01
4.768072962760925293e-01 4.000028967857360840e-01 4.213615953922271729e-01 3.741172552108764648e-01 8.579487800598144531e-01 3.677376210689544678e-01 8.084009885787963867e-01 5.728498697280883789e-01 3.581727743148803711e-01 5.216565132141113281e-01
4.768072962760925293e-01 5.720763802528381348e-01 4.632262587547302246e-01 6.093789935111999512e-01 2.550717890262603760e-01 3.677376210689544678e-01 7.942091822624206543e-01 7.171289324760437012e-01 7.886509895324707031e-01 1.487374901771545410e-01
4.768072962760925293e-01 2.574314177036285400e-01 4.213615953922271729e-01 3.741172552108764648e-01 2.363853752613067627e-01 3.677376210689544678e-01 1.882254332304000854e-01 9.415041208267211914e-01 6.241255402565002441e-01 5.857205986976623535e-01
4.768072962760925293e-01 1.835954934358596802e-01 5.447499155998229980e-01 5.843199491500854492e-01 5.451232790946960449e-01 2.535075247287750244e-01 5.544656515121459961e-01 1.373320221900939941e-01 3.015845715999603271e-01 4.350875914096832275e-01
5.580672025680541992e-01 3.667406141757965088e-01 4.213615953922271729e-01 3.741172552108764648e-01 9.273470938205718994e-02 3.677376210689544678e-01 6.175208091735839844e-01 4.379584491252899170e-01 1.972653716802597046e-01 4.461193680763244629e-01
3.223029971122741699e-01 1.374945044517517090e-01 2.656435668468475342e-01 3.741172552108764648e-01 4.312890470027923584e-01 3.567573428153991699e-01 6.196287870407104492e-01 3.731234967708587646e-01 5.299091935157775879e-01 2.354079484939575195e-01
