3.221111595630645752e-01 5.584503412246704102e-01 4.238373339176177979e-01 3.778086304664611816e-01 6.439389586448669434e-01 6.434311866760253906e-01 2.646235823631286621e-01 5.047996044158935547e-01 5.433660745620727539e-01 6.442834734916687012e-01
1.897476613521575928e-01 5.752591490745544434e-01 3.112584054470062256e-01 4.968753159046173096e-01 6.036673784255981445e-01 6.182951331138610840e-01 2.646235823631286621e-01 5.047996044158935547e-01 2.949451506137847900e-01 3.772760033607482910e-01
4.519369602203369141e-01 5.294929742813110352e-01 3.112584054470062256e-01 6.622174382209777832e-01 4.840262234210968018e-01 3.653911948204040527e-01 4.565546512603759766e-01 5.047996044158935547e-01 1.344923526048660278e-01 1.514750868082046509e-01
3.167378604412078857e-01 8.918472528457641602e-01 3.925925493240356445e-01 6.258910298347473145e-01 5.027695298194885254e-01 2.632140517234802246e-01 4.427507817745208740e-01 5.047996044158935547e-01 4.368909299373626709e-01 6.634171009063720703e-01
7.088620066642761230e-01 9.075331091880798340e-01 4.485039114952087402e-01 4.573386907577514648e-01 2.544175684452056885e-01 4.002179503440856934e-01 6.818346977233886719e-01 5.047996044158935547e-01 5.518612861633300781e-01 6.634171009063720703e-01
8.969384431838989258e-01 8.540335893630981445e-01 6.289402842521667480e-01 6.258910298347473145e-01 4.430038630962371826e-01 4.002179503440856934e-01 6.818346977233886719e-01 5.047996044158935547e-01 4.157025516033172607e-01 4.977800846099853516e-01
3.332249820232391357e-01 2.639655470848083496e-01 4.238373339176177979e-01 4.573386907577514648e-01 7.018583416938781738e-01 4.986582100391387939e-01 4.736919701099395752e-01 5.047996044158935547e-01 3.129734992980957031e-01 7.693139910697937012e-01
7.290450930595397949e-01 6.918161511421203613e-01 6.289402842521667480e-01 6.124868988990783691e-01 7.018583416938781738e-01 7.509039044380187988e-01 6.795355081558227539e-01 5.047996044158935547e-01 4.499073028564453125e-01 5.473766326904296875e-01
4.697907865047454834e-01 6.889181733131408691e-01 6.033950448036193848e-01 6.247518658638000488e-01 3.087053894996643066e-01 7.652243375778198242e-01 4.710554480552673340e-01 5.047996044158935547e-01 5.707988142967224121e-01 7.734993100166320801e-01
7.769722938537597656e-01 4.067595303058624268e-01 5.126910209655761719e-01 4.573386907577514648e-01 7.292581200599670410e-01 7.047227025032043457e-01 4.598083794116973877e-01 5.047996044158935547e-01 5.707988142967224121e-01 6.157404780387878418e-01
2.349605560302734375e-01 1.779747158288955688e-01 5.126910209655761719e-01 4.702671170234680176e-01 3.708902895450592041e-01 6.155492663383483887e-01 4.598083794116973877e-01 5.047996044158935547e-01 2.955107986927032471e-01 5.210826992988586426e-01
6.979218721389770508e-01 3.534463942050933838e-01 4.238373339176177979e-01 4.702671170234680176e-01 3.087053894996643066e-01 5.181750655174255371e-01 4.736919701099395752e-01 5.047996044158935547e-01 2.426457107067108154e-01 3.675445020198822021e-01
4.480015635490417480e-01 5.878424048423767090e-01 6.405160427093505859e-01 4.573386907577514648e-01 3.809676468372344971e-01 5.252487063407897949e-01 6.264440417289733887e-01 5.047996044158935547e-01 4.417682290077209473e-01 4.308705329895019531e-01
4.179177880287170410e-01 3.888654112815856934e-01 6.070873141288757324e-01 4.261799752712249756e-01 6.546522378921508789e-01 7.291694879531860352e-01 6.264440417289733887e-01 5.047996044158935547e-01 5.608885884284973145e-01 8.172210454940795898e-01
5.658087134361267090e-01 4.713571667671203613e-01 6.070873141288757324e-01 4.573386907577514648e-01 4.884311556816101074e-01 5.187120437622070312e-01 5.180574059486389160e-01 5.047996044158935547e-01 7.394890189170837402e-01 5.192979574203491211e-01
5.658087134361267090e-01 1.310198009014129639e-01 4.238373339176177979e-01 3.778086304664611816e-01 4.884311556816101074e-01 5.181750655174255371e-01 3.658505380153656006e-01 5.047996044158935547e-01 5.512785315513610840e-01 3.102979660034179688e-01
6.518267393112182617e-01 1.954595297574996948e-01 2.666189670562744141e-01 3.485876917839050293e-01 5.499312281608581543e-01 6.714037060737609863e-01 3.658505380153656006e-01 5.047996044158935547e-01 6.372265815734863281e-01 6.862483620643615723e-01
3.775334060192108154e-01 8.110332489013671875e-01 6.936148405075073242e-01 3.485876917839050293e-01 5.499312281608581543e-01 7.399801611900329590e-01 8.690914511680603027e-01 5.047996044158935547e-01 3.656538426876068115e-01 4.469716846942901611e-01
7.480817437171936035e-01 2.607113122940063477e-01 5.758348703384399414e-01 3.778086304664611816e-01 1.737618446350097656e-01 4.199510514736175537e-01 6.626824140548706055e-01 5.047996044158935547e-01 3.793410360813140869e-01 1.636306345462799072e-01
2.750685811042785645e-01 3.756193518638610840e-01 3.925925493240356445e-01 3.778086304664611816e-01 3.906946182250976562e-01 1.207247972488403320e-01 5.132344961166381836e-01 5.047996044158935547e-01 2.643280327320098877e-01 2.559753656387329102e-01
4.245475232601165771e-01 2.648466527462005615e-01 4.485039114952087402e-01 3.778086304664611816e-01 1.813152283430099487e-01 2.553927302360534668e-01 3.658505380153656006e-01 5.047996044158935547e-01 3.939966559410095215e-01 2.559753656387329102e-01
2.750685811042785645e-01 3.818767964839935303e-01 3.112584054470062256e-01 2.630048096179962158e-01 1.384531110525131226e-01 2.553927302360534668e-01 3.658505380153656006e-01 5.047996044158935547e-01 6.571834683418273926e-01 2.559753656387329102e-01
2.750685811042785645e-01 2.615017890930175781e-01 3.946429491043090820e-01 3.552509546279907227e-01 2.841724753379821777e-01 2.553927302360534668e-01 3.658505380153656006e-01 5.047996044158935547e-01 4.521188139915466309e-01 2.210836708545684814e-01
2.750685811042785645e-01 1.548566967248916626e-01 3.946429491043090820e-01 3.552509546279907227e-01 4.433782398700714111e-01 2.553927302360534668e-01 5.739029645919799805e-01 5.047996044158935547e-01 3.255975842475891113e-01 2.029432654380798340e-01
2.750685811042785645e-01 2.582668364048004150e-01 3.946429491043090820e-01 4.838835895061492920e-01 5.233013629913330078e-01 2.553927302360534668e-01 4.620337486267089844e-01 5.047996044158935547e-01 3.255975842475891113e-01 3.954380750656127930e-01
4.925461113452911377e-01 4.096563160419464111e-01 5.398374199867248535e-01 3.552509546279907227e-01 2.841724753379821777e-01 2.553927302360534668e-01 2.689392268657684326e-01 5.047996044158935547e-01 5.039989352226257324e-01 5.276873707771301270e-01
3.619045913219451904e-01 4.161349534988403320e-01 3.946429491043090820e-01 3.552509546279907227e-01 2.841724753379821777e-01 4.960508048534393311e-01 2.689392268657684326e-01 5.047996044158935547e-01 1.555174589157104492e-01 5.003401637077331543e-01
3.778297901153564453e-01 7.167491912841796875e-01 3.946429491043090820e-01 6.657531261444091797e-01 5.604742765426635742e-01 4.960508048534393311e-01 3.646400868892669678e-01 5.047996044158935547e-01 2.642016112804412842e-01 4.650457203388214111e-01
1.890903562307357788e-01 8.955298662185668945e-01 3.946429491043090820e-01 4.815655946731567383e-01 2.841724753379821777e-01 5.640009045600891113e-01 3.646400868892669678e-01 5.047996044158935547e-01 1.053148359060287476e-01 6.704382896423339844e-01
5.036702156066894531e-01 8.269324898719787598e-01 3.946429491043090820e-01 6.483784914016723633e-01 4.805975258350372314e-01 3.370000123977661133e-01 5.774379968643188477e-01 5.047996044158935547e-01 3.409838080406188965e-01 3.981014788150787354e-01
5.082943439483642578e-01 8.186576962471008301e-01 4.589622914791107178e-01 8.383059501647949219e-01 3.919376134872436523e-01 2.039489895105361938e-01 4.598083794116973877e-01 5.047996044158935547e-01 6.430612802505493164e-01 8.041078448295593262e-01
5.224474668502807617e-01 8.052569627761840820e-01 5.126910209655761719e-01 7.231191396713256836e-01 4.653472304344177246e-01 7.764349579811096191e-01 6.696121692657470703e-01 5.047996044158935547e-01 8.152368664741516113e-01 6.916710138320922852e-01
5.224474668502807617e-01 5.980320572853088379e-01 7.616518735885620117e-01 7.231191396713256836e-01 3.666124641895294189e-01 4.859552383422851562e-01 7.818720936775207520e-01 5.047996044158935547e-01 8.152368664741516113e-01 8.307974338531494141e-01
7.250223755836486816e-01 4.366556704044342041e-01 3.420819938182830811e-01 3.778086304664611816e-01 6.829055547714233398e-01 4.824885725975036621e-01 3.530077040195465088e-01 5.047996044158935547e-01 6.217624545097351074e-01 7.410888075828552246e-01
4.241006672382354736e-01 2.067092508077621460e-01 6.851295232772827148e-01 3.778086304664611816e-01 7.650862336158752441e-01 7.861149907112121582e-01 4.988733828067779541e-01 5.047996044158935547e-01 3.289533853530883789e-01 6.100231409072875977e-01
8.398048877716064453e-01 5.697581768035888672e-01 5.741576552391052246e-01 6.124868988990783691e-01 5.244079828262329102e-01 5.737221837043762207e-01 5.128167867660522461e-01 5.047996044158935547e-01 5.780534744262695312e-01 6.949850916862487793e-01
8.398048877716064453e-01 3.654247820377349854e-01 3.925925493240356445e-01 4.702671170234680176e-01 5.566963553428649902e-01 4.350673854351043701e-01 4.598083794116973877e-01 5.047996044158935547e-01 4.651392698287963867e-01 3.675432801246643066e-01
3.956554532051086426e-01 3.264942467212677002e-01 5.126910209655761719e-01 4.573386907577514648e-01 3.973014950752258301e-01 4.350673854351043701e-01 4.598083794116973877e-01 5.047996044158935547e-01 3.484576642513275146e-01 6.953674554824829102e-01
2.341919094324111938e-01 4.314803481101989746e-01 4.238373339176177979e-01 4.702671170234680176e-01 4.243870377540588379e-01 6.009125113487243652e-01 4.736919701099395752e-01 5.047996044158935547e-01 3.317018449306488037e-01 6.096373200416564941e-01
2.185951471328735352e-01 1.006359905004501343e-01 4.238373339176177979e-01 4.702671170234680176e-01 4.243870377540588379e-01 3.111590445041656494e-01 4.736919701099395752e-01 5.047996044158935547e-01 4.049818217754364014e-01 3.923266232013702393e-01
2.690285444259643555e-01 9.041223675012588501e-02 4.238373339176177979e-01 4.573386907577514648e-01 5.039864182472229004e-01 4.213054478168487549e-01 4.736919701099395752e-01 5.047996044158935547e-01 4.918068647384643555e-01 5.343200564384460449e-01
3.322744965553283691e-01 5.489323139190673828e-01 4.238373339176177979e-01 4.702671170234680176e-01 4.243870377540588379e-01 4.881422817707061768e-01 4.736919701099395752e-01 5.047996044158935547e-01 3.328872323036193848e-01 4.776186943054199219e-01
2.185951471328735352e-01 3.838522136211395264e-01 2.666189670562744141e-01 4.573386907577514648e-01 5.039864182472229004e-01 4.213054478168487549e-01 4.736919701099395752e-01 5.047996044158935547e-01 8.308900594711303711e-01 7.107630968093872070e-01
3.956554532051086426e-01 4.205677509307861328e-01 2.666189670562744141e-01 4.573386907577514648e-01 5.039864182472229004e-01 5.844597220420837402e-01 4.736919701099395752e-01 5.047996044158935547e-01 6.604250669479370117e-01 7.462924718856811523e-01
1.466968208551406860e-01 5.005221366882324219e-01 6.033950448036193848e-01 6.247518658638000488e-01 4.243870377540588379e-01 5.611767768859863281e-01 6.483589410781860352e-01 5.047996044158935547e-01 5.510343909263610840e-01 5.429486632347106934e-01
5.264649391174316406e-01 8.491916656494140625e-01 6.033950448036193848e-01 7.677156925201416016e-01 6.321424841880798340e-01 5.550602674484252930e-01 6.609696745872497559e-01 5.047996044158935547e-01 6.671020388603210449e-01 3.644925653934478760e-01
5.264649391174316406e-01 5.281261801719665527e-01 3.420819938182830811e-01 6.379824280738830566e-01 6.940662264823913574e-01 5.201267004013061523e-01 4.598083794116973877e-01 5.047996044158935547e-01 5.365529060363769531e-01 5.250757932662963867e-01
4.499053657054901123e-01 5.085539221763610840e-01 6.851295232772827148e-01 7.677156925201416016e-01 8.474742770195007324e-01 5.550602674484252930e-01 8.144788146018981934e-01 5.047996044158935547e-01 5.265078544616699219e-01 3.947249650955200195e-01
3.393999636173248291e-01 4.618681967258453369e-01 2.666189670562744141e-01 4.702671170234680176e-01 5.841168761253356934e-01 5.201267004013061523e-01 6.818346977233886719e-01 5.047996044158935547e-01 7.030257582664489746e-01 2.683153152465820312e-01
6.890355348587036133e-01 7.608919143676757812e-01 6.369500756263732910e-01 6.247518658638000488e-01 7.818810343742370605e-01 8.779345154762268066e-01 8.144788146018981934e-01 5.047996044158935547e-01 5.928094983100891113e-01 3.008359968662261963e-01
7.949894666671752930e-01 7.246073484420776367e-01 6.369500756263732910e-01 6.124868988990783691e-01 7.442879676818847656e-01 8.330429792404174805e-01 6.609696745872497559e-01 5.047996044158935547e-01 7.409117221832275391e-01 4.296679198741912842e-01
8.730188012123107910e-01 7.669215202331542969e-01 7.616518735885620117e-01 6.124868988990783691e-01 8.722664117813110352e-01 9.036532640457153320e-01 7.745448946952819824e-01 5.047996044158935547e-01 8.219287991523742676e-01 5.719503164291381836e-01
8.730188012123107910e-01 8.610622286796569824e-01 6.851295232772827148e-01 6.124868988990783691e-01 6.986855864524841309e-01 8.319552540779113770e-01 7.808503508567810059e-01 5.047996044158935547e-01 8.219287991523742676e-01 7.780735492706298828e-01
8.730188012123107910e-01 8.011137843132019043e-01 6.369500756263732910e-01 3.778086304664611816e-01 7.400779128074645996e-01 9.251921176910400391e-01 7.808503508567810059e-01 5.047996044158935547e-01 7.422685027122497559e-01 7.928376793861389160e-01
8.478162884712219238e-01 3.636213541030883789e-01 3.420819938182830811e-01 5.989657640457153320e-01 6.977235674858093262e-01 8.773244619369506836e-01 3.026967048645019531e-01 5.047996044158935547e-01 7.235398292541503906e-01 9.160548448562622070e-01
4.973372817039489746e-01 1.749121844768524170e-01 4.015269875526428223e-01 3.778086304664611816e-01 5.431483983993530273e-01 6.485876441001892090e-01 6.098368763923645020e-01 5.047996044158935547e-01 4.702297449111938477e-01 5.425430536270141602e-01
4.973372817039489746e-01 7.023571431636810303e-02 2.420942187309265137e-01 3.901049494743347168e-01 1.995613276958465576e-01 4.976796805858612061e-01 3.145991861820220947e-01 5.047996044158935547e-01 2.145892083644866943e-01 2.740964889526367188e-01
4.973372817039489746e-01 2.634536325931549072e-01 2.420942187309265137e-01 2.630048096179962158e-01 1.384531110525131226e-01 3.807016909122467041e-01 4.172739982604980469e-01 5.047996044158935547e-01 4.461668729782104492e-01 5.889047384262084961e-01
4.245475232601165771e-01 4.020926952362060547e-01 2.866884768009185791e-01 4.573386907577514648e-01 1.813152283430099487e-01 3.807016909122467041e-01 4.172739982604980469e-01 5.047996044158935547e-01 2.133983522653579712e-01 2.903524339199066162e-01
3.329791426658630371e-01 3.264439702033996582e-01 1.825676560401916504e-01 3.312337696552276611e-01 1.384531110525131226e-01 4.754826724529266357e-01 3.145991861820220947e-01 5.047996044158935547e-01 3.116871416568756104e-01 4.936101436614990234e-01
2.341919094324111938e-01 3.283153772354125977e-01 4.238373339176177979e-01 3.552509546279907227e-01 1.671280860900878906e-01 4.754826724529266357e-01 4.172739982604980469e-01 5.047996044158935547e-01 1.556028723716735840e-01 4.570536017417907715e-01
3.728833794593811035e-01 5.254410207271575928e-02 3.954835534095764160e-01 3.312337696552276611e-01 2.084417045116424561e-01 4.075699150562286377e-01 4.172739982604980469e-01 5.047996044158935547e-01 9.669948369264602661e-02 3.508325815200805664e-01
1.158953309059143066e-01 9.103550761938095093e-02 2.436739206314086914e-01 3.312337696552276611e-01 2.084417045116424561e-01 2.138079106807708740e-01 4.736919701099395752e-01 5.047996044158935547e-01 2.098800241947174072e-01 2.921437025070190430e-01
1.466968208551406860e-01 4.038678407669067383e-01 2.666189670562744141e-01 3.312337696552276611e-01 1.671280860900878906e-01 3.047386109828948975e-01 4.736919701099395752e-01 5.047996044158935547e-01 1.630026698112487793e-01 2.284730374813079834e-01
2.185951471328735352e-01 1.851792186498641968e-01 2.666189670562744141e-01 3.312337696552276611e-01 2.084417045116424561e-01 2.967407405376434326e-01 4.598083794116973877e-01 5.047996044158935547e-01 1.432404220104217529e-01 1.477540284395217896e-01
3.770839571952819824e-01 3.161832690238952637e-01 3.420819938182830811e-01 7.583158016204833984e-01 4.582476317882537842e-01 1.504661738872528076e-01 3.518161773681640625e-01 5.047996044158935547e-01 5.065790414810180664e-01 2.461637258529663086e-01
2.185951471328735352e-01 5.125061273574829102e-01 2.666189670562744141e-01 6.124868988990783691e-01 2.662743031978607178e-01 2.276974171400070190e-01 4.736919701099395752e-01 5.047996044158935547e-01 6.326274275779724121e-01 4.085316061973571777e-01
5.224474668502807617e-01 1.836761832237243652e-01 6.851295232772827148e-01 6.124868988990783691e-01 2.662743031978607178e-01 6.099215149879455566e-01 6.672676801681518555e-01 5.047996044158935547e-01 7.297627329826354980e-01 5.545393228530883789e-01
5.014087557792663574e-01 1.499560773372650146e-01 8.204753994941711426e-01 7.231191396713256836e-01 4.087532758712768555e-01 7.636850476264953613e-01 6.497213244438171387e-01 5.047996044158935547e-01 6.335797309875488281e-01 8.941423892974853516e-01
7.949894666671752930e-01 4.631565511226654053e-01 6.851295232772827148e-01 6.247518658638000488e-01 7.600762844085693359e-01 8.982199430465698242e-01 4.988733828067779541e-01 5.047996044158935547e-01 4.556750059127807617e-01 7.102084159851074219e-01
7.949894666671752930e-01 3.303479254245758057e-01 6.851295232772827148e-01 6.124868988990783691e-01 6.186095476150512695e-01 6.462825536727905273e-01 4.988733828067779541e-01 5.047996044158935547e-01 6.200960278511047363e-01 4.933993518352508545e-01
8.730188012123107910e-01 6.769102811813354492e-01 6.369500756263732910e-01 6.124868988990783691e-01 6.186095476150512695e-01 5.290218591690063477e-01 4.988733828067779541e-01 5.047996044158935547e-01 6.123051643371582031e-01 8.779405951499938965e-01
7.949894666671752930e-01 3.809244930744171143e-01 3.420819938182830811e-01 4.573386907577514648e-01 5.375902056694030762e-01 5.497762560844421387e-01 4.598083794116973877e-01 5.047996044158935547e-01 7.182444334030151367e-01 7.980586886405944824e-01
7.609549164772033691e-01 4.835394024848937988e-01 2.953946292400360107e-01 6.745762825012207031e-01 5.478517413139343262e-01 4.397694766521453857e-01 5.132344961166381836e-01 5.047996044158935547e-01 6.270285248756408691e-01 9.163472056388854980e-01
7.609549164772033691e-01 4.629416465759277344e-01 5.616253614425659180e-01 5.989657640457153320e-01 5.584689974784851074e-01 7.121125459671020508e-01 3.900741934776306152e-01 5.047996044158935547e-01 6.002596616744995117e-01 7.330082654953002930e-01
5.328814387321472168e-01 6.919202208518981934e-01 5.616253614425659180e-01 5.134770870208740234e-01 5.231182575225830078e-01 7.349269986152648926e-01 3.900741934776306152e-01 5.047996044158935547e-01 7.384530901908874512e-01 6.907353401184082031e-01
4.004937112331390381e-01 3.547702431678771973e-01 2.725810408592224121e-01 5.134770870208740234e-01 6.118524074554443359e-01 2.993711531162261963e-01 2.555322051048278809e-01 5.047996044158935547e-01 2.381908744573593140e-01 5.454259514808654785e-01
6.352941393852233887e-01 2.688985764980316162e-01 2.420942187309265137e-01 5.134770870208740234e-01 2.610282897949218750e-01 1.811916381120681763e-01 3.145991861820220947e-01 5.047996044158935547e-01 5.301984548568725586e-01 4.990701079368591309e-01
2.750685811042785645e-01 2.031525820493698120e-01 1.825676560401916504e-01 3.327849209308624268e-01 2.040182948112487793e-01 4.866887927055358887e-01 3.145991861820220947e-01 6.782932877540588379e-01 2.578222751617431641e-01 6.665247082710266113e-01
5.915717482566833496e-01 1.677469909191131592e-01 3.669981658458709717e-01 4.590750038623809814e-01 6.364766359329223633e-01 1.807643324136734009e-01 5.172803401947021484e-01 5.047996044158935547e-01 2.578222751617431641e-01 1.688509881496429443e-01
2.750685811042785645e-01 2.582326233386993408e-01 3.946429491043090820e-01 4.590750038623809814e-01 6.364766359329223633e-01 1.807643324136734009e-01 5.172803401947021484e-01 5.047996044158935547e-01 1.053985655307769775e-01 3.955559730529785156e-01
4.925461113452911377e-01 3.815302625298500061e-02 5.398374199867248535e-01 3.552509546279907227e-01 5.595579743385314941e-01 2.626924812793731689e-01 5.172803401947021484e-01 5.047996044158935547e-01 2.500417828559875488e-01 1.153971925377845764e-01
3.119523525238037109e-01 4.417741000652313232e-01 5.398374199867248535e-01 3.552509546279907227e-01 3.910517692565917969e-01 2.951599955558776855e-01 5.172803401947021484e-01 5.047996044158935547e-01 9.856235980987548828e-02 4.584077000617980957e-01
5.244346261024475098e-01 3.104329407215118408e-01 5.398374199867248535e-01 3.552509546279907227e-01 3.876914083957672119e-01 5.055587887763977051e-01 4.172739982604980469e-01 5.047996044158935547e-01 1.072799190878868103e-01 1.591340750455856323e-01
3.778297901153564453e-01 8.201103806495666504e-01 2.436739206314086914e-01 7.343561649322509766e-01 5.069136619567871094e-01 5.055587887763977051e-01 3.646400868892669678e-01 5.047996044158935547e-01 5.256074666976928711e-01 5.985935926437377930e-01
1.890903562307357788e-01 3.385063409805297852e-01 3.946429491043090820e-01 3.312337696552276611e-01 2.424510866403579712e-01 2.994944453239440918e-01 3.646400868892669678e-01 5.047996044158935547e-01 3.307936489582061768e-01 6.704382896423339844e-01
4.499053657054901123e-01 5.456772446632385254e-01 2.666189670562744141e-01 4.957701265811920166e-01 4.272501766681671143e-01 4.290080964565277100e-01 5.637708306312561035e-01 5.047996044158935547e-01 2.413908392190933228e-01 6.329079866409301758e-01
2.185951471328735352e-01 2.134459316730499268e-01 2.666189670562744141e-01 4.815655946731567383e-01 2.957721054553985596e-01 3.370000123977661133e-01 3.646400868892669678e-01 5.047996044158935547e-01 1.692596226930618286e-01 6.450879573822021484e-01
4.472492933273315430e-01 4.795775711536407471e-01 6.033950448036193848e-01 7.231191396713256836e-01 5.812720656394958496e-01 3.256183564662933350e-01 6.795355081558227539e-01 5.047996044158935547e-01 6.675562262535095215e-01 5.735223889350891113e-01
2.089094966650009155e-01 5.348943471908569336e-01 6.851295232772827148e-01 4.815655946731567383e-01 4.444734454154968262e-01 4.364888668060302734e-01 4.571820199489593506e-01 5.047996044158935547e-01 4.479396045207977295e-01 5.280200242996215820e-01
4.766871929168701172e-01 4.883685111999511719e-01 3.420819938182830811e-01 4.702671170234680176e-01 7.169794440269470215e-01 3.063284158706665039e-01 4.598083794116973877e-01 5.047996044158935547e-01 4.479396045207977295e-01 4.665938913822174072e-01
4.217809736728668213e-01 1.246449947357177734e-01 6.851295232772827148e-01 6.247518658638000488e-01 5.759074091911315918e-01 2.312440127134323120e-01 6.483589410781860352e-01 5.047996044158935547e-01 4.189462661743164062e-01 3.003833293914794922e-01
8.250926733016967773e-01 7.005068063735961914e-01 6.033950448036193848e-01 7.583158016204833984e-01 5.743036270141601562e-01 2.312440127134323120e-01 6.609696745872497559e-01 5.047996044158935547e-01 8.237630128860473633e-01 6.149101257324218750e-01
7.949894666671752930e-01 7.576475739479064941e-01 6.851295232772827148e-01 6.124868988990783691e-01 8.195356726646423340e-01 6.394382119178771973e-01 6.483589410781860352e-01 5.047996044158935547e-01 8.237630128860473633e-01 7.744340896606445312e-01
7.949894666671752930e-01 6.104828119277954102e-01 6.851295232772827148e-01 6.124868988990783691e-01 8.195356726646423340e-01 8.361283540725708008e-01 8.144788146018981934e-01 5.047996044158935547e-01 8.887567520141601562e-01 6.559603214263916016e-01
7.949894666671752930e-01 8.251765966415405273e-01 6.369500756263732910e-01 6.124868988990783691e-01 8.195356726646423340e-01 8.803094625473022461e-01 6.483589410781860352e-01 5.047996044158935547e-01 7.409117221832275391e-01 8.651455044746398926e-01
8.478162884712219238e-01 8.545956015586853027e-01 7.865538001060485840e-01 7.954012155532836914e-01 9.557996392250061035e-01 9.819341897964477539e-01 7.745448946952819824e-01 5.047996044158935547e-01 7.409117221832275391e-01 9.090650081634521484e-01
8.478162884712219238e-01 9.432173371315002441e-01 8.428035378456115723e-01 7.954012155532836914e-01 8.907065391540527344e-01 9.521611332893371582e-01 8.690914511680603027e-01 5.047996044158935547e-01 8.155378699302673340e-01 9.379386305809020996e-01
9.022453427314758301e-01 8.837028741836547852e-01 5.616253614425659180e-01 5.134770870208740234e-01 6.484387516975402832e-01 8.630773425102233887e-01 6.626824140548706055e-01 5.047996044158935547e-01 7.085769176483154297e-01 8.412774801254272461e-01
6.352941393852233887e-01 6.379504203796386719e-01 3.788659870624542236e-01 5.134770870208740234e-01 4.863328933715820312e-01 6.564547419548034668e-01 4.561890065670013428e-01 5.047996044158935547e-01 5.529113411903381348e-01 7.969166636466979980e-01
6.352941393852233887e-01 2.830319404602050781e-01 3.940492868423461914e-01 7.050932049751281738e-01 3.891503810882568359e-01 7.276382446289062500e-01 3.145991861820220947e-01 6.782932877540588379e-01 6.813179850578308105e-01 8.082562088966369629e-01
5.673852562904357910e-01 2.300182133913040161e-01 1.825676560401916504e-01 6.084266304969787598e-01 1.384531110525131226e-01 4.961940646171569824e-01 5.358287692070007324e-01 6.782932877540588379e-01 5.144253969192504883e-01 4.428723454475402832e-01
6.601467728614807129e-01 1.029059067368507385e-01 3.112584054470062256e-01 3.327849209308624268e-01 2.438285797834396362e-01 3.793015778064727783e-01 5.172803401947021484e-01 6.782932877540588379e-01 2.643280327320098877e-01 3.230077028274536133e-01
5.915717482566833496e-01 2.142214179039001465e-01 4.485039114952087402e-01 3.327849209308624268e-01 2.438285797834396362e-01 1.807643324136734009e-01 5.172803401947021484e-01 5.047996044158935547e-01 2.643280327320098877e-01 8.314455300569534302e-02
5.244346261024475098e-01 4.728605747222900391e-01 4.485039114952087402e-01 4.350579380989074707e-01 2.438285797834396362e-01 1.807643324136734009e-01 5.172803401947021484e-01 5.047996044158935547e-01 6.478716135025024414e-01 3.476194441318511963e-01
5.244346261024475098e-01 3.177653551101684570e-01 5.398374199867248535e-01 3.778086304664611816e-01 5.233013629913330078e-01 2.626924812793731689e-01 5.172803401947021484e-01 5.047996044158935547e-01 2.978810369968414307e-01 2.391398847103118896e-01
4.920049607753753662e-01 6.264274120330810547e-01 5.600189566612243652e-01 4.573386907577514648e-01 3.536297380924224854e-01 5.379846096038818359e-01 2.145075798034667969e-01 5.047996044158935547e-01 1.977304667234420776e-01 5.476888418197631836e-01
3.619045913219451904e-01 1.491212397813796997e-01 5.779317021369934082e-01 3.778086304664611816e-01 2.166351824998855591e-01 3.647384345531463623e-01 4.609836041927337646e-01 5.047996044158935547e-01 1.988559514284133911e-01 3.692891895771026611e-01
3.322744965553283691e-01 1.300056427717208862e-01 6.070873141288757324e-01 3.778086304664611816e-01 1.996141225099563599e-01 2.194425165653228760e-01 4.609836041927337646e-01 5.047996044158935547e-01 4.057927727699279785e-01 3.692891895771026611e-01
2.750685811042785645e-01 5.282586812973022461e-01 2.436739206314086914e-01 3.778086304664611816e-01 2.465807497501373291e-01 6.637915372848510742e-01 3.145991861820220947e-01 5.047996044158935547e-01 4.057927727699279785e-01 5.256857872009277344e-01
2.750685811042785645e-01 4.243265390396118164e-01 2.436739206314086914e-01 5.008371472358703613e-01 3.536297380924224854e-01 3.100291192531585693e-01 3.026967048645019531e-01 5.047996044158935547e-01 2.768041491508483887e-01 5.279991030693054199e-01
2.750685811042785645e-01 6.226485967636108398e-01 4.825016558170318604e-01 2.630048096179962158e-01 2.841724753379821777e-01 2.096774131059646606e-01 3.026967048645019531e-01 5.047996044158935547e-01 1.607749611139297485e-01 3.961686491966247559e-01
3.595994710922241211e-01 4.863159656524658203e-01 4.825016558170318604e-01 5.008371472358703613e-01 5.233013629913330078e-01 5.055587887763977051e-01 5.033409595489501953e-01 5.047996044158935547e-01 1.053985655307769775e-01 5.877287387847900391e-01
3.931877017021179199e-01 7.187595367431640625e-01 4.291505813598632812e-01 5.008371472358703613e-01 3.536297380924224854e-01 3.942594528198242188e-01 2.145075798034667969e-01 5.047996044158935547e-01 2.144796103239059448e-01 4.371598660945892334e-01
3.619045913219451904e-01 6.266927123069763184e-01 3.946429491043090820e-01 5.008371472358703613e-01 3.536297380924224854e-01 5.218916535377502441e-01 2.555322051048278809e-01 5.047996044158935547e-01 2.144796103239059448e-01 2.775247097015380859e-01
3.528011739253997803e-01 4.152803421020507812e-01 5.779317021369934082e-01 7.116408348083496094e-01 3.536297380924224854e-01 5.876303911209106445e-01 3.900741934776306152e-01 5.047996044158935547e-01 2.144796103239059448e-01 3.236746490001678467e-01
2.750685811042785645e-01 1.748705208301544189e-01 5.779317021369934082e-01 5.008371472358703613e-01 4.591009318828582764e-01 4.192056357860565186e-01 5.180574059486389160e-01 5.047996044158935547e-01 2.362300157546997070e-01 4.370149970054626465e-01
2.750685811042785645e-01 1.748705208301544189e-01 3.946429491043090820e-01 4.968753159046173096e-01 4.955333173274993896e-01 4.192056357860565186e-01 2.555322051048278809e-01 5.047996044158935547e-01 3.835534155368804932e-01 5.682208538055419922e-01
2.750685811042785645e-01 4.387924671173095703e-01 3.112584054470062256e-01 3.778086304664611816e-01 4.147808849811553955e-01 2.949453592300415039e-01 4.448582231998443604e-01 5.047996044158935547e-01 2.642016112804412842e-01 5.682208538055419922e-01
2.750685811042785645e-01 1.921826750040054321e-01 3.112584054470062256e-01 4.573386907577514648e-01 4.147808849811553955e-01 2.949453592300415039e-01 5.602085590362548828e-01 5.047996044158935547e-01 3.816172480583190918e-01 6.205748319625854492e-01
3.619045913219451904e-01 3.919856846332550049e-01 3.112584054470062256e-01 3.778086304664611816e-01 4.147808849811553955e-01 4.660071730613708496e-01 4.448582231998443604e-01 5.047996044158935547e-01 2.642016112804412842e-01 5.889047384262084961e-01
5.595061182975769043e-01 3.620814681053161621e-01 4.589622914791107178e-01 3.778086304664611816e-01 4.147808849811553955e-01 2.553927302360534668e-01 3.381791114807128906e-01 5.047996044158935547e-01 4.066362082958221436e-01 5.889047384262084961e-01
5.818383693695068359e-01 2.600929141044616699e-01 5.225851535797119141e-01 5.989657640457153320e-01 6.685827374458312988e-01 5.067280530929565430e-01 2.896773219108581543e-01 5.047996044158935547e-01 4.066362082958221436e-01 2.018073797225952148e-01
3.619045913219451904e-01 3.343582749366760254e-01 5.779317021369934082e-01 3.778086304664611816e-01 7.309137582778930664e-01 2.892311811447143555e-01 5.988925695419311523e-01 5.047996044158935547e-01 3.919710218906402588e-01 2.641860842704772949e-01
2.750685811042785645e-01 5.292924046516418457e-01 3.946429491043090820e-01 5.008371472358703613e-01 7.309137582778930664e-01 2.436686158180236816e-01 4.448582231998443604e-01 5.047996044158935547e-01 3.686326146125793457e-01 4.204721152782440186e-01
4.920049607753753662e-01 4.405215978622436523e-01 4.291505813598632812e-01 5.008371472358703613e-01 6.364766359329223633e-01 4.033751487731933594e-01 7.111145853996276855e-01 5.047996044158935547e-01 5.060306787490844727e-01 2.908238470554351807e-01
3.619045913219451904e-01 2.115218490362167358e-01 3.946429491043090820e-01 3.778086304664611816e-01 6.364766359329223633e-01 4.033751487731933594e-01 4.448582231998443604e-01 5.047996044158935547e-01 5.142629742622375488e-01 2.053200304508209229e-01
3.619045913219451904e-01 1.921826750040054321e-01 3.112584054470062256e-01 3.778086304664611816e-01 5.378474593162536621e-01 2.603987753391265869e-01 4.448582231998443604e-01 5.047996044158935547e-01 2.642016112804412842e-01 1.535794138908386230e-01
