1.949123591184616089e-01 3.480108380317687988e-01 7.713963985443115234e-01 4.791177511215209961e-01 8.645668029785156250e-01 8.919517993927001953e-01 9.591125845909118652e-01 9.916222691535949707e-01 7.049466967582702637e-01 2.932918369770050049e-01
4.866821467876434326e-01 1.838977932929992676e-01 3.100262284278869629e-01 7.329902648925781250e-01 1.548920758068561554e-02 8.919517993927001953e-01 6.076903939247131348e-01 9.434540867805480957e-01 7.049466967582702637e-01 9.792020916938781738e-01
9.028972387313842773e-01 9.069647789001464844e-01 3.543482422828674316e-01 9.939484596252441406e-01 5.104639530181884766e-01 8.919517993927001953e-01 5.627079010009765625e-01 9.768106937408447266e-01 7.049466967582702637e-01 7.035062313079833984e-01
7.879012227058410645e-01 9.838178157806396484e-01 6.626167893409729004e-01 2.557188272476196289e-01 9.772456288337707520e-01 7.334452271461486816e-01 6.673914790153503418e-01 9.360964298248291016e-01 7.049466967582702637e-01 3.147211968898773193e-01
3.174366950988769531e-01 2.521566450595855713e-01 3.543482422828674316e-01 8.323485851287841797e-01 9.491242766380310059e-01 7.658669352531433105e-01 9.798706769943237305e-01 9.181845188140869141e-01 7.049466967582702637e-01 9.940617680549621582e-01
9.727502465248107910e-01 9.948217868804931641e-01 7.713963985443115234e-01 3.622029721736907959e-01 3.615028858184814453e-01 8.919517993927001953e-01 9.646348953247070312e-01 9.667195081710815430e-01 7.049466967582702637e-01 8.292368650436401367e-01
8.491147160530090332e-01 1.291338503360748291e-01 3.706590533256530762e-01 8.905624151229858398e-01 4.460430145263671875e-01 7.658669352531433105e-01 9.575394988059997559e-01 9.781554341316223145e-01 7.049466967582702637e-01 5.788320899009704590e-01
9.727502465248107910e-01 6.450096368789672852e-01 7.713963985443115234e-01 2.813801765441894531e-01 6.276448965072631836e-01 8.919517993927001953e-01 9.072963595390319824e-01 9.764359593391418457e-01 7.049466967582702637e-01 6.127377972006797791e-02
2.029007375240325928e-01 8.227983117103576660e-01 2.233690321445465088e-01 1.574340313673019409e-01 8.670754432678222656e-01 2.804785370826721191e-01 8.494314551353454590e-01 9.937651157379150391e-01 7.049466967582702637e-01 9.436029195785522461e-01
4.549769163131713867e-01 5.570169687271118164e-01 3.706590533256530762e-01 8.123407959938049316e-01 9.639949798583984375e-01 8.919517993927001953e-01 9.911224842071533203e-01 9.677758812904357910e-01 7.049466967582702637e-01 9.189198613166809082e-01
4.723103642463684082e-01 3.306654095649719238e-02 3.706590533256530762e-01 7.986383438110351562e-01 8.240334987640380859e-01 7.658669352531433105e-01 8.428490161895751953e-01 9.617537856101989746e-01 7.049466967582702637e-01 3.656249046325683594e-01
3.919062018394470215e-01 2.149185538291931152e-01 3.100262284278869629e-01 9.875311255455017090e-01 6.988426446914672852e-01 8.919517993927001953e-01 9.504479765892028809e-01 7.620041370391845703e-01 7.049466967582702637e-01 7.709852457046508789e-01
9.687804579734802246e-01 4.701647907495498657e-02 6.626167893409729004e-01 9.983339905738830566e-01 9.853318333625793457e-01 7.403469085693359375e-01 9.704466462135314941e-01 4.419663548469543457e-01 7.049466967582702637e-01 4.869728907942771912e-02
9.810081720352172852e-01 3.405202329158782959e-01 7.713963985443115234e-01 9.869491457939147949e-01 1.901145279407501221e-01 7.403469085693359375e-01 9.911224842071533203e-01 7.850248217582702637e-01 7.049466967582702637e-01 8.016678690910339355e-02
6.155804991722106934e-01 9.800515174865722656e-01 3.543482422828674316e-01 6.701701879501342773e-01 7.835363745689392090e-01 6.500380635261535645e-01 6.699138879776000977e-02 9.858242273330688477e-01 7.049466967582702637e-01 2.156910002231597900e-01
2.870099246501922607e-01 6.347271203994750977e-01 6.047861576080322266e-01 9.568544626235961914e-01 3.541550338268280029e-01 8.779852986335754395e-01 9.493258595466613770e-01 2.244603633880615234e-01 7.049466967582702637e-01 9.448991715908050537e-02
6.985327005386352539e-01 4.037051796913146973e-01 1.955594867467880249e-01 5.316876173019409180e-01 7.264917343854904175e-02 7.403469085693359375e-01 9.493258595466613770e-01 8.671340346336364746e-01 7.049466967582702637e-01 1.416770666837692261e-01
4.536055028438568115e-01 5.931398868560791016e-01 3.100262284278869629e-01 5.689637660980224609e-01 3.726819762960076332e-03 7.403469085693359375e-01 8.581692576408386230e-01 9.140747785568237305e-01 7.049466967582702637e-01 9.713171720504760742e-01
7.490428090095520020e-01 6.232216358184814453e-01 3.100262284278869629e-01 6.258221268653869629e-01 7.364615052938461304e-02 8.779852986335754395e-01 9.878754019737243652e-01 4.005762040615081787e-01 7.049466967582702637e-01 2.918130345642566681e-02
4.530569314956665039e-01 2.565988004207611084e-01 3.543482422828674316e-01 4.156341031193733215e-02 1.320813149213790894e-01 8.779852986335754395e-01 7.784223556518554688e-01 8.360102772712707520e-01 7.049466967582702637e-01 8.623281717300415039e-01
9.393566250801086426e-01 1.124718040227890015e-01 7.713963985443115234e-01 1.898533999919891357e-01 3.584489226341247559e-01 8.919517993927001953e-01 8.992570638656616211e-01 9.010607600212097168e-01 7.049466967582702637e-01 9.442921280860900879e-01
7.952874898910522461e-01 1.124718040227890015e-01 7.713963985443115234e-01 4.912350699305534363e-02 1.571543142199516296e-02 7.658669352531433105e-01 9.878754019737243652e-01 8.213912844657897949e-01 7.049466967582702637e-01 9.764495491981506348e-01
8.054590970277786255e-02 2.199956402182579041e-02 3.100262284278869629e-01 3.607378602027893066e-01 4.588993191719055176e-01 8.919517993927001953e-01 7.546734809875488281e-01 4.551347196102142334e-01 7.049466967582702637e-01 5.502595901489257812e-01
4.723103642463684082e-01 2.867133021354675293e-01 3.100262284278869629e-01 4.363286197185516357e-01 1.072116121649742126e-01 5.048065185546875000e-01 9.287172555923461914e-01 2.651253342628479004e-01 7.049466967582702637e-01 6.929073482751846313e-02
9.494087100028991699e-01 4.183183982968330383e-02 6.047861576080322266e-01 4.220485389232635498e-01 4.285940527915954590e-02 8.779852986335754395e-01 8.134850263595581055e-01 1.044313982129096985e-02 7.049466967582702637e-01 2.241687150672078133e-03
2.870298363268375397e-02 4.635652154684066772e-02 3.543482422828674316e-01 3.890337944030761719e-01 6.309917569160461426e-02 7.403469085693359375e-01 9.591125845909118652e-01 8.415649086236953735e-02 7.049466967582702637e-01 7.347784042358398438e-01
6.090067028999328613e-01 6.671885251998901367e-01 6.047861576080322266e-01 1.191976363770663738e-03 1.288281530141830444e-01 4.877329245209693909e-02 8.306482434272766113e-01 1.959565281867980957e-01 7.049466967582702637e-01 9.989652633666992188e-01
4.797669053077697754e-01 5.745989680290222168e-01 3.100262284278869629e-01 3.991222009062767029e-02 1.951618818566203117e-03 2.071255296468734741e-01 9.049047231674194336e-01 1.059826277196407318e-02 7.049466967582702637e-01 7.329714298248291016e-01
9.473943710327148438e-02 7.804334163665771484e-01 1.955594867467880249e-01 2.609829045832157135e-02 1.516826450824737549e-01 2.071255296468734741e-01 6.319607496261596680e-01 9.807864576578140259e-02 7.049466967582702637e-01 8.901643753051757812e-01
2.124791294336318970e-01 1.788275241851806641e-01 1.955594867467880249e-01 2.779049426317214966e-02 9.420049935579299927e-02 4.877329245209693909e-02 2.917740345001220703e-01 3.288461640477180481e-02 7.049466967582702637e-01 9.301967024803161621e-01
1.637258753180503845e-02 7.693305015563964844e-01 1.955594867467880249e-01 2.586735412478446960e-02 6.186136603355407715e-01 4.877329245209693909e-02 9.049047231674194336e-01 1.618392579257488251e-02 7.049466967582702637e-01 1.651301383972167969e-01
1.637258753180503845e-02 2.306004017591476440e-01 1.955594867467880249e-01 1.766024678945541382e-01 9.971548318862915039e-01 4.877329245209693909e-02 8.571771383285522461e-01 1.447898894548416138e-02 7.049466967582702637e-01 7.685630023479461670e-02
1.637258753180503845e-02 8.646283745765686035e-01 1.955594867467880249e-01 9.778036475181579590e-01 7.919259071350097656e-01 4.877329245209693909e-02 2.966684699058532715e-01 3.948025114368647337e-04 7.049466967582702637e-01 2.205516211688518524e-02
3.033649623394012451e-01 2.743409276008605957e-01 1.955594867467880249e-01 3.235955163836479187e-02 9.475510716438293457e-01 4.877329245209693909e-02 8.962333798408508301e-01 2.190376631915569305e-03 7.049466967582702637e-01 9.488717317581176758e-01
8.611816167831420898e-01 1.065086796879768372e-01 7.713963985443115234e-01 3.100164467468857765e-04 6.303166598081588745e-02 4.877329245209693909e-02 3.869892954826354980e-01 3.763305488973855972e-03 3.308524489402770996e-01 5.129722878336906433e-02
8.263383060693740845e-02 6.491216272115707397e-02 3.543482422828674316e-01 1.742922700941562653e-02 8.687102198600769043e-01 4.877329245209693909e-02 6.034780740737915039e-01 4.960469901561737061e-03 3.308524489402770996e-01 4.524144828319549561e-01
4.822575151920318604e-01 9.136472344398498535e-01 7.713963985443115234e-01 5.279610864818096161e-03 6.672737002372741699e-01 4.877329245209693909e-02 7.293942570686340332e-01 1.219616155140101910e-03 3.308524489402770996e-01 1.106528565287590027e-01
8.611816167831420898e-01 9.615548253059387207e-01 7.713963985443115234e-01 1.346429716795682907e-02 1.911651939153671265e-01 4.877329245209693909e-02 2.686078548431396484e-01 1.287605962716042995e-03 7.049466967582702637e-01 6.501828432083129883e-01
1.649091541767120361e-01 9.038793295621871948e-02 7.713963985443115234e-01 1.824556291103363037e-02 2.136940062046051025e-01 4.877329245209693909e-02 2.654915116727352142e-02 1.088803038001060486e-01 7.049466967582702637e-01 8.766479492187500000e-01
6.330937147140502930e-01 8.615494705736637115e-03 3.543482422828674316e-01 2.813084982335567474e-03 1.811827123165130615e-01 4.877329245209693909e-02 2.686078548431396484e-01 1.183186192065477371e-03 7.049466967582702637e-01 8.239811658859252930e-01
3.750139474868774414e-01 1.715153083205223083e-02 3.543482422828674316e-01 2.155645936727523804e-02 9.749631285667419434e-01 7.925961911678314209e-02 2.686078548431396484e-01 2.213862836360931396e-01 6.726030111312866211e-01 5.655832886695861816e-01
4.051065146923065186e-01 5.133241042494773865e-02 3.543482422828674316e-01 2.652214374393224716e-03 2.025338411331176758e-01 7.925961911678314209e-02 3.034805357456207275e-01 9.913880228996276855e-01 6.726030111312866211e-01 3.105116188526153564e-01
1.589800864458084106e-01 3.335470566526055336e-03 3.543482422828674316e-01 9.774604812264442444e-03 4.161868393421173096e-01 7.925961911678314209e-02 9.206777215003967285e-01 4.181683063507080078e-02 6.726030111312866211e-01 9.424282908439636230e-01
7.157779932022094727e-01 3.723402693867683411e-02 7.713963985443115234e-01 5.945883393287658691e-01 1.420254111289978027e-01 7.925961911678314209e-02 5.751090645790100098e-01 6.521388292312622070e-01 6.726030111312866211e-01 9.262835383415222168e-01
4.051065146923065186e-01 2.732000872492790222e-02 3.543482422828674316e-01 5.180580914020538330e-02 1.632003337144851685e-01 7.925961911678314209e-02 3.361851274967193604e-01 5.780652165412902832e-01 6.726030111312866211e-01 7.114591076970100403e-03
9.005402326583862305e-01 7.397206965833902359e-03 7.713963985443115234e-01 5.141366124153137207e-01 6.736301630735397339e-02 7.925961911678314209e-02 5.693388581275939941e-01 1.010750010609626770e-01 6.726030111312866211e-01 8.413952589035034180e-01
9.005402326583862305e-01 1.155363842844963074e-01 7.713963985443115234e-01 1.924845725297927856e-01 6.572854518890380859e-02 7.925961911678314209e-02 5.633434057235717773e-01 8.371958732604980469e-01 6.726030111312866211e-01 9.852796792984008789e-01
9.349260330200195312e-01 1.782044768333435059e-02 3.543482422828674316e-01 6.757621169090270996e-01 1.196466851979494095e-03 7.925961911678314209e-02 4.161581397056579590e-01 3.807092830538749695e-02 1.643101572990417480e-01 9.992946386337280273e-01
7.308335304260253906e-01 1.646174304187297821e-02 3.543482422828674316e-01 7.637197375297546387e-01 8.198317885398864746e-02 7.925961911678314209e-02 4.664388597011566162e-01 2.797984182834625244e-01 1.643101572990417480e-01 9.954147338867187500e-01
5.132546648383140564e-02 4.846679512411355972e-04 2.233690321445465088e-01 5.725804567337036133e-01 7.010086625814437866e-02 1.922391653060913086e-01 2.030107229948043823e-01 4.198075830936431885e-02 1.643101572990417480e-01 2.952757179737091064e-01
3.827823102474212646e-01 1.687676832079887390e-02 3.543482422828674316e-01 3.467801809310913086e-01 9.654690027236938477e-01 7.925961911678314209e-02 3.433270156383514404e-01 1.053029596805572510e-01 3.706590533256530762e-01 9.713465571403503418e-01
7.157779932022094727e-01 9.631737135350704193e-03 7.713963985443115234e-01 9.222745299339294434e-01 3.807329048868268728e-04 6.444367170333862305e-01 9.117244184017181396e-02 6.140335202217102051e-01 1.643101572990417480e-01 9.292632341384887695e-01
2.959874570369720459e-01 3.606178760528564453e-01 7.713963985443115234e-01 5.287221074104309082e-01 7.586749196052551270e-01 6.444367170333862305e-01 4.931452572345733643e-01 3.865268528461456299e-01 1.643101572990417480e-01 8.157730102539062500e-03
5.201309323310852051e-01 1.874151974916458130e-01 7.713963985443115234e-01 5.051460489630699158e-02 2.982113801408559084e-04 9.493430852890014648e-01 3.686549365520477295e-01 2.975391410291194916e-02 1.643101572990417480e-01 6.347510218620300293e-01
3.276594579219818115e-01 6.755947470664978027e-01 3.543482422828674316e-01 1.703494973480701447e-02 7.867730855941772461e-01 8.595561981201171875e-02 1.174718961119651794e-01 3.939753472805023193e-01 1.643101572990417480e-01 5.003557354211807251e-02
7.537542283535003662e-02 1.966210007667541504e-01 7.713963985443115234e-01 9.717854857444763184e-01 4.728196654468774796e-03 8.595561981201171875e-02 3.115613162517547607e-01 9.518189430236816406e-01 4.439916610717773438e-01 4.185414910316467285e-01
8.607935905456542969e-01 3.852800698950886726e-03 7.713963985443115234e-01 1.222434565424919128e-01 9.978085160255432129e-01 8.595561981201171875e-02 3.031406924128532410e-02 7.104579806327819824e-01 6.726030111312866211e-01 8.615855574607849121e-01
8.607935905456542969e-01 5.584858357906341553e-02 7.713963985443115234e-01 2.460347302258014679e-02 2.476776689291000366e-01 8.595561981201171875e-02 1.287061870098114014e-01 8.915336728096008301e-01 1.643101572990417480e-01 9.872494339942932129e-01
7.081500291824340820e-01 7.883217185735702515e-02 3.543482422828674316e-01 8.103890717029571533e-02 9.179933071136474609e-01 8.595561981201171875e-02 8.157765120267868042e-02 3.488241136074066162e-02 6.726030111312866211e-01 9.065358042716979980e-01
7.081500291824340820e-01 1.712086051702499390e-02 3.543482422828674316e-01 2.652352452278137207e-01 8.090732097625732422e-01 8.595561981201171875e-02 1.735206842422485352e-01 3.635378181934356689e-01 1.643101572990417480e-01 4.416790008544921875e-01
2.533960044384002686e-01 2.365525066852569580e-01 6.626167893409729004e-01 2.367754131555557251e-01 8.880702853202819824e-01 5.972658395767211914e-01 3.557506799697875977e-01 4.502429664134979248e-01 6.726030111312866211e-01 6.884077787399291992e-01
9.801754355430603027e-01 1.202530693262815475e-02 3.543482422828674316e-01 1.509019136428833008e-01 5.225070714950561523e-01 5.972658395767211914e-01 5.583636164665222168e-01 5.075994133949279785e-01 6.726030111312866211e-01 5.966531634330749512e-01
8.838759064674377441e-01 9.949214756488800049e-03 7.713963985443115234e-01 1.339181810617446899e-01 8.271736502647399902e-01 5.577622652053833008e-01 9.604265093803405762e-01 8.609662055969238281e-01 6.726030111312866211e-01 2.571477591991424561e-01
1.967883259057998657e-01 1.257221847772598267e-01 3.100262284278869629e-01 9.927520751953125000e-01 7.476978003978729248e-02 5.577622652053833008e-01 1.171916946768760681e-01 8.096291422843933105e-01 6.726030111312866211e-01 7.615080475807189941e-01
9.801754355430603027e-01 7.997379302978515625e-01 3.543482422828674316e-01 8.863763213157653809e-01 2.605795115232467651e-02 5.577622652053833008e-01 7.830163091421127319e-02 7.529447078704833984e-01 6.726030111312866211e-01 9.856123924255371094e-01
9.801754355430603027e-01 1.376330405473709106e-01 5.264432430267333984e-01 9.307231903076171875e-01 5.955110192298889160e-01 5.577622652053833008e-01 5.684995651245117188e-01 2.125674486160278320e-02 6.726030111312866211e-01 9.472970366477966309e-01
3.522124886512756348e-01 2.350079268217086792e-01 5.264432430267333984e-01 9.527454972267150879e-01 5.661035776138305664e-01 8.595561981201171875e-02 2.942540645599365234e-01 7.267595529556274414e-01 6.726030111312866211e-01 9.871342778205871582e-01
5.487630367279052734e-01 1.563472002744674683e-01 6.047861576080322266e-01 9.191483259201049805e-01 3.306301832199096680e-01 8.595561981201171875e-02 5.440003871917724609e-01 1.492915302515029907e-01 8.119130134582519531e-01 2.998560965061187744e-01
7.033396959304809570e-01 7.312759757041931152e-01 1.955594867467880249e-01 9.934141039848327637e-01 3.990938887000083923e-02 5.588219165802001953e-01 8.900920152664184570e-01 8.513139188289642334e-02 6.726030111312866211e-01 9.144611358642578125e-01
8.179377913475036621e-01 3.169808685779571533e-01 1.955594867467880249e-01 9.239281415939331055e-01 3.641379475593566895e-01 5.588219165802001953e-01 5.937287211418151855e-01 1.643663197755813599e-01 6.726030111312866211e-01 9.754722714424133301e-01
3.484306335449218750e-01 7.410066574811935425e-02 7.713963985443115234e-01 9.822965264320373535e-01 7.851098179817199707e-01 3.341812193393707275e-01 5.014349818229675293e-01 5.674629211425781250e-01 6.726030111312866211e-01 4.170210957527160645e-01
4.822575151920318604e-01 2.518979012966156006e-01 7.713963985443115234e-01 9.224809408187866211e-01 8.004016242921352386e-03 2.464010417461395264e-01 8.163586854934692383e-01 9.309175610542297363e-01 6.726030111312866211e-01 7.670258283615112305e-01
4.822575151920318604e-01 1.419664323329925537e-01 7.713963985443115234e-01 8.262518644332885742e-01 7.490456104278564453e-02 3.196649849414825439e-01 5.385910272598266602e-01 2.766817212104797363e-01 6.726030111312866211e-01 9.833642244338989258e-01
6.218212842941284180e-01 6.091479212045669556e-02 7.713963985443115234e-01 2.594119310379028320e-01 1.190648064948618412e-03 3.196649849414825439e-01 7.724207043647766113e-01 2.676180303096771240e-01 6.726030111312866211e-01 9.999263286590576172e-01
5.158051252365112305e-01 3.743572533130645752e-02 7.713963985443115234e-01 2.374183572828769684e-02 2.370615955442190170e-03 6.806311607360839844e-01 9.545825719833374023e-01 5.036625862121582031e-01 6.726030111312866211e-01 3.160300552845001221e-01
7.255713939666748047e-01 6.271027773618698120e-02 7.713963985443115234e-01 6.933803204447031021e-03 1.472206349717453122e-04 6.806311607360839844e-01 2.069094628095626831e-01 8.597307801246643066e-01 6.726030111312866211e-01 2.244538441300392151e-02
8.593966066837310791e-02 6.357826590538024902e-01 7.713963985443115234e-01 2.512786351144313812e-02 9.079012088477611542e-03 6.444367170333862305e-01 8.805388808250427246e-01 6.304424256086349487e-02 6.726030111312866211e-01 1.098357024602591991e-03
1.423428952693939209e-01 7.355990260839462280e-02 2.126417458057403564e-01 4.764962196350097656e-01 5.985664203763008118e-03 3.196649849414825439e-01 3.831715285778045654e-01 4.132097661495208740e-01 1.643101572990417480e-01 9.323888421058654785e-01
3.352385759353637695e-01 5.415935441851615906e-02 2.126417458057403564e-01 5.533671472221612930e-03 8.651624666526913643e-04 6.806311607360839844e-01 8.616045117378234863e-01 8.774885535240173340e-01 6.580303907394409180e-01 2.158014923334121704e-01
2.260989397764205933e-01 6.449932456016540527e-01 2.126417458057403564e-01 4.673515260219573975e-02 5.557920318096876144e-03 2.930164933204650879e-01 8.616045117378234863e-01 5.410381555557250977e-01 6.580303907394409180e-01 1.375562548637390137e-01
4.178215265274047852e-01 2.616923153400421143e-01 2.126417458057403564e-01 8.342537097632884979e-03 1.272834558039903641e-02 6.806311607360839844e-01 8.379734754562377930e-01 9.381095170974731445e-01 6.580303907394409180e-01 6.736943721771240234e-01
3.352385759353637695e-01 2.090737223625183105e-01 2.126417458057403564e-01 2.413177937269210815e-01 1.785551011562347412e-02 6.806311607360839844e-01 2.340378612279891968e-01 4.508372545242309570e-01 6.726030111312866211e-01 8.290805220603942871e-01
9.708776324987411499e-02 8.510832674801349640e-03 2.126417458057403564e-01 4.097297191619873047e-01 3.043841198086738586e-02 8.938981294631958008e-01 2.340378612279891968e-01 4.769501686096191406e-01 6.726030111312866211e-01 5.843634605407714844e-01
8.330717682838439941e-01 5.183615684509277344e-01 2.126417458057403564e-01 3.022697269916534424e-01 9.322602418251335621e-04 6.454207301139831543e-01 4.138012230396270752e-01 8.620504140853881836e-01 6.580303907394409180e-01 7.520269751548767090e-01
6.099100112915039062e-01 1.126870289444923401e-01 2.126417458057403564e-01 4.993327260017395020e-01 8.929346688091754913e-03 8.779852986335754395e-01 3.867363929748535156e-01 9.953200221061706543e-01 4.439916610717773438e-01 8.564565181732177734e-01
7.255713939666748047e-01 8.319456130266189575e-03 2.126417458057403564e-01 5.838993787765502930e-01 6.093586683273315430e-01 6.444367170333862305e-01 3.867363929748535156e-01 6.472406983375549316e-01 4.439916610717773438e-01 6.579513102769851685e-02
8.289275765419006348e-01 2.645401358604431152e-01 1.955594867467880249e-01 7.328040599822998047e-01 4.827276803553104401e-03 3.799889087677001953e-01 6.765933036804199219e-01 9.492986798286437988e-01 1.643101572990417480e-01 6.478453278541564941e-01
3.188556730747222900e-01 9.948922395706176758e-01 2.126417458057403564e-01 6.504617929458618164e-01 2.746920287609100342e-01 9.593372344970703125e-01 5.688716173171997070e-01 9.340431690216064453e-01 1.643101572990417480e-01 1.373323053121566772e-02
2.533960044384002686e-01 9.072408080101013184e-01 2.126417458057403564e-01 8.159026503562927246e-03 2.238256633281707764e-01 4.707505404949188232e-01 8.213356137275695801e-01 6.805439591407775879e-01 4.439916610717773438e-01 4.516892433166503906e-01
7.827611565589904785e-01 1.845973581075668335e-01 2.126417458057403564e-01 7.778128981590270996e-01 7.421128153800964355e-01 3.799889087677001953e-01 3.412262201309204102e-01 9.468089342117309570e-01 1.643101572990417480e-01 7.884910702705383301e-01
9.692621231079101562e-01 8.316710591316223145e-03 3.100262284278869629e-01 9.394983649253845215e-01 1.904119998216629028e-01 1.696292161941528320e-01 5.748485326766967773e-01 6.779613494873046875e-01 4.439916610717773438e-01 3.419621288776397705e-02
3.842956423759460449e-01 1.390441786497831345e-02 2.126417458057403564e-01 3.002001941204071045e-01 6.257354468107223511e-02 3.799889087677001953e-01 3.141190111637115479e-01 9.813290834426879883e-01 7.049466967582702637e-01 9.032689332962036133e-01
7.827611565589904785e-01 5.144355893135070801e-01 2.126417458057403564e-01 9.957089424133300781e-01 2.309901863336563110e-01 3.799889087677001953e-01 4.620765149593353271e-01 9.134734272956848145e-01 7.049466967582702637e-01 3.468600660562515259e-02
3.680533766746520996e-01 5.870261788368225098e-01 2.126417458057403564e-01 5.007138252258300781e-01 4.840672314167022705e-01 4.707505404949188232e-01 7.371401041746139526e-02 7.927163243293762207e-01 7.049466967582702637e-01 6.708611845970153809e-01
7.500588148832321167e-02 2.902527339756488800e-02 2.126417458057403564e-01 7.720014452934265137e-01 8.484627008438110352e-01 5.216007232666015625e-01 7.495451569557189941e-01 8.271202445030212402e-01 7.049466967582702637e-01 8.634450435638427734e-01
8.452541232109069824e-01 1.058456115424633026e-02 6.047861576080322266e-01 8.084701895713806152e-01 1.480258703231811523e-01 8.919517993927001953e-01 5.482737421989440918e-01 8.535387516021728516e-01 7.049466967582702637e-01 8.040572404861450195e-01
3.842956423759460449e-01 3.323701024055480957e-01 2.126417458057403564e-01 8.538398146629333496e-01 4.857754707336425781e-01 8.919517993927001953e-01 7.539442777633666992e-01 9.616629481315612793e-01 7.049466967582702637e-01 9.208351969718933105e-01
6.155804991722106934e-01 1.975097507238388062e-01 1.955594867467880249e-01 5.299512743949890137e-01 4.859120547771453857e-01 8.779852986335754395e-01 9.646854996681213379e-01 9.976949095726013184e-01 7.049466967582702637e-01 9.980751276016235352e-01
2.171498388051986694e-01 6.987882852554321289e-01 3.100262284278869629e-01 9.885287880897521973e-01 9.994645714759826660e-01 7.403469085693359375e-01 7.318544387817382812e-01 9.699155092239379883e-01 7.049466967582702637e-01 9.808816909790039062e-01
6.099100112915039062e-01 7.147830128669738770e-01 2.126417458057403564e-01 2.734800875186920166e-01 9.764634370803833008e-01 8.779852986335754395e-01 7.318544387817382812e-01 9.976150989532470703e-01 7.049466967582702637e-01 5.773304104804992676e-01
2.361810803413391113e-01 9.060732126235961914e-01 2.126417458057403564e-01 6.395168900489807129e-01 8.396671414375305176e-01 8.779852986335754395e-01 3.085688054561614990e-01 9.979735016822814941e-01 7.049466967582702637e-01 9.942901134490966797e-01
8.452541232109069824e-01 1.998148411512374878e-01 3.706590533256530762e-01 8.424229621887207031e-01 1.558458805084228516e-01 3.180456757545471191e-01 4.907015338540077209e-02 8.874432444572448730e-01 6.726030111312866211e-01 9.998051524162292480e-01
2.566610276699066162e-01 5.931910499930381775e-02 3.100262284278869629e-01 9.879661202430725098e-01 1.475560367107391357e-01 8.779852986335754395e-01 1.183534413576126099e-01 1.701539754867553711e-01 7.049466967582702637e-01 4.065274298191070557e-01
4.178215265274047852e-01 1.483718007802963257e-01 2.126417458057403564e-01 3.992738723754882812e-01 6.600227355957031250e-01 8.779852986335754395e-01 6.941779851913452148e-01 9.904317259788513184e-01 7.049466967582702637e-01 9.991112351417541504e-01
1.949123591184616089e-01 8.370460867881774902e-01 2.126417458057403564e-01 9.957787990570068359e-01 2.983825504779815674e-01 7.403469085693359375e-01 2.197574526071548462e-01 9.949172735214233398e-01 7.049466967582702637e-01 9.999459981918334961e-01
1.949123591184616089e-01 8.538471534848213196e-03 2.126417458057403564e-01 2.460798174142837524e-01 7.571324706077575684e-01 7.334452271461486816e-01 2.364265769720077515e-01 9.882612824440002441e-01 7.049466967582702637e-01 8.720409274101257324e-01
3.842956423759460449e-01 9.912006556987762451e-02 2.126417458057403564e-01 8.510155081748962402e-01 6.547108292579650879e-01 5.390635132789611816e-01 2.947684228420257568e-01 9.512484073638916016e-01 7.049466967582702637e-01 3.678033947944641113e-01
3.933362364768981934e-01 1.117892935872077942e-01 2.126417458057403564e-01 9.986411929130554199e-01 9.664196968078613281e-01 7.658669352531433105e-01 5.195862054824829102e-01 9.863655567169189453e-01 7.049466967582702637e-01 7.868020534515380859e-01
1.949123591184616089e-01 2.515957057476043701e-01 2.126417458057403564e-01 9.809250235557556152e-01 3.093475289642810822e-02 8.919517993927001953e-01 7.312969565391540527e-01 9.924190044403076172e-01 3.893661201000213623e-01 9.317825436592102051e-01
6.099100112915039062e-01 6.521287560462951660e-01 2.126417458057403564e-01 3.285844922065734863e-01 7.282450795173645020e-01 8.919517993927001953e-01 4.379358589649200439e-01 9.964164495468139648e-01 3.893661201000213623e-01 7.361605763435363770e-01
2.452463358640670776e-01 3.617687150835990906e-03 3.100262284278869629e-01 4.259266853332519531e-01 1.294896304607391357e-01 7.334452271461486816e-01 2.364265769720077515e-01 2.468821108341217041e-01 3.893661201000213623e-01 2.058095671236515045e-02
3.620857894420623779e-01 3.463909626007080078e-01 2.126417458057403564e-01 5.186088681221008301e-01 1.464822143316268921e-01 8.919517993927001953e-01 6.085660457611083984e-01 1.683038845658302307e-02 3.893661201000213623e-01 4.370854701846837997e-03
1.516864597797393799e-01 3.016847968101501465e-01 2.126417458057403564e-01 2.918359637260437012e-01 4.555815160274505615e-01 8.919517993927001953e-01 2.364265769720077515e-01 1.451519131660461426e-01 7.049466967582702637e-01 7.979295402765274048e-02
3.620857894420623779e-01 1.230929717421531677e-01 2.126417458057403564e-01 4.787168502807617188e-01 1.815969496965408325e-02 8.919517993927001953e-01 3.867363929748535156e-01 9.448286145925521851e-02 3.706590533256530762e-01 6.305919289588928223e-01
3.620857894420623779e-01 3.202778995037078857e-01 2.126417458057403564e-01 3.487575650215148926e-01 8.074569702148437500e-02 7.658669352531433105e-01 4.393203556537628174e-01 4.673840105533599854e-01 7.049466967582702637e-01 6.540745496749877930e-01
3.620857894420623779e-01 1.015506591647863388e-02 2.126417458057403564e-01 3.205053973942995071e-03 7.271072864532470703e-01 5.216007232666015625e-01 1.832207292318344116e-01 1.342723220586776733e-01 3.308524489402770996e-01 2.599436044692993164e-01
1.949123591184616089e-01 6.038398146629333496e-01 2.126417458057403564e-01 1.808796264231204987e-02 4.109941720962524414e-01 2.538977265357971191e-01 4.393203556537628174e-01 3.921331372112035751e-03 3.308524489402770996e-01 1.408287435770034790e-01
3.639696836471557617e-01 2.080675512552261353e-01 2.126417458057403564e-01 1.010995656251907349e-01 1.889367029070854187e-02 5.748289227485656738e-01 4.074274599552154541e-01 2.563050389289855957e-01 1.643101572990417480e-01 5.658372640609741211e-01
1.423428952693939209e-01 2.018947899341583252e-02 2.126417458057403564e-01 2.598465420305728912e-02 2.175948582589626312e-02 6.500380635261535645e-01 9.082482755184173584e-02 2.385804429650306702e-02 3.308524489402770996e-01 9.538583159446716309e-01
1.423428952693939209e-01 1.384866535663604736e-01 2.126417458057403564e-01 8.211767673492431641e-02 4.209930002689361572e-01 6.500380635261535645e-01 2.958550490438938141e-02 3.676775842905044556e-02 7.049466967582702637e-01 9.825285673141479492e-01
1.423428952693939209e-01 9.385607242584228516e-01 2.126417458057403564e-01 2.378942519426345825e-01 6.186383366584777832e-01 2.538977265357971191e-01 3.867363929748535156e-01 9.324118494987487793e-03 1.643101572990417480e-01 4.578503221273422241e-02
1.949123591184616089e-01 8.471447825431823730e-01 2.126417458057403564e-01 1.342576593160629272e-01 9.128660559654235840e-01 8.775242567062377930e-01 5.336547642946243286e-02 5.868906974792480469e-01 1.643101572990417480e-01 1.544586475938558578e-02
3.620857894420623779e-01 1.559267491102218628e-01 2.126417458057403564e-01 2.034940058365464211e-03 5.347993597388267517e-02 8.775242567062377930e-01 1.513558328151702881e-01 1.100387237966060638e-02 3.706590533256530762e-01 2.105590850114822388e-01
7.302646636962890625e-01 8.028675317764282227e-01 2.126417458057403564e-01 1.065843738615512848e-02 3.055790066719055176e-02 5.748289227485656738e-01 3.867363929748535156e-01 6.638420280069112778e-03 1.643101572990417480e-01 2.574788965284824371e-02
1.423428952693939209e-01 1.130222808569669724e-02 2.126417458057403564e-01 7.724129557609558105e-01 1.171085517853498459e-02 8.775242567062377930e-01 3.430137038230895996e-02 3.142692148685455322e-01 4.439916610717773438e-01 4.589149029925465584e-04
