1.432435493916273117e-02 5.487570166587829590e-01 1.675850003957748413e-01 7.487730383872985840e-01 7.099025845527648926e-01 5.432640910148620605e-01 7.702543735504150391e-01 8.034111857414245605e-01 7.163255214691162109e-01 5.197908282279968262e-01
6.604278087615966797e-02 5.487570166587829590e-01 3.064927756786346436e-01 9.751733541488647461e-01 7.209349423646926880e-02 2.714600861072540283e-01 7.702543735504150391e-01 8.034111857414245605e-01 4.488990604877471924e-01 5.197908282279968262e-01
8.991132378578186035e-01 7.073184251785278320e-01 3.182357549667358398e-01 9.141271710395812988e-01 8.748964071273803711e-01 5.432640910148620605e-01 7.702543735504150391e-01 8.034111857414245605e-01 4.488990604877471924e-01 7.890639901161193848e-01
1.271184384822845459e-01 1.785695403814315796e-01 6.418385505676269531e-01 5.188651680946350098e-01 4.926966726779937744e-01 3.943029344081878662e-01 5.000000000000000000e-01 6.033286452293395996e-01 7.163255214691162109e-01 7.890639901161193848e-01
7.644051909446716309e-01 3.724263906478881836e-01 9.707207679748535156e-01 7.624827027320861816e-01 2.950076162815093994e-01 3.943029344081878662e-01 5.000000000000000000e-01 4.464521408081054688e-01 4.488990604877471924e-01 6.224569678306579590e-01
1.431518942117691040e-01 5.829225778579711914e-01 9.267865419387817383e-01 2.121920585632324219e-01 9.861759543418884277e-01 3.943029344081878662e-01 7.702543735504150391e-01 9.225715696811676025e-02 4.488990604877471924e-01 6.224569678306579590e-01
5.816880464553833008e-01 3.724263906478881836e-01 7.013856172561645508e-01 4.180776327848434448e-02 7.447109222412109375e-01 3.943029344081878662e-01 5.000000000000000000e-01 7.534649372100830078e-01 4.488990604877471924e-01 5.197908282279968262e-01
3.255697488784790039e-01 1.785695403814315796e-01 8.632706403732299805e-01 5.146969482302665710e-02 4.978887438774108887e-01 3.943029344081878662e-01 7.702543735504150391e-01 1.371545642614364624e-01 4.488990604877471924e-01 2.913416326045989990e-01
3.489352166652679443e-01 5.948705077171325684e-01 4.946548491716384888e-02 6.984508037567138672e-01 6.678557991981506348e-01 3.943029344081878662e-01 4.359999597072601318e-01 3.399283885955810547e-01 4.488990604877471924e-01 5.197908282279968262e-01
5.171905159950256348e-01 4.662114679813385010e-01 5.430330634117126465e-01 3.477680385112762451e-01 9.063663333654403687e-02 5.000000000000000000e-01 4.359999597072601318e-01 6.737842559814453125e-01 4.488990604877471924e-01 5.197908282279968262e-01
1.558858007192611694e-01 5.948705077171325684e-01 1.631352752447128296e-01 8.225208520889282227e-01 3.604710698127746582e-01 3.943029344081878662e-01 4.359999597072601318e-01 5.854355096817016602e-01 2.810763716697692871e-01 5.197908282279968262e-01
2.597539722919464111e-01 1.785695403814315796e-01 4.895834252238273621e-02 4.545314013957977295e-01 4.173730015754699707e-01 3.943029344081878662e-01 7.702543735504150391e-01 8.034111857414245605e-01 7.163255214691162109e-01 5.197908282279968262e-01
9.756124019622802734e-01 4.662114679813385010e-01 3.630445897579193115e-02 9.517477154731750488e-01 9.500152468681335449e-01 3.943029344081878662e-01 7.702543735504150391e-01 6.632766723632812500e-01 4.488990604877471924e-01 5.197908282279968262e-01
7.556544542312622070e-01 4.662114679813385010e-01 1.402709186077117920e-01 8.947348594665527344e-01 6.286601424217224121e-01 3.943029344081878662e-01 7.702543735504150391e-01 8.816542625427246094e-01 7.163255214691162109e-01 5.197908282279968262e-01
6.795794367790222168e-01 2.696629166603088379e-01 9.143232703208923340e-01 4.297415316104888916e-01 7.269077748060226440e-02 3.943029344081878662e-01 7.702543735504150391e-01 5.854355096817016602e-01 7.163255214691162109e-01 5.197908282279968262e-01
9.416393041610717773e-01 2.696629166603088379e-01 3.246321976184844971e-01 7.388119101524353027e-01 3.033939301967620850e-01 3.943029344081878662e-01 7.702543735504150391e-01 3.399283885955810547e-01 7.163255214691162109e-01 2.913416326045989990e-01
9.339903593063354492e-01 7.058032751083374023e-01 7.898721098899841309e-02 3.270264714956283569e-02 6.094750761985778809e-02 3.943029344081878662e-01 7.702543735504150391e-01 6.033286452293395996e-01 4.488990604877471924e-01 2.913416326045989990e-01
5.436861515045166016e-01 7.058032751083374023e-01 2.766105830669403076e-01 5.263532400131225586e-01 9.961320161819458008e-01 3.943029344081878662e-01 7.702543735504150391e-01 7.098643779754638672e-01 4.488990604877471924e-01 7.890639901161193848e-01
1.029068380594253540e-01 2.293962985277175903e-01 3.380808234214782715e-02 5.337267518043518066e-01 8.658770322799682617e-01 3.943029344081878662e-01 7.702543735504150391e-01 4.461202621459960938e-01 4.488990604877471924e-01 7.890639901161193848e-01
5.810169577598571777e-01 2.696629166603088379e-01 9.324151277542114258e-01 5.773422718048095703e-01 2.601450681686401367e-01 3.943029344081878662e-01 7.702543735504150391e-01 4.461202621459960938e-01 7.163255214691162109e-01 2.913416326045989990e-01
9.034343361854553223e-01 2.696629166603088379e-01 5.487686991691589355e-01 9.523462653160095215e-01 1.899597197771072388e-01 3.943029344081878662e-01 7.702543735504150391e-01 7.627392411231994629e-01 7.163255214691162109e-01 2.913416326045989990e-01
7.499870657920837402e-01 2.696629166603088379e-01 1.339768916368484497e-01 2.594316303730010986e-01 8.178073167800903320e-01 5.000000000000000000e-01 7.702543735504150391e-01 4.349589645862579346e-01 4.488990604877471924e-01 7.890639901161193848e-01
8.721491694450378418e-01 7.058032751083374023e-01 9.405232667922973633e-01 9.055040031671524048e-02 1.649190038442611694e-01 3.943029344081878662e-01 7.702543735504150391e-01 4.349589645862579346e-01 7.163255214691162109e-01 2.913416326045989990e-01
1.641039699316024780e-01 7.058032751083374023e-01 2.056953161954879761e-01 4.159253239631652832e-01 5.032165646553039551e-01 3.943029344081878662e-01 7.702543735504150391e-01 4.349589645862579346e-01 7.163255214691162109e-01 6.224569678306579590e-01
5.905923843383789062e-01 6.591925621032714844e-01 9.160230159759521484e-01 6.187166571617126465e-01 9.847059845924377441e-01 3.943029344081878662e-01 7.702543735504150391e-01 7.627392411231994629e-01 4.488990604877471924e-01 7.890639901161193848e-01
1.846080720424652100e-01 6.591925621032714844e-01 4.125531017780303955e-02 4.330955445766448975e-02 3.432970643043518066e-01 3.943029344081878662e-01 7.702543735504150391e-01 7.627392411231994629e-01 4.488990604877471924e-01 7.890639901161193848e-01
7.074906677007675171e-02 1.152877807617187500e-01 1.914688572287559509e-02 6.359389424324035645e-02 1.397904753684997559e-01 3.943029344081878662e-01 4.359999597072601318e-01 7.098643779754638672e-01 7.163255214691162109e-01 2.913416326045989990e-01
1.138674765825271606e-01 6.591925621032714844e-01 7.110591530799865723e-01 7.916355878114700317e-02 2.036624215543270111e-02 5.000000000000000000e-01 4.359999597072601318e-01 4.461202621459960938e-01 4.488990604877471924e-01 7.890639901161193848e-01
7.340940833091735840e-02 6.591925621032714844e-01 1.517491787672042847e-01 4.750083684921264648e-01 6.752370297908782959e-02 3.943029344081878662e-01 4.359999597072601318e-01 6.737842559814453125e-01 4.488990604877471924e-01 5.197908282279968262e-01
4.230505228042602539e-01 6.141086816787719727e-01 3.974241018295288086e-01 5.328800901770591736e-02 9.373230487108230591e-02 3.943029344081878662e-01 5.000000000000000000e-01 4.349589645862579346e-01 4.488990604877471924e-01 2.540509998798370361e-01
9.949914179742336273e-03 4.748405814170837402e-01 7.678955793380737305e-02 1.372195333242416382e-01 2.631532773375511169e-02 6.525559425354003906e-01 7.702543735504150391e-01 4.349589645862579346e-01 7.163255214691162109e-01 2.540509998798370361e-01
2.951186709105968475e-02 7.198662161827087402e-01 3.152707591652870178e-02 3.945600688457489014e-01 2.681424375623464584e-03 6.525559425354003906e-01 5.000000000000000000e-01 6.154077053070068359e-01 4.488990604877471924e-01 2.540509998798370361e-01
3.875094652175903320e-01 4.654238522052764893e-01 2.979937195777893066e-02 1.564245373010635376e-01 4.593129158020019531e-01 6.525559425354003906e-01 7.702543735504150391e-01 7.098643779754638672e-01 7.163255214691162109e-01 2.540509998798370361e-01
9.331236034631729126e-02 4.654238522052764893e-01 2.950124256312847137e-02 8.728657364845275879e-01 6.831443905830383301e-01 6.525559425354003906e-01 7.702543735504150391e-01 6.033286452293395996e-01 4.488990604877471924e-01 2.540509998798370361e-01
3.265229761600494385e-01 4.654238522052764893e-01 4.748289659619331360e-02 2.845060229301452637e-01 2.800547182559967041e-01 5.307273864746093750e-01 5.000000000000000000e-01 6.737842559814453125e-01 4.488990604877471924e-01 5.197908282279968262e-01
4.600899219512939453e-01 4.654238522052764893e-01 6.556681822985410690e-03 5.136872529983520508e-01 1.586332023143768311e-01 3.943029344081878662e-01 7.702543735504150391e-01 5.854355096817016602e-01 4.488990604877471924e-01 5.197908282279968262e-01
2.410448528826236725e-02 7.277460098266601562e-01 8.060458898544311523e-01 8.594754934310913086e-01 8.139474391937255859e-01 3.943029344081878662e-01 5.000000000000000000e-01 8.034111857414245605e-01 7.163255214691162109e-01 5.197908282279968262e-01
1.179383397102355957e-01 7.277460098266601562e-01 9.701162576675415039e-01 5.197644829750061035e-01 8.863505721092224121e-01 2.098706662654876709e-01 5.000000000000000000e-01 3.399283885955810547e-01 4.488990604877471924e-01 5.197908282279968262e-01
3.009075820446014404e-01 7.277460098266601562e-01 5.569038987159729004e-01 1.975454017519950867e-02 7.294873595237731934e-01 3.943029344081878662e-01 5.000000000000000000e-01 6.027657389640808105e-01 7.163255214691162109e-01 5.197908282279968262e-01
6.798257827758789062e-01 7.277460098266601562e-01 8.496004939079284668e-01 9.165664911270141602e-01 2.869968712329864502e-01 5.432640910148620605e-01 5.000000000000000000e-01 8.034111857414245605e-01 7.163255214691162109e-01 7.890639901161193848e-01
1.588387936353683472e-01 7.277460098266601562e-01 8.446543812751770020e-01 5.370292440056800842e-02 8.776594996452331543e-01 2.714600861072540283e-01 5.000000000000000000e-01 7.068915367126464844e-01 7.163255214691162109e-01 5.197908282279968262e-01
3.156382143497467041e-01 7.277460098266601562e-01 5.042934417724609375e-01 2.466306239366531372e-01 8.491572737693786621e-01 2.098706662654876709e-01 7.702543735504150391e-01 8.034111857414245605e-01 7.163255214691162109e-01 7.890639901161193848e-01
2.137657254934310913e-01 7.277460098266601562e-01 1.934464871883392334e-01 2.041899859905242920e-01 9.286316037178039551e-01 5.432640910148620605e-01 5.000000000000000000e-01 6.737842559814453125e-01 4.488990604877471924e-01 5.197908282279968262e-01
5.129180550575256348e-01 7.277460098266601562e-01 6.236919164657592773e-01 3.484240770339965820e-01 1.839752048254013062e-01 3.943029344081878662e-01 7.702543735504150391e-01 6.154077053070068359e-01 4.488990604877471924e-01 5.197908282279968262e-01
5.028610229492187500e-01 7.277460098266601562e-01 6.324006915092468262e-01 5.897543430328369141e-01 9.636360406875610352e-01 6.872510910034179688e-01 5.000000000000000000e-01 3.300679028034210205e-01 7.163255214691162109e-01 5.197908282279968262e-01
8.816980123519897461e-01 4.654238522052764893e-01 4.109806381165981293e-03 8.489553928375244141e-01 1.013374626636505127e-01 6.872510910034179688e-01 5.000000000000000000e-01 3.399283885955810547e-01 4.488990604877471924e-01 7.890639901161193848e-01
5.729525089263916016e-01 2.608587443828582764e-01 1.216007396578788757e-02 2.894828096032142639e-02 4.337390661239624023e-01 6.872510910034179688e-01 5.000000000000000000e-01 8.034111857414245605e-01 7.163255214691162109e-01 7.890639901161193848e-01
7.409158945083618164e-01 5.106057524681091309e-01 4.914535954594612122e-02 7.005465626716613770e-01 8.879910111427307129e-01 3.943029344081878662e-01 7.702543735504150391e-01 6.033286452293395996e-01 7.163255214691162109e-01 7.890639901161193848e-01
8.848206996917724609e-01 7.544242739677429199e-01 7.994414120912551880e-02 9.946962594985961914e-01 9.188788384199142456e-02 3.943029344081878662e-01 7.702543735504150391e-01 4.461202621459960938e-01 7.163255214691162109e-01 7.890639901161193848e-01
8.958221673965454102e-01 2.781028151512145996e-01 4.712703824043273926e-02 1.060659158974885941e-02 1.231368258595466614e-02 3.943029344081878662e-01 5.000000000000000000e-01 6.027657389640808105e-01 4.488990604877471924e-01 2.913416326045989990e-01
6.327748894691467285e-01 2.781028151512145996e-01 8.089889883995056152e-01 9.360361844301223755e-02 6.884163618087768555e-01 3.943029344081878662e-01 7.702543735504150391e-01 7.098643779754638672e-01 7.163255214691162109e-01 2.913416326045989990e-01
1.567430496215820312e-01 2.781028151512145996e-01 1.790425032377243042e-01 9.928826093673706055e-01 6.771106719970703125e-01 3.943029344081878662e-01 4.359999597072601318e-01 7.098643779754638672e-01 4.488990604877471924e-01 5.197908282279968262e-01
2.068973891437053680e-02 1.152877807617187500e-01 2.791895270347595215e-01 4.581578373908996582e-01 2.857611328363418579e-02 3.943029344081878662e-01 5.000000000000000000e-01 6.027657389640808105e-01 4.488990604877471924e-01 5.197908282279968262e-01
9.176630526781082153e-02 2.608587443828582764e-01 3.444578051567077637e-01 1.948884725570678711e-01 6.347772479057312012e-02 3.943029344081878662e-01 5.000000000000000000e-01 5.854355096817016602e-01 7.163255214691162109e-01 5.197908282279968262e-01
1.859398037195205688e-01 2.608587443828582764e-01 9.164361357688903809e-01 8.150178194046020508e-02 1.246695667505264282e-01 3.943029344081878662e-01 7.702543735504150391e-01 6.186488270759582520e-01 7.163255214691162109e-01 5.197908282279968262e-01
7.936231493949890137e-01 5.096013545989990234e-01 9.870728254318237305e-01 3.736187219619750977e-01 2.477274984121322632e-01 6.872510910034179688e-01 7.702543735504150391e-01 8.062034249305725098e-01 4.488990604877471924e-01 5.197908282279968262e-01
9.006629884243011475e-02 1.785695403814315796e-01 8.969700932502746582e-01 1.048098504543304443e-01 2.141399681568145752e-02 2.098706662654876709e-01 7.702543735504150391e-01 6.186488270759582520e-01 4.488990604877471924e-01 5.148075222969055176e-01
8.496733754873275757e-02 1.152877807617187500e-01 9.572539925575256348e-01 5.785760283470153809e-02 1.061149984598159790e-01 2.714600861072540283e-01 5.000000000000000000e-01 7.539015412330627441e-01 4.488990604877471924e-01 5.148075222969055176e-01
2.839729785919189453e-01 1.491277217864990234e-01 9.680532217025756836e-01 1.398146897554397583e-01 4.740769416093826294e-02 2.362549155950546265e-01 7.702543735504150391e-01 8.916713595390319824e-01 7.163255214691162109e-01 5.148075222969055176e-01
9.620035290718078613e-01 1.491277217864990234e-01 2.145788073539733887e-01 5.230052471160888672e-01 1.670024730265140533e-02 5.662711262702941895e-01 7.702543735504150391e-01 8.916713595390319824e-01 4.488990604877471924e-01 5.197908282279968262e-01
7.898413538932800293e-01 3.236142694950103760e-01 9.620270133018493652e-01 6.104996204376220703e-01 3.562481999397277832e-01 4.714625179767608643e-01 5.000000000000000000e-01 8.104208707809448242e-01 6.236934065818786621e-01 2.540509998798370361e-01
8.190472424030303955e-02 1.491277217864990234e-01 4.716125428676605225e-01 3.725556135177612305e-01 2.087072934955358505e-04 4.714625179767608643e-01 8.106959462165832520e-01 8.313045501708984375e-01 3.054213821887969971e-01 2.540509998798370361e-01
6.153982281684875488e-01 6.141086816787719727e-01 8.452836871147155762e-01 1.250073611736297607e-01 3.056569956243038177e-03 8.016788363456726074e-01 8.106959462165832520e-01 5.091396570205688477e-01 8.064363598823547363e-01 2.540509998798370361e-01
6.372719407081604004e-01 3.236142694950103760e-01 9.361539483070373535e-01 2.524750232696533203e-01 1.152040343731641769e-02 2.362549155950546265e-01 8.106959462165832520e-01 7.251484990119934082e-01 6.236934065818786621e-01 2.540509998798370361e-01
2.282405495643615723e-01 1.491277217864990234e-01 7.743237018585205078e-01 3.134980201721191406e-01 2.171861752867698669e-02 5.478499531745910645e-01 7.702543735504150391e-01 2.495114207267761230e-01 4.488990604877471924e-01 5.197908282279968262e-01
6.372719407081604004e-01 1.491277217864990234e-01 6.608283519744873047e-01 3.793328106403350830e-01 4.078915417194366455e-01 8.016788363456726074e-01 5.000000000000000000e-01 8.916713595390319824e-01 4.488990604877471924e-01 2.540509998798370361e-01
9.763176441192626953e-01 3.236142694950103760e-01 1.738386899232864380e-01 8.918020129203796387e-01 2.931941673159599304e-02 8.016788363456726074e-01 5.000000000000000000e-01 7.398719787597656250e-01 6.236934065818786621e-01 5.197908282279968262e-01
9.253705739974975586e-01 1.491277217864990234e-01 9.429972618818283081e-02 5.950108170509338379e-01 5.526794865727424622e-02 4.714625179767608643e-01 8.106959462165832520e-01 5.091396570205688477e-01 6.236934065818786621e-01 5.197908282279968262e-01
7.274374365806579590e-01 2.837181687355041504e-01 2.374864965677261353e-01 6.001147627830505371e-01 1.117376461625099182e-01 4.714625179767608643e-01 5.000000000000000000e-01 7.398719787597656250e-01 6.236934065818786621e-01 5.197908282279968262e-01
7.071769833564758301e-01 8.301030993461608887e-01 1.768015921115875244e-01 5.844309329986572266e-01 5.188720673322677612e-02 8.016788363456726074e-01 5.000000000000000000e-01 7.539015412330627441e-01 6.236934065818786621e-01 5.197908282279968262e-01
6.287298798561096191e-01 4.132004976272583008e-01 6.676717400550842285e-01 7.797801494598388672e-01 2.450615018606185913e-01 2.098706662654876709e-01 5.000000000000000000e-01 8.916713595390319824e-01 4.488990604877471924e-01 5.197908282279968262e-01
5.534121990203857422e-01 4.132004976272583008e-01 7.698573917150497437e-02 3.952052593231201172e-01 4.410473704338073730e-01 3.943029344081878662e-01 5.000000000000000000e-01 7.539015412330627441e-01 4.488990604877471924e-01 7.890639901161193848e-01
1.894703507423400879e-01 4.132004976272583008e-01 8.114460110664367676e-01 2.222845703363418579e-01 3.375170053914189339e-03 3.943029344081878662e-01 5.000000000000000000e-01 3.256244361400604248e-01 4.488990604877471924e-01 5.197908282279968262e-01
1.410218924283981323e-01 5.320639014244079590e-01 4.623016715049743652e-01 4.187684953212738037e-01 9.768719226121902466e-02 3.943029344081878662e-01 5.000000000000000000e-01 3.256244361400604248e-01 7.163255214691162109e-01 5.197908282279968262e-01
5.242949724197387695e-01 5.320639014244079590e-01 8.636427521705627441e-01 9.134773612022399902e-01 4.167767707258462906e-03 3.943029344081878662e-01 4.359999597072601318e-01 3.256244361400604248e-01 4.488990604877471924e-01 4.087298512458801270e-01
7.013258934020996094e-01 3.207069039344787598e-01 9.598516225814819336e-01 1.966138929128646851e-01 2.095294930040836334e-02 2.714600861072540283e-01 4.359999597072601318e-01 8.034111857414245605e-01 7.163255214691162109e-01 7.439612746238708496e-01
9.417970664799213409e-03 3.207069039344787598e-01 4.864785373210906982e-01 1.873605698347091675e-02 2.573508024215698242e-01 5.432640910148620605e-01 4.359999597072601318e-01 8.034111857414245605e-01 7.163255214691162109e-01 5.197908282279968262e-01
1.873757317662239075e-02 3.207069039344787598e-01 6.789411902427673340e-01 9.584099650382995605e-01 6.886385679244995117e-01 2.098706662654876709e-01 4.359999597072601318e-01 4.464521408081054688e-01 7.163255214691162109e-01 5.197908282279968262e-01
1.857517659664154053e-01 1.152877807617187500e-01 9.357162117958068848e-01 7.740771174430847168e-01 8.741964101791381836e-01 5.432640910148620605e-01 4.359999597072601318e-01 7.098643779754638672e-01 7.163255214691162109e-01 5.197908282279968262e-01
3.370255231857299805e-02 2.781028151512145996e-01 9.955014586448669434e-01 2.676441073417663574e-01 4.891576766967773438e-01 5.432640910148620605e-01 7.702543735504150391e-01 4.464521408081054688e-01 4.488990604877471924e-01 5.197908282279968262e-01
3.065887391567230225e-01 2.837181687355041504e-01 9.824550747871398926e-01 2.203283458948135376e-02 5.888906121253967285e-02 5.432640910148620605e-01 7.702543735504150391e-01 8.034111857414245605e-01 4.488990604877471924e-01 5.197908282279968262e-01
8.936119824647903442e-02 5.851185321807861328e-01 9.956328272819519043e-01 3.405977785587310791e-01 9.176448583602905273e-01 5.432640910148620605e-01 7.702543735504150391e-01 8.034111857414245605e-01 7.163255214691162109e-01 5.197908282279968262e-01
7.763258814811706543e-01 5.851185321807861328e-01 3.496291339397430420e-01 9.830372929573059082e-01 1.274351775646209717e-01 2.098706662654876709e-01 7.702543735504150391e-01 3.399283885955810547e-01 4.488990604877471924e-01 5.197908282279968262e-01
2.061723321676254272e-01 2.837181687355041504e-01 8.763387203216552734e-01 6.410167217254638672e-01 6.589113269001245499e-03 5.432640910148620605e-01 7.702543735504150391e-01 8.034111857414245605e-01 7.163255214691162109e-01 5.197908282279968262e-01
2.855561077594757080e-01 2.731982767581939697e-01 9.548520445823669434e-01 1.428313255310058594e-01 1.704331785440444946e-01 5.432640910148620605e-01 7.702543735504150391e-01 8.034111857414245605e-01 7.163255214691162109e-01 5.197908282279968262e-01
7.188987135887145996e-01 5.851185321807861328e-01 4.978193342685699463e-01 4.867514371871948242e-01 4.718072414398193359e-01 5.432640910148620605e-01 7.702543735504150391e-01 8.034111857414245605e-01 4.488990604877471924e-01 5.197908282279968262e-01
7.286545634269714355e-02 2.837181687355041504e-01 3.384626805782318115e-01 1.241222843527793884e-01 7.689769864082336426e-01 5.432640910148620605e-01 7.702543735504150391e-01 6.027657389640808105e-01 4.488990604877471924e-01 5.197908282279968262e-01
9.232353568077087402e-01 2.837181687355041504e-01 7.353882193565368652e-01 9.288114309310913086e-01 7.803055644035339355e-01 2.098706662654876709e-01 7.702543735504150391e-01 3.399283885955810547e-01 4.488990604877471924e-01 5.197908282279968262e-01
3.074632287025451660e-01 2.837181687355041504e-01 5.165340304374694824e-01 6.676746010780334473e-01 9.098154902458190918e-01 5.432640910148620605e-01 7.702543735504150391e-01 6.027657389640808105e-01 7.163255214691162109e-01 5.197908282279968262e-01
9.119024276733398438e-01 5.487570166587829590e-01 6.716570854187011719e-01 4.715110659599304199e-01 8.606386184692382812e-02 5.432640910148620605e-01 7.702543735504150391e-01 6.033286452293395996e-01 7.163255214691162109e-01 5.197908282279968262e-01
6.972356438636779785e-01 2.837181687355041504e-01 1.817898601293563843e-01 9.151263236999511719e-01 9.374803304672241211e-01 5.432640910148620605e-01 7.702543735504150391e-01 8.034111857414245605e-01 7.163255214691162109e-01 5.197908282279968262e-01
7.157001495361328125e-01 2.275030016899108887e-01 1.802183091640472412e-01 3.233894333243370056e-02 4.231965839862823486e-01 8.016788363456726074e-01 7.702543735504150391e-01 6.033286452293395996e-01 4.488990604877471924e-01 5.197908282279968262e-01
2.682500481605529785e-01 4.654238522052764893e-01 9.171894192695617676e-01 9.692450761795043945e-01 7.052229046821594238e-01 2.714600861072540283e-01 7.702543735504150391e-01 8.916713595390319824e-01 7.163255214691162109e-01 5.197908282279968262e-01
7.737467885017395020e-01 2.837181687355041504e-01 7.888346314430236816e-01 3.700489997863769531e-01 4.423442855477333069e-02 5.432640910148620605e-01 7.702543735504150391e-01 8.916713595390319824e-01 7.163255214691162109e-01 5.197908282279968262e-01
8.826720714569091797e-02 2.275030016899108887e-01 6.184461116790771484e-01 4.165000095963478088e-02 3.945888951420783997e-02 5.432640910148620605e-01 7.702543735504150391e-01 7.539015412330627441e-01 4.488990604877471924e-01 5.197908282279968262e-01
4.338267743587493896e-01 2.275030016899108887e-01 9.846997857093811035e-01 5.204519033432006836e-01 9.157729148864746094e-01 5.432640910148620605e-01 7.702543735504150391e-01 5.091396570205688477e-01 4.488990604877471924e-01 5.197908282279968262e-01
1.971785724163055420e-01 2.275030016899108887e-01 6.567947864532470703e-01 2.299918830394744873e-01 9.618093967437744141e-01 5.432640910148620605e-01 4.359999597072601318e-01 5.091396570205688477e-01 4.488990604877471924e-01 5.197908282279968262e-01
5.962671637535095215e-01 2.275030016899108887e-01 4.344397783279418945e-01 1.606610715389251709e-01 2.999401092529296875e-02 5.432640910148620605e-01 4.359999597072601318e-01 8.916713595390319824e-01 4.488990604877471924e-01 5.197908282279968262e-01
1.093995384871959686e-02 7.198662161827087402e-01 8.976919651031494141e-01 3.067933209240436554e-02 2.995540797710418701e-01 2.098706662654876709e-01 4.359999597072601318e-01 7.539015412330627441e-01 7.163255214691162109e-01 5.197908282279968262e-01
4.815232753753662109e-02 2.275030016899108887e-01 7.408316731452941895e-01 1.642803251743316650e-01 5.494181066751480103e-02 5.432640910148620605e-01 4.359999597072601318e-01 8.916713595390319824e-01 4.488990604877471924e-01 5.197908282279968262e-01
3.814714401960372925e-02 2.275030016899108887e-01 9.234228730201721191e-01 1.216064114123582840e-02 9.734107851982116699e-01 2.098706662654876709e-01 4.359999597072601318e-01 7.539015412330627441e-01 4.488990604877471924e-01 5.197908282279968262e-01
5.914008021354675293e-01 5.487570166587829590e-01 6.470333933830261230e-01 3.903046948835253716e-03 8.000483512878417969e-01 2.714600861072540283e-01 4.359999597072601318e-01 5.091396570205688477e-01 4.488990604877471924e-01 5.197908282279968262e-01
1.926671415567398071e-01 6.737918257713317871e-01 6.597275286912918091e-02 5.257797241210937500e-02 4.557181894779205322e-01 5.432640910148620605e-01 7.439599037170410156e-01 8.062034249305725098e-01 7.163255214691162109e-01 5.197908282279968262e-01
3.057767450809478760e-01 4.748405814170837402e-01 7.608161866664886475e-02 9.300696849822998047e-01 8.368530310690402985e-03 8.016788363456726074e-01 4.359999597072601318e-01 8.916713595390319824e-01 2.810763716697692871e-01 5.197908282279968262e-01
2.674848213791847229e-02 5.487570166587829590e-01 4.026337265968322754e-01 3.773090541362762451e-01 3.467074334621429443e-01 2.098706662654876709e-01 4.359999597072601318e-01 8.916713595390319824e-01 2.810763716697692871e-01 5.197908282279968262e-01
1.861099749803543091e-01 2.377085685729980469e-01 8.224473148584365845e-02 5.029023811221122742e-02 2.553635537624359131e-01 2.362549155950546265e-01 4.359999597072601318e-01 3.643861114978790283e-01 2.810763716697692871e-01 4.087298512458801270e-01
9.707656502723693848e-02 2.377085685729980469e-01 5.995782613754272461e-01 2.541983127593994141e-01 7.113233208656311035e-01 3.943029344081878662e-01 4.359999597072601318e-01 3.643861114978790283e-01 5.617514252662658691e-01 5.197908282279968262e-01
3.928368389606475830e-01 3.619542419910430908e-01 7.119903713464736938e-02 9.056317806243896484e-01 9.498322606086730957e-01 3.943029344081878662e-01 4.359999597072601318e-01 1.625542491674423218e-01 7.163255214691162109e-01 5.197908282279968262e-01
5.317893028259277344e-01 2.377085685729980469e-01 2.693946659564971924e-01 4.795629978179931641e-01 9.654480218887329102e-01 3.943029344081878662e-01 4.359999597072601318e-01 1.625542491674423218e-01 4.488990604877471924e-01 5.197908282279968262e-01
9.595060348510742188e-01 3.693199455738067627e-01 5.021172109991312027e-04 2.290856838226318359e-01 6.516559720039367676e-01 2.714600861072540283e-01 4.359999597072601318e-01 7.539015412330627441e-01 2.810763716697692871e-01 5.197908282279968262e-01
5.809803009033203125e-01 3.693199455738067627e-01 5.253700613975524902e-01 8.980096578598022461e-01 9.386282563209533691e-01 5.432640910148620605e-01 4.359999597072601318e-01 8.916713595390319824e-01 2.810763716697692871e-01 5.197908282279968262e-01
2.777124047279357910e-01 3.724263906478881836e-01 9.091680645942687988e-01 8.481111526489257812e-01 3.081336617469787598e-01 3.943029344081878662e-01 4.359999597072601318e-01 4.377298653125762939e-01 4.488990604877471924e-01 5.197908282279968262e-01
9.940894842147827148e-01 5.948705077171325684e-01 4.424474835395812988e-01 7.850877195596694946e-02 9.988446235656738281e-01 5.432640910148620605e-01 7.439599037170410156e-01 6.063560843467712402e-01 7.163255214691162109e-01 5.197908282279968262e-01
9.982128143310546875e-01 5.948705077171325684e-01 5.941990017890930176e-01 5.979881286621093750e-01 8.717539906501770020e-01 5.432640910148620605e-01 4.359999597072601318e-01 5.091396570205688477e-01 7.163255214691162109e-01 5.197908282279968262e-01
9.841284751892089844e-01 5.948705077171325684e-01 3.395575582981109619e-01 5.309410095214843750e-01 7.347686886787414551e-01 4.714625179767608643e-01 4.359999597072601318e-01 8.313045501708984375e-01 4.488990604877471924e-01 5.197908282279968262e-01
6.301073431968688965e-01 5.948705077171325684e-01 6.073230504989624023e-01 8.192431330680847168e-01 9.157953858375549316e-01 7.231191992759704590e-01 4.359999597072601318e-01 8.916713595390319824e-01 4.488990604877471924e-01 5.197908282279968262e-01
2.994238436222076416e-01 4.662114679813385010e-01 1.306696087121963501e-01 8.654391169548034668e-01 7.592243701219558716e-02 2.714600861072540283e-01 4.359999597072601318e-01 8.916713595390319824e-01 2.810763716697692871e-01 5.197908282279968262e-01
9.582488536834716797e-01 5.948705077171325684e-01 3.044109940528869629e-01 7.933747768402099609e-01 9.862452745437622070e-01 2.714600861072540283e-01 4.359999597072601318e-01 8.916713595390319824e-01 4.488990604877471924e-01 5.197908282279968262e-01
4.833745658397674561e-01 5.948705077171325684e-01 6.513522267341613770e-01 4.253015220165252686e-01 9.264296889305114746e-01 8.016788363456726074e-01 4.359999597072601318e-01 3.473736047744750977e-01 2.810763716697692871e-01 5.197908282279968262e-01
4.048260450363159180e-01 1.785695403814315796e-01 3.879329264163970947e-01 8.115701079368591309e-01 8.844367265701293945e-01 4.714625179767608643e-01 4.359999597072601318e-01 6.063560843467712402e-01 6.236934065818786621e-01 4.087298512458801270e-01
8.603250384330749512e-01 1.785695403814315796e-01 8.986974358558654785e-01 9.128513336181640625e-01 9.985638260841369629e-01 8.016788363456726074e-01 6.302571296691894531e-01 1.625542491674423218e-01 6.236934065818786621e-01 4.087298512458801270e-01
9.490523338317871094e-01 5.948705077171325684e-01 7.412595748901367188e-01 9.316073656082153320e-01 9.978006482124328613e-01 8.016788363456726074e-01 8.106959462165832520e-01 3.643861114978790283e-01 6.236934065818786621e-01 5.197908282279968262e-01
6.801941394805908203e-01 1.785695403814315796e-01 5.272648334503173828e-01 2.885600030422210693e-01 8.086654543876647949e-01 3.943029344081878662e-01 8.106959462165832520e-01 3.643861114978790283e-01 6.236934065818786621e-01 5.197908282279968262e-01
9.845989942550659180e-01 5.948705077171325684e-01 1.133570168167352676e-02 2.392326891422271729e-01 7.978126406669616699e-02 3.943029344081878662e-01 4.359999597072601318e-01 5.193635225296020508e-01 5.617514252662658691e-01 5.197908282279968262e-01
6.592820286750793457e-01 5.281209945678710938e-01 7.800889015197753906e-01 7.798175215721130371e-01 8.316494226455688477e-01 3.943029344081878662e-01 4.359999597072601318e-01 2.868146598339080811e-01 2.810763716697692871e-01 5.197908282279968262e-01
2.818912267684936523e-01 5.281209945678710938e-01 5.618895292282104492e-01 6.860455125570297241e-02 1.113271564245223999e-01 3.943029344081878662e-01 4.359999597072601318e-01 5.193635225296020508e-01 7.163255214691162109e-01 7.890639901161193848e-01
9.802379608154296875e-01 1.391411870718002319e-01 9.492254257202148438e-01 8.625376224517822266e-01 9.818651080131530762e-01 3.943029344081878662e-01 4.359999597072601318e-01 1.755752116441726685e-01 4.488990604877471924e-01 5.197908282279968262e-01
