2.346312105655670166e-01 3.745883107185363770e-01 3.152998983860015869e-01 4.820000827312469482e-01 2.830122113227844238e-01 3.167617321014404297e-01 4.684472084045410156e-01 6.346891522407531738e-01 6.012327075004577637e-01 2.407772690057754517e-01
4.551211893558502197e-01 4.372463524341583252e-01 3.152998983860015869e-01 4.984499812126159668e-01 3.524402379989624023e-01 3.167617321014404297e-01 4.684472084045410156e-01 5.140716433525085449e-01 6.012327075004577637e-01 3.997051119804382324e-01
3.002168536186218262e-01 5.399267673492431641e-01 5.995364785194396973e-01 5.823934674263000488e-01 5.131636261940002441e-01 5.668617486953735352e-01 5.452157855033874512e-01 3.172658979892730713e-01 5.051632523536682129e-01 6.533090472221374512e-01
3.225667476654052734e-01 5.692052841186523438e-01 5.166895389556884766e-01 4.820000827312469482e-01 4.160584211349487305e-01 2.761408686637878418e-01 3.421320021152496338e-01 5.730084776878356934e-01 5.051632523536682129e-01 6.958747506141662598e-01
4.940396845340728760e-01 4.728729426860809326e-01 5.166895389556884766e-01 4.820000827312469482e-01 4.644720256328582764e-01 4.571633934974670410e-01 4.120954573154449463e-01 4.798743128776550293e-01 5.051632523536682129e-01 5.215637683868408203e-01
5.390237569808959961e-01 6.010363698005676270e-01 5.661282539367675781e-01 4.820000827312469482e-01 5.551172494888305664e-01 2.661218941211700439e-01 4.161948859691619873e-01 6.828133463859558105e-01 3.161303400993347168e-01 5.215637683868408203e-01
5.703254342079162598e-01 6.010363698005676270e-01 5.661282539367675781e-01 4.820000827312469482e-01 5.551172494888305664e-01 3.150763213634490967e-01 4.161948859691619873e-01 4.757645428180694580e-01 5.051632523536682129e-01 5.215637683868408203e-01
2.346312105655670166e-01 3.745883107185363770e-01 3.152998983860015869e-01 4.820000827312469482e-01 2.830119431018829346e-01 3.005138039588928223e-01 5.049740076065063477e-01 6.346891522407531738e-01 6.012327075004577637e-01 2.407772690057754517e-01
5.019763708114624023e-01 4.135759472846984863e-01 4.535715579986572266e-01 4.984499812126159668e-01 4.783980846405029297e-01 5.737968087196350098e-01 4.051439762115478516e-01 4.762243926525115967e-01 5.533722043037414551e-01 5.690522193908691406e-01
6.110143065452575684e-01 5.298916101455688477e-01 4.258825182914733887e-01 4.820000827312469482e-01 5.837587714195251465e-01 2.467154115438461304e-01 3.723876476287841797e-01 3.653975129127502441e-01 5.051632523536682129e-01 3.072740435600280762e-01
6.110143065452575684e-01 5.298916101455688477e-01 4.258825182914733887e-01 4.820000827312469482e-01 5.837587714195251465e-01 2.467154115438461304e-01 3.723876476287841797e-01 3.853825926780700684e-01 5.051632523536682129e-01 3.072740435600280762e-01
6.624516248703002930e-01 4.294100999832153320e-01 4.258825182914733887e-01 4.820000827312469482e-01 4.829797148704528809e-01 1.665731668472290039e-01 3.723876476287841797e-01 6.109113097190856934e-01 5.051632523536682129e-01 5.023697614669799805e-01
5.179627537727355957e-01 3.381648957729339600e-01 4.258825182914733887e-01 4.820000827312469482e-01 6.341336369514465332e-01 4.511147141456604004e-01 4.119602441787719727e-01 4.762243926525115967e-01 5.051632523536682129e-01 5.023697614669799805e-01
5.179627537727355957e-01 3.310984671115875244e-01 5.095190405845642090e-01 5.823934674263000488e-01 6.341336369514465332e-01 5.419319868087768555e-01 4.119602441787719727e-01 4.762243926525115967e-01 5.051632523536682129e-01 4.464805722236633301e-01
5.916810035705566406e-01 4.216516911983489990e-01 4.535715579986572266e-01 4.984499812126159668e-01 3.792360723018646240e-01 4.510214924812316895e-01 3.198142647743225098e-01 7.125873565673828125e-01 5.533722043037414551e-01 4.464805722236633301e-01
4.886386394500732422e-01 3.376553058624267578e-01 3.910861313343048096e-01 4.313466548919677734e-01 5.225178003311157227e-01 6.597154736518859863e-01 6.023356318473815918e-01 8.978204131126403809e-01 5.051632523536682129e-01 5.941883921623229980e-01
3.412684798240661621e-01 4.359456300735473633e-01 3.144275844097137451e-01 3.360389769077301025e-01 2.600268423557281494e-01 3.432637453079223633e-01 3.965264260768890381e-01 2.516693770885467529e-01 3.161303400993347168e-01 2.298659384250640869e-01
2.523992657661437988e-01 3.483889997005462646e-01 3.134545087814331055e-01 3.360389769077301025e-01 3.368339538574218750e-01 4.844862520694732666e-01 3.965264260768890381e-01 5.725393295288085938e-01 5.051632523536682129e-01 4.440753459930419922e-01
4.159213602542877197e-01 2.748657763004302979e-01 3.144275844097137451e-01 3.360389769077301025e-01 2.600268423557281494e-01 4.058890342712402344e-01 3.965264260768890381e-01 2.516693770885467529e-01 3.161303400993347168e-01 2.298659384250640869e-01
4.152194857597351074e-01 5.298916101455688477e-01 4.258825182914733887e-01 4.820000827312469482e-01 4.552105367183685303e-01 4.058890342712402344e-01 3.468410074710845947e-01 3.853825926780700684e-01 3.161303400993347168e-01 3.072740435600280762e-01
3.646289110183715820e-01 3.700907230377197266e-01 3.144275844097137451e-01 3.360389769077301025e-01 4.979138672351837158e-01 2.467154115438461304e-01 3.081939220428466797e-01 3.853825926780700684e-01 5.051632523536682129e-01 3.072740435600280762e-01
3.979804217815399170e-01 3.381648957729339600e-01 4.258825182914733887e-01 4.820000827312469482e-01 4.829797148704528809e-01 1.665731668472290039e-01 3.099519312381744385e-01 3.853825926780700684e-01 5.533722043037414551e-01 3.014943301677703857e-01
6.345390677452087402e-01 4.212940037250518799e-01 4.258825182914733887e-01 4.820000827312469482e-01 5.837587714195251465e-01 2.467154115438461304e-01 3.605204820632934570e-01 3.853825926780700684e-01 5.533722043037414551e-01 3.014943301677703857e-01
3.646289110183715820e-01 3.700907230377197266e-01 3.144275844097137451e-01 3.360389769077301025e-01 4.979138672351837158e-01 2.467154115438461304e-01 3.081939220428466797e-01 3.853825926780700684e-01 5.051632523536682129e-01 3.072740435600280762e-01
4.853745400905609131e-01 3.700907230377197266e-01 2.865741848945617676e-01 3.360389769077301025e-01 5.890523195266723633e-01 2.467154115438461304e-01 3.081939220428466797e-01 3.853825926780700684e-01 5.051632523536682129e-01 4.187368750572204590e-01
3.521564006805419922e-01 3.700907230377197266e-01 3.144275844097137451e-01 3.360389769077301025e-01 3.714019954204559326e-01 4.058890342712402344e-01 2.850509881973266602e-01 3.853825926780700684e-01 3.161303400993347168e-01 3.072740435600280762e-01
1.681647300720214844e-01 3.608048260211944580e-01 3.144275844097137451e-01 3.360389769077301025e-01 3.977916836738586426e-01 1.665731668472290039e-01 3.081939220428466797e-01 3.853825926780700684e-01 5.051632523536682129e-01 5.023697614669799805e-01
1.681647300720214844e-01 3.608048260211944580e-01 3.144275844097137451e-01 3.360389769077301025e-01 3.977916836738586426e-01 1.665731668472290039e-01 3.081939220428466797e-01 3.853825926780700684e-01 5.051632523536682129e-01 5.023697614669799805e-01
3.019158244132995605e-01 3.999375700950622559e-01 4.251159131526947021e-01 4.820000827312469482e-01 4.200218021869659424e-01 1.665731668472290039e-01 4.633704423904418945e-01 3.853825926780700684e-01 5.533722043037414551e-01 4.955455064773559570e-01
1.385156512260437012e-01 4.042244553565979004e-01 3.899688720703125000e-01 3.360389769077301025e-01 2.758454978466033936e-01 2.467154115438461304e-01 3.081939220428466797e-01 3.853825926780700684e-01 4.568920731544494629e-01 3.072740435600280762e-01
2.121318429708480835e-01 1.916498243808746338e-01 5.546007156372070312e-01 4.742134213447570801e-01 1.288780272006988525e-01 1.766282767057418823e-01 2.863875329494476318e-01 2.516693770885467529e-01 2.758527696132659912e-01 4.440753459930419922e-01
1.684497892856597900e-01 2.933280169963836670e-01 2.987334430217742920e-01 3.360389769077301025e-01 1.827508807182312012e-01 3.791702687740325928e-01 4.812140464782714844e-01 2.516693770885467529e-01 3.630928397178649902e-01 3.588562011718750000e-01
1.429636776447296143e-01 2.487340271472930908e-01 4.852048754692077637e-01 4.742134213447570801e-01 2.222853451967239380e-01 6.549304723739624023e-01 4.294356107711791992e-01 2.251896411180496216e-01 5.542639493942260742e-01 3.807325065135955811e-01
1.480350196361541748e-01 3.187103569507598877e-01 3.331902921199798584e-01 4.742134213447570801e-01 2.222853451967239380e-01 4.870378673076629639e-01 3.987655043601989746e-01 2.251896411180496216e-01 5.542639493942260742e-01 3.224406242370605469e-01
2.775928676128387451e-01 5.746880173683166504e-01 2.987334430217742920e-01 4.455914199352264404e-01 2.307161390781402588e-01 4.439183473587036133e-01 4.812140464782714844e-01 3.432752192020416260e-01 5.542639493942260742e-01 5.056102871894836426e-01
6.191442012786865234e-01 6.396527886390686035e-01 4.139451682567596436e-01 4.455914199352264404e-01 2.709511518478393555e-01 2.975829541683197021e-01 5.704314708709716797e-01 4.465571343898773193e-01 5.542639493942260742e-01 4.485939443111419678e-01
9.587305039167404175e-02 4.628904461860656738e-01 4.139451682567596436e-01 4.742134213447570801e-01 2.709511518478393555e-01 4.754239320755004883e-01 5.241858363151550293e-01 3.096975088119506836e-01 5.542639493942260742e-01 2.746067643165588379e-01
2.660005688667297363e-01 5.911509990692138672e-01 2.987334430217742920e-01 6.424783468246459961e-01 2.307161390781402588e-01 4.816074073314666748e-01 3.883191347122192383e-01 3.432752192020416260e-01 5.542639493942260742e-01 5.056102871894836426e-01
8.473969101905822754e-01 4.265135824680328369e-01 4.832937121391296387e-01 4.742134213447570801e-01 4.147061407566070557e-01 7.392101287841796875e-01 3.987655043601989746e-01 4.222947061061859131e-01 5.542639493942260742e-01 1.914627999067306519e-01
4.399052560329437256e-01 2.824892997741699219e-01 4.832937121391296387e-01 4.742134213447570801e-01 3.103263676166534424e-01 4.870378673076629639e-01 3.987655043601989746e-01 4.222947061061859131e-01 5.542639493942260742e-01 2.038848102092742920e-01
4.716104269027709961e-01 3.651462197303771973e-01 6.409214138984680176e-01 6.539226770401000977e-01 3.231756985187530518e-01 7.293038368225097656e-01 5.173848867416381836e-01 3.250463306903839111e-01 5.542639493942260742e-01 2.535182833671569824e-01
2.907755970954895020e-01 3.651462197303771973e-01 6.409214138984680176e-01 6.539226770401000977e-01 2.809418439865112305e-01 5.560730099678039551e-01 5.173848867416381836e-01 3.250463306903839111e-01 5.542639493942260742e-01 2.535182833671569824e-01
4.716104269027709961e-01 3.651462197303771973e-01 6.409214138984680176e-01 6.539226770401000977e-01 3.231756985187530518e-01 7.293038368225097656e-01 5.173848867416381836e-01 3.250463306903839111e-01 5.542639493942260742e-01 2.535182833671569824e-01
7.237392663955688477e-01 4.737712442874908447e-01 5.790687799453735352e-01 4.735350906848907471e-01 4.192053675651550293e-01 5.519356131553649902e-01 6.309648752212524414e-01 6.936997175216674805e-01 5.542639493942260742e-01 4.712058901786804199e-01
4.666357338428497314e-01 3.347958922386169434e-01 5.588152408599853516e-01 4.735350906848907471e-01 6.006941199302673340e-01 6.527515649795532227e-01 5.946946144104003906e-01 5.620918273925781250e-01 4.196694791316986084e-01 5.555947422981262207e-01
6.931031346321105957e-01 6.999399065971374512e-01 5.054645538330078125e-01 6.943854093551635742e-01 5.889445543289184570e-01 3.852425813674926758e-01 6.864036917686462402e-01 6.487447023391723633e-01 4.940002262592315674e-01 5.519651174545288086e-01
5.435363650321960449e-01 2.465308010578155518e-01 3.377935290336608887e-01 4.299766123294830322e-01 5.889445543289184570e-01 2.626461982727050781e-01 5.576363205909729004e-01 5.406741499900817871e-01 3.277346789836883545e-01 3.961679041385650635e-01
3.646673858165740967e-01 3.446044921875000000e-01 3.377935290336608887e-01 4.299766123294830322e-01 5.924283862113952637e-01 2.102585136890411377e-01 4.597685635089874268e-01 2.259495407342910767e-01 3.277346789836883545e-01 3.335590958595275879e-01
3.646673858165740967e-01 3.446044921875000000e-01 3.377935290336608887e-01 4.299766123294830322e-01 5.924283862113952637e-01 2.340621650218963623e-01 4.597685635089874268e-01 2.259495407342910767e-01 3.277346789836883545e-01 3.335590958595275879e-01
3.904884159564971924e-01 2.741117775440216064e-01 3.741416633129119873e-01 4.299766123294830322e-01 5.924283862113952637e-01 2.340621650218963623e-01 4.597685635089874268e-01 2.259495407342910767e-01 3.277346789836883545e-01 3.335590958595275879e-01
7.768427133560180664e-01 7.403536438941955566e-01 4.538621008396148682e-01 6.943854093551635742e-01 6.730772852897644043e-01 6.108646392822265625e-01 7.127968668937683105e-01 6.160045266151428223e-01 5.589886307716369629e-01 5.109978318214416504e-01
7.452814579010009766e-01 6.838005185127258301e-01 5.089914202690124512e-01 6.943854093551635742e-01 6.730772852897644043e-01 4.964737892150878906e-01 6.864036917686462402e-01 6.487447023391723633e-01 4.940002262592315674e-01 4.314751029014587402e-01
4.514404237270355225e-01 4.392791986465454102e-01 5.089914202690124512e-01 6.943854093551635742e-01 4.887860119342803955e-01 4.809150993824005127e-01 7.798047661781311035e-01 6.487447023391723633e-01 5.592136979103088379e-01 5.848001837730407715e-01
4.033918976783752441e-01 3.697590529918670654e-01 5.089914202690124512e-01 7.773883938789367676e-01 6.553877592086791992e-01 4.907961785793304443e-01 8.110642433166503906e-01 6.653031706809997559e-01 5.592136979103088379e-01 5.231592655181884766e-01
4.507025778293609619e-01 3.697590529918670654e-01 5.089914202690124512e-01 5.820122361183166504e-01 4.543675780296325684e-01 6.333371400833129883e-01 4.291797876358032227e-01 6.653031706809997559e-01 7.302450537681579590e-01 5.231592655181884766e-01
7.920715212821960449e-01 5.595434308052062988e-01 4.883454144001007080e-01 3.034206628799438477e-01 4.413067698478698730e-01 3.667727708816528320e-01 5.442886352539062500e-01 6.487447023391723633e-01 4.940002262592315674e-01 7.606993913650512695e-01
4.261542558670043945e-01 1.645750403404235840e-01 5.610657930374145508e-01 4.299766123294830322e-01 6.015176773071289062e-01 4.742990136146545410e-01 3.572511374950408936e-01 2.259495407342910767e-01 3.277346789836883545e-01 4.793377518653869629e-01
6.403444409370422363e-01 1.645750403404235840e-01 5.610657930374145508e-01 4.299766123294830322e-01 6.015176773071289062e-01 4.742990136146545410e-01 4.109409451484680176e-01 2.259495407342910767e-01 3.277346789836883545e-01 4.793377518653869629e-01
5.974552035331726074e-01 1.692762225866317749e-01 6.625931859016418457e-01 4.299766123294830322e-01 6.015176773071289062e-01 3.580101430416107178e-01 5.381634831428527832e-01 2.431884855031967163e-01 5.193644762039184570e-01 4.793377518653869629e-01
5.087029337882995605e-01 6.969301104545593262e-01 5.800701379776000977e-01 5.306342244148254395e-01 5.511874556541442871e-01 5.526866912841796875e-01 6.604850292205810547e-01 1.789221763610839844e-01 6.012327075004577637e-01 6.763260960578918457e-01
7.662147283554077148e-01 5.269506573677062988e-01 3.716998398303985596e-01 4.118204414844512939e-01 3.669553399085998535e-01 5.668617486953735352e-01 8.183570504188537598e-01 5.089763402938842773e-01 5.051632523536682129e-01 6.763260960578918457e-01
4.852638244628906250e-01 6.781747937202453613e-01 5.446813702583312988e-01 4.820000827312469482e-01 5.167566537857055664e-01 4.533239305019378662e-01 6.169039607048034668e-01 5.730141401290893555e-01 6.012327075004577637e-01 4.058282673358917236e-01
6.174625158309936523e-01 4.885531365871429443e-01 5.166895389556884766e-01 4.820000827312469482e-01 4.266626238822937012e-01 3.394667804241180420e-01 6.289106011390686035e-01 5.089763402938842773e-01 5.051632523536682129e-01 5.472661256790161133e-01
8.022537827491760254e-01 7.535631656646728516e-01 7.081102728843688965e-01 4.820000827312469482e-01 6.991307735443115234e-01 5.668617486953735352e-01 6.286242604255676270e-01 5.130922198295593262e-01 5.051632523536682129e-01 4.586410820484161377e-01
5.066078901290893555e-01 4.811124205589294434e-01 5.166895389556884766e-01 4.820000827312469482e-01 4.676523804664611816e-01 3.989928066730499268e-01 5.570129156112670898e-01 3.310341238975524902e-01 3.161303400993347168e-01 4.231475889682769775e-01
1.989784836769104004e-01 5.490260720252990723e-01 5.928051471710205078e-01 4.455914199352264404e-01 5.714347958564758301e-01 4.847918748855590820e-01 4.605232477188110352e-01 3.575670123100280762e-01 3.161303400993347168e-01 4.586410820484161377e-01
4.900431632995605469e-01 5.870255827903747559e-01 2.865289449691772461e-01 3.174530267715454102e-01 5.672044754028320312e-01 2.699556648731231689e-01 2.954723834991455078e-01 3.575670123100280762e-01 3.236613571643829346e-01 4.627567529678344727e-01
1.672095805406570435e-01 2.323060631752014160e-01 2.865289449691772461e-01 3.174530267715454102e-01 5.174617767333984375e-01 4.368510544300079346e-01 4.475125372409820557e-01 3.905413448810577393e-01 4.173080623149871826e-01 5.155484080314636230e-01
3.252060115337371826e-01 6.471867561340332031e-01 2.865289449691772461e-01 4.892784059047698975e-01 5.052576065063476562e-01 4.368510544300079346e-01 4.367167949676513672e-01 3.681125342845916748e-01 4.089154601097106934e-01 5.734211206436157227e-01
4.405625164508819580e-01 6.539767980575561523e-01 2.264349311590194702e-01 4.892784059047698975e-01 3.591447174549102783e-01 5.360743403434753418e-01 3.486445248126983643e-01 2.733967602252960205e-01 4.722117185592651367e-01 6.296488046646118164e-01
4.128000140190124512e-01 5.475872159004211426e-01 3.317018449306488037e-01 3.762749135494232178e-01 2.768242359161376953e-01 2.400797903537750244e-01 3.486445248126983643e-01 6.000325083732604980e-01 4.089154601097106934e-01 5.531461238861083984e-01
3.360342979431152344e-01 5.971450805664062500e-01 2.821014523506164551e-01 4.314570128917694092e-01 5.338376164436340332e-01 2.528500258922576904e-01 3.532322645187377930e-01 5.641061663627624512e-01 2.517579793930053711e-01 3.977189362049102783e-01
1.850072890520095825e-01 4.869890213012695312e-01 2.821014523506164551e-01 3.233528733253479004e-01 2.768242359161376953e-01 2.528500258922576904e-01 2.883606255054473877e-01 5.641061663627624512e-01 2.517579793930053711e-01 3.977189362049102783e-01
2.513675987720489502e-01 5.971450805664062500e-01 2.821014523506164551e-01 4.892784059047698975e-01 5.291914343833923340e-01 2.661218941211700439e-01 4.190913438796997070e-01 5.657908320426940918e-01 3.161303400993347168e-01 3.709500432014465332e-01
4.854170083999633789e-01 4.398547112941741943e-01 4.465158879756927490e-01 3.360389769077301025e-01 4.687411189079284668e-01 2.661218941211700439e-01 3.486445248126983643e-01 6.828133463859558105e-01 3.161303400993347168e-01 6.449465751647949219e-01
3.205279409885406494e-01 5.971450805664062500e-01 2.821014523506164551e-01 4.892784059047698975e-01 4.311904311180114746e-01 3.394882082939147949e-01 3.486445248126983643e-01 3.136382102966308594e-01 3.161303400993347168e-01 2.989572882652282715e-01
3.571918606758117676e-01 5.863003134727478027e-01 5.047011971473693848e-01 4.455914199352264404e-01 4.687411189079284668e-01 2.400797903537750244e-01 3.486445248126983643e-01 7.125156521797180176e-01 4.089154601097106934e-01 4.639042019844055176e-01
2.532315850257873535e-01 5.300517082214355469e-01 2.821014523506164551e-01 4.892784059047698975e-01 5.052576065063476562e-01 1.801659613847732544e-01 4.295018315315246582e-01 3.575670123100280762e-01 3.161303400993347168e-01 3.953636884689331055e-01
7.047998309135437012e-01 6.883381009101867676e-01 2.865289449691772461e-01 4.892784059047698975e-01 4.804720282554626465e-01 6.373814344406127930e-01 4.295018315315246582e-01 3.905413448810577393e-01 4.722117185592651367e-01 5.523950457572937012e-01
6.801890134811401367e-01 4.199269115924835205e-01 5.089914202690124512e-01 4.742134213447570801e-01 6.600061058998107910e-01 4.801238179206848145e-01 5.988826751708984375e-01 5.591927170753479004e-01 4.313105046749114990e-01 3.741075098514556885e-01
4.700349271297454834e-01 7.594994306564331055e-01 5.089914202690124512e-01 4.892784059047698975e-01 6.359467506408691406e-01 2.733065485954284668e-01 4.309231936931610107e-01 4.475786089897155762e-01 4.313105046749114990e-01 6.214187145233154297e-01
4.972493350505828857e-01 4.330176711082458496e-01 5.089914202690124512e-01 4.892784059047698975e-01 6.359467506408691406e-01 2.916235923767089844e-01 5.811883807182312012e-01 4.475786089897155762e-01 4.313105046749114990e-01 3.718293905258178711e-01
5.626468062400817871e-01 5.370317101478576660e-01 5.089914202690124512e-01 4.892784059047698975e-01 6.359467506408691406e-01 2.916235923767089844e-01 5.811883807182312012e-01 4.475786089897155762e-01 4.313105046749114990e-01 3.718293905258178711e-01
1.289493124932050705e-02 5.060152411460876465e-01 1.850440204143524170e-01 4.314570128917694092e-01 1.537313908338546753e-01 2.775609195232391357e-01 4.326694309711456299e-01 2.311130762100219727e-01 3.589107990264892578e-01 3.275013267993927002e-01
2.116239219903945923e-01 7.392799854278564453e-01 3.028461635112762451e-01 4.314570128917694092e-01 1.174486875534057617e-01 3.271770775318145752e-01 2.267750352621078491e-01 4.465571343898773193e-01 2.722460329532623291e-01 3.275013267993927002e-01
1.331935822963714600e-01 1.338644921779632568e-01 1.920923888683319092e-01 2.644965052604675293e-01 3.530951440334320068e-01 2.168722897768020630e-01 2.555550932884216309e-01 3.417315781116485596e-01 2.722460329532623291e-01 2.363856136798858643e-01
4.348134100437164307e-01 6.269062757492065430e-01 5.145492553710937500e-01 4.892784059047698975e-01 3.130657970905303955e-01 4.709686934947967529e-01 2.133798748254776001e-01 4.465571343898773193e-01 4.538199603557586670e-01 3.675999939441680908e-01
3.077993094921112061e-01 2.318671941757202148e-01 1.826040297746658325e-01 4.892784059047698975e-01 3.587091863155364990e-01 4.058890342712402344e-01 2.343469709157943726e-01 3.710300624370574951e-01 3.161303400993347168e-01 3.675999939441680908e-01
6.529138088226318359e-01 5.918791294097900391e-01 4.282301068305969238e-01 6.268647313117980957e-01 4.314881563186645508e-01 2.664432823657989502e-01 3.280509114265441895e-01 3.432752192020416260e-01 4.089154601097106934e-01 3.684761226177215576e-01
8.870463967323303223e-01 6.679813265800476074e-01 5.195399522781372070e-01 5.869513750076293945e-01 6.947709918022155762e-01 4.058890342712402344e-01 6.470665335655212402e-01 3.432752192020416260e-01 3.161303400993347168e-01 4.733258485794067383e-01
4.432277381420135498e-01 3.859345614910125732e-01 5.475111603736877441e-01 5.706973075866699219e-01 6.463381052017211914e-01 1.696141511201858521e-01 5.368044972419738770e-01 2.359562963247299194e-01 2.722460329532623291e-01 4.955455064773559570e-01
6.039333343505859375e-01 4.572366476058959961e-01 5.475111603736877441e-01 5.867455005645751953e-01 5.212297439575195312e-01 2.869959771633148193e-01 5.003021955490112305e-01 6.601154208183288574e-01 4.523970186710357666e-01 4.079619348049163818e-01
7.480692863464355469e-01 4.572366476058959961e-01 5.475111603736877441e-01 5.867455005645751953e-01 6.001785397529602051e-01 2.869959771633148193e-01 5.003021955490112305e-01 6.601154208183288574e-01 5.533722043037414551e-01 5.797733068466186523e-01
7.747543454170227051e-01 4.726700186729431152e-01 5.475111603736877441e-01 5.867455005645751953e-01 6.001785397529602051e-01 3.974467515945434570e-01 5.918835401535034180e-01 6.601154208183288574e-01 5.533722043037414551e-01 4.019832015037536621e-01
7.706281542778015137e-01 4.761134088039398193e-01 5.475111603736877441e-01 6.028147935867309570e-01 4.768950045108795166e-01 5.737968087196350098e-01 4.775622785091400146e-01 6.601154208183288574e-01 5.533722043037414551e-01 5.941883921623229980e-01
8.136073946952819824e-01 5.922542810440063477e-01 5.195399522781372070e-01 5.869513750076293945e-01 5.027399063110351562e-01 4.642883539199829102e-01 4.433143734931945801e-01 5.515584349632263184e-01 5.051632523536682129e-01 3.296934068202972412e-01
6.110143065452575684e-01 5.298916101455688477e-01 4.258825182914733887e-01 4.820000827312469482e-01 5.042458772659301758e-01 4.642883539199829102e-01 3.723876476287841797e-01 3.853825926780700684e-01 5.051632523536682129e-01 3.072740435600280762e-01
6.110143065452575684e-01 6.968092918395996094e-01 4.258825182914733887e-01 4.820000827312469482e-01 5.042458772659301758e-01 3.986993432044982910e-01 3.723876476287841797e-01 3.853825926780700684e-01 5.051632523536682129e-01 3.072740435600280762e-01
4.224551022052764893e-01 5.417380332946777344e-01 4.258825182914733887e-01 4.820000827312469482e-01 5.042458772659301758e-01 2.866474986076354980e-01 3.723876476287841797e-01 3.853825926780700684e-01 5.051632523536682129e-01 3.072740435600280762e-01
2.187806367874145508e-01 2.713285982608795166e-01 5.532786846160888672e-01 3.360389769077301025e-01 3.264971375465393066e-01 4.728750288486480713e-01 4.979941546916961670e-01 3.853825926780700684e-01 5.051632523536682129e-01 4.187368750572204590e-01
1.761766225099563599e-01 3.667923212051391602e-01 5.334951281547546387e-01 4.820000827312469482e-01 4.817335903644561768e-01 2.453506737947463989e-01 3.679735064506530762e-01 3.853825926780700684e-01 4.089154601097106934e-01 3.072740435600280762e-01
3.376320302486419678e-01 3.664577603340148926e-01 3.588838577270507812e-01 3.360389769077301025e-01 2.899058163166046143e-01 3.212975859642028809e-01 2.699454128742218018e-01 3.853825926780700684e-01 4.523970186710357666e-01 4.044152796268463135e-01
3.185160756111145020e-01 3.465275764465332031e-01 4.751748740673065186e-01 4.820000827312469482e-01 4.817335903644561768e-01 3.212975859642028809e-01 5.932210087776184082e-01 3.853825926780700684e-01 4.523970186710357666e-01 6.071318387985229492e-01
4.531425833702087402e-01 3.369659781455993652e-01 4.751748740673065186e-01 4.820000827312469482e-01 3.660328686237335205e-01 3.212975859642028809e-01 2.877808213233947754e-01 3.853825926780700684e-01 4.523970186710357666e-01 4.044152796268463135e-01
4.123203754425048828e-01 3.664577603340148926e-01 3.588838577270507812e-01 3.360389769077301025e-01 2.899058163166046143e-01 3.212975859642028809e-01 3.281547129154205322e-01 3.853825926780700684e-01 5.051632523536682129e-01 3.072740435600280762e-01
3.479806482791900635e-01 3.465275764465332031e-01 4.751748740673065186e-01 4.820000827312469482e-01 5.308421254158020020e-01 3.212975859642028809e-01 3.822847902774810791e-01 3.853825926780700684e-01 4.523970186710357666e-01 6.071318387985229492e-01
4.908469617366790771e-01 2.156128138303756714e-01 3.588838577270507812e-01 3.360389769077301025e-01 5.380128622055053711e-01 3.255735933780670166e-01 3.281547129154205322e-01 3.853825926780700684e-01 5.051632523536682129e-01 4.187368750572204590e-01
1.128527075052261353e-01 4.244672954082489014e-01 4.141954183578491211e-01 3.360389769077301025e-01 2.511543929576873779e-01 1.991904228925704956e-01 3.041719198226928711e-01 3.853825926780700684e-01 4.089154601097106934e-01 3.072740435600280762e-01
3.035855889320373535e-01 4.244672954082489014e-01 4.141954183578491211e-01 3.360389769077301025e-01 2.511543929576873779e-01 2.717600464820861816e-01 3.041719198226928711e-01 3.853825926780700684e-01 3.161303400993347168e-01 3.072740435600280762e-01
3.035855889320373535e-01 4.244672954082489014e-01 4.141954183578491211e-01 3.360389769077301025e-01 2.511543929576873779e-01 2.717600464820861816e-01 3.041719198226928711e-01 3.853825926780700684e-01 3.161303400993347168e-01 3.072740435600280762e-01
2.346469759941101074e-01 4.054359197616577148e-01 4.751748740673065186e-01 4.820000827312469482e-01 4.817335903644561768e-01 2.717600464820861816e-01 3.679735064506530762e-01 3.853825926780700684e-01 3.161303400993347168e-01 5.023697614669799805e-01
4.524479806423187256e-01 4.327291250228881836e-01 4.751748740673065186e-01 4.820000827312469482e-01 3.660328686237335205e-01 3.212975859642028809e-01 3.941373825073242188e-01 3.853825926780700684e-01 5.051632523536682129e-01 3.072740435600280762e-01
3.151747584342956543e-01 3.664577603340148926e-01 3.588838577270507812e-01 3.360389769077301025e-01 2.899058163166046143e-01 3.212975859642028809e-01 3.281547129154205322e-01 3.853825926780700684e-01 5.051632523536682129e-01 3.072740435600280762e-01
2.674524486064910889e-01 4.756788015365600586e-01 4.963522851467132568e-01 4.455914199352264404e-01 3.487381339073181152e-01 2.756445407867431641e-01 3.041719198226928711e-01 4.935585558414459229e-01 4.538199603557586670e-01 5.682741999626159668e-01
1.638853847980499268e-01 3.262214958667755127e-01 4.963522851467132568e-01 3.360389769077301025e-01 5.786196142435073853e-02 3.791702687740325928e-01 3.601385056972503662e-01 3.853825926780700684e-01 3.630928397178649902e-01 3.579899966716766357e-01
8.270694315433502197e-02 3.345214426517486572e-01 3.601158559322357178e-01 3.360389769077301025e-01 1.580542325973510742e-01 2.717600464820861816e-01 3.041719198226928711e-01 3.853825926780700684e-01 2.758527696132659912e-01 3.072740435600280762e-01
1.278681308031082153e-01 2.562182247638702393e-01 6.203573942184448242e-01 3.360389769077301025e-01 2.374152988195419312e-01 3.271770775318145752e-01 3.184892237186431885e-01 3.417315781116485596e-01 2.758527696132659912e-01 3.072740435600280762e-01
9.275744110345840454e-02 4.004693627357482910e-01 3.601158559322357178e-01 3.360389769077301025e-01 1.580542325973510742e-01 2.717600464820861816e-01 3.041719198226928711e-01 3.853825926780700684e-01 2.758527696132659912e-01 3.072740435600280762e-01
1.454374641180038452e-01 3.011651039123535156e-01 3.601158559322357178e-01 3.360389769077301025e-01 1.827508807182312012e-01 2.717600464820861816e-01 4.187453389167785645e-01 2.516693770885467529e-01 2.758527696132659912e-01 3.296934068202972412e-01
4.591720998287200928e-01 4.793319404125213623e-01 2.987334430217742920e-01 4.455914199352264404e-01 2.442670166492462158e-01 1.991904228925704956e-01 4.187453389167785645e-01 3.432752192020416260e-01 5.542639493942260742e-01 5.691980719566345215e-01
6.886684298515319824e-01 2.487340271472930908e-01 4.832937121391296387e-01 4.742134213447570801e-01 4.147061407566070557e-01 5.486157536506652832e-01 3.399856090545654297e-01 3.367950916290283203e-01 5.542639493942260742e-01 3.807325065135955811e-01
6.434527635574340820e-01 4.124506711959838867e-01 4.436416029930114746e-01 4.742134213447570801e-01 4.264333844184875488e-01 4.816074073314666748e-01 4.348789453506469727e-01 3.367950916290283203e-01 5.542639493942260742e-01 3.224406242370605469e-01
9.197568297386169434e-01 5.274152159690856934e-01 4.832937121391296387e-01 4.742134213447570801e-01 4.147061407566070557e-01 2.871654927730560303e-01 4.348789453506469727e-01 4.222947061061859131e-01 5.542639493942260742e-01 1.914627999067306519e-01
3.378702998161315918e-01 3.651462197303771973e-01 5.693650841712951660e-01 4.742134213447570801e-01 4.369364678859710693e-01 5.640174746513366699e-01 5.500631928443908691e-01 5.041257143020629883e-01 5.542639493942260742e-01 2.535182833671569824e-01
3.947421908378601074e-01 4.027129113674163818e-01 6.500038504600524902e-01 7.433426976203918457e-01 3.231756985187530518e-01 7.293038368225097656e-01 3.129911720752716064e-01 7.293048501014709473e-01 5.542639493942260742e-01 4.097229242324829102e-01
8.071052432060241699e-01 4.027129113674163818e-01 6.500038504600524902e-01 7.433426976203918457e-01 3.231756985187530518e-01 7.293038368225097656e-01 4.470097422599792480e-01 7.293048501014709473e-01 5.542639493942260742e-01 4.097229242324829102e-01
5.918386578559875488e-01 4.027129113674163818e-01 6.500038504600524902e-01 7.433426976203918457e-01 2.809418439865112305e-01 5.560730099678039551e-01 2.152834236621856689e-01 7.293048501014709473e-01 5.542639493942260742e-01 4.097229242324829102e-01
9.378608465194702148e-01 5.103539824485778809e-01 6.500038504600524902e-01 7.433426976203918457e-01 6.370383501052856445e-01 7.580912113189697266e-01 8.700114488601684570e-01 8.390980958938598633e-01 8.161212801933288574e-01 4.939428567886352539e-01
