4.693543016910552979e-01 5.732108950614929199e-01 5.031161308288574219e-01 6.215928196907043457e-01 5.310750603675842285e-01 4.393662810325622559e-01 5.555612444877624512e-01 8.134218454360961914e-01 5.226387977600097656e-01 4.571972787380218506e-01
4.693543016910552979e-01 4.956402480602264404e-01 5.031161308288574219e-01 6.215928196907043457e-01 5.696507692337036133e-01 7.717332243919372559e-01 5.980247259140014648e-01 5.853598117828369141e-01 5.226387977600097656e-01 4.571972787380218506e-01
4.693543016910552979e-01 4.956402480602264404e-01 5.031161308288574219e-01 5.839310288429260254e-01 5.267738699913024902e-01 4.331389069557189941e-01 3.671413362026214600e-01 5.087113976478576660e-01 4.654302597045898438e-01 4.571972787380218506e-01
4.693543016910552979e-01 4.956402480602264404e-01 5.031161308288574219e-01 4.963573515415191650e-01 5.267738699913024902e-01 3.557031750679016113e-01 3.207224607467651367e-01 5.556278228759765625e-01 4.654302597045898438e-01 4.571972787380218506e-01
4.693543016910552979e-01 4.956402480602264404e-01 5.031161308288574219e-01 4.963573515415191650e-01 4.338685572147369385e-01 5.499412417411804199e-01 4.291782379150390625e-01 7.613134384155273438e-01 4.110172986984252930e-01 4.571972787380218506e-01
4.693543016910552979e-01 4.956402480602264404e-01 5.031161308288574219e-01 4.963573515415191650e-01 4.338685572147369385e-01 5.190531611442565918e-01 3.207224607467651367e-01 5.463193655014038086e-01 4.110172986984252930e-01 4.571972787380218506e-01
4.693543016910552979e-01 4.956402480602264404e-01 5.031161308288574219e-01 5.839310288429260254e-01 5.267738699913024902e-01 5.780655741691589355e-01 4.197140932083129883e-01 5.674481391906738281e-01 4.654302597045898438e-01 4.571972787380218506e-01
4.693543016910552979e-01 4.956402480602264404e-01 5.031161308288574219e-01 5.839310288429260254e-01 4.821392595767974854e-01 5.068804621696472168e-01 4.486251771450042725e-01 6.885430812835693359e-01 4.654302597045898438e-01 4.571972787380218506e-01
4.693543016910552979e-01 4.956402480602264404e-01 5.031161308288574219e-01 5.208013057708740234e-01 4.821392595767974854e-01 5.068804621696472168e-01 4.486251771450042725e-01 4.250330626964569092e-01 4.654302597045898438e-01 4.571972787380218506e-01
4.693543016910552979e-01 4.184100925922393799e-01 5.031161308288574219e-01 5.208013057708740234e-01 4.954980313777923584e-01 5.618090033531188965e-01 3.472052514553070068e-01 3.578824102878570557e-01 4.654302597045898438e-01 4.571972787380218506e-01
4.693543016910552979e-01 5.732108950614929199e-01 5.031161308288574219e-01 5.208013057708740234e-01 3.148427009582519531e-01 6.354473233222961426e-01 3.876574635505676270e-01 3.029375374317169189e-01 5.226387977600097656e-01 5.209423899650573730e-01
5.173982977867126465e-01 5.487925410270690918e-01 5.031161308288574219e-01 5.598703026771545410e-01 5.990128517150878906e-01 4.537928700447082520e-01 3.879838585853576660e-01 3.720617890357971191e-01 5.226387977600097656e-01 5.209423899650573730e-01
4.693543016910552979e-01 6.161121129989624023e-01 5.031161308288574219e-01 5.598703026771545410e-01 5.387272834777832031e-01 6.870188713073730469e-01 4.291656911373138428e-01 6.006299257278442383e-01 5.226387977600097656e-01 5.209423899650573730e-01
5.173982977867126465e-01 5.277372002601623535e-01 5.031161308288574219e-01 5.598703026771545410e-01 5.861054062843322754e-01 6.363333463668823242e-01 5.555612444877624512e-01 6.822908520698547363e-01 5.226387977600097656e-01 5.209423899650573730e-01
5.173982977867126465e-01 5.277372002601623535e-01 5.031161308288574219e-01 5.598703026771545410e-01 5.861054062843322754e-01 5.585340261459350586e-01 4.291656911373138428e-01 5.869497060775756836e-01 5.226387977600097656e-01 5.209423899650573730e-01
5.173982977867126465e-01 5.416284799575805664e-01 5.031161308288574219e-01 5.598703026771545410e-01 5.990128517150878906e-01 5.922281742095947266e-01 3.879838585853576660e-01 6.686521768569946289e-01 5.226387977600097656e-01 5.209423899650573730e-01
5.173982977867126465e-01 5.487925410270690918e-01 5.031161308288574219e-01 5.598703026771545410e-01 5.443644523620605469e-01 4.537928700447082520e-01 5.975780487060546875e-01 5.241020917892456055e-01 5.226387977600097656e-01 5.209423899650573730e-01
5.173982977867126465e-01 7.543752789497375488e-01 5.031161308288574219e-01 5.598703026771545410e-01 7.158489227294921875e-01 4.413996934890747070e-01 5.975780487060546875e-01 6.488900780677795410e-01 5.061525702476501465e-01 5.209423899650573730e-01
5.173982977867126465e-01 7.543752789497375488e-01 5.031161308288574219e-01 5.598703026771545410e-01 2.883276343345642090e-01 2.416797131299972534e-01 5.975780487060546875e-01 6.488900780677795410e-01 4.076137840747833252e-01 5.209423899650573730e-01
5.173982977867126465e-01 7.543752789497375488e-01 5.031161308288574219e-01 5.598703026771545410e-01 2.883276343345642090e-01 2.416797131299972534e-01 4.347655475139617920e-01 4.158802926540374756e-01 4.076137840747833252e-01 5.209423899650573730e-01
5.173982977867126465e-01 7.543752789497375488e-01 5.031161308288574219e-01 5.598703026771545410e-01 2.883276343345642090e-01 2.045886516571044922e-01 5.975780487060546875e-01 3.782466053962707520e-01 4.076137840747833252e-01 5.209423899650573730e-01
5.173982977867126465e-01 7.543752789497375488e-01 5.031161308288574219e-01 4.005901515483856201e-01 5.914900898933410645e-01 4.672186374664306641e-01 2.789115309715270996e-01 4.809520542621612549e-01 3.917780816555023193e-01 5.209423899650573730e-01
5.173982977867126465e-01 3.971521556377410889e-01 5.031161308288574219e-01 4.005901515483856201e-01 5.914900898933410645e-01 4.672186374664306641e-01 2.789115309715270996e-01 5.066975355148315430e-01 4.076137840747833252e-01 5.209423899650573730e-01
5.173982977867126465e-01 3.971521556377410889e-01 5.031161308288574219e-01 4.005901515483856201e-01 5.914900898933410645e-01 4.672186374664306641e-01 4.347655475139617920e-01 4.201762974262237549e-01 4.076137840747833252e-01 5.209423899650573730e-01
5.173982977867126465e-01 5.416284799575805664e-01 5.031161308288574219e-01 5.598703026771545410e-01 4.263315498828887939e-01 5.717498660087585449e-01 4.275021553039550781e-01 3.634644448757171631e-01 5.226387977600097656e-01 5.209423899650573730e-01
5.173982977867126465e-01 3.971521556377410889e-01 5.031161308288574219e-01 5.598703026771545410e-01 3.784639537334442139e-01 4.672186374664306641e-01 2.789115309715270996e-01 4.601649343967437744e-01 4.076137840747833252e-01 5.209423899650573730e-01
5.173982977867126465e-01 7.543752789497375488e-01 5.031161308288574219e-01 4.005901515483856201e-01 5.379026532173156738e-01 3.132016062736511230e-01 2.920071184635162354e-01 4.659988880157470703e-01 4.076137840747833252e-01 5.209423899650573730e-01
5.173982977867126465e-01 7.543752789497375488e-01 5.031161308288574219e-01 4.005901515483856201e-01 5.379026532173156738e-01 6.557130217552185059e-01 4.299343526363372803e-01 3.386876583099365234e-01 2.394241243600845337e-01 5.209423899650573730e-01
5.173982977867126465e-01 7.543752789497375488e-01 5.031161308288574219e-01 4.005901515483856201e-01 2.456873655319213867e-01 2.668717205524444580e-01 4.299343526363372803e-01 1.106589660048484802e-01 2.394241243600845337e-01 5.209423899650573730e-01
5.173982977867126465e-01 5.782698392868041992e-01 5.031161308288574219e-01 4.005901515483856201e-01 6.213082075119018555e-01 6.883834600448608398e-01 2.840896546840667725e-01 7.791132330894470215e-01 6.582266688346862793e-01 5.209423899650573730e-01
5.173982977867126465e-01 5.782698392868041992e-01 5.031161308288574219e-01 5.208013057708740234e-01 4.838488698005676270e-01 7.361721992492675781e-01 5.918493270874023438e-01 4.450520575046539307e-01 7.002692222595214844e-01 5.209423899650573730e-01
5.173982977867126465e-01 5.782698392868041992e-01 5.031161308288574219e-01 5.208013057708740234e-01 5.396169424057006836e-01 3.426998853683471680e-01 2.590593695640563965e-01 5.463411211967468262e-01 4.654302597045898438e-01 5.209423899650573730e-01
5.173982977867126465e-01 5.782698392868041992e-01 5.031161308288574219e-01 4.005901515483856201e-01 3.286494612693786621e-01 1.776788979768753052e-01 2.840896546840667725e-01 6.617566943168640137e-01 5.948675274848937988e-01 5.209423899650573730e-01
5.173982977867126465e-01 5.782698392868041992e-01 5.031161308288574219e-01 5.208013057708740234e-01 5.396169424057006836e-01 4.319174885749816895e-01 4.337793886661529541e-01 5.103303790092468262e-01 7.002692222595214844e-01 5.209423899650573730e-01
5.173982977867126465e-01 5.782698392868041992e-01 5.031161308288574219e-01 4.005901515483856201e-01 5.379026532173156738e-01 1.946163028478622437e-01 2.749696969985961914e-01 4.876417219638824463e-01 5.948675274848937988e-01 5.209423899650573730e-01
5.173982977867126465e-01 5.782698392868041992e-01 5.031161308288574219e-01 4.005901515483856201e-01 2.456873655319213867e-01 7.243622839450836182e-02 4.299343526363372803e-01 2.931640446186065674e-01 2.394241243600845337e-01 5.209423899650573730e-01
5.173982977867126465e-01 5.782698392868041992e-01 5.031161308288574219e-01 4.005901515483856201e-01 2.456873655319213867e-01 1.023953482508659363e-01 4.299343526363372803e-01 2.460175454616546631e-01 2.394241243600845337e-01 5.209423899650573730e-01
5.173982977867126465e-01 5.782698392868041992e-01 5.031161308288574219e-01 4.005901515483856201e-01 4.400323033332824707e-01 3.392340540885925293e-01 5.936118364334106445e-01 4.045022130012512207e-01 4.451553821563720703e-01 5.209423899650573730e-01
5.173982977867126465e-01 5.782698392868041992e-01 5.031161308288574219e-01 4.005901515483856201e-01 5.886442661285400391e-01 6.797845959663391113e-01 4.292041957378387451e-01 2.335180938243865967e-01 2.394241243600845337e-01 5.209423899650573730e-01
5.173982977867126465e-01 5.782698392868041992e-01 5.031161308288574219e-01 4.005901515483856201e-01 2.456873655319213867e-01 5.084142088890075684e-01 4.292041957378387451e-01 2.644324302673339844e-01 5.948675274848937988e-01 5.209423899650573730e-01
5.173982977867126465e-01 5.782698392868041992e-01 5.031161308288574219e-01 4.005901515483856201e-01 5.975568890571594238e-01 2.080879956483840942e-01 4.292041957378387451e-01 6.414704322814941406e-01 2.394241243600845337e-01 5.209423899650573730e-01
5.173982977867126465e-01 5.782698392868041992e-01 5.031161308288574219e-01 4.005901515483856201e-01 3.844018578529357910e-01 2.512735128402709961e-01 4.292041957378387451e-01 1.566903740167617798e-01 5.948675274848937988e-01 5.209423899650573730e-01
5.173982977867126465e-01 5.782698392868041992e-01 5.031161308288574219e-01 4.005901515483856201e-01 3.844018578529357910e-01 6.318434476852416992e-01 4.292041957378387451e-01 2.654342353343963623e-01 2.394241243600845337e-01 5.209423899650573730e-01
5.173982977867126465e-01 5.782698392868041992e-01 5.031161308288574219e-01 4.005901515483856201e-01 6.460582613945007324e-01 6.476126313209533691e-01 4.292041957378387451e-01 4.950599074363708496e-01 2.394241243600845337e-01 5.209423899650573730e-01
5.173982977867126465e-01 5.782698392868041992e-01 5.031161308288574219e-01 6.003169417381286621e-01 6.460582613945007324e-01 8.388080596923828125e-01 5.709710717201232910e-01 6.349239945411682129e-01 2.394241243600845337e-01 5.209423899650573730e-01
5.173982977867126465e-01 5.782698392868041992e-01 5.031161308288574219e-01 4.005901515483856201e-01 6.460582613945007324e-01 8.179097175598144531e-01 5.161022543907165527e-01 1.660930514335632324e-01 2.394241243600845337e-01 5.209423899650573730e-01
5.173982977867126465e-01 5.782698392868041992e-01 5.031161308288574219e-01 4.005901515483856201e-01 6.460582613945007324e-01 7.028845548629760742e-01 5.161022543907165527e-01 2.074797451496124268e-01 2.418754398822784424e-01 5.209423899650573730e-01
5.173982977867126465e-01 5.782698392868041992e-01 5.031161308288574219e-01 4.005901515483856201e-01 6.460582613945007324e-01 6.819218993186950684e-01 5.789548158645629883e-01 3.872128129005432129e-01 5.980963110923767090e-01 5.209423899650573730e-01
5.173982977867126465e-01 4.600632190704345703e-01 5.031161308288574219e-01 4.865101277828216553e-01 3.905750215053558350e-01 5.461642742156982422e-01 8.103022575378417969e-01 5.299443006515502930e-01 2.867566049098968506e-01 5.209423899650573730e-01
5.173982977867126465e-01 4.505469799041748047e-01 5.031161308288574219e-01 4.865101277828216553e-01 7.059324383735656738e-01 3.847635984420776367e-01 7.276040315628051758e-01 5.447102189064025879e-01 5.927411317825317383e-01 5.209423899650573730e-01
5.173982977867126465e-01 4.505469799041748047e-01 5.031161308288574219e-01 3.681334555149078369e-01 3.398190736770629883e-01 2.980013489723205566e-01 4.691256284713745117e-01 4.220434427261352539e-01 4.687694013118743896e-01 5.209423899650573730e-01
5.173982977867126465e-01 4.600632190704345703e-01 5.031161308288574219e-01 4.865101277828216553e-01 3.858331441879272461e-01 5.718340873718261719e-01 4.552910327911376953e-01 8.810790181159973145e-01 5.554519891738891602e-01 5.209423899650573730e-01
5.173982977867126465e-01 5.378712415695190430e-01 5.031161308288574219e-01 4.322318136692047119e-01 6.022610068321228027e-01 6.084315180778503418e-01 5.222736597061157227e-01 7.822245955467224121e-01 7.419924736022949219e-01 5.209423899650573730e-01
5.173982977867126465e-01 5.378712415695190430e-01 5.031161308288574219e-01 4.957319796085357666e-01 4.505068957805633545e-01 6.084315180778503418e-01 5.222736597061157227e-01 5.390422344207763672e-01 7.419924736022949219e-01 5.209423899650573730e-01
5.173982977867126465e-01 4.911579787731170654e-01 5.031161308288574219e-01 5.502561926841735840e-01 5.435543060302734375e-01 7.209463119506835938e-01 5.234140157699584961e-01 4.924072325229644775e-01 4.654302597045898438e-01 5.209423899650573730e-01
5.173982977867126465e-01 5.378712415695190430e-01 5.031161308288574219e-01 4.865101277828216553e-01 6.266477704048156738e-01 3.766140639781951904e-01 5.162799358367919922e-01 5.681324601173400879e-01 7.143056392669677734e-01 5.209423899650573730e-01
5.173982977867126465e-01 4.140529334545135498e-01 5.031161308288574219e-01 4.865101277828216553e-01 4.386519491672515869e-01 5.570868253707885742e-01 5.687222480773925781e-01 7.016137838363647461e-01 4.654302597045898438e-01 5.209423899650573730e-01
5.173982977867126465e-01 5.378712415695190430e-01 5.031161308288574219e-01 4.865101277828216553e-01 3.349363505840301514e-01 4.290232658386230469e-01 4.726951420307159424e-01 5.598064661026000977e-01 5.554519891738891602e-01 5.209423899650573730e-01
7.287375926971435547e-01 7.353810667991638184e-01 7.287375926971435547e-01 4.084019660949707031e-01 7.081674337387084961e-01 4.906853735446929932e-01 4.732936322689056396e-01 7.089649438858032227e-01 6.542136669158935547e-01 5.209423899650573730e-01
5.173982977867126465e-01 4.911579787731170654e-01 5.031161308288574219e-01 4.957319796085357666e-01 7.081674337387084961e-01 3.027737736701965332e-01 4.532150328159332275e-01 7.524339556694030762e-01 3.491083085536956787e-01 5.209423899650573730e-01
5.173982977867126465e-01 5.378712415695190430e-01 5.031161308288574219e-01 6.389233469963073730e-01 7.081674337387084961e-01 5.059801936149597168e-01 4.172698557376861572e-01 6.776081919670104980e-01 6.797732710838317871e-01 5.209423899650573730e-01
5.173982977867126465e-01 5.378712415695190430e-01 5.031161308288574219e-01 5.134817957878112793e-01 8.581317663192749023e-01 5.028408169746398926e-01 4.180395901203155518e-01 3.067070245742797852e-01 5.171543359756469727e-01 5.209423899650573730e-01
5.173982977867126465e-01 4.911579787731170654e-01 5.031161308288574219e-01 5.134817957878112793e-01 7.810823917388916016e-01 7.937703728675842285e-01 4.250089526176452637e-01 4.582056999206542969e-01 5.171543359756469727e-01 5.209423899650573730e-01
5.173982977867126465e-01 4.911579787731170654e-01 5.031161308288574219e-01 5.134817957878112793e-01 6.356108784675598145e-01 7.670490741729736328e-01 5.270904898643493652e-01 6.368768811225891113e-01 5.314977169036865234e-01 5.209423899650573730e-01
5.173982977867126465e-01 5.378712415695190430e-01 5.031161308288574219e-01 5.134817957878112793e-01 8.087192773818969727e-01 7.710533142089843750e-01 5.725111365318298340e-01 6.815705299377441406e-01 6.194894313812255859e-01 5.209423899650573730e-01
5.173982977867126465e-01 4.911579787731170654e-01 5.031161308288574219e-01 5.134817957878112793e-01 7.327008843421936035e-01 6.373462080955505371e-01 5.563072562217712402e-01 4.215786457061767578e-01 4.772000610828399658e-01 5.209423899650573730e-01
5.173982977867126465e-01 5.378712415695190430e-01 5.031161308288574219e-01 5.134817957878112793e-01 6.356108784675598145e-01 7.018275856971740723e-01 5.563072562217712402e-01 4.404791295528411865e-01 4.772000610828399658e-01 5.209423899650573730e-01
5.173982977867126465e-01 5.378712415695190430e-01 5.031161308288574219e-01 5.134817957878112793e-01 6.356108784675598145e-01 7.018275856971740723e-01 5.563072562217712402e-01 4.404791295528411865e-01 4.772000610828399658e-01 5.209423899650573730e-01
5.173982977867126465e-01 4.911579787731170654e-01 5.031161308288574219e-01 6.951985955238342285e-01 5.278807282447814941e-01 6.373462080955505371e-01 3.916599154472351074e-01 3.882896602153778076e-01 4.772000610828399658e-01 5.209423899650573730e-01
5.173982977867126465e-01 4.911579787731170654e-01 5.031161308288574219e-01 6.840010285377502441e-01 5.278807282447814941e-01 4.975673854351043701e-01 3.832854628562927246e-01 6.258118748664855957e-01 4.264898300170898438e-01 5.209423899650573730e-01
5.173982977867126465e-01 4.911579787731170654e-01 5.031161308288574219e-01 6.840010285377502441e-01 5.278807282447814941e-01 7.318670153617858887e-01 3.832854628562927246e-01 2.926524579524993896e-01 4.264898300170898438e-01 5.209423899650573730e-01
5.173982977867126465e-01 4.911579787731170654e-01 5.031161308288574219e-01 6.840010285377502441e-01 5.278807282447814941e-01 7.318670153617858887e-01 4.925878643989562988e-01 4.938859343528747559e-01 5.856349468231201172e-01 5.209423899650573730e-01
5.173982977867126465e-01 4.672592282295227051e-01 5.031161308288574219e-01 6.840010285377502441e-01 5.861054062843322754e-01 4.124114811420440674e-01 4.925878643989562988e-01 5.099332928657531738e-01 5.856349468231201172e-01 5.209423899650573730e-01
5.173982977867126465e-01 5.688182711601257324e-01 5.031161308288574219e-01 5.888197422027587891e-01 6.597037315368652344e-01 4.180321693420410156e-01 3.259604573249816895e-01 3.073418140411376953e-01 6.754092574119567871e-01 5.209423899650573730e-01
5.173982977867126465e-01 5.688182711601257324e-01 5.031161308288574219e-01 5.888197422027587891e-01 4.095063507556915283e-01 4.306376278400421143e-01 5.975780487060546875e-01 7.279111146926879883e-01 7.176014780998229980e-01 5.209423899650573730e-01
5.173982977867126465e-01 6.140050292015075684e-01 5.031161308288574219e-01 5.888197422027587891e-01 6.148304939270019531e-01 7.532373070716857910e-01 3.259604573249816895e-01 5.698829293251037598e-01 7.318503260612487793e-01 5.209423899650573730e-01
5.173982977867126465e-01 6.140050292015075684e-01 5.031161308288574219e-01 5.888197422027587891e-01 6.148304939270019531e-01 8.203476667404174805e-01 3.259604573249816895e-01 7.424389123916625977e-01 7.318503260612487793e-01 5.209423899650573730e-01
5.173982977867126465e-01 5.688182711601257324e-01 5.031161308288574219e-01 5.888197422027587891e-01 5.310750603675842285e-01 6.057977676391601562e-01 3.259604573249816895e-01 8.761373758316040039e-01 6.754092574119567871e-01 5.209423899650573730e-01
5.173982977867126465e-01 6.140050292015075684e-01 5.031161308288574219e-01 5.258293747901916504e-01 5.310750603675842285e-01 4.911400973796844482e-01 5.576521158218383789e-01 5.598282217979431152e-01 6.754092574119567871e-01 5.209423899650573730e-01
5.173982977867126465e-01 5.688182711601257324e-01 5.031161308288574219e-01 5.258293747901916504e-01 5.310750603675842285e-01 6.329869627952575684e-01 3.259604573249816895e-01 8.635656833648681641e-01 5.259845256805419922e-01 5.209423899650573730e-01
5.173982977867126465e-01 5.688182711601257324e-01 5.031161308288574219e-01 5.258293747901916504e-01 5.310750603675842285e-01 5.056993961334228516e-01 3.259604573249816895e-01 8.637549877166748047e-01 5.259845256805419922e-01 5.209423899650573730e-01
5.173982977867126465e-01 6.140050292015075684e-01 5.031161308288574219e-01 5.258293747901916504e-01 6.148304939270019531e-01 7.959055900573730469e-01 5.576521158218383789e-01 6.164770722389221191e-01 5.927411317825317383e-01 5.209423899650573730e-01
5.173982977867126465e-01 6.140050292015075684e-01 5.031161308288574219e-01 5.502561926841735840e-01 5.730814337730407715e-01 7.656203508377075195e-01 5.573129057884216309e-01 5.222122669219970703e-01 5.927411317825317383e-01 5.209423899650573730e-01
5.173982977867126465e-01 3.936020135879516602e-01 5.031161308288574219e-01 4.865101277828216553e-01 5.730814337730407715e-01 7.821598649024963379e-01 5.725361704826354980e-01 5.779876112937927246e-01 3.452664613723754883e-01 5.209423899650573730e-01
5.173982977867126465e-01 4.505469799041748047e-01 5.031161308288574219e-01 4.865101277828216553e-01 5.054815411567687988e-01 5.080202817916870117e-01 5.234140157699584961e-01 3.642990589141845703e-01 4.687694013118743896e-01 5.209423899650573730e-01
5.173982977867126465e-01 4.505469799041748047e-01 5.031161308288574219e-01 5.258293747901916504e-01 5.914900898933410645e-01 5.757335424423217773e-01 2.920071184635162354e-01 5.553044676780700684e-01 4.108568727970123291e-01 5.209423899650573730e-01
5.173982977867126465e-01 4.505469799041748047e-01 5.031161308288574219e-01 3.681334555149078369e-01 4.095063507556915283e-01 1.607851982116699219e-01 4.236710965633392334e-01 5.333551168441772461e-01 6.222364902496337891e-01 5.209423899650573730e-01
5.173982977867126465e-01 4.971717596054077148e-01 5.031161308288574219e-01 3.681334555149078369e-01 2.883276343345642090e-01 2.428175508975982666e-01 4.236710965633392334e-01 4.018943905830383301e-01 4.587823748588562012e-01 5.209423899650573730e-01
5.173982977867126465e-01 4.505469799041748047e-01 5.031161308288574219e-01 3.681334555149078369e-01 2.883276343345642090e-01 1.866017878055572510e-01 4.236710965633392334e-01 2.110779881477355957e-01 4.587823748588562012e-01 5.209423899650573730e-01
5.173982977867126465e-01 4.505469799041748047e-01 5.031161308288574219e-01 3.681334555149078369e-01 2.883276343345642090e-01 1.864173859357833862e-01 4.236710965633392334e-01 2.110779881477355957e-01 4.587823748588562012e-01 5.209423899650573730e-01
5.173982977867126465e-01 4.971717596054077148e-01 5.031161308288574219e-01 5.258293747901916504e-01 3.784639537334442139e-01 4.311285912990570068e-01 4.236710965633392334e-01 1.984946578741073608e-01 3.949791789054870605e-01 5.209423899650573730e-01
5.173982977867126465e-01 4.505469799041748047e-01 5.031161308288574219e-01 5.258293747901916504e-01 3.286494612693786621e-01 3.423633873462677002e-01 4.236710965633392334e-01 4.853829741477966309e-01 3.949791789054870605e-01 5.209423899650573730e-01
5.173982977867126465e-01 4.971717596054077148e-01 5.031161308288574219e-01 5.258293747901916504e-01 6.341949701309204102e-01 8.617879152297973633e-01 5.576521158218383789e-01 4.955729544162750244e-01 5.259845256805419922e-01 5.209423899650573730e-01
5.173982977867126465e-01 4.971717596054077148e-01 5.031161308288574219e-01 5.258293747901916504e-01 6.341949701309204102e-01 8.308112621307373047e-01 5.992106795310974121e-01 4.129472076892852783e-01 5.259845256805419922e-01 5.209423899650573730e-01
5.173982977867126465e-01 4.505469799041748047e-01 5.031161308288574219e-01 5.258293747901916504e-01 7.096033692359924316e-01 8.512789011001586914e-01 5.576521158218383789e-01 5.138972997665405273e-01 5.927411317825317383e-01 5.209423899650573730e-01
5.173982977867126465e-01 5.378712415695190430e-01 5.031161308288574219e-01 4.865101277828216553e-01 5.435543060302734375e-01 8.042970299720764160e-01 4.726951420307159424e-01 5.474189519882202148e-01 5.587618350982666016e-01 5.209423899650573730e-01
5.173982977867126465e-01 5.378712415695190430e-01 5.031161308288574219e-01 4.322318136692047119e-01 6.504889726638793945e-01 7.209697365760803223e-01 2.255446016788482666e-01 7.119259238243103027e-01 5.037191510200500488e-01 5.209423899650573730e-01
5.173982977867126465e-01 5.378712415695190430e-01 5.031161308288574219e-01 4.957319796085357666e-01 7.716651558876037598e-01 6.547896265983581543e-01 5.088833570480346680e-01 8.213722109794616699e-01 7.445522546768188477e-01 5.209423899650573730e-01
5.173982977867126465e-01 4.911579787731170654e-01 5.031161308288574219e-01 5.502561926841735840e-01 2.574575841426849365e-01 3.600792586803436279e-01 4.608360528945922852e-01 5.775806307792663574e-01 5.037191510200500488e-01 5.209423899650573730e-01
5.173982977867126465e-01 4.911579787731170654e-01 5.031161308288574219e-01 5.502561926841735840e-01 3.349363505840301514e-01 2.922364175319671631e-01 5.115167498588562012e-01 5.921459197998046875e-01 4.687694013118743896e-01 5.209423899650573730e-01
5.173982977867126465e-01 4.911579787731170654e-01 5.031161308288574219e-01 5.502561926841735840e-01 5.435543060302734375e-01 4.191543161869049072e-01 5.687222480773925781e-01 6.630788445472717285e-01 4.687694013118743896e-01 5.209423899650573730e-01
5.173982977867126465e-01 5.378712415695190430e-01 5.031161308288574219e-01 5.502561926841735840e-01 5.435543060302734375e-01 5.866690278053283691e-01 5.687222480773925781e-01 5.150250792503356934e-01 4.687694013118743896e-01 5.209423899650573730e-01
5.173982977867126465e-01 4.911579787731170654e-01 5.031161308288574219e-01 5.502561926841735840e-01 5.435543060302734375e-01 3.254146277904510498e-01 5.687222480773925781e-01 5.698873996734619141e-01 4.687694013118743896e-01 5.209423899650573730e-01
5.173982977867126465e-01 4.911579787731170654e-01 5.031161308288574219e-01 5.502561926841735840e-01 5.435543060302734375e-01 4.579895436763763428e-01 5.687222480773925781e-01 5.698873996734619141e-01 4.687694013118743896e-01 5.209423899650573730e-01
5.173982977867126465e-01 5.378712415695190430e-01 5.031161308288574219e-01 5.502561926841735840e-01 6.266477704048156738e-01 7.530536055564880371e-01 3.561695516109466553e-01 3.626687526702880859e-01 7.170352935791015625e-01 5.209423899650573730e-01
4.693543016910552979e-01 5.058180689811706543e-01 5.031161308288574219e-01 5.502561926841735840e-01 5.267738699913024902e-01 8.412548303604125977e-01 6.932632923126220703e-01 4.081114828586578369e-01 6.658062934875488281e-01 5.209423899650573730e-01
4.693543016910552979e-01 4.591228663921356201e-01 5.031161308288574219e-01 5.502561926841735840e-01 5.267738699913024902e-01 7.509650588035583496e-01 5.100256800651550293e-01 6.626450419425964355e-01 4.687694013118743896e-01 5.209423899650573730e-01
5.123181939125061035e-01 5.058180689811706543e-01 5.031161308288574219e-01 4.588834643363952637e-01 6.253260970115661621e-01 7.335973381996154785e-01 5.642825365066528320e-01 7.872934937477111816e-01 3.424302935600280762e-01 5.018630623817443848e-01
4.693543016910552979e-01 4.591228663921356201e-01 5.031161308288574219e-01 5.502561926841735840e-01 5.197088718414306641e-01 7.049656510353088379e-01 4.806067347526550293e-01 3.902358710765838623e-01 5.266727805137634277e-01 4.571972787380218506e-01
4.693543016910552979e-01 4.591228663921356201e-01 5.031161308288574219e-01 5.502561926841735840e-01 5.267738699913024902e-01 6.364786624908447266e-01 5.100256800651550293e-01 4.391436576843261719e-01 5.812858343124389648e-01 4.571972787380218506e-01
5.123181939125061035e-01 5.058180689811706543e-01 5.031161308288574219e-01 4.588834643363952637e-01 5.708132982254028320e-01 7.237930893898010254e-01 5.642825365066528320e-01 5.993264317512512207e-01 5.259736180305480957e-01 5.018630623817443848e-01
5.123181939125061035e-01 5.058180689811706543e-01 5.031161308288574219e-01 4.588834643363952637e-01 3.536419570446014404e-01 4.604741632938385010e-01 6.024220585823059082e-01 4.807442426681518555e-01 6.144581437110900879e-01 5.018630623817443848e-01
5.123181939125061035e-01 4.591228663921356201e-01 5.031161308288574219e-01 5.134817957878112793e-01 6.198478341102600098e-01 6.016938090324401855e-01 6.259638071060180664e-01 4.300804734230041504e-01 5.759534239768981934e-01 5.018630623817443848e-01
5.123181939125061035e-01 5.058180689811706543e-01 5.031161308288574219e-01 5.134817957878112793e-01 4.081303179264068604e-01 4.173082709312438965e-01 6.192480921745300293e-01 4.951846301555633545e-01 6.279902458190917969e-01 5.018630623817443848e-01
5.123181939125061035e-01 4.591228663921356201e-01 5.031161308288574219e-01 3.537094891071319580e-01 5.769416689872741699e-01 8.290674686431884766e-01 4.619865119457244873e-01 4.926548898220062256e-01 5.759534239768981934e-01 5.018630623817443848e-01
5.123181939125061035e-01 6.975188255310058594e-01 5.031161308288574219e-01 5.134817957878112793e-01 6.198478341102600098e-01 7.523735165596008301e-01 6.677120923995971680e-01 6.778361201286315918e-01 5.759534239768981934e-01 5.018630623817443848e-01
5.123181939125061035e-01 6.975188255310058594e-01 5.031161308288574219e-01 5.134817957878112793e-01 6.198478341102600098e-01 6.302587389945983887e-01 6.677120923995971680e-01 5.741507411003112793e-01 5.759534239768981934e-01 5.209423899650573730e-01
5.173982977867126465e-01 6.975188255310058594e-01 5.031161308288574219e-01 5.134817957878112793e-01 5.278807282447814941e-01 6.373462080955505371e-01 6.603298187255859375e-01 3.356598913669586182e-01 5.759534239768981934e-01 5.209423899650573730e-01
5.173982977867126465e-01 4.254121184349060059e-01 5.031161308288574219e-01 6.490436792373657227e-01 5.435543060302734375e-01 7.006978988647460938e-01 4.497787654399871826e-01 6.139638423919677734e-01 5.759534239768981934e-01 5.209423899650573730e-01
5.173982977867126465e-01 5.029520988464355469e-01 5.031161308288574219e-01 5.888197422027587891e-01 5.861054062843322754e-01 6.276091933250427246e-01 5.992106795310974121e-01 5.849536061286926270e-01 6.754092574119567871e-01 5.209423899650573730e-01
5.173982977867126465e-01 4.254121184349060059e-01 5.031161308288574219e-01 6.840010285377502441e-01 5.861054062843322754e-01 7.564948797225952148e-01 4.925878643989562988e-01 7.249531149864196777e-01 5.759534239768981934e-01 5.209423899650573730e-01
5.173982977867126465e-01 5.029520988464355469e-01 5.031161308288574219e-01 5.888197422027587891e-01 5.861054062843322754e-01 6.158045530319213867e-01 5.992106795310974121e-01 6.107354164123535156e-01 6.754092574119567871e-01 5.209423899650573730e-01
5.173982977867126465e-01 5.029520988464355469e-01 5.031161308288574219e-01 5.888197422027587891e-01 5.310750603675842285e-01 5.200219750404357910e-01 5.992106795310974121e-01 6.280732154846191406e-01 6.754092574119567871e-01 5.209423899650573730e-01
5.173982977867126465e-01 6.611262559890747070e-01 5.031161308288574219e-01 5.258293747901916504e-01 5.310750603675842285e-01 6.369783282279968262e-01 5.992106795310974121e-01 5.123960971832275391e-01 6.754092574119567871e-01 5.209423899650573730e-01
5.173982977867126465e-01 6.611262559890747070e-01 5.031161308288574219e-01 5.258293747901916504e-01 3.533498644828796387e-01 5.684301257133483887e-01 5.992106795310974121e-01 5.724902749061584473e-01 6.754092574119567871e-01 5.209423899650573730e-01
5.173982977867126465e-01 6.611262559890747070e-01 5.031161308288574219e-01 5.258293747901916504e-01 5.310750603675842285e-01 5.844494700431823730e-01 3.259604573249816895e-01 6.663538813591003418e-01 6.754092574119567871e-01 5.209423899650573730e-01
5.173982977867126465e-01 5.029520988464355469e-01 5.031161308288574219e-01 5.258293747901916504e-01 4.942992329597473145e-01 6.702637076377868652e-01 5.975780487060546875e-01 6.075205802917480469e-01 6.758475899696350098e-01 5.209423899650573730e-01
