3.851625025272369385e-01 7.799395918846130371e-01 5.115585327148437500e-01 3.432659506797790527e-01 8.013416528701782227e-01 7.080037593841552734e-01 4.708693027496337891e-01 6.008606553077697754e-01 6.627368927001953125e-01 6.087588071823120117e-01
3.851625025272369385e-01 7.324582934379577637e-01 8.420608043670654297e-01 3.432659506797790527e-01 8.818187713623046875e-01 4.977992177009582520e-01 6.493057608604431152e-01 6.008606553077697754e-01 6.627368927001953125e-01 6.087588071823120117e-01
6.096022129058837891e-01 7.409523725509643555e-01 6.846557855606079102e-01 5.858659744262695312e-01 7.098562121391296387e-01 4.977992177009582520e-01 5.769912600517272949e-01 6.008606553077697754e-01 6.349980235099792480e-01 5.730032920837402344e-01
4.032534360885620117e-01 3.055966794490814209e-01 6.095402240753173828e-01 5.858659744262695312e-01 3.479945957660675049e-01 7.080037593841552734e-01 5.769912600517272949e-01 4.430589973926544189e-01 7.399383783340454102e-01 6.819770932197570801e-01
4.032534360885620117e-01 3.885566890239715576e-01 4.152695536613464355e-01 5.858659744262695312e-01 8.623116016387939453e-01 5.946164727210998535e-01 4.133845567703247070e-01 4.430589973926544189e-01 6.152277588844299316e-01 4.869757890701293945e-01
4.294395744800567627e-01 4.314303696155548096e-01 4.283446669578552246e-01 4.324004352092742920e-01 6.331629157066345215e-01 4.351617693901062012e-01 4.504856169223785400e-01 5.243986248970031738e-01 3.684591054916381836e-01 4.125052094459533691e-01
4.294395744800567627e-01 4.207541346549987793e-01 4.283446669578552246e-01 4.324004352092742920e-01 2.901463508605957031e-01 4.351617693901062012e-01 4.045201241970062256e-01 5.243986248970031738e-01 4.471101760864257812e-01 4.125052094459533691e-01
4.294395744800567627e-01 5.037929415702819824e-01 4.283446669578552246e-01 4.324004352092742920e-01 7.355319261550903320e-01 4.849184453487396240e-01 4.045201241970062256e-01 4.286682009696960449e-01 6.866191029548645020e-01 4.125052094459533691e-01
6.706843972206115723e-01 5.937845706939697266e-01 4.700883328914642334e-01 5.126668214797973633e-01 6.550468206405639648e-01 4.849184453487396240e-01 5.442491769790649414e-01 4.286682009696960449e-01 5.639250278472900391e-01 4.125052094459533691e-01
6.706843972206115723e-01 6.556495428085327148e-01 5.132063627243041992e-01 5.224612951278686523e-01 4.298197329044342041e-01 4.849184453487396240e-01 5.000000000000000000e-01 5.252592563629150391e-01 4.754610061645507812e-01 4.125052094459533691e-01
5.774725079536437988e-01 7.131075859069824219e-01 5.132063627243041992e-01 6.626868247985839844e-01 8.389717340469360352e-01 4.849184453487396240e-01 4.539942145347595215e-01 5.252592563629150391e-01 4.754610061645507812e-01 5.110653638839721680e-01
5.774725079536437988e-01 6.119138002395629883e-01 5.132063627243041992e-01 6.626868247985839844e-01 4.566612541675567627e-01 4.849184453487396240e-01 4.539942145347595215e-01 5.252592563629150391e-01 3.646610677242279053e-01 6.888154149055480957e-01
4.966712296009063721e-01 6.119138002395629883e-01 5.132063627243041992e-01 6.626868247985839844e-01 5.876703858375549316e-01 4.849184453487396240e-01 4.539942145347595215e-01 5.252592563629150391e-01 5.807412862777709961e-01 5.218588709831237793e-01
5.383278131484985352e-01 7.617241144180297852e-01 5.970223546028137207e-01 4.463618993759155273e-01 6.233490109443664551e-01 5.320985913276672363e-01 4.798189699649810791e-01 5.042294263839721680e-01 3.972925543785095215e-01 5.218588709831237793e-01
6.149197816848754883e-01 5.373501777648925781e-01 6.038981676101684570e-01 5.126668214797973633e-01 2.539119720458984375e-01 5.320985913276672363e-01 4.581013023853302002e-01 5.042294263839721680e-01 4.743984639644622803e-01 3.252883255481719971e-01
4.707309305667877197e-01 7.247445583343505859e-01 4.918848276138305664e-01 4.717473685741424561e-01 5.001087784767150879e-01 5.320985913276672363e-01 6.402539014816284180e-01 5.042294263839721680e-01 4.803498983383178711e-01 5.141576528549194336e-01
4.707309305667877197e-01 6.353077292442321777e-01 4.918848276138305664e-01 4.717473685741424561e-01 1.202595010399818420e-01 5.320985913276672363e-01 4.798189699649810791e-01 5.042294263839721680e-01 4.803498983383178711e-01 5.141576528549194336e-01
4.707309305667877197e-01 5.465586185455322266e-01 4.608229994773864746e-01 4.717473685741424561e-01 2.097281664609909058e-01 5.320985913276672363e-01 5.197412967681884766e-01 5.042294263839721680e-01 4.803498983383178711e-01 5.244248509407043457e-01
6.857154965400695801e-01 8.249785304069519043e-01 4.990493357181549072e-01 5.903023481369018555e-01 6.828428506851196289e-01 5.320985913276672363e-01 5.769912600517272949e-01 5.042294263839721680e-01 6.180666685104370117e-01 5.897568464279174805e-01
5.564464926719665527e-01 7.013170719146728516e-01 4.075967669486999512e-01 4.717473685741424561e-01 4.513049423694610596e-01 5.320985913276672363e-01 5.695454478263854980e-01 5.042294263839721680e-01 4.803498983383178711e-01 5.141576528549194336e-01
5.203909277915954590e-01 4.161610305309295654e-01 4.310963749885559082e-01 4.324004352092742920e-01 6.549240946769714355e-01 5.320985913276672363e-01 4.045201241970062256e-01 5.042294263839721680e-01 4.803498983383178711e-01 5.141576528549194336e-01
5.875898599624633789e-01 4.378947913646697998e-01 7.306986451148986816e-01 4.819933176040649414e-01 4.684208631515502930e-01 5.320985913276672363e-01 6.344850659370422363e-01 5.042294263839721680e-01 5.124105811119079590e-01 4.046319127082824707e-01
4.889513552188873291e-01 4.645806849002838135e-01 4.842149615287780762e-01 4.717473685741424561e-01 5.563250184059143066e-01 4.351617693901062012e-01 4.504856169223785400e-01 4.286682009696960449e-01 4.803498983383178711e-01 5.296618938446044922e-01
4.889513552188873291e-01 6.092735528945922852e-01 4.267045259475708008e-01 4.717473685741424561e-01 3.560435473918914795e-01 4.351617693901062012e-01 4.045201241970062256e-01 4.286682009696960449e-01 4.707138240337371826e-01 5.296618938446044922e-01
4.889513552188873291e-01 4.819217324256896973e-01 3.757128119468688965e-01 4.324004352092742920e-01 2.222012728452682495e-01 4.351617693901062012e-01 4.045201241970062256e-01 4.286682009696960449e-01 3.977549374103546143e-01 5.296618938446044922e-01
4.889513552188873291e-01 3.799301087856292725e-01 4.717162251472473145e-01 4.324004352092742920e-01 2.362645864486694336e-01 4.351617693901062012e-01 4.539942145347595215e-01 4.286682009696960449e-01 3.977549374103546143e-01 5.296618938446044922e-01
5.890568494796752930e-01 3.799301087856292725e-01 4.283446669578552246e-01 5.875924229621887207e-01 5.238149166107177734e-01 4.849184453487396240e-01 4.539942145347595215e-01 4.286682009696960449e-01 4.803866744041442871e-01 5.110653638839721680e-01
4.889513552188873291e-01 4.932845830917358398e-01 4.700883328914642334e-01 5.875924229621887207e-01 2.923729717731475830e-01 4.849184453487396240e-01 4.539942145347595215e-01 4.286682009696960449e-01 5.081578493118286133e-01 5.296618938446044922e-01
4.889513552188873291e-01 5.739055871963500977e-01 4.700883328914642334e-01 5.126668214797973633e-01 3.086936175823211670e-01 4.849184453487396240e-01 4.539942145347595215e-01 5.252592563629150391e-01 5.513397455215454102e-01 5.296618938446044922e-01
4.966712296009063721e-01 3.696995973587036133e-01 4.700883328914642334e-01 5.875924229621887207e-01 6.695648431777954102e-01 4.849184453487396240e-01 4.539942145347595215e-01 5.252592563629150391e-01 5.235185623168945312e-01 5.110653638839721680e-01
4.294395744800567627e-01 4.156948924064636230e-01 4.700883328914642334e-01 4.463618993759155273e-01 6.307225227355957031e-01 4.849184453487396240e-01 4.539942145347595215e-01 5.252592563629150391e-01 6.080701947212219238e-01 3.668491840362548828e-01
4.966712296009063721e-01 5.553313493728637695e-01 4.489062130451202393e-01 5.437040925025939941e-01 6.262847781181335449e-01 4.849184453487396240e-01 4.539942145347595215e-01 5.252592563629150391e-01 3.147839009761810303e-01 5.110653638839721680e-01
5.383278131484985352e-01 3.259880840778350830e-01 4.918848276138305664e-01 5.437040925025939941e-01 6.515303254127502441e-01 5.320985913276672363e-01 5.488118529319763184e-01 5.550011396408081055e-01 6.016333699226379395e-01 5.110653638839721680e-01
5.757466554641723633e-01 4.998756349086761475e-01 4.918848276138305664e-01 5.437040925025939941e-01 7.901219725608825684e-01 5.320985913276672363e-01 5.197412967681884766e-01 5.550011396408081055e-01 3.969514369964599609e-01 5.110653638839721680e-01
6.201166510581970215e-01 4.223714470863342285e-01 4.918848276138305664e-01 5.437040925025939941e-01 7.971799373626708984e-01 5.320985913276672363e-01 5.197412967681884766e-01 5.042294263839721680e-01 5.011359453201293945e-01 5.110653638839721680e-01
6.589409112930297852e-01 4.223714470863342285e-01 4.918848276138305664e-01 6.467844843864440918e-01 8.599334955215454102e-01 6.121484637260437012e-01 5.488118529319763184e-01 5.550011396408081055e-01 7.105110883712768555e-01 5.110653638839721680e-01
7.020943760871887207e-01 5.482485890388488770e-01 4.918848276138305664e-01 6.467844843864440918e-01 5.072607398033142090e-01 5.320985913276672363e-01 5.488118529319763184e-01 5.042294263839721680e-01 6.054986715316772461e-01 5.110653638839721680e-01
5.203909277915954590e-01 5.152685046195983887e-01 4.608229994773864746e-01 4.717473685741424561e-01 5.307276248931884766e-01 5.320985913276672363e-01 5.197412967681884766e-01 5.042294263839721680e-01 5.513397455215454102e-01 5.244248509407043457e-01
5.875898599624633789e-01 6.618930697441101074e-01 5.837648510932922363e-01 5.903023481369018555e-01 8.343136310577392578e-01 5.320985913276672363e-01 5.769912600517272949e-01 5.550011396408081055e-01 5.124105811119079590e-01 6.819770932197570801e-01
5.875898599624633789e-01 6.077425479888916016e-01 4.990493357181549072e-01 6.069412827491760254e-01 6.970649361610412598e-01 5.320985913276672363e-01 5.000000000000000000e-01 5.042294263839721680e-01 5.124105811119079590e-01 6.819770932197570801e-01
5.203909277915954590e-01 4.762336313724517822e-01 4.608229994773864746e-01 4.717473685741424561e-01 7.630503773689270020e-01 5.320985913276672363e-01 4.504856169223785400e-01 5.550011396408081055e-01 4.611894488334655762e-01 4.788920283317565918e-01
5.564464926719665527e-01 4.763443171977996826e-01 5.066959857940673828e-01 5.491988062858581543e-01 5.995421409606933594e-01 5.320985913276672363e-01 4.045201241970062256e-01 5.550011396408081055e-01 5.586137771606445312e-01 4.788920283317565918e-01
5.252140760421752930e-01 4.408707320690155029e-01 5.066959857940673828e-01 4.717473685741424561e-01 7.622256278991699219e-01 4.255599081516265869e-01 4.045201241970062256e-01 5.706615447998046875e-01 3.732965588569641113e-01 4.788920283317565918e-01
5.252140760421752930e-01 5.175060033798217773e-01 5.523281693458557129e-01 4.324004352092742920e-01 2.259780317544937134e-01 4.255599081516265869e-01 5.345296263694763184e-01 5.706615447998046875e-01 5.586137771606445312e-01 4.788920283317565918e-01
5.890568494796752930e-01 4.220312535762786865e-01 4.684192836284637451e-01 5.437040925025939941e-01 6.278082132339477539e-01 6.190949678421020508e-01 4.539942145347595215e-01 5.252592563629150391e-01 5.970838069915771484e-01 5.110653638839721680e-01
5.447614192962646484e-01 4.606195390224456787e-01 4.585106372833251953e-01 5.875924229621887207e-01 5.969377756118774414e-01 4.849184453487396240e-01 5.345296263694763184e-01 4.123610556125640869e-01 6.121106743812561035e-01 5.110653638839721680e-01
4.966712296009063721e-01 3.075680434703826904e-01 6.905203461647033691e-01 5.875924229621887207e-01 5.795167684555053711e-01 4.849184453487396240e-01 5.345296263694763184e-01 5.252592563629150391e-01 5.568698048591613770e-01 5.110653638839721680e-01
5.890568494796752930e-01 6.475356221199035645e-01 5.390357971191406250e-01 5.875924229621887207e-01 7.222981452941894531e-01 4.849184453487396240e-01 5.345296263694763184e-01 5.252592563629150391e-01 3.459405899047851562e-01 5.110653638839721680e-01
6.191349625587463379e-01 5.301357507705688477e-01 5.548893809318542480e-01 5.875924229621887207e-01 8.863220810890197754e-01 4.960139095783233643e-01 5.488118529319763184e-01 4.983772337436676025e-01 6.797108054161071777e-01 5.110653638839721680e-01
4.605005979537963867e-01 4.386464059352874756e-01 4.489062130451202393e-01 5.437040925025939941e-01 6.574803590774536133e-01 5.320985913276672363e-01 5.488118529319763184e-01 5.550011396408081055e-01 5.568698048591613770e-01 5.244248509407043457e-01
4.605005979537963867e-01 6.239023804664611816e-01 4.489062130451202393e-01 5.437040925025939941e-01 7.262353897094726562e-01 4.960139095783233643e-01 5.488118529319763184e-01 4.983772337436676025e-01 4.503259062767028809e-01 5.244248509407043457e-01
4.605005979537963867e-01 3.911331892013549805e-01 4.489062130451202393e-01 5.437040925025939941e-01 6.772867441177368164e-01 4.960139095783233643e-01 5.197412967681884766e-01 4.983772337436676025e-01 4.503259062767028809e-01 5.244248509407043457e-01
3.600347340106964111e-01 5.692566633224487305e-01 4.489062130451202393e-01 5.437040925025939941e-01 7.543831467628479004e-01 4.960139095783233643e-01 5.197412967681884766e-01 4.983772337436676025e-01 5.125762820243835449e-01 5.110653638839721680e-01
5.589957833290100098e-01 5.456594824790954590e-01 4.489062130451202393e-01 5.437040925025939941e-01 8.567005395889282227e-01 4.960139095783233643e-01 5.197412967681884766e-01 4.983772337436676025e-01 6.045333147048950195e-01 5.110653638839721680e-01
5.564464926719665527e-01 4.382032454013824463e-01 4.489062130451202393e-01 5.437040925025939941e-01 7.127539515495300293e-01 4.960139095783233643e-01 5.197412967681884766e-01 4.983772337436676025e-01 6.045333147048950195e-01 5.244248509407043457e-01
5.280942320823669434e-01 4.857386946678161621e-01 4.489062130451202393e-01 5.437040925025939941e-01 6.608764529228210449e-01 4.960139095783233643e-01 5.488118529319763184e-01 4.983772337436676025e-01 5.173714160919189453e-01 5.110653638839721680e-01
5.280942320823669434e-01 5.509390830993652344e-01 4.489062130451202393e-01 4.501665234565734863e-01 6.075633764266967773e-01 3.720398247241973877e-01 5.488118529319763184e-01 4.983772337436676025e-01 4.532106220722198486e-01 5.110653638839721680e-01
4.559023976325988770e-01 4.884541630744934082e-01 4.489062130451202393e-01 5.437040925025939941e-01 7.954822182655334473e-01 4.960139095783233643e-01 5.488118529319763184e-01 4.983772337436676025e-01 3.783350288867950439e-01 5.110653638839721680e-01
5.280942320823669434e-01 5.976930856704711914e-01 3.476621210575103760e-01 5.437040925025939941e-01 6.101483702659606934e-01 4.960139095783233643e-01 5.488118529319763184e-01 4.983772337436676025e-01 4.532106220722198486e-01 5.110653638839721680e-01
4.709941744804382324e-01 5.976930856704711914e-01 4.489062130451202393e-01 4.501665234565734863e-01 5.472428798675537109e-01 3.720398247241973877e-01 4.273543059825897217e-01 4.983772337436676025e-01 5.260441303253173828e-01 5.110653638839721680e-01
5.564464926719665527e-01 4.331851005554199219e-01 4.489062130451202393e-01 5.437040925025939941e-01 4.379299581050872803e-01 4.960139095783233643e-01 5.197412967681884766e-01 4.983772337436676025e-01 3.783350288867950439e-01 5.244248509407043457e-01
5.280942320823669434e-01 3.594286739826202393e-01 3.476621210575103760e-01 4.501665234565734863e-01 8.241120576858520508e-01 3.720398247241973877e-01 5.488118529319763184e-01 4.696042239665985107e-01 5.260441303253173828e-01 5.110653638839721680e-01
3.645981550216674805e-01 5.159696340560913086e-01 6.295378804206848145e-01 3.432659506797790527e-01 3.186584413051605225e-01 7.024700641632080078e-01 4.133845567703247070e-01 4.696042239665985107e-01 2.093206346035003662e-01 3.148003518581390381e-01
3.899142742156982422e-01 4.435979127883911133e-01 6.084973216056823730e-01 5.437040925025939941e-01 2.126743048429489136e-01 7.024700641632080078e-01 5.197412967681884766e-01 4.983772337436676025e-01 4.532106220722198486e-01 3.888933658599853516e-01
5.280942320823669434e-01 6.099696755409240723e-01 6.795594692230224609e-01 5.437040925025939941e-01 3.821589946746826172e-01 7.024700641632080078e-01 5.488118529319763184e-01 4.983772337436676025e-01 5.260441303253173828e-01 3.854071795940399170e-01
3.999918997287750244e-01 3.565236032009124756e-01 4.946812689304351807e-01 4.501665234565734863e-01 4.563890099525451660e-01 3.720398247241973877e-01 4.273543059825897217e-01 2.977457642555236816e-01 3.783350288867950439e-01 5.110653638839721680e-01
3.999918997287750244e-01 4.498137831687927246e-01 4.489062130451202393e-01 5.437040925025939941e-01 4.975464940071105957e-01 4.960139095783233643e-01 5.197412967681884766e-01 4.983772337436676025e-01 3.783350288867950439e-01 5.110653638839721680e-01
5.705808401107788086e-01 4.498137831687927246e-01 6.323640942573547363e-01 4.501665234565734863e-01 6.873981356620788574e-01 3.854070901870727539e-01 4.539942145347595215e-01 4.847882986068725586e-01 4.617309570312500000e-01 5.110653638839721680e-01
4.234016537666320801e-01 3.857464790344238281e-01 4.918848276138305664e-01 6.772518754005432129e-01 7.712888121604919434e-01 5.106037259101867676e-01 5.488118529319763184e-01 2.977457642555236816e-01 5.729769468307495117e-01 5.110653638839721680e-01
4.234016537666320801e-01 2.960281670093536377e-01 3.476621210575103760e-01 4.938611984252929688e-01 5.013705492019653320e-01 5.106037259101867676e-01 5.197412967681884766e-01 5.205745697021484375e-01 4.742262065410614014e-01 5.110653638839721680e-01
4.234016537666320801e-01 4.971466660499572754e-01 3.476621210575103760e-01 6.772518754005432129e-01 4.791424870491027832e-01 6.121484637260437012e-01 5.488118529319763184e-01 5.042294263839721680e-01 8.187193274497985840e-01 5.110653638839721680e-01
4.805044233798980713e-01 6.215508580207824707e-01 4.260118007659912109e-01 6.049385666847229004e-01 3.131041228771209717e-01 5.106037259101867676e-01 4.708693027496337891e-01 5.205745697021484375e-01 6.543895602226257324e-01 6.087588071823120117e-01
4.805044233798980713e-01 6.417118906974792480e-01 4.065994918346405029e-01 5.143786072731018066e-01 8.718001842498779297e-01 5.320985913276672363e-01 4.794237017631530762e-01 5.042294263839721680e-01 4.492467641830444336e-01 5.730032920837402344e-01
4.838894009590148926e-01 8.150695562362670898e-01 4.065994918346405029e-01 6.049385666847229004e-01 6.373826265335083008e-01 5.106037259101867676e-01 4.708693027496337891e-01 4.611908495426177979e-01 5.082535743713378906e-01 6.087588071823120117e-01
4.838894009590148926e-01 7.834063172340393066e-01 7.083384394645690918e-01 3.432659506797790527e-01 4.385489523410797119e-01 5.106037259101867676e-01 6.493057608604431152e-01 2.977457642555236816e-01 6.316269636154174805e-01 6.087588071823120117e-01
4.838894009590148926e-01 4.282770752906799316e-01 7.083384394645690918e-01 5.143786072731018066e-01 4.167919456958770752e-01 5.320985913276672363e-01 5.769912600517272949e-01 5.042294263839721680e-01 7.003793716430664062e-01 5.730032920837402344e-01
7.184199690818786621e-01 7.643439173698425293e-01 3.947176933288574219e-01 6.049385666847229004e-01 5.995846390724182129e-01 7.080037593841552734e-01 4.708693027496337891e-01 6.008606553077697754e-01 6.316269636154174805e-01 6.087588071823120117e-01
7.184199690818786621e-01 5.077981948852539062e-01 4.393725097179412842e-01 3.432659506797790527e-01 8.744425773620605469e-01 4.255599081516265869e-01 6.493057608604431152e-01 6.008606553077697754e-01 6.316269636154174805e-01 6.087588071823120117e-01
4.745044112205505371e-01 5.187383890151977539e-01 4.969121813774108887e-01 5.858659744262695312e-01 7.387048602104187012e-01 7.080037593841552734e-01 6.493057608604431152e-01 6.008606553077697754e-01 6.316269636154174805e-01 6.087588071823120117e-01
5.247471928596496582e-01 4.542081654071807861e-01 3.632234632968902588e-01 4.819933176040649414e-01 6.116638183593750000e-01 5.946164727210998535e-01 4.860064983367919922e-01 4.430589973926544189e-01 7.128643989562988281e-01 3.148003518581390381e-01
5.247471928596496582e-01 3.024042844772338867e-01 4.152695536613464355e-01 4.819933176040649414e-01 6.674996018409729004e-01 5.946164727210998535e-01 4.860064983367919922e-01 4.430589973926544189e-01 4.161879718303680420e-01 4.869757890701293945e-01
4.705748260021209717e-01 5.147039890289306641e-01 4.283446669578552246e-01 5.126668214797973633e-01 6.915343999862670898e-01 4.849184453487396240e-01 4.504856169223785400e-01 5.243986248970031738e-01 6.095391511917114258e-01 4.125052094459533691e-01
6.706843972206115723e-01 5.469205975532531738e-01 4.700883328914642334e-01 5.126668214797973633e-01 3.012561500072479248e-01 4.849184453487396240e-01 4.045201241970062256e-01 5.243986248970031738e-01 4.293569922447204590e-01 4.125052094459533691e-01
5.890568494796752930e-01 4.871831536293029785e-01 4.700883328914642334e-01 3.771905004978179932e-01 5.593815445899963379e-01 4.849184453487396240e-01 5.000000000000000000e-01 5.252592563629150391e-01 5.978775024414062500e-01 6.436185836791992188e-01
4.966712296009063721e-01 4.210642278194427490e-01 4.700883328914642334e-01 6.626868247985839844e-01 6.154342889785766602e-01 4.849184453487396240e-01 5.000000000000000000e-01 5.252592563629150391e-01 3.754712641239166260e-01 5.110653638839721680e-01
4.966712296009063721e-01 4.945304989814758301e-01 5.132063627243041992e-01 6.626868247985839844e-01 7.077970504760742188e-01 4.849184453487396240e-01 5.000000000000000000e-01 5.252592563629150391e-01 4.851489067077636719e-01 5.110653638839721680e-01
4.637412428855895996e-01 5.469205975532531738e-01 5.132063627243041992e-01 4.463618993759155273e-01 8.008375763893127441e-01 6.485098600387573242e-01 4.539942145347595215e-01 5.252592563629150391e-01 6.549521088600158691e-01 6.888154149055480957e-01
5.383278131484985352e-01 6.582517027854919434e-01 5.970223546028137207e-01 4.463618993759155273e-01 7.063597440719604492e-01 5.320985913276672363e-01 4.798189699649810791e-01 5.042294263839721680e-01 3.918813765048980713e-01 5.218588709831237793e-01
5.054092407226562500e-01 8.336857557296752930e-01 5.970223546028137207e-01 6.626868247985839844e-01 4.159229099750518799e-01 5.320985913276672363e-01 5.488118529319763184e-01 5.042294263839721680e-01 5.081578493118286133e-01 6.888154149055480957e-01
6.149197816848754883e-01 4.851776957511901855e-01 4.990493357181549072e-01 4.282769858837127686e-01 5.604050755500793457e-01 5.320985913276672363e-01 5.769912600517272949e-01 5.042294263839721680e-01 6.025137305259704590e-01 7.057838439941406250e-01
6.149197816848754883e-01 5.002407431602478027e-01 5.360978841781616211e-01 4.282769858837127686e-01 6.175259947776794434e-01 5.320985913276672363e-01 5.769912600517272949e-01 5.042294263839721680e-01 5.960463285446166992e-01 7.057838439941406250e-01
6.149197816848754883e-01 7.163712382316589355e-01 4.990493357181549072e-01 6.049385666847229004e-01 7.390255331993103027e-01 5.320985913276672363e-01 5.769912600517272949e-01 5.042294263839721680e-01 6.180666685104370117e-01 5.897568464279174805e-01
6.857154965400695801e-01 7.908889651298522949e-01 4.990493357181549072e-01 6.049385666847229004e-01 6.115290522575378418e-01 5.320985913276672363e-01 5.769912600517272949e-01 5.042294263839721680e-01 6.180666685104370117e-01 5.897568464279174805e-01
6.410659551620483398e-01 7.678161263465881348e-01 4.918848276138305664e-01 4.717473685741424561e-01 5.147542953491210938e-01 5.320985913276672363e-01 5.695454478263854980e-01 5.042294263839721680e-01 4.803498983383178711e-01 4.788920283317565918e-01
6.070312261581420898e-01 5.824968218803405762e-01 5.377658009529113770e-01 4.717473685741424561e-01 8.632072210311889648e-01 5.320985913276672363e-01 4.045201241970062256e-01 5.042294263839721680e-01 4.803498983383178711e-01 5.296618938446044922e-01
5.203909277915954590e-01 3.840500116348266602e-01 4.946812689304351807e-01 5.491988062858581543e-01 5.296611189842224121e-01 5.320985913276672363e-01 4.045201241970062256e-01 5.042294263839721680e-01 4.803498983383178711e-01 5.296618938446044922e-01
5.564464926719665527e-01 5.538672804832458496e-01 4.728863239288330078e-01 4.324004352092742920e-01 2.447750121355056763e-01 5.320985913276672363e-01 4.798189699649810791e-01 5.042294263839721680e-01 4.803498983383178711e-01 5.296618938446044922e-01
5.203909277915954590e-01 4.976471364498138428e-01 7.558948993682861328e-01 5.437040925025939941e-01 6.196099519729614258e-01 5.320985913276672363e-01 5.488118529319763184e-01 5.042294263839721680e-01 5.513397455215454102e-01 5.296618938446044922e-01
5.203909277915954590e-01 4.378947913646697998e-01 4.728863239288330078e-01 4.324004352092742920e-01 6.923507452011108398e-01 5.320985913276672363e-01 4.798189699649810791e-01 5.042294263839721680e-01 5.579921007156372070e-01 5.296618938446044922e-01
5.203909277915954590e-01 4.278784394264221191e-01 4.728863239288330078e-01 4.324004352092742920e-01 5.612555146217346191e-01 5.320985913276672363e-01 4.798189699649810791e-01 5.042294263839721680e-01 4.763392806053161621e-01 5.296618938446044922e-01
5.203909277915954590e-01 5.894725322723388672e-01 5.160110592842102051e-01 5.875924229621887207e-01 7.197168469429016113e-01 5.320985913276672363e-01 4.798189699649810791e-01 5.042294263839721680e-01 4.707504808902740479e-01 3.668491840362548828e-01
5.280942320823669434e-01 3.591656982898712158e-01 4.728863239288330078e-01 5.875924229621887207e-01 3.992616832256317139e-01 5.320985913276672363e-01 5.488118529319763184e-01 5.042294263839721680e-01 6.119133234024047852e-01 5.110653638839721680e-01
5.203909277915954590e-01 3.737754523754119873e-01 4.918848276138305664e-01 5.437040925025939941e-01 5.830138325691223145e-01 5.320985913276672363e-01 5.488118529319763184e-01 5.042294263839721680e-01 6.054986715316772461e-01 5.244248509407043457e-01
6.297537088394165039e-01 2.172480076551437378e-01 5.160110592842102051e-01 5.224612951278686523e-01 5.054237246513366699e-01 5.320985913276672363e-01 5.488118529319763184e-01 5.042294263839721680e-01 5.011359453201293945e-01 5.110653638839721680e-01
5.306430459022521973e-01 4.650456011295318604e-01 5.160110592842102051e-01 4.463618993759155273e-01 7.008092999458312988e-01 5.320985913276672363e-01 5.197412967681884766e-01 5.042294263839721680e-01 5.011359453201293945e-01 5.296618938446044922e-01
4.737620055675506592e-01 7.551665902137756348e-01 4.990493357181549072e-01 5.903023481369018555e-01 7.094089388847351074e-01 5.320985913276672363e-01 5.000000000000000000e-01 5.042294263839721680e-01 4.912839233875274658e-01 7.057838439941406250e-01
6.070312261581420898e-01 5.363752245903015137e-01 4.918848276138305664e-01 6.467844843864440918e-01 6.854320764541625977e-01 5.320985913276672363e-01 5.488118529319763184e-01 5.042294263839721680e-01 5.734264254570007324e-01 5.244248509407043457e-01
5.203909277915954590e-01 6.575512886047363281e-01 4.918848276138305664e-01 4.717473685741424561e-01 6.957954168319702148e-01 5.320985913276672363e-01 5.488118529319763184e-01 5.042294263839721680e-01 4.473889470100402832e-01 5.244248509407043457e-01
5.203909277915954590e-01 5.482485890388488770e-01 4.918848276138305664e-01 4.717473685741424561e-01 6.806474328041076660e-01 5.320985913276672363e-01 5.197412967681884766e-01 5.042294263839721680e-01 7.134005427360534668e-01 5.244248509407043457e-01
5.564464926719665527e-01 5.152685046195983887e-01 4.918848276138305664e-01 4.717473685741424561e-01 7.346980571746826172e-01 5.320985913276672363e-01 5.197412967681884766e-01 5.042294263839721680e-01 4.473889470100402832e-01 5.244248509407043457e-01
5.875898599624633789e-01 6.618930697441101074e-01 4.990493357181549072e-01 3.438592255115509033e-01 6.544372439384460449e-01 5.320985913276672363e-01 5.769912600517272949e-01 5.042294263839721680e-01 7.662439346313476562e-01 6.819770932197570801e-01
5.564464926719665527e-01 4.713399708271026611e-01 4.918848276138305664e-01 4.717473685741424561e-01 5.502929687500000000e-01 5.320985913276672363e-01 5.695454478263854980e-01 5.042294263839721680e-01 4.803498983383178711e-01 4.788920283317565918e-01
5.875898599624633789e-01 6.908819079399108887e-01 3.180696666240692139e-01 5.903023481369018555e-01 6.557834148406982422e-01 5.320985913276672363e-01 5.769912600517272949e-01 5.042294263839721680e-01 6.180666685104370117e-01 5.730032920837402344e-01
5.875898599624633789e-01 5.863150954246520996e-01 5.890594124794006348e-01 6.069412827491760254e-01 4.978898167610168457e-01 5.320985913276672363e-01 5.769912600517272949e-01 5.042294263839721680e-01 5.960463285446166992e-01 5.747510790824890137e-01
5.203909277915954590e-01 5.534156560897827148e-01 4.608229994773864746e-01 5.491988062858581543e-01 2.413146048784255981e-01 4.960139095783233643e-01 5.197412967681884766e-01 4.983772337436676025e-01 5.707341432571411133e-01 4.788920283317565918e-01
5.564464926719665527e-01 6.557448506355285645e-01 4.310963749885559082e-01 4.324004352092742920e-01 3.652220666408538818e-01 4.960139095783233643e-01 4.798189699649810791e-01 4.983772337436676025e-01 4.072269499301910400e-01 5.296618938446044922e-01
5.203909277915954590e-01 5.209513306617736816e-01 6.520502567291259766e-01 4.324004352092742920e-01 2.749844193458557129e-01 4.960139095783233643e-01 4.798189699649810791e-01 2.822512984275817871e-01 4.019252657890319824e-01 5.296618938446044922e-01
4.889513552188873291e-01 4.232091605663299561e-01 5.406588912010192871e-01 4.324004352092742920e-01 6.518352031707763672e-01 4.351617693901062012e-01 4.539942145347595215e-01 4.286682009696960449e-01 4.778807461261749268e-01 3.668491840362548828e-01
4.966712296009063721e-01 3.363144695758819580e-01 5.406588912010192871e-01 5.875924229621887207e-01 6.416980028152465820e-01 4.849184453487396240e-01 4.539942145347595215e-01 4.286682009696960449e-01 5.616348981857299805e-01 5.110653638839721680e-01
4.966712296009063721e-01 3.363144695758819580e-01 5.390357971191406250e-01 5.875924229621887207e-01 6.396073698997497559e-01 4.849184453487396240e-01 5.345296263694763184e-01 4.286682009696960449e-01 6.131246089935302734e-01 5.110653638839721680e-01
4.966712296009063721e-01 4.121475815773010254e-01 5.390357971191406250e-01 3.771905004978179932e-01 5.857002735137939453e-01 4.849184453487396240e-01 4.539942145347595215e-01 5.252592563629150391e-01 5.260441303253173828e-01 5.110653638839721680e-01
4.966712296009063721e-01 4.452838599681854248e-01 4.489062130451202393e-01 5.437040925025939941e-01 7.389088869094848633e-01 4.849184453487396240e-01 4.539942145347595215e-01 5.252592563629150391e-01 4.568850696086883545e-01 5.110653638839721680e-01
4.966712296009063721e-01 4.264633357524871826e-01 4.489062130451202393e-01 5.437040925025939941e-01 6.977195143699645996e-01 4.849184453487396240e-01 4.539942145347595215e-01 5.252592563629150391e-01 2.748755216598510742e-01 5.110653638839721680e-01
2.983070015907287598e-01 4.264633357524871826e-01 4.918848276138305664e-01 4.501665234565734863e-01 7.553759217262268066e-01 4.849184453487396240e-01 4.539942145347595215e-01 5.252592563629150391e-01 4.532106220722198486e-01 5.110653638839721680e-01
