3.855387568473815918e-01 4.985280632972717285e-01 4.454622268676757812e-01 4.771235585212707520e-01 4.989431202411651611e-01 4.894275963306427002e-01 4.627753198146820068e-01 5.414327979087829590e-01 4.266943633556365967e-01 5.446684956550598145e-01
3.855387568473815918e-01 4.985280632972717285e-01 4.454622268676757812e-01 4.771235585212707520e-01 4.989431202411651611e-01 4.894275963306427002e-01 4.832415878772735596e-01 4.191959798336029053e-01 4.266943633556365967e-01 4.400791823863983154e-01
4.788215160369873047e-01 4.985280632972717285e-01 4.454622268676757812e-01 4.771235585212707520e-01 4.989431202411651611e-01 4.894275963306427002e-01 4.832415878772735596e-01 4.191959798336029053e-01 4.266943633556365967e-01 4.227050244808197021e-01
4.788215160369873047e-01 4.627102911472320557e-01 4.454622268676757812e-01 4.771235585212707520e-01 4.989431202411651611e-01 4.894275963306427002e-01 4.832415878772735596e-01 4.191959798336029053e-01 4.191786050796508789e-01 4.421264231204986572e-01
4.788215160369873047e-01 4.627102911472320557e-01 4.454622268676757812e-01 4.771235585212707520e-01 4.989431202411651611e-01 4.894275963306427002e-01 4.832415878772735596e-01 4.191959798336029053e-01 3.701513409614562988e-01 4.615857303142547607e-01
4.688422977924346924e-01 4.627102911472320557e-01 4.454622268676757812e-01 4.771235585212707520e-01 4.989431202411651611e-01 4.894275963306427002e-01 4.832415878772735596e-01 3.906977474689483643e-01 3.183131515979766846e-01 4.228418767452239990e-01
4.688422977924346924e-01 4.627102911472320557e-01 4.454622268676757812e-01 4.771235585212707520e-01 4.989431202411651611e-01 4.894275963306427002e-01 4.832415878772735596e-01 3.683055043220520020e-01 4.159934520721435547e-01 4.228418767452239990e-01
4.688422977924346924e-01 4.627102911472320557e-01 4.454622268676757812e-01 4.771235585212707520e-01 4.989431202411651611e-01 4.894275963306427002e-01 4.832415878772735596e-01 3.906977474689483643e-01 4.236384928226470947e-01 4.048074483871459961e-01
4.688422977924346924e-01 4.627102911472320557e-01 4.454622268676757812e-01 4.771235585212707520e-01 4.989431202411651611e-01 4.894275963306427002e-01 4.832415878772735596e-01 3.683055043220520020e-01 4.530920684337615967e-01 4.048074483871459961e-01
4.688422977924346924e-01 4.627102911472320557e-01 4.454622268676757812e-01 4.771235585212707520e-01 4.989431202411651611e-01 4.894275963306427002e-01 4.832415878772735596e-01 3.848936855792999268e-01 4.062426388263702393e-01 4.321920871734619141e-01
5.528464317321777344e-01 4.627102911472320557e-01 4.454622268676757812e-01 4.771235585212707520e-01 4.989431202411651611e-01 4.894275963306427002e-01 4.832415878772735596e-01 4.281334578990936279e-01 4.261441230773925781e-01 4.505230188369750977e-01
4.809800684452056885e-01 4.627102911472320557e-01 4.454622268676757812e-01 4.771235585212707520e-01 4.989431202411651611e-01 4.894275963306427002e-01 4.832415878772735596e-01 4.281334578990936279e-01 4.261441230773925781e-01 4.505230188369750977e-01
4.809800684452056885e-01 4.985280632972717285e-01 4.454622268676757812e-01 4.771235585212707520e-01 4.989431202411651611e-01 4.894275963306427002e-01 4.832415878772735596e-01 5.880799889564514160e-01 4.827328026294708252e-01 4.505230188369750977e-01
4.809800684452056885e-01 4.985280632972717285e-01 5.106054544448852539e-01 4.771235585212707520e-01 4.989431202411651611e-01 4.894275963306427002e-01 4.832415878772735596e-01 4.666309654712677002e-01 4.827328026294708252e-01 4.758242368698120117e-01
4.809800684452056885e-01 4.627102911472320557e-01 5.106054544448852539e-01 4.771235585212707520e-01 4.989431202411651611e-01 4.894275963306427002e-01 4.832415878772735596e-01 6.099338531494140625e-01 5.068436264991760254e-01 4.505230188369750977e-01
4.809800684452056885e-01 4.627102911472320557e-01 5.106054544448852539e-01 4.771235585212707520e-01 4.989431202411651611e-01 4.894275963306427002e-01 4.832415878772735596e-01 4.887136816978454590e-01 5.665830969810485840e-01 5.853663682937622070e-01
4.909787774085998535e-01 4.985280632972717285e-01 5.106054544448852539e-01 4.771235585212707520e-01 4.989431202411651611e-01 4.894275963306427002e-01 4.832415878772735596e-01 4.619972705841064453e-01 4.661880731582641602e-01 4.394938349723815918e-01
4.809800684452056885e-01 4.627102911472320557e-01 5.106054544448852539e-01 4.771235585212707520e-01 4.989431202411651611e-01 4.894275963306427002e-01 4.832415878772735596e-01 4.887136816978454590e-01 5.665830969810485840e-01 5.076683163642883301e-01
4.909787774085998535e-01 4.985280632972717285e-01 5.106054544448852539e-01 4.771235585212707520e-01 4.989431202411651611e-01 4.894275963306427002e-01 4.832415878772735596e-01 4.887136816978454590e-01 5.068436264991760254e-01 4.505230188369750977e-01
4.809800684452056885e-01 5.427017807960510254e-01 5.106054544448852539e-01 4.771235585212707520e-01 4.633627533912658691e-01 4.894275963306427002e-01 4.832415878772735596e-01 4.887136816978454590e-01 5.462267994880676270e-01 4.505230188369750977e-01
4.901326894760131836e-01 5.528907179832458496e-01 5.705629587173461914e-01 5.629966855049133301e-01 4.737715125083923340e-01 5.541555881500244141e-01 5.408498644828796387e-01 5.311728715896606445e-01 5.859204530715942383e-01 5.729102492332458496e-01
4.901326894760131836e-01 5.528907179832458496e-01 5.705629587173461914e-01 5.629966855049133301e-01 4.737715125083923340e-01 5.541555881500244141e-01 5.408498644828796387e-01 5.311728715896606445e-01 5.462267994880676270e-01 4.865293204784393311e-01
4.901326894760131836e-01 5.528907179832458496e-01 5.705629587173461914e-01 5.629966855049133301e-01 4.737715125083923340e-01 5.541555881500244141e-01 5.408498644828796387e-01 5.311728715896606445e-01 5.462267994880676270e-01 4.865293204784393311e-01
4.901326894760131836e-01 5.528907179832458496e-01 5.705629587173461914e-01 5.629966855049133301e-01 5.379964113235473633e-01 5.541555881500244141e-01 5.408498644828796387e-01 5.311728715896606445e-01 4.326280653476715088e-01 4.865293204784393311e-01
4.901326894760131836e-01 5.528907179832458496e-01 5.705629587173461914e-01 5.629966855049133301e-01 5.379964113235473633e-01 5.541555881500244141e-01 5.408498644828796387e-01 5.311728715896606445e-01 4.576645195484161377e-01 4.679811000823974609e-01
4.901326894760131836e-01 6.165358424186706543e-01 5.705629587173461914e-01 5.629966855049133301e-01 5.379964113235473633e-01 5.541555881500244141e-01 5.408498644828796387e-01 5.311728715896606445e-01 3.958777189254760742e-01 4.679811000823974609e-01
4.809800684452056885e-01 5.427017807960510254e-01 5.106054544448852539e-01 4.771235585212707520e-01 5.275912880897521973e-01 4.894275963306427002e-01 5.408498644828796387e-01 4.409627914428710938e-01 5.255990028381347656e-01 4.228418767452239990e-01
4.809800684452056885e-01 4.627102911472320557e-01 5.106054544448852539e-01 4.771235585212707520e-01 4.989431202411651611e-01 4.894275963306427002e-01 5.408498644828796387e-01 4.409627914428710938e-01 5.307916998863220215e-01 4.228418767452239990e-01
4.809800684452056885e-01 4.627102911472320557e-01 5.106054544448852539e-01 4.771235585212707520e-01 4.989431202411651611e-01 4.894275963306427002e-01 4.832415878772735596e-01 4.715565443038940430e-01 4.569260179996490479e-01 4.214986860752105713e-01
4.809800684452056885e-01 5.638864040374755859e-01 5.106054544448852539e-01 4.771235585212707520e-01 6.236149072647094727e-01 4.894275963306427002e-01 4.832415878772735596e-01 5.245463848114013672e-01 4.195282757282257080e-01 4.847166836261749268e-01
4.546848535537719727e-01 5.638864040374755859e-01 5.106054544448852539e-01 4.771235585212707520e-01 6.236149072647094727e-01 4.894275963306427002e-01 5.408498644828796387e-01 5.053694248199462891e-01 5.601946115493774414e-01 5.313994884490966797e-01
4.546848535537719727e-01 5.638864040374755859e-01 5.106054544448852539e-01 5.254677534103393555e-01 6.236149072647094727e-01 5.732395052909851074e-01 5.408498644828796387e-01 5.053694248199462891e-01 5.412795543670654297e-01 5.734152197837829590e-01
5.528464317321777344e-01 5.638864040374755859e-01 5.106054544448852539e-01 5.254677534103393555e-01 6.236149072647094727e-01 4.894275963306427002e-01 5.408498644828796387e-01 5.237975120544433594e-01 7.295594811439514160e-01 4.956398308277130127e-01
6.388282179832458496e-01 6.365904808044433594e-01 5.117622613906860352e-01 5.629966855049133301e-01 6.973502039909362793e-01 5.541555881500244141e-01 5.408498644828796387e-01 5.846723914146423340e-01 6.822432875633239746e-01 5.933395624160766602e-01
6.695469021797180176e-01 6.365904808044433594e-01 5.117622613906860352e-01 5.629966855049133301e-01 6.973502039909362793e-01 5.541555881500244141e-01 5.408498644828796387e-01 6.311349868774414062e-01 6.448807716369628906e-01 5.933395624160766602e-01
6.695469021797180176e-01 6.365904808044433594e-01 5.705629587173461914e-01 5.629966855049133301e-01 6.274207830429077148e-01 5.541555881500244141e-01 5.408498644828796387e-01 7.149713039398193359e-01 7.883597612380981445e-01 6.602775454521179199e-01
6.029667258262634277e-01 6.365904808044433594e-01 5.705629587173461914e-01 5.629966855049133301e-01 6.274207830429077148e-01 5.541555881500244141e-01 5.408498644828796387e-01 6.504921913146972656e-01 6.398009657859802246e-01 5.092799663543701172e-01
6.029667258262634277e-01 6.365904808044433594e-01 5.705629587173461914e-01 5.629966855049133301e-01 6.274207830429077148e-01 5.541555881500244141e-01 5.408498644828796387e-01 6.739309430122375488e-01 7.830669879913330078e-01 7.306149601936340332e-01
6.329064965248107910e-01 6.607570648193359375e-01 5.705629587173461914e-01 5.629966855049133301e-01 6.274207830429077148e-01 5.541555881500244141e-01 5.408498644828796387e-01 6.628656983375549316e-01 6.881610155105590820e-01 6.736631393432617188e-01
5.577628612518310547e-01 5.739738941192626953e-01 5.705629587173461914e-01 5.629966855049133301e-01 6.274207830429077148e-01 5.541555881500244141e-01 5.408498644828796387e-01 5.902817249298095703e-01 5.505447387695312500e-01 4.983532726764678955e-01
4.776712357997894287e-01 6.365904808044433594e-01 5.705629587173461914e-01 5.629966855049133301e-01 5.580319762229919434e-01 5.541555881500244141e-01 5.408498644828796387e-01 6.171478629112243652e-01 5.183256864547729492e-01 4.983532726764678955e-01
4.776712357997894287e-01 5.739738941192626953e-01 5.705629587173461914e-01 5.629966855049133301e-01 5.580319762229919434e-01 5.541555881500244141e-01 5.408498644828796387e-01 4.741410613059997559e-01 3.652229011058807373e-01 4.797755181789398193e-01
4.709576368331909180e-01 6.365904808044433594e-01 4.787891507148742676e-01 4.722180962562561035e-01 5.150545239448547363e-01 4.997578859329223633e-01 4.627753198146820068e-01 4.307447373867034912e-01 5.615240931510925293e-01 4.797755181789398193e-01
5.428928732872009277e-01 5.539425611495971680e-01 4.787891507148742676e-01 4.722180962562561035e-01 5.150545239448547363e-01 4.997578859329223633e-01 4.627753198146820068e-01 5.267419219017028809e-01 6.010117530822753906e-01 5.578147768974304199e-01
5.428928732872009277e-01 5.539425611495971680e-01 4.787891507148742676e-01 4.722180962562561035e-01 5.150545239448547363e-01 4.997578859329223633e-01 4.627753198146820068e-01 5.267419219017028809e-01 6.439161300659179688e-01 5.052005648612976074e-01
4.709576368331909180e-01 5.539425611495971680e-01 4.787891507148742676e-01 4.722180962562561035e-01 5.150545239448547363e-01 4.997578859329223633e-01 4.627753198146820068e-01 5.525982975959777832e-01 5.699110627174377441e-01 5.052005648612976074e-01
6.484084725379943848e-01 6.012608408927917480e-01 5.303316116333007812e-01 5.463547110557556152e-01 5.788758993148803711e-01 5.637882351875305176e-01 5.112674832344055176e-01 6.452541351318359375e-01 6.729283332824707031e-01 6.405351161956787109e-01
5.802393555641174316e-01 6.012608408927917480e-01 5.303316116333007812e-01 5.463547110557556152e-01 5.788758993148803711e-01 5.637882351875305176e-01 5.112674832344055176e-01 6.231945157051086426e-01 6.783381700515747070e-01 6.405351161956787109e-01
5.173565745353698730e-01 6.012608408927917480e-01 5.303316116333007812e-01 5.463547110557556152e-01 5.788758993148803711e-01 4.997578859329223633e-01 5.112674832344055176e-01 5.564745068550109863e-01 6.222411990165710449e-01 5.517437458038330078e-01
5.173565745353698730e-01 6.012608408927917480e-01 5.303316116333007812e-01 5.463547110557556152e-01 5.788758993148803711e-01 4.997578859329223633e-01 5.112674832344055176e-01 5.316760540008544922e-01 6.042224764823913574e-01 5.517437458038330078e-01
5.027654767036437988e-01 5.267433524131774902e-01 4.454622268676757812e-01 5.254677534103393555e-01 6.236149072647094727e-01 5.732395052909851074e-01 5.112674832344055176e-01 5.724248886108398438e-01 6.117035150527954102e-01 5.901651978492736816e-01
4.763724505901336670e-01 5.267433524131774902e-01 4.454622268676757812e-01 5.254677534103393555e-01 6.236149072647094727e-01 5.732395052909851074e-01 5.112674832344055176e-01 6.415203809738159180e-01 6.665878295898437500e-01 5.901651978492736816e-01
5.961926579475402832e-01 6.012608408927917480e-01 5.303316116333007812e-01 5.463547110557556152e-01 5.788758993148803711e-01 5.637882351875305176e-01 5.112674832344055176e-01 6.231945157051086426e-01 6.729283332824707031e-01 6.405351161956787109e-01
5.539062619209289551e-01 6.012608408927917480e-01 5.303316116333007812e-01 5.463547110557556152e-01 6.528757810592651367e-01 5.637882351875305176e-01 5.112674832344055176e-01 5.994724631309509277e-01 6.405825614929199219e-01 5.929713249206542969e-01
5.961926579475402832e-01 6.012608408927917480e-01 5.303316116333007812e-01 5.463547110557556152e-01 5.686753392219543457e-01 5.637882351875305176e-01 5.112674832344055176e-01 6.255499720573425293e-01 5.682832598686218262e-01 5.749086141586303711e-01
5.766523480415344238e-01 6.012608408927917480e-01 5.303316116333007812e-01 5.463547110557556152e-01 5.686753392219543457e-01 4.997578859329223633e-01 5.112674832344055176e-01 5.316760540008544922e-01 5.034306049346923828e-01 5.015733838081359863e-01
5.466886758804321289e-01 5.645928978919982910e-01 5.303316116333007812e-01 5.463547110557556152e-01 5.686753392219543457e-01 5.637882351875305176e-01 5.112674832344055176e-01 5.994412302970886230e-01 4.980512857437133789e-01 5.749086141586303711e-01
4.832558333873748779e-01 5.098581314086914062e-01 5.303316116333007812e-01 5.463547110557556152e-01 5.686753392219543457e-01 4.997578859329223633e-01 5.112674832344055176e-01 4.588897824287414551e-01 4.998854100704193115e-01 4.829911589622497559e-01
5.466886758804321289e-01 5.645928978919982910e-01 5.303316116333007812e-01 5.463547110557556152e-01 5.686753392219543457e-01 5.637882351875305176e-01 5.112674832344055176e-01 5.776453018188476562e-01 5.065855383872985840e-01 5.749086141586303711e-01
5.466886758804321289e-01 5.645928978919982910e-01 5.303316116333007812e-01 5.463547110557556152e-01 5.686753392219543457e-01 5.637882351875305176e-01 5.112674832344055176e-01 5.506282448768615723e-01 5.034306049346923828e-01 5.929713249206542969e-01
4.832558333873748779e-01 5.098581314086914062e-01 5.303316116333007812e-01 5.463547110557556152e-01 5.686753392219543457e-01 4.997578859329223633e-01 5.112674832344055176e-01 4.854387044906616211e-01 5.198019742965698242e-01 4.829911589622497559e-01
5.961926579475402832e-01 5.645928978919982910e-01 5.303316116333007812e-01 5.463547110557556152e-01 5.686753392219543457e-01 5.637882351875305176e-01 5.112674832344055176e-01 5.506282448768615723e-01 4.935871362686157227e-01 6.078683137893676758e-01
5.961926579475402832e-01 5.645928978919982910e-01 5.303316116333007812e-01 5.463547110557556152e-01 5.686753392219543457e-01 5.637882351875305176e-01 5.112674832344055176e-01 6.072580218315124512e-01 5.506842136383056641e-01 6.519859433174133301e-01
5.961926579475402832e-01 5.645928978919982910e-01 5.303316116333007812e-01 5.463547110557556152e-01 5.686753392219543457e-01 5.637882351875305176e-01 5.112674832344055176e-01 6.107802987098693848e-01 7.364816069602966309e-01 6.519859433174133301e-01
5.961926579475402832e-01 5.645928978919982910e-01 5.303316116333007812e-01 5.463547110557556152e-01 5.686753392219543457e-01 5.637882351875305176e-01 5.112674832344055176e-01 5.764030218124389648e-01 5.521406531333923340e-01 5.929713249206542969e-01
5.337793827056884766e-01 5.098581314086914062e-01 5.303316116333007812e-01 5.463547110557556152e-01 5.686753392219543457e-01 4.997578859329223633e-01 5.112674832344055176e-01 5.079396367073059082e-01 5.598890185356140137e-01 4.829911589622497559e-01
5.337793827056884766e-01 5.098581314086914062e-01 5.303316116333007812e-01 5.463547110557556152e-01 5.686753392219543457e-01 4.997578859329223633e-01 5.112674832344055176e-01 3.941339254379272461e-01 3.286804854869842529e-01 4.829911589622497559e-01
5.337793827056884766e-01 5.098581314086914062e-01 5.303316116333007812e-01 5.463547110557556152e-01 5.686753392219543457e-01 4.997578859329223633e-01 5.112674832344055176e-01 3.894366919994354248e-01 4.996676146984100342e-01 4.449891448020935059e-01
5.337793827056884766e-01 5.098581314086914062e-01 5.303316116333007812e-01 5.463547110557556152e-01 5.686753392219543457e-01 4.997578859329223633e-01 5.112674832344055176e-01 5.041645765304565430e-01 6.307768225669860840e-01 4.449891448020935059e-01
6.938291192054748535e-01 6.167033314704895020e-01 5.303316116333007812e-01 5.463547110557556152e-01 5.686753392219543457e-01 4.997578859329223633e-01 5.112674832344055176e-01 5.494613051414489746e-01 6.640963554382324219e-01 5.482167005538940430e-01
6.938291192054748535e-01 5.699066519737243652e-01 4.787891507148742676e-01 4.722180962562561035e-01 4.214332103729248047e-01 4.997578859329223633e-01 4.627753198146820068e-01 4.846971929073333740e-01 5.376323461532592773e-01 4.814596474170684814e-01
3.281259238719940186e-01 5.035161972045898438e-01 4.454622268676757812e-01 4.771235585212707520e-01 5.476987361907958984e-01 5.732395052909851074e-01 4.627753198146820068e-01 4.777067601680755615e-01 3.799012899398803711e-01 6.349019408226013184e-01
3.281259238719940186e-01 3.869863152503967285e-01 4.454622268676757812e-01 4.771235585212707520e-01 4.007118046283721924e-01 4.894275963306427002e-01 4.627753198146820068e-01 3.863189220428466797e-01 4.289059638977050781e-01 4.695000052452087402e-01
4.609477818012237549e-01 3.869863152503967285e-01 4.454622268676757812e-01 4.771235585212707520e-01 4.007118046283721924e-01 4.894275963306427002e-01 4.832415878772735596e-01 3.863189220428466797e-01 4.289059638977050781e-01 3.676889836788177490e-01
5.679488778114318848e-01 3.869863152503967285e-01 4.454622268676757812e-01 4.771235585212707520e-01 4.007118046283721924e-01 4.894275963306427002e-01 4.832415878772735596e-01 3.863189220428466797e-01 4.869157671928405762e-01 3.676889836788177490e-01
5.679488778114318848e-01 4.627102911472320557e-01 4.454622268676757812e-01 4.771235585212707520e-01 4.989431202411651611e-01 4.894275963306427002e-01 4.832415878772735596e-01 3.863189220428466797e-01 4.869157671928405762e-01 3.676889836788177490e-01
4.909787774085998535e-01 4.985280632972717285e-01 4.454622268676757812e-01 4.771235585212707520e-01 4.989431202411651611e-01 4.894275963306427002e-01 4.832415878772735596e-01 5.791851878166198730e-01 5.304502844810485840e-01 5.006220340728759766e-01
4.909787774085998535e-01 4.985280632972717285e-01 5.106054544448852539e-01 4.771235585212707520e-01 4.989431202411651611e-01 4.894275963306427002e-01 4.832415878772735596e-01 4.569177031517028809e-01 5.304502844810485840e-01 5.006220340728759766e-01
4.909787774085998535e-01 4.985280632972717285e-01 5.106054544448852539e-01 4.771235585212707520e-01 4.989431202411651611e-01 4.894275963306427002e-01 4.832415878772735596e-01 4.795720875263214111e-01 5.543901324272155762e-01 4.227050244808197021e-01
4.909787774085998535e-01 4.627102911472320557e-01 5.106054544448852539e-01 4.771235585212707520e-01 4.989431202411651611e-01 4.894275963306427002e-01 4.832415878772735596e-01 3.962325751781463623e-01 4.988322257995605469e-01 5.188093781471252441e-01
4.909787774085998535e-01 4.627102911472320557e-01 5.106054544448852539e-01 4.771235585212707520e-01 4.989431202411651611e-01 4.894275963306427002e-01 4.832415878772735596e-01 4.415004849433898926e-01 3.996537029743194580e-01 4.615857303142547607e-01
4.542765915393829346e-01 4.263693094253540039e-01 3.794335424900054932e-01 4.771235585212707520e-01 4.605764448642730713e-01 3.918589055538177490e-01 4.376299977302551270e-01 3.947229683399200439e-01 3.542228937149047852e-01 3.016865551471710205e-01
4.809800684452056885e-01 4.627102911472320557e-01 5.106054544448852539e-01 4.771235585212707520e-01 4.989431202411651611e-01 4.894275963306427002e-01 4.832415878772735596e-01 3.424161076545715332e-01 5.114434361457824707e-01 4.321920871734619141e-01
4.809800684452056885e-01 4.002178907394409180e-01 5.106054544448852539e-01 4.771235585212707520e-01 3.791025876998901367e-01 4.894275963306427002e-01 4.832415878772735596e-01 4.281334578990936279e-01 4.112015068531036377e-01 4.321920871734619141e-01
4.809800684452056885e-01 4.627102911472320557e-01 5.106054544448852539e-01 4.771235585212707520e-01 4.989431202411651611e-01 4.894275963306427002e-01 4.832415878772735596e-01 5.078672170639038086e-01 4.548348486423492432e-01 3.216549158096313477e-01
4.190472364425659180e-01 4.840778410434722900e-01 5.106054544448852539e-01 4.771235585212707520e-01 5.191586017608642578e-01 4.894275963306427002e-01 4.832415878772735596e-01 4.708783924579620361e-01 5.277645587921142578e-01 4.704548120498657227e-01
4.809800684452056885e-01 4.627102911472320557e-01 5.106054544448852539e-01 4.771235585212707520e-01 4.989431202411651611e-01 4.894275963306427002e-01 4.832415878772735596e-01 4.217703044414520264e-01 4.636758267879486084e-01 4.573206901550292969e-01
4.809800684452056885e-01 4.627102911472320557e-01 5.106054544448852539e-01 4.771235585212707520e-01 4.989431202411651611e-01 4.894275963306427002e-01 4.832415878772735596e-01 4.893329739570617676e-01 5.068436264991760254e-01 4.758242368698120117e-01
4.809800684452056885e-01 4.985280632972717285e-01 5.106054544448852539e-01 4.771235585212707520e-01 4.989431202411651611e-01 4.894275963306427002e-01 4.832415878772735596e-01 4.887136816978454590e-01 5.068436264991760254e-01 4.505230188369750977e-01
4.809800684452056885e-01 4.627102911472320557e-01 5.106054544448852539e-01 4.771235585212707520e-01 4.989431202411651611e-01 4.894275963306427002e-01 4.832415878772735596e-01 4.887136816978454590e-01 5.068436264991760254e-01 4.505230188369750977e-01
4.809800684452056885e-01 4.985280632972717285e-01 5.106054544448852539e-01 4.771235585212707520e-01 4.989431202411651611e-01 4.894275963306427002e-01 4.832415878772735596e-01 4.887136816978454590e-01 5.068436264991760254e-01 4.505230188369750977e-01
4.809800684452056885e-01 4.985280632972717285e-01 5.106054544448852539e-01 4.771235585212707520e-01 4.989431202411651611e-01 4.894275963306427002e-01 4.832415878772735596e-01 4.887136816978454590e-01 5.068436264991760254e-01 4.505230188369750977e-01
4.809800684452056885e-01 5.427017807960510254e-01 5.106054544448852539e-01 4.771235585212707520e-01 4.633627533912658691e-01 4.894275963306427002e-01 4.832415878772735596e-01 4.887136816978454590e-01 5.068436264991760254e-01 4.505230188369750977e-01
4.809800684452056885e-01 5.427017807960510254e-01 5.106054544448852539e-01 4.771235585212707520e-01 4.633627533912658691e-01 4.894275963306427002e-01 5.408498644828796387e-01 4.887136816978454590e-01 5.400713086128234863e-01 4.505230188369750977e-01
4.901326894760131836e-01 5.528907179832458496e-01 5.705629587173461914e-01 5.629966855049133301e-01 4.737715125083923340e-01 5.541555881500244141e-01 5.408498644828796387e-01 5.326640605926513672e-01 5.210308432579040527e-01 4.960773289203643799e-01
4.901326894760131836e-01 6.165358424186706543e-01 5.705629587173461914e-01 5.629966855049133301e-01 4.737715125083923340e-01 5.541555881500244141e-01 5.408498644828796387e-01 5.326640605926513672e-01 5.891676545143127441e-01 4.960773289203643799e-01
4.901326894760131836e-01 5.528907179832458496e-01 5.705629587173461914e-01 5.629966855049133301e-01 4.737715125083923340e-01 5.541555881500244141e-01 5.408498644828796387e-01 5.326640605926513672e-01 5.462267994880676270e-01 5.146619081497192383e-01
4.901326894760131836e-01 5.528907179832458496e-01 5.705629587173461914e-01 5.629966855049133301e-01 5.379964113235473633e-01 5.541555881500244141e-01 5.408498644828796387e-01 5.326640605926513672e-01 5.274586677551269531e-01 5.146619081497192383e-01
4.901326894760131836e-01 5.528907179832458496e-01 5.705629587173461914e-01 5.629966855049133301e-01 5.379964113235473633e-01 5.541555881500244141e-01 5.408498644828796387e-01 5.632102489471435547e-01 6.056069135665893555e-01 5.146619081497192383e-01
4.901326894760131836e-01 6.365904808044433594e-01 5.705629587173461914e-01 5.629966855049133301e-01 5.580319762229919434e-01 5.541555881500244141e-01 5.408498644828796387e-01 5.131609439849853516e-01 5.911763906478881836e-01 4.906933009624481201e-01
4.901326894760131836e-01 6.165358424186706543e-01 5.117622613906860352e-01 5.629966855049133301e-01 5.379964113235473633e-01 5.541555881500244141e-01 5.408498644828796387e-01 5.187022686004638672e-01 5.928315520286560059e-01 4.960773289203643799e-01
4.901326894760131836e-01 5.596977472305297852e-01 5.705629587173461914e-01 5.629966855049133301e-01 5.295838117599487305e-01 5.541555881500244141e-01 5.408498644828796387e-01 5.438903570175170898e-01 5.456971526145935059e-01 4.906933009624481201e-01
4.809800684452056885e-01 4.840778410434722900e-01 5.106054544448852539e-01 4.771235585212707520e-01 5.191586017608642578e-01 4.894275963306427002e-01 4.832415878772735596e-01 5.486267805099487305e-01 4.121151864528656006e-01 4.269139468669891357e-01
4.809800684452056885e-01 4.840778410434722900e-01 5.106054544448852539e-01 4.771235585212707520e-01 5.191586017608642578e-01 4.894275963306427002e-01 4.832415878772735596e-01 5.486267805099487305e-01 5.411304235458374023e-01 4.451965093612670898e-01
4.809800684452056885e-01 5.638864040374755859e-01 5.106054544448852539e-01 4.771235585212707520e-01 5.476987361907958984e-01 4.894275963306427002e-01 4.832415878772735596e-01 5.000047683715820312e-01 6.574074029922485352e-01 5.408235192298889160e-01
5.528464317321777344e-01 5.638864040374755859e-01 5.106054544448852539e-01 4.771235585212707520e-01 5.476987361907958984e-01 4.894275963306427002e-01 5.408498644828796387e-01 5.651476979255676270e-01 4.720572233200073242e-01 4.160251617431640625e-01
5.149300694465637207e-01 5.638864040374755859e-01 5.106054544448852539e-01 4.771235585212707520e-01 5.476987361907958984e-01 4.894275963306427002e-01 5.408498644828796387e-01 6.343833208084106445e-01 5.284234285354614258e-01 4.451965093612670898e-01
5.149300694465637207e-01 5.638864040374755859e-01 5.106054544448852539e-01 4.771235585212707520e-01 5.476987361907958984e-01 4.894275963306427002e-01 5.408498644828796387e-01 6.091917753219604492e-01 5.643591284751892090e-01 4.341946542263031006e-01
6.029667258262634277e-01 5.739738941192626953e-01 5.117622613906860352e-01 5.629966855049133301e-01 6.274207830429077148e-01 5.541555881500244141e-01 5.408498644828796387e-01 7.175104022026062012e-01 5.497133135795593262e-01 5.346701145172119141e-01
6.114629507064819336e-01 5.739738941192626953e-01 5.705629587173461914e-01 5.629966855049133301e-01 6.274207830429077148e-01 5.541555881500244141e-01 5.408498644828796387e-01 6.945040822029113770e-01 7.215455174446105957e-01 6.831987500190734863e-01
6.029667258262634277e-01 5.739738941192626953e-01 5.705629587173461914e-01 5.629966855049133301e-01 6.274207830429077148e-01 5.541555881500244141e-01 5.408498644828796387e-01 6.231166124343872070e-01 6.022666096687316895e-01 5.661984086036682129e-01
6.125086545944213867e-01 5.528907179832458496e-01 5.705629587173461914e-01 5.629966855049133301e-01 6.083229780197143555e-01 5.541555881500244141e-01 5.408498644828796387e-01 6.908733248710632324e-01 6.214506626129150391e-01 6.108513474464416504e-01
6.029667258262634277e-01 5.739738941192626953e-01 5.705629587173461914e-01 5.629966855049133301e-01 6.274207830429077148e-01 5.541555881500244141e-01 5.408498644828796387e-01 6.167874336242675781e-01 7.061274647712707520e-01 6.831987500190734863e-01
6.029667258262634277e-01 5.739738941192626953e-01 5.705629587173461914e-01 5.629966855049133301e-01 6.274207830429077148e-01 5.541555881500244141e-01 5.408498644828796387e-01 6.167874336242675781e-01 5.985749363899230957e-01 5.264685750007629395e-01
6.029667258262634277e-01 5.739738941192626953e-01 5.705629587173461914e-01 5.629966855049133301e-01 6.274207830429077148e-01 5.541555881500244141e-01 5.408498644828796387e-01 6.167874336242675781e-01 6.931681036949157715e-01 6.063144803047180176e-01
5.240763425827026367e-01 5.739738941192626953e-01 5.705629587173461914e-01 5.629966855049133301e-01 5.580319762229919434e-01 5.541555881500244141e-01 5.408498644828796387e-01 5.236614346504211426e-01 5.591416954994201660e-01 5.264685750007629395e-01
4.834060072898864746e-01 5.739738941192626953e-01 5.303316116333007812e-01 5.463547110557556152e-01 5.788758993148803711e-01 4.997578859329223633e-01 5.112674832344055176e-01 5.657060146331787109e-01 5.792139768600463867e-01 5.884329676628112793e-01
6.168492436408996582e-01 6.012608408927917480e-01 5.303316116333007812e-01 5.463547110557556152e-01 5.788758993148803711e-01 5.637882351875305176e-01 5.112674832344055176e-01 6.319558024406433105e-01 4.568642973899841309e-01 4.016045033931732178e-01
5.205531120300292969e-01 6.012608408927917480e-01 5.303316116333007812e-01 5.463547110557556152e-01 6.528757810592651367e-01 5.637882351875305176e-01 5.112674832344055176e-01 6.319558024406433105e-01 6.243262887001037598e-01 6.262037754058837891e-01
5.543131232261657715e-01 6.012608408927917480e-01 5.303316116333007812e-01 5.463547110557556152e-01 6.528757810592651367e-01 5.637882351875305176e-01 5.112674832344055176e-01 5.982825756072998047e-01 6.526798605918884277e-01 6.232420206069946289e-01
5.543131232261657715e-01 6.012608408927917480e-01 5.303316116333007812e-01 5.463547110557556152e-01 6.528757810592651367e-01 5.637882351875305176e-01 5.112674832344055176e-01 6.072580218315124512e-01 6.243262887001037598e-01 7.116806507110595703e-01
4.909538328647613525e-01 6.012608408927917480e-01 5.303316116333007812e-01 5.463547110557556152e-01 6.528757810592651367e-01 4.997578859329223633e-01 5.112674832344055176e-01 4.817445874214172363e-01 6.589580178260803223e-01 5.332915186882019043e-01
5.884953141212463379e-01 6.012608408927917480e-01 5.303316116333007812e-01 5.463547110557556152e-01 6.528757810592651367e-01 4.997578859329223633e-01 5.112674832344055176e-01 4.353820085525512695e-01 6.622058749198913574e-01 5.332915186882019043e-01
6.484084725379943848e-01 6.012608408927917480e-01 5.303316116333007812e-01 5.463547110557556152e-01 6.528757810592651367e-01 5.637882351875305176e-01 5.112674832344055176e-01 5.994412302970886230e-01 6.723226308822631836e-01 6.232420206069946289e-01
