7.813355326652526855e-01 7.157235145568847656e-01 5.322825312614440918e-01 6.171122193336486816e-01 8.608948588371276855e-01 6.706008911132812500e-01 6.499893665313720703e-01 7.359679341316223145e-01 2.740727365016937256e-01 7.971655130386352539e-01
7.813355326652526855e-01 7.157235145568847656e-01 5.570621490478515625e-01 7.526922821998596191e-01 8.609610795974731445e-01 6.275452971458435059e-01 8.275287747383117676e-01 6.601883769035339355e-01 6.945460438728332520e-01 7.809989452362060547e-01
7.813355326652526855e-01 7.157235145568847656e-01 8.704591393470764160e-01 7.526922821998596191e-01 8.806520700454711914e-01 6.706008911132812500e-01 6.499893665313720703e-01 3.170016109943389893e-01 7.507802248001098633e-01 7.009737193584442139e-02
5.888411998748779297e-01 7.157235145568847656e-01 7.412937879562377930e-01 7.526922821998596191e-01 7.621126174926757812e-01 6.275452971458435059e-01 6.499893665313720703e-01 5.958627462387084961e-01 6.945460438728332520e-01 4.131853580474853516e-01
7.813355326652526855e-01 7.157235145568847656e-01 7.652863860130310059e-01 7.526922821998596191e-01 7.783154845237731934e-01 6.275452971458435059e-01 3.938339948654174805e-01 7.335620522499084473e-01 8.102160692214965820e-01 6.534965038299560547e-01
5.888411998748779297e-01 7.157235145568847656e-01 7.331624627113342285e-01 6.171122193336486816e-01 8.643822669982910156e-01 5.291934013366699219e-01 7.210070490837097168e-01 3.001759946346282959e-01 3.422230780124664307e-01 6.166447401046752930e-01
7.813355326652526855e-01 2.595584392547607422e-01 1.743955463171005249e-01 1.832768023014068604e-01 7.922406196594238281e-01 6.491058468818664551e-01 5.359573960304260254e-01 9.521096944808959961e-01 3.422230780124664307e-01 9.325716495513916016e-01
5.888411998748779297e-01 7.157235145568847656e-01 8.034414649009704590e-01 6.171122193336486816e-01 8.299275636672973633e-01 6.491058468818664551e-01 7.510333657264709473e-01 7.694923281669616699e-01 5.472301244735717773e-01 4.488595128059387207e-01
3.809197247028350830e-01 7.157235145568847656e-01 8.656763434410095215e-01 6.171122193336486816e-01 7.835671305656433105e-01 6.491058468818664551e-01 8.275287747383117676e-01 7.251922488212585449e-01 3.422230780124664307e-01 5.467344522476196289e-01
3.809197247028350830e-01 2.809648215770721436e-01 7.907037138938903809e-01 2.505765855312347412e-01 3.156346678733825684e-01 5.124630331993103027e-01 6.731863617897033691e-01 7.975897789001464844e-01 3.422230780124664307e-01 4.020068645477294922e-01
3.809197247028350830e-01 2.809648215770721436e-01 9.156632423400878906e-01 1.947820037603378296e-01 8.867862820625305176e-01 5.410887598991394043e-01 3.660278320312500000e-01 7.176535725593566895e-01 4.941383898258209229e-01 7.225617170333862305e-01
3.809197247028350830e-01 2.809648215770721436e-01 7.483565807342529297e-01 1.947820037603378296e-01 5.497289299964904785e-01 6.491058468818664551e-01 4.455107748508453369e-01 7.882865667343139648e-01 5.512099862098693848e-01 5.852738022804260254e-01
3.809197247028350830e-01 2.809648215770721436e-01 7.020767331123352051e-01 3.135622143745422363e-01 9.462339282035827637e-01 7.701412439346313477e-01 5.610086321830749512e-01 7.011747956275939941e-01 3.387770652770996094e-01 4.204256236553192139e-01
7.913905978202819824e-01 3.100289404392242432e-01 8.242678642272949219e-01 3.135622143745422363e-01 6.598243713378906250e-01 6.706008911132812500e-01 5.610086321830749512e-01 8.148287534713745117e-01 2.143831849098205566e-01 2.850105464458465576e-01
5.612266063690185547e-01 6.177440881729125977e-01 8.708987236022949219e-01 1.947820037603378296e-01 8.158253431320190430e-01 8.153280019760131836e-01 5.837656259536743164e-01 9.881993532180786133e-01 8.422461152076721191e-01 9.626339673995971680e-01
5.612266063690185547e-01 7.860585451126098633e-01 5.835243463516235352e-01 1.947820037603378296e-01 7.657728195190429688e-01 8.790233731269836426e-01 3.296503424644470215e-01 9.540367126464843750e-01 7.398291230201721191e-01 9.469644427299499512e-01
5.612266063690185547e-01 7.860585451126098633e-01 7.008860111236572266e-01 1.947820037603378296e-01 5.574219822883605957e-01 5.991368293762207031e-01 7.563558220863342285e-01 9.509861469268798828e-01 7.398291230201721191e-01 3.999700844287872314e-01
5.612266063690185547e-01 7.860585451126098633e-01 1.814203262329101562e-01 1.947820037603378296e-01 6.022995114326477051e-01 6.303945779800415039e-01 5.211836695671081543e-01 9.801729321479797363e-01 7.398291230201721191e-01 8.497413992881774902e-01
5.612266063690185547e-01 6.177440881729125977e-01 8.580427765846252441e-01 1.947820037603378296e-01 3.858818411827087402e-01 5.089253187179565430e-01 3.296503424644470215e-01 9.769757390022277832e-01 8.422461152076721191e-01 8.610423803329467773e-01
3.809197247028350830e-01 2.809648215770721436e-01 5.631842613220214844e-01 1.947820037603378296e-01 6.507614254951477051e-01 7.109648585319519043e-01 5.837656259536743164e-01 9.586215615272521973e-01 7.398291230201721191e-01 8.710375428199768066e-01
3.809197247028350830e-01 2.809648215770721436e-01 5.643891096115112305e-01 1.947820037603378296e-01 6.620204448699951172e-01 6.491058468818664551e-01 3.660278320312500000e-01 5.230135917663574219e-01 3.422230780124664307e-01 7.294494509696960449e-01
3.809197247028350830e-01 2.809648215770721436e-01 3.872115015983581543e-01 2.505765855312347412e-01 7.236667275428771973e-01 6.491058468818664551e-01 4.455107748508453369e-01 9.367064237594604492e-01 1.570909470319747925e-01 1.291320919990539551e-01
3.809197247028350830e-01 2.809648215770721436e-01 4.402235746383666992e-01 2.505765855312347412e-01 8.422868251800537109e-01 5.291934013366699219e-01 4.839662313461303711e-01 8.411392569541931152e-01 4.941383898258209229e-01 8.001973628997802734e-01
3.809197247028350830e-01 7.860585451126098633e-01 1.825923025608062744e-01 1.947820037603378296e-01 3.554393053054809570e-01 2.698756456375122070e-01 3.903940021991729736e-01 4.144324958324432373e-01 1.399034261703491211e-01 8.949740976095199585e-02
3.809197247028350830e-01 7.860585451126098633e-01 5.256217718124389648e-01 3.135622143745422363e-01 4.548901915550231934e-01 3.263188302516937256e-01 3.296503424644470215e-01 6.215388774871826172e-01 9.095261693000793457e-01 6.374711990356445312e-01
3.809197247028350830e-01 2.809648215770721436e-01 7.546806335449218750e-01 2.505765855312347412e-01 1.739879399538040161e-01 5.291934013366699219e-01 7.778314948081970215e-01 5.226851701736450195e-01 7.398291230201721191e-01 8.524582982063293457e-01
3.809197247028350830e-01 6.623266935348510742e-01 3.801771700382232666e-01 5.566660761833190918e-01 4.833846986293792725e-01 5.291934013366699219e-01 4.365572929382324219e-01 6.839045286178588867e-01 2.339505851268768311e-01 8.257516622543334961e-01
3.809197247028350830e-01 7.157235145568847656e-01 6.994215250015258789e-01 6.171122193336486816e-01 8.776783943176269531e-01 6.491058468818664551e-01 6.316742897033691406e-01 9.056986570358276367e-01 4.941383898258209229e-01 5.928899645805358887e-01
3.809197247028350830e-01 6.623266935348510742e-01 5.245509147644042969e-01 5.566660761833190918e-01 2.943321168422698975e-01 6.491058468818664551e-01 7.510333657264709473e-01 8.808251619338989258e-01 5.080774426460266113e-01 6.672794818878173828e-01
6.706456542015075684e-01 6.623266935348510742e-01 7.761503458023071289e-01 7.993323206901550293e-01 3.960858285427093506e-01 7.701412439346313477e-01 7.609977722167968750e-01 7.744108438491821289e-01 8.288239240646362305e-01 1.615937352180480957e-01
6.706456542015075684e-01 6.623266935348510742e-01 7.569060325622558594e-01 5.314016938209533691e-01 7.273349165916442871e-01 6.706008911132812500e-01 7.609977722167968750e-01 9.005575180053710938e-01 6.745223402976989746e-01 8.421279191970825195e-01
6.706456542015075684e-01 6.623266935348510742e-01 8.475958704948425293e-01 7.993323206901550293e-01 6.642884612083435059e-01 6.706008911132812500e-01 7.609977722167968750e-01 8.662129640579223633e-01 7.851603031158447266e-01 6.373193860054016113e-01
3.697425425052642822e-01 6.623266935348510742e-01 9.071453213691711426e-01 7.993323206901550293e-01 4.086789190769195557e-01 5.291934013366699219e-01 6.316742897033691406e-01 4.880785644054412842e-01 6.599720120429992676e-01 9.182476401329040527e-01
6.706456542015075684e-01 6.623266935348510742e-01 6.054642796516418457e-01 7.033614516258239746e-01 6.383248567581176758e-01 7.701412439346313477e-01 7.609977722167968750e-01 3.923431932926177979e-01 1.652934998273849487e-01 6.900925040245056152e-01
6.706456542015075684e-01 6.623266935348510742e-01 6.151686310768127441e-01 5.566660761833190918e-01 8.401442766189575195e-01 6.491058468818664551e-01 6.668728590011596680e-01 8.660249114036560059e-01 5.002908706665039062e-01 6.850520372390747070e-01
3.697425425052642822e-01 6.623266935348510742e-01 7.761503458023071289e-01 7.993323206901550293e-01 8.647221922874450684e-01 5.291934013366699219e-01 6.668728590011596680e-01 4.036525487899780273e-01 8.943545222282409668e-01 5.166326761245727539e-01
6.706456542015075684e-01 6.623266935348510742e-01 9.065812230110168457e-01 7.993323206901550293e-01 8.553065657615661621e-01 5.291934013366699219e-01 6.668728590011596680e-01 3.489996790885925293e-01 8.321928381919860840e-01 8.289851546287536621e-01
3.697425425052642822e-01 6.623266935348510742e-01 7.088968157768249512e-01 7.993323206901550293e-01 7.389230132102966309e-01 5.291934013366699219e-01 6.668728590011596680e-01 8.951863646507263184e-01 6.738917231559753418e-01 8.497128486633300781e-01
6.706456542015075684e-01 6.623266935348510742e-01 9.385640025138854980e-01 7.993323206901550293e-01 1.970262229442596436e-01 1.769618093967437744e-01 7.496005892753601074e-01 7.293794155120849609e-01 7.398291230201721191e-01 4.561758041381835938e-01
6.706456542015075684e-01 6.623266935348510742e-01 9.046714901924133301e-01 7.033614516258239746e-01 4.909717738628387451e-01 6.706008911132812500e-01 6.991003751754760742e-01 7.522969841957092285e-01 8.426271677017211914e-01 7.173454761505126953e-01
6.706456542015075684e-01 6.623266935348510742e-01 9.749735593795776367e-01 7.993323206901550293e-01 8.013721108436584473e-01 4.819336235523223877e-01 3.562458753585815430e-01 5.274970531463623047e-01 6.359097957611083984e-01 6.699805259704589844e-01
6.706456542015075684e-01 6.623266935348510742e-01 9.417638778686523438e-01 7.993323206901550293e-01 7.088118195533752441e-01 6.706008911132812500e-01 7.496005892753601074e-01 9.497359991073608398e-01 6.572979688644409180e-01 4.760644435882568359e-01
6.706456542015075684e-01 6.623266935348510742e-01 7.503786683082580566e-01 7.993323206901550293e-01 2.455693632364273071e-01 5.291934013366699219e-01 8.688735365867614746e-01 6.120550036430358887e-01 5.566694140434265137e-01 7.248175144195556641e-01
6.706456542015075684e-01 7.860585451126098633e-01 8.949110507965087891e-01 1.792993098497390747e-01 8.417708277702331543e-01 5.124630331993103027e-01 6.406632661819458008e-01 4.690009951591491699e-01 8.422461152076721191e-01 8.561214208602905273e-01
3.809197247028350830e-01 7.860585451126098633e-01 7.196859717369079590e-01 4.341970086097717285e-01 7.807848453521728516e-01 4.975455999374389648e-01 7.837190628051757812e-01 9.847977757453918457e-01 9.253889322280883789e-01 1.999027580022811890e-01
3.809197247028350830e-01 5.000000000000000000e-01 7.286310195922851562e-01 4.341970086097717285e-01 6.793332099914550781e-01 6.706008911132812500e-01 5.837656259536743164e-01 5.422841310501098633e-01 5.069476366043090820e-01 6.626793742179870605e-01
3.809197247028350830e-01 3.100289404392242432e-01 7.233384251594543457e-01 4.341970086097717285e-01 1.556959748268127441e-01 4.819336235523223877e-01 5.837656259536743164e-01 1.801829040050506592e-01 4.819327294826507568e-01 9.432705640792846680e-01
3.809197247028350830e-01 6.177440881729125977e-01 7.977682352066040039e-01 4.341970086097717285e-01 4.774099290370941162e-01 6.275452971458435059e-01 6.481668949127197266e-01 7.572643756866455078e-01 6.365742683410644531e-01 8.623370528221130371e-01
7.913905978202819824e-01 7.860585451126098633e-01 7.109303474426269531e-01 4.341970086097717285e-01 8.250081539154052734e-01 7.701412439346313477e-01 5.595791339874267578e-01 9.081318974494934082e-01 8.426271677017211914e-01 8.159649968147277832e-01
7.913905978202819824e-01 6.177440881729125977e-01 8.904063105583190918e-01 4.341970086097717285e-01 8.833727240562438965e-01 4.375203847885131836e-01 5.837656259536743164e-01 6.498460769653320312e-01 7.398291230201721191e-01 8.502759337425231934e-01
7.913905978202819824e-01 5.000000000000000000e-01 7.310189604759216309e-01 5.147319436073303223e-01 6.533553004264831543e-01 4.578587710857391357e-01 5.595791339874267578e-01 9.814049601554870605e-01 7.398291230201721191e-01 9.299774765968322754e-01
7.913905978202819824e-01 3.100289404392242432e-01 7.288613319396972656e-01 4.341970086097717285e-01 8.934866786003112793e-01 5.089253187179565430e-01 5.595791339874267578e-01 9.679707884788513184e-01 9.095261693000793457e-01 9.247549772262573242e-01
7.913905978202819824e-01 6.177440881729125977e-01 9.421664476394653320e-01 5.147319436073303223e-01 6.716819405555725098e-01 5.089253187179565430e-01 5.837656259536743164e-01 7.012729048728942871e-01 6.121891736984252930e-01 7.567393779754638672e-01
7.913905978202819824e-01 7.860585451126098633e-01 8.904063105583190918e-01 4.341970086097717285e-01 7.966626882553100586e-01 5.089253187179565430e-01 5.595791339874267578e-01 5.785209536552429199e-01 6.365742683410644531e-01 9.849717020988464355e-01
7.913905978202819824e-01 5.000000000000000000e-01 7.109303474426269531e-01 4.341970086097717285e-01 2.078673392534255981e-01 8.153280019760131836e-01 5.595791339874267578e-01 8.814720511436462402e-01 2.969177961349487305e-01 2.582928538322448730e-01
7.913905978202819824e-01 5.000000000000000000e-01 7.039442658424377441e-01 4.341970086097717285e-01 6.750882863998413086e-01 2.541774511337280273e-01 7.837190628051757812e-01 9.029811024665832520e-01 4.429515302181243896e-01 3.190012574195861816e-01
3.809197247028350830e-01 5.000000000000000000e-01 7.154951691627502441e-01 4.341970086097717285e-01 4.790957868099212646e-01 7.424542307853698730e-01 7.837190628051757812e-01 2.749904394149780273e-01 4.225807487964630127e-01 1.683818697929382324e-01
3.809197247028350830e-01 5.000000000000000000e-01 6.648182272911071777e-01 5.147319436073303223e-01 3.227591216564178467e-01 6.275452971458435059e-01 7.837190628051757812e-01 6.974716782569885254e-01 7.573238611221313477e-01 9.352729320526123047e-01
3.809197247028350830e-01 2.809648215770721436e-01 7.039442658424377441e-01 4.341970086097717285e-01 1.481097042560577393e-01 6.706008911132812500e-01 7.306034564971923828e-01 1.478172540664672852e-01 3.731975555419921875e-01 5.767457485198974609e-01
3.809197247028350830e-01 2.809648215770721436e-01 4.091664850711822510e-01 4.341970086097717285e-01 6.218834519386291504e-01 5.291934013366699219e-01 4.455107748508453369e-01 1.936542689800262451e-01 3.759838938713073730e-01 3.770457208156585693e-01
3.809197247028350830e-01 2.809648215770721436e-01 2.402949929237365723e-01 3.135622143745422363e-01 1.904577463865280151e-01 7.701412439346313477e-01 5.610086321830749512e-01 1.704933941364288330e-01 2.331916838884353638e-01 5.399529635906219482e-02
3.809197247028350830e-01 2.809648215770721436e-01 6.911799907684326172e-01 3.135622143745422363e-01 2.887834310531616211e-01 6.706008911132812500e-01 5.986697673797607422e-01 6.529622077941894531e-01 2.331916838884353638e-01 9.427009522914886475e-02
3.809197247028350830e-01 2.809648215770721436e-01 2.213771939277648926e-01 4.341970086097717285e-01 7.735208421945571899e-02 5.291934013366699219e-01 4.839662313461303711e-01 5.149678513407707214e-02 3.331217467784881592e-01 1.137493625283241272e-01
3.809197247028350830e-01 2.809648215770721436e-01 7.635903954505920410e-01 1.792993098497390747e-01 3.066193461418151855e-01 5.291934013366699219e-01 4.455107748508453369e-01 6.736373901367187500e-01 5.468991026282310486e-02 4.328379034996032715e-01
3.809197247028350830e-01 6.623266935348510742e-01 3.727127015590667725e-01 7.033614516258239746e-01 3.562568724155426025e-01 6.706008911132812500e-01 7.317439317703247070e-01 7.362613826990127563e-02 2.331916838884353638e-01 2.661554813385009766e-01
3.809197247028350830e-01 6.623266935348510742e-01 2.140805572271347046e-01 5.314016938209533691e-01 3.121462836861610413e-02 4.819336235523223877e-01 4.365572929382324219e-01 2.563665509223937988e-01 3.759838938713073730e-01 3.478361964225769043e-01
3.809197247028350830e-01 2.809648215770721436e-01 4.091664850711822510e-01 1.792993098497390747e-01 1.545859128236770630e-01 6.275452971458435059e-01 4.312984347343444824e-01 6.189382821321487427e-02 5.315073132514953613e-01 3.299068212509155273e-01
3.809197247028350830e-01 2.809648215770721436e-01 2.145179063081741333e-01 3.135622143745422363e-01 5.779622495174407959e-02 4.010105431079864502e-01 3.660278320312500000e-01 6.252670660614967346e-03 2.331916838884353638e-01 2.511940710246562958e-02
3.809197247028350830e-01 2.809648215770721436e-01 4.071388021111488342e-02 2.505765855312347412e-01 8.395618945360183716e-02 7.576732635498046875e-01 3.913463652133941650e-01 6.463058292865753174e-02 1.390500366687774658e-01 6.686597317457199097e-02
3.809197247028350830e-01 2.809648215770721436e-01 2.520020902156829834e-01 1.947820037603378296e-01 1.784414350986480713e-01 4.819336235523223877e-01 1.557943522930145264e-01 3.178641945123672485e-02 1.390500366687774658e-01 1.151737868785858154e-01
3.809197247028350830e-01 2.809648215770721436e-01 1.761004924774169922e-01 2.505765855312347412e-01 8.395618945360183716e-02 4.819336235523223877e-01 2.269214242696762085e-01 3.164771944284439087e-02 5.468991026282310486e-02 1.068604290485382080e-01
3.809197247028350830e-01 2.809648215770721436e-01 2.658257782459259033e-01 5.130764245986938477e-01 8.822252601385116577e-02 4.819336235523223877e-01 1.557943522930145264e-01 4.247051477432250977e-02 1.390500366687774658e-01 5.985587090253829956e-02
3.809197247028350830e-01 2.809648215770721436e-01 2.121759802103042603e-01 1.947820037603378296e-01 4.032896459102630615e-01 4.819336235523223877e-01 3.228646516799926758e-01 9.704817831516265869e-02 1.390500366687774658e-01 3.029947914183139801e-02
3.809197247028350830e-01 2.809648215770721436e-01 4.928388297557830811e-01 1.947820037603378296e-01 3.567713797092437744e-01 4.819336235523223877e-01 1.557943522930145264e-01 4.153119325637817383e-01 1.390500366687774658e-01 8.388467133045196533e-02
3.809197247028350830e-01 2.809648215770721436e-01 3.991092741489410400e-01 2.505765855312347412e-01 7.322032749652862549e-02 6.491058468818664551e-01 2.663192749023437500e-01 1.293148398399353027e-01 2.326786965131759644e-01 3.619349300861358643e-01
3.809197247028350830e-01 2.809648215770721436e-01 5.165990591049194336e-01 5.147319436073303223e-01 9.414864331483840942e-02 4.010105431079864502e-01 2.739764153957366943e-01 1.359890550374984741e-01 6.805176734924316406e-01 2.867502570152282715e-01
3.809197247028350830e-01 6.623266935348510742e-01 5.504235625267028809e-01 7.993323206901550293e-01 6.374076604843139648e-01 5.144466161727905273e-01 4.155518412590026855e-01 7.091547250747680664e-01 5.315073132514953613e-01 3.799132704734802246e-01
3.809197247028350830e-01 6.623266935348510742e-01 1.962240487337112427e-01 5.566660761833190918e-01 3.843374252319335938e-01 5.291934013366699219e-01 6.316742897033691406e-01 1.389065235853195190e-01 1.390500366687774658e-01 2.558134794235229492e-01
3.809197247028350830e-01 7.157235145568847656e-01 5.056174397468566895e-01 6.171122193336486816e-01 1.762194335460662842e-01 7.701412439346313477e-01 5.520448684692382812e-01 5.772665739059448242e-01 2.331916838884353638e-01 3.028277158737182617e-01
3.809197247028350830e-01 6.623266935348510742e-01 2.109579145908355713e-01 5.566660761833190918e-01 1.377661377191543579e-01 5.291934013366699219e-01 5.386502742767333984e-01 9.936764836311340332e-02 1.390500366687774658e-01 3.099583685398101807e-01
7.813355326652526855e-01 7.157235145568847656e-01 2.385951876640319824e-01 6.171122193336486816e-01 2.631391584873199463e-01 5.291934013366699219e-01 4.365572929382324219e-01 2.190363109111785889e-01 2.326786965131759644e-01 8.483666777610778809e-01
7.813355326652526855e-01 7.157235145568847656e-01 3.862065076828002930e-01 7.526922821998596191e-01 8.834688067436218262e-01 2.802803814411163330e-01 8.275287747383117676e-01 8.465576171875000000e-01 2.331916838884353638e-01 7.018974423408508301e-01
5.888411998748779297e-01 2.595584392547607422e-01 1.082364916801452637e-01 2.976343333721160889e-01 6.222147941589355469e-01 6.706008911132812500e-01 6.114691495895385742e-01 5.311654806137084961e-01 2.331916838884353638e-01 5.431985855102539062e-01
6.464048624038696289e-01 7.157235145568847656e-01 4.024471044540405273e-01 7.526922821998596191e-01 6.163296699523925781e-01 6.706008911132812500e-01 8.043244481086730957e-01 8.902479410171508789e-01 2.331916838884353638e-01 5.445328950881958008e-01
7.813355326652526855e-01 2.809648215770721436e-01 4.863598942756652832e-02 1.947820037603378296e-01 5.147199034690856934e-01 5.291934013366699219e-01 5.386502742767333984e-01 4.474702179431915283e-01 2.326786965131759644e-01 5.968801379203796387e-01
3.809197247028350830e-01 6.623266935348510742e-01 1.320950835943222046e-01 5.566660761833190918e-01 2.522165477275848389e-01 6.491058468818664551e-01 7.510333657264709473e-01 8.214905858039855957e-02 1.390500366687774658e-01 1.618987768888473511e-01
3.809197247028350830e-01 6.623266935348510742e-01 3.066053986549377441e-01 5.566660761833190918e-01 6.377972364425659180e-01 5.291934013366699219e-01 6.668728590011596680e-01 5.851382613182067871e-01 6.656903773546218872e-02 6.431977748870849609e-01
3.809197247028350830e-01 6.623266935348510742e-01 5.914824604988098145e-01 7.033614516258239746e-01 1.171756163239479065e-01 7.701412439346313477e-01 7.609977722167968750e-01 7.431495934724807739e-02 2.331916838884353638e-01 1.866530179977416992e-01
3.809197247028350830e-01 6.623266935348510742e-01 2.109579145908355713e-01 5.566660761833190918e-01 3.055993616580963135e-01 4.819336235523223877e-01 6.668728590011596680e-01 4.897421896457672119e-01 6.656903773546218872e-02 7.187557816505432129e-01
3.809197247028350830e-01 2.595584392547607422e-01 1.047484297305345535e-02 1.832768023014068604e-01 1.198269426822662354e-01 5.291934013366699219e-01 6.668728590011596680e-01 5.782189369201660156e-01 1.390500366687774658e-01 2.433441430330276489e-01
3.809197247028350830e-01 5.249779820442199707e-01 5.559483766555786133e-01 5.719156861305236816e-01 5.358674526214599609e-01 6.275452971458435059e-01 8.275287747383117676e-01 3.518637120723724365e-01 2.331916838884353638e-01 5.985587090253829956e-02
3.809197247028350830e-01 2.595584392547607422e-01 5.006504803895950317e-02 1.832768023014068604e-01 1.807215511798858643e-01 5.291934013366699219e-01 6.475210785865783691e-01 5.495070219039916992e-01 1.390500366687774658e-01 3.439879417419433594e-01
3.809197247028350830e-01 5.249779820442199707e-01 3.098371028900146484e-01 5.719156861305236816e-01 1.497148871421813965e-01 7.701412439346313477e-01 6.499893665313720703e-01 4.002266526222229004e-01 2.331916838884353638e-01 1.637521833181381226e-01
3.809197247028350830e-01 7.157235145568847656e-01 1.692549586296081543e-01 7.526922821998596191e-01 1.348950564861297607e-01 6.275452971458435059e-01 8.275287747383117676e-01 8.245758414268493652e-01 2.331916838884353638e-01 1.049897745251655579e-01
3.809197247028350830e-01 7.157235145568847656e-01 2.931767702102661133e-01 6.171122193336486816e-01 3.638871014118194580e-01 6.643683314323425293e-01 7.582243084907531738e-01 9.662856459617614746e-01 1.390500366687774658e-01 1.994988769292831421e-01
3.809197247028350830e-01 2.809648215770721436e-01 6.003095507621765137e-01 6.655289530754089355e-01 4.921226203441619873e-01 6.420285701751708984e-01 8.275287747383117676e-01 2.843417823314666748e-01 2.331916838884353638e-01 1.379245370626449585e-01
3.809197247028350830e-01 2.809648215770721436e-01 5.203998088836669922e-01 3.135622143745422363e-01 4.396105408668518066e-01 6.420285701751708984e-01 7.609977722167968750e-01 7.845280766487121582e-01 2.331916838884353638e-01 6.336749792098999023e-01
3.809197247028350830e-01 7.157235145568847656e-01 2.957172989845275879e-01 7.526922821998596191e-01 3.561474978923797607e-01 6.275452971458435059e-01 8.275287747383117676e-01 9.611860513687133789e-01 2.331916838884353638e-01 1.224293485283851624e-01
3.809197247028350830e-01 7.157235145568847656e-01 3.620746433734893799e-01 6.171122193336486816e-01 6.634539961814880371e-01 6.491058468818664551e-01 7.510333657264709473e-01 8.879175186157226562e-01 1.390500366687774658e-01 6.723225116729736328e-01
3.809197247028350830e-01 6.623266935348510742e-01 1.676788032054901123e-01 5.566660761833190918e-01 4.895493388175964355e-01 2.698756456375122070e-01 7.510333657264709473e-01 7.516252398490905762e-01 1.390500366687774658e-01 9.278869032859802246e-01
3.809197247028350830e-01 7.157235145568847656e-01 6.856042742729187012e-01 6.171122193336486816e-01 1.694186478853225708e-01 1.769618093967437744e-01 3.994068503379821777e-01 6.677838563919067383e-01 1.390500366687774658e-01 2.236071079969406128e-01
3.809197247028350830e-01 7.157235145568847656e-01 5.805289745330810547e-01 7.526922821998596191e-01 4.440239071846008301e-01 7.701412439346313477e-01 8.275287747383117676e-01 4.819403886795043945e-01 2.331916838884353638e-01 5.552377104759216309e-01
3.809197247028350830e-01 6.623266935348510742e-01 2.916804254055023193e-01 5.566660761833190918e-01 3.922585844993591309e-01 6.491058468818664551e-01 5.386502742767333984e-01 4.083636701107025146e-01 1.390500366687774658e-01 1.906227618455886841e-01
3.809197247028350830e-01 7.157235145568847656e-01 2.554992437362670898e-01 6.171122193336486816e-01 3.386047780513763428e-01 5.291934013366699219e-01 2.047025263309478760e-01 6.763977408409118652e-01 2.326786965131759644e-01 7.459394335746765137e-01
3.809197247028350830e-01 7.157235145568847656e-01 1.215318143367767334e-01 7.526922821998596191e-01 5.561165213584899902e-01 6.420285701751708984e-01 6.499893665313720703e-01 7.220091223716735840e-01 2.331916838884353638e-01 8.543765544891357422e-01
3.809197247028350830e-01 7.157235145568847656e-01 6.111646890640258789e-01 7.526922821998596191e-01 4.805799126625061035e-01 6.706008911132812500e-01 6.499893665313720703e-01 4.815514087677001953e-01 2.331916838884353638e-01 5.765169262886047363e-01
3.809197247028350830e-01 7.157235145568847656e-01 4.638743996620178223e-01 6.171122193336486816e-01 2.966858148574829102e-01 5.291934013366699219e-01 7.210070490837097168e-01 3.277244567871093750e-01 1.390500366687774658e-01 2.415153570473194122e-02
3.809197247028350830e-01 7.157235145568847656e-01 5.003342032432556152e-01 7.526922821998596191e-01 2.360542714595794678e-01 6.706008911132812500e-01 6.499893665313720703e-01 9.167504906654357910e-01 2.331916838884353638e-01 1.352131515741348267e-01
3.809197247028350830e-01 7.157235145568847656e-01 1.455110460519790649e-01 6.171122193336486816e-01 6.980758905410766602e-02 5.291934013366699219e-01 7.510333657264709473e-01 4.437157213687896729e-01 1.390500366687774658e-01 6.825234889984130859e-01
3.809197247028350830e-01 7.157235145568847656e-01 4.994716942310333252e-01 6.171122193336486816e-01 2.905882000923156738e-01 2.698756456375122070e-01 5.482860207557678223e-01 6.720223426818847656e-01 6.656903773546218872e-02 1.848852932453155518e-01
3.809197247028350830e-01 5.000000000000000000e-01 5.208685621619224548e-02 5.472774505615234375e-01 3.783484101295471191e-01 3.263188302516937256e-01 3.864033520221710205e-01 1.728342473506927490e-01 2.331916838884353638e-01 7.483736276626586914e-01
3.809197247028350830e-01 7.157235145568847656e-01 6.070059537887573242e-01 7.526922821998596191e-01 9.508014470338821411e-02 2.802803814411163330e-01 2.904754579067230225e-01 4.580435752868652344e-01 2.331916838884353638e-01 1.934269070625305176e-01
3.809197247028350830e-01 5.000000000000000000e-01 4.861484095454216003e-02 3.903032541275024414e-01 4.250809252262115479e-01 5.291934013366699219e-01 7.510333657264709473e-01 5.530740618705749512e-01 4.941383898258209229e-01 8.628219366073608398e-02
3.809197247028350830e-01 7.157235145568847656e-01 6.212759017944335938e-01 7.526922821998596191e-01 6.934087276458740234e-01 6.706008911132812500e-01 5.140326023101806641e-01 3.686712980270385742e-01 2.331916838884353638e-01 1.737241446971893311e-01
3.809197247028350830e-01 2.809648215770721436e-01 1.737313866615295410e-01 1.947820037603378296e-01 2.829282879829406738e-01 5.291934013366699219e-01 4.839662313461303711e-01 7.185484468936920166e-02 1.390500366687774658e-01 7.543952018022537231e-02
3.809197247028350830e-01 2.809648215770721436e-01 7.902404665946960449e-01 3.135622143745422363e-01 1.408012211322784424e-01 4.010105431079864502e-01 4.936705529689788818e-01 1.958323568105697632e-01 3.634501397609710693e-01 5.190523713827133179e-02
3.809197247028350830e-01 2.809648215770721436e-01 3.011426627635955811e-01 2.505765855312347412e-01 6.132389232516288757e-02 1.769618093967437744e-01 8.275287747383117676e-01 6.852017045021057129e-01 1.868167817592620850e-01 1.561108380556106567e-01
3.809197247028350830e-01 7.157235145568847656e-01 5.657342076301574707e-01 6.171122193336486816e-01 6.765133738517761230e-01 6.491058468818664551e-01 7.510333657264709473e-01 9.286087751388549805e-01 1.399034261703491211e-01 5.166447162628173828e-02
3.809197247028350830e-01 7.157235145568847656e-01 7.250967621803283691e-01 6.171122193336486816e-01 8.334708213806152344e-01 6.491058468818664551e-01 7.510333657264709473e-01 4.247596859931945801e-01 3.422230780124664307e-01 8.800687193870544434e-01
3.809197247028350830e-01 7.157235145568847656e-01 9.135803580284118652e-01 6.171122193336486816e-01 1.930126547813415527e-01 6.491058468818664551e-01 7.510333657264709473e-01 2.545350492000579834e-01 1.399034261703491211e-01 7.277698814868927002e-02
3.809197247028350830e-01 7.157235145568847656e-01 5.010954141616821289e-01 7.526922821998596191e-01 2.760525345802307129e-01 7.701412439346313477e-01 3.202427029609680176e-01 1.320312619209289551e-01 3.650967776775360107e-01 5.700766444206237793e-01
3.809197247028350830e-01 2.417975813150405884e-01 5.103471502661705017e-02 1.695404946804046631e-01 3.789598047733306885e-01 2.813130617141723633e-01 7.210070490837097168e-01 1.231589615345001221e-01 2.685405313968658447e-01 5.411943048238754272e-02
3.809197247028350830e-01 7.157235145568847656e-01 5.524838566780090332e-01 6.171122193336486816e-01 4.751641154289245605e-01 6.491058468818664551e-01 1.869163513183593750e-01 1.790145188570022583e-01 1.282385438680648804e-01 1.428966373205184937e-01
3.809197247028350830e-01 7.157235145568847656e-01 4.634309411048889160e-01 6.171122193336486816e-01 3.726929426193237305e-01 2.813130617141723633e-01 5.104724168777465820e-01 3.967882692813873291e-01 2.164172530174255371e-01 8.715673089027404785e-01
3.809197247028350830e-01 2.417975813150405884e-01 3.489199280738830566e-01 2.782471179962158203e-01 5.174005031585693359e-01 2.446853667497634888e-01 3.202427029609680176e-01 1.438826918601989746e-01 2.169045507907867432e-01 5.143427103757858276e-02
3.809197247028350830e-01 7.157235145568847656e-01 5.421362519264221191e-01 6.171122193336486816e-01 4.144295752048492432e-01 3.917998075485229492e-01 9.408684819936752319e-02 7.235794663429260254e-01 1.282385438680648804e-01 1.685564815998077393e-01
