8.578251600265502930e-01 3.102231323719024658e-01 2.944956421852111816e-01 7.812085747718811035e-01 4.983498752117156982e-01 9.573515057563781738e-01 4.071878492832183838e-01 5.291321873664855957e-01 8.249709010124206543e-01 7.133501172065734863e-01
4.318620562553405762e-01 2.274495810270309448e-01 8.970539569854736328e-01 7.812085747718811035e-01 8.604579567909240723e-01 8.553508520126342773e-01 3.944688737392425537e-01 7.676552534103393555e-01 6.857665181159973145e-01 7.421427965164184570e-01
6.902385354042053223e-01 3.345946967601776123e-01 5.985055565834045410e-01 7.812085747718811035e-01 7.351388931274414062e-01 9.509382843971252441e-01 7.855280041694641113e-01 6.216987967491149902e-01 8.759393095970153809e-01 3.124228417873382568e-01
3.393430709838867188e-01 8.413840532302856445e-01 6.796846389770507812e-01 4.156800508499145508e-01 4.328930675983428955e-01 1.012711077928543091e-01 3.025706410408020020e-01 4.501684904098510742e-01 1.845587342977523804e-01 9.798967242240905762e-01
4.958453178405761719e-01 7.745717763900756836e-01 9.628121852874755859e-01 3.287999629974365234e-01 3.277972936630249023e-01 2.918052077293395996e-01 4.534706771373748779e-01 3.854076862335205078e-01 8.468954563140869141e-01 7.456128001213073730e-01
4.632942676544189453e-01 8.945784568786621094e-01 8.925323486328125000e-01 5.498320460319519043e-01 6.083876490592956543e-01 7.122884988784790039e-01 3.025706410408020020e-01 3.854076862335205078e-01 8.444840312004089355e-01 9.110974073410034180e-01
6.639949083328247070e-01 6.285094022750854492e-01 3.753943741321563721e-02 3.287999629974365234e-01 4.613410234451293945e-01 1.697972714900970459e-01 3.025706410408020020e-01 2.489794641733169556e-01 5.364224314689636230e-01 6.629878878593444824e-01
5.478101372718811035e-01 4.762268960475921631e-01 4.777158498764038086e-01 4.156800508499145508e-01 3.457780778408050537e-01 5.033034682273864746e-01 3.025706410408020020e-01 4.501684904098510742e-01 8.209555745124816895e-01 8.424320816993713379e-02
1.458354145288467407e-01 1.229706332087516785e-01 4.012059271335601807e-01 3.287999629974365234e-01 4.370345771312713623e-01 7.756739854812622070e-02 3.025706410408020020e-01 4.501684904098510742e-01 5.091675519943237305e-01 6.009666323661804199e-01
7.072114348411560059e-01 5.513270497322082520e-01 5.949598178267478943e-02 3.287999629974365234e-01 2.898918986320495605e-01 3.826170861721038818e-01 5.194327235221862793e-01 4.501684904098510742e-01 6.475127935409545898e-01 5.479318499565124512e-01
4.278607070446014404e-01 1.585566997528076172e-01 6.106880903244018555e-01 3.287999629974365234e-01 6.024560928344726562e-01 4.586995840072631836e-01 3.025706410408020020e-01 2.489794641733169556e-01 9.128658175468444824e-01 4.060329496860504150e-01
2.793984115123748779e-01 1.442079246044158936e-01 5.520141720771789551e-01 3.287999629974365234e-01 7.192764878273010254e-01 8.239765167236328125e-01 4.534706771373748779e-01 2.489794641733169556e-01 4.248880743980407715e-01 8.851323127746582031e-01
5.410414934158325195e-01 1.431854516267776489e-01 2.106962539255619049e-02 3.287999629974365234e-01 3.302722573280334473e-01 1.696221530437469482e-01 3.025706410408020020e-01 2.489794641733169556e-01 5.722490549087524414e-01 6.047486066818237305e-01
4.088123142719268799e-01 2.286159098148345947e-01 2.560736835002899170e-01 3.287999629974365234e-01 7.558605819940567017e-02 6.830238699913024902e-01 3.025706410408020020e-01 2.489794641733169556e-01 8.960952758789062500e-01 7.837315797805786133e-01
3.184823393821716309e-01 6.087677478790283203e-01 1.494066268205642700e-01 3.287999629974365234e-01 1.469842940568923950e-01 5.953114628791809082e-01 3.025706410408020020e-01 2.489794641733169556e-01 4.900034368038177490e-01 1.292556971311569214e-01
5.454273223876953125e-01 4.047711193561553955e-01 8.039967417716979980e-01 5.949850678443908691e-01 2.343923598527908325e-01 4.982037842273712158e-01 4.534706771373748779e-01 7.076925039291381836e-01 9.551864862442016602e-01 3.640351593494415283e-01
4.669112563133239746e-01 4.845509529113769531e-01 9.543922543525695801e-01 5.949850678443908691e-01 3.748112022876739502e-01 2.175334393978118896e-01 7.362673282623291016e-01 7.076925039291381836e-01 7.095890045166015625e-01 5.753996968269348145e-01
6.581643819808959961e-01 2.633033990859985352e-01 5.954039692878723145e-01 5.949850678443908691e-01 5.680157542228698730e-01 5.693486928939819336e-01 7.855280041694641113e-01 5.836855173110961914e-01 9.708358645439147949e-01 9.317124485969543457e-01
6.581643819808959961e-01 3.702577948570251465e-01 7.458224892616271973e-02 3.368385434150695801e-01 8.620864152908325195e-01 1.561904698610305786e-01 7.855280041694641113e-01 7.676552534103393555e-01 6.127591431140899658e-02 1.392754912376403809e-01
8.389376401901245117e-01 4.051848351955413818e-01 7.914898544549942017e-02 3.368385434150695801e-01 7.462953925132751465e-01 4.953462779521942139e-01 3.944688737392425537e-01 7.676552534103393555e-01 4.818211197853088379e-01 5.632264018058776855e-01
2.320874333381652832e-01 6.117438152432441711e-02 3.773401975631713867e-01 3.287999629974365234e-01 5.680157542228698730e-01 9.432539343833923340e-01 3.944688737392425537e-01 6.216987967491149902e-01 6.568388938903808594e-01 7.159341573715209961e-01
2.424234002828598022e-01 4.878481924533843994e-01 8.151797652244567871e-01 3.287999629974365234e-01 4.696337282657623291e-01 3.802399337291717529e-01 6.681855320930480957e-01 6.216987967491149902e-01 8.240455985069274902e-01 8.765079379081726074e-01
8.389376401901245117e-01 8.905078768730163574e-01 1.906675994396209717e-01 3.368385434150695801e-01 8.778941035270690918e-01 7.290443778038024902e-01 7.855280041694641113e-01 7.676552534103393555e-01 9.690635800361633301e-01 7.454738616943359375e-01
7.695719003677368164e-01 1.748064458370208740e-01 1.754663139581680298e-02 3.368385434150695801e-01 4.396571815013885498e-01 8.950913548469543457e-01 3.944688737392425537e-01 3.422408401966094971e-01 4.425679743289947510e-01 8.224111199378967285e-01
3.184823393821716309e-01 3.066964447498321533e-01 1.532578561455011368e-02 3.287999629974365234e-01 5.680157542228698730e-01 6.443657875061035156e-01 7.310574650764465332e-01 7.676552534103393555e-01 9.015223979949951172e-01 1.555412914603948593e-02
3.035004138946533203e-01 4.880214333534240723e-01 2.964628636837005615e-01 3.287999629974365234e-01 9.289178848266601562e-01 8.395566940307617188e-01 7.855280041694641113e-01 3.422408401966094971e-01 9.471548795700073242e-01 1.492339521646499634e-01
2.885443270206451416e-01 6.916874647140502930e-01 7.857526093721389771e-02 5.949850678443908691e-01 1.106795072555541992e-01 3.049046993255615234e-01 3.025706410408020020e-01 2.489794641733169556e-01 3.481632173061370850e-01 2.719969451427459717e-01
6.855140328407287598e-01 3.514774143695831299e-01 7.424194216728210449e-01 5.744400620460510254e-01 5.973248481750488281e-01 2.433061748743057251e-01 5.194327235221862793e-01 4.501684904098510742e-01 5.264086127281188965e-01 1.914566010236740112e-01
1.460026651620864868e-01 6.054204106330871582e-01 3.326449990272521973e-01 3.287999629974365234e-01 1.239631175994873047e-01 4.298419356346130371e-01 3.025706410408020020e-01 3.854076862335205078e-01 1.526512950658798218e-01 8.778715729713439941e-01
5.119408965110778809e-01 4.880214333534240723e-01 2.208732515573501587e-01 3.287999629974365234e-01 9.795837104320526123e-02 4.538373649120330811e-01 3.025706410408020020e-01 2.489794641733169556e-01 4.869971573352813721e-01 4.822957217693328857e-01
5.524749159812927246e-01 5.015944242477416992e-01 9.141075015068054199e-01 6.324754357337951660e-01 9.302719235420227051e-01 3.013791143894195557e-01 3.025706410408020020e-01 4.501684904098510742e-01 2.519295364618301392e-02 3.285195231437683105e-01
3.112345635890960693e-01 1.366325765848159790e-01 3.951088339090347290e-02 3.287999629974365234e-01 3.616339266300201416e-01 7.560704946517944336e-01 3.025706410408020020e-01 4.501684904098510742e-01 1.221044510602951050e-01 9.577264189720153809e-01
4.717683792114257812e-01 1.022731587290763855e-01 3.654557093977928162e-02 3.287999629974365234e-01 2.829208672046661377e-01 6.648428440093994141e-01 3.025706410408020020e-01 3.854076862335205078e-01 5.042225718498229980e-01 3.339395821094512939e-01
3.162449002265930176e-01 5.056713819503784180e-01 2.678956687450408936e-01 3.287999629974365234e-01 5.957446694374084473e-01 7.994024753570556641e-01 3.025706410408020020e-01 7.076925039291381836e-01 3.454076349735260010e-01 2.975218594074249268e-01
2.504808902740478516e-01 2.699210643768310547e-01 2.012485861778259277e-01 3.368385434150695801e-01 1.934053599834442139e-01 5.084465146064758301e-01 3.025706410408020020e-01 2.489794641733169556e-01 2.088953256607055664e-01 1.994189620018005371e-01
5.729755163192749023e-01 5.873580574989318848e-01 1.575711965560913086e-01 3.368385434150695801e-01 2.902897000312805176e-01 8.139387369155883789e-01 3.025706410408020020e-01 2.489794641733169556e-01 1.008834689855575562e-01 9.024760723114013672e-01
1.460026651620864868e-01 1.192484572529792786e-01 9.728053808212280273e-01 6.324754357337951660e-01 1.612665951251983643e-01 8.684117197990417480e-01 7.362673282623291016e-01 2.489794641733169556e-01 8.375651836395263672e-01 2.906529009342193604e-01
4.068019688129425049e-01 1.177146285772323608e-01 4.894080013036727905e-02 5.949850678443908691e-01 3.482912778854370117e-01 5.657680034637451172e-01 3.025706410408020020e-01 2.489794641733169556e-01 5.966560244560241699e-01 4.295887053012847900e-01
2.793984115123748779e-01 3.872703015804290771e-01 7.624017000198364258e-01 5.744400620460510254e-01 2.902897000312805176e-01 7.723714113235473633e-01 5.194327235221862793e-01 4.501684904098510742e-01 5.055081248283386230e-01 7.906977832317352295e-02
8.321610093116760254e-01 6.755756735801696777e-01 8.758357167243957520e-01 3.287999629974365234e-01 7.433407902717590332e-01 8.596167564392089844e-01 7.362673282623291016e-01 3.854076862335205078e-01 8.663978576660156250e-01 7.999512553215026855e-02
2.579048275947570801e-01 3.545932769775390625e-01 8.964284658432006836e-01 3.287999629974365234e-01 7.996092438697814941e-01 6.264976263046264648e-01 5.695438981056213379e-01 7.676552534103393555e-01 5.467531085014343262e-01 9.115237593650817871e-01
1.460026651620864868e-01 2.227603644132614136e-01 9.212825894355773926e-01 6.224569678306579590e-01 7.569381594657897949e-01 8.386868834495544434e-01 6.681855320930480957e-01 6.216987967491149902e-01 8.647429943084716797e-01 8.157793283462524414e-01
7.534191608428955078e-01 1.527802497148513794e-01 6.297451257705688477e-01 4.156800508499145508e-01 5.803209543228149414e-01 8.037236928939819336e-01 4.794254004955291748e-01 7.676552534103393555e-01 6.074119210243225098e-01 3.619065284729003906e-01
6.541927456855773926e-01 9.535483717918395996e-01 9.794604778289794922e-01 6.224569678306579590e-01 6.015827059745788574e-01 6.028810739517211914e-01 4.071878492832183838e-01 5.652486085891723633e-01 5.540682673454284668e-01 1.159425675868988037e-01
1.460026651620864868e-01 8.227778673171997070e-01 2.474899291992187500e-01 6.224569678306579590e-01 7.544217109680175781e-01 9.419989585876464844e-01 7.855280041694641113e-01 3.422408401966094971e-01 3.906755745410919189e-01 9.906902313232421875e-01
3.090249300003051758e-01 7.904788851737976074e-01 4.167885780334472656e-01 4.156800508499145508e-01 4.078413844108581543e-01 8.212841749191284180e-01 4.071878492832183838e-01 5.652486085891723633e-01 7.982422709465026855e-01 6.889991760253906250e-01
9.384521842002868652e-02 6.099110245704650879e-01 5.476987734436988831e-02 6.224569678306579590e-01 5.836279988288879395e-01 2.433061748743057251e-01 3.025706410408020020e-01 2.489794641733169556e-01 5.624305605888366699e-01 6.082186698913574219e-01
3.162449002265930176e-01 8.363670706748962402e-01 1.641472429037094116e-01 3.287999629974365234e-01 8.734263181686401367e-01 7.122884988784790039e-01 7.362673282623291016e-01 7.076925039291381836e-01 6.291115283966064453e-01 4.185721576213836670e-01
3.097202777862548828e-01 5.647304058074951172e-01 3.963449001312255859e-01 4.156800508499145508e-01 2.080491483211517334e-01 4.480416774749755859e-01 3.025706410408020020e-01 2.489794641733169556e-01 9.272652119398117065e-02 9.642961621284484863e-01
6.855140328407287598e-01 4.425876438617706299e-01 7.335431575775146484e-01 3.287999629974365234e-01 8.012017607688903809e-01 6.281847953796386719e-01 5.194327235221862793e-01 2.489794641733169556e-01 3.397913575172424316e-01 7.762612402439117432e-02
2.424234002828598022e-01 4.047711193561553955e-01 4.868005812168121338e-01 3.287999629974365234e-01 6.219583153724670410e-01 6.536496877670288086e-01 3.025706410408020020e-01 2.489794641733169556e-01 8.879895210266113281e-01 5.393458008766174316e-01
5.119408965110778809e-01 2.092729508876800537e-01 6.749169230461120605e-01 3.287999629974365234e-01 7.643520832061767578e-01 5.033034682273864746e-01 5.194327235221862793e-01 2.489794641733169556e-01 4.908336400985717773e-01 1.063985377550125122e-02
1.589188128709793091e-01 2.963743805885314941e-01 9.222084283828735352e-01 3.287999629974365234e-01 3.725621700286865234e-01 1.332420855760574341e-01 4.534706771373748779e-01 3.854076862335205078e-01 6.369407773017883301e-01 2.423840314149856567e-01
7.819393873214721680e-01 8.960937857627868652e-01 1.354539487510919571e-02 5.744400620460510254e-01 3.786276578903198242e-01 4.793510138988494873e-01 3.025706410408020020e-01 2.489794641733169556e-01 3.120605051517486572e-01 6.276355981826782227e-01
3.162449002265930176e-01 3.865735530853271484e-01 1.430261433124542236e-01 3.287999629974365234e-01 2.069144695997238159e-01 9.172781705856323242e-01 5.194327235221862793e-01 7.076925039291381836e-01 3.568769395351409912e-01 5.224379897117614746e-01
9.384521842002868652e-02 6.095354557037353516e-01 5.296322703361511230e-01 3.287999629974365234e-01 6.144121885299682617e-01 1.335199773311614990e-01 7.362673282623291016e-01 7.076925039291381836e-01 8.326331973075866699e-01 8.527495265007019043e-01
4.669112563133239746e-01 6.836641430854797363e-01 1.324118822813034058e-01 3.287999629974365234e-01 4.250119924545288086e-01 8.824133872985839844e-01 7.362673282623291016e-01 7.076925039291381836e-01 8.275324702262878418e-01 2.604390084743499756e-01
3.184823393821716309e-01 7.970815896987915039e-01 1.141949072480201721e-01 5.744400620460510254e-01 3.037553727626800537e-01 8.487809896469116211e-01 5.194327235221862793e-01 3.543441891670227051e-01 2.549787238240242004e-02 4.656711816787719727e-01
8.321610093116760254e-01 7.711026072502136230e-01 3.192028403282165527e-01 5.744400620460510254e-01 4.093742966651916504e-01 8.278430104255676270e-01 5.194327235221862793e-01 5.922630429267883301e-01 7.188293337821960449e-01 2.324138581752777100e-01
6.469822525978088379e-01 4.641148149967193604e-01 9.148158431053161621e-01 3.287999629974365234e-01 1.266805380582809448e-01 1.031094640493392944e-01 3.025706410408020020e-01 5.922630429267883301e-01 4.033881425857543945e-01 6.165314912796020508e-01
3.068022429943084717e-01 5.057138204574584961e-01 1.508098542690277100e-01 3.287999629974365234e-01 4.696337282657623291e-01 4.950802922248840332e-01 6.681855320930480957e-01 7.676552534103393555e-01 9.245691895484924316e-01 3.310361132025718689e-02
8.574657440185546875e-01 6.573567986488342285e-01 3.469203114509582520e-01 3.368385434150695801e-01 2.894728183746337891e-01 2.804290950298309326e-01 6.681855320930480957e-01 5.836855173110961914e-01 3.369520604610443115e-01 6.400117874145507812e-01
7.690577208995819092e-02 3.752672374248504639e-01 1.049889028072357178e-01 3.368385434150695801e-01 8.740290403366088867e-01 7.945000529289245605e-01 3.944688737392425537e-01 7.676552534103393555e-01 2.771534025669097900e-01 7.843357324600219727e-01
2.445730715990066528e-01 2.721666097640991211e-01 5.454153567552566528e-02 3.287999629974365234e-01 8.477473855018615723e-01 5.760644078254699707e-01 3.944688737392425537e-01 7.676552534103393555e-01 4.434591531753540039e-02 2.984013557434082031e-01
8.321610093116760254e-01 7.688616514205932617e-01 7.328712344169616699e-01 3.287999629974365234e-01 8.367624282836914062e-01 9.334474205970764160e-01 3.944688737392425537e-01 6.216987967491149902e-01 3.262969255447387695e-01 5.820313096046447754e-01
4.134528636932373047e-01 2.918198108673095703e-01 5.171850919723510742e-01 3.287999629974365234e-01 3.129793405532836914e-01 7.586653232574462891e-01 4.794254004955291748e-01 2.942167818546295166e-01 5.150132775306701660e-01 3.500618636608123779e-01
7.157107591629028320e-01 1.064046174287796021e-01 9.121377468109130859e-01 3.287999629974365234e-01 8.477473855018615723e-01 7.900242805480957031e-01 4.794254004955291748e-01 3.422408401966094971e-01 7.015250921249389648e-01 1.087189465761184692e-01
6.782259941101074219e-01 6.172316074371337891e-01 3.324120044708251953e-01 3.287999629974365234e-01 7.569381594657897949e-01 4.223456382751464844e-01 5.695438981056213379e-01 6.216987967491149902e-01 6.536628007888793945e-01 8.182116746902465820e-01
6.855140328407287598e-01 5.015944242477416992e-01 7.734466791152954102e-01 5.949850678443908691e-01 4.447605907917022705e-01 4.672513306140899658e-01 3.025706410408020020e-01 3.543441891670227051e-01 4.903075993061065674e-01 6.144120097160339355e-01
5.410414934158325195e-01 4.129457473754882812e-01 3.484454452991485596e-01 3.287999629974365234e-01 4.760085940361022949e-01 7.122884988784790039e-01 3.025706410408020020e-01 3.543441891670227051e-01 4.888646900653839111e-01 1.813811510801315308e-01
3.279986679553985596e-01 2.403992861509323120e-01 1.817210018634796143e-01 5.744400620460510254e-01 3.585034906864166260e-01 4.775701761245727539e-01 7.362673282623291016e-01 7.076925039291381836e-01 5.017850995063781738e-01 1.218377612531185150e-02
4.765330851078033447e-01 9.769311547279357910e-02 4.427498579025268555e-02 6.224569678306579590e-01 2.569421529769897461e-01 2.085633426904678345e-01 3.025706410408020020e-01 3.543441891670227051e-01 2.922787964344024658e-01 2.247279323637485504e-02
2.134092748165130615e-01 6.782549619674682617e-01 3.508275449275970459e-01 3.287999629974365234e-01 4.593942165374755859e-01 3.467409908771514893e-01 5.194327235221862793e-01 3.543441891670227051e-01 3.246271014213562012e-01 1.633237153291702271e-01
5.028762817382812500e-01 5.221805572509765625e-01 9.106670022010803223e-01 5.744400620460510254e-01 7.926545739173889160e-01 7.689753174781799316e-01 3.025706410408020020e-01 3.854076862335205078e-01 3.362428545951843262e-01 3.808971047401428223e-01
3.184823393821716309e-01 4.653508961200714111e-01 3.372586667537689209e-01 3.287999629974365234e-01 7.723729014396667480e-01 7.398744821548461914e-01 7.362673282623291016e-01 3.543441891670227051e-01 8.336228728294372559e-01 5.868222713470458984e-01
3.184823393821716309e-01 6.381598114967346191e-01 7.564422208815813065e-03 3.287999629974365234e-01 3.004286587238311768e-01 7.993453145027160645e-01 3.025706410408020020e-01 3.543441891670227051e-01 1.541191041469573975e-01 9.486146271228790283e-02
1.362707018852233887e-01 6.375718712806701660e-01 6.407263875007629395e-01 3.287999629974365234e-01 1.233975514769554138e-01 3.794270157814025879e-01 5.194327235221862793e-01 3.543441891670227051e-01 1.193632856011390686e-01 8.349481970071792603e-02
2.819442749023437500e-01 2.072306722402572632e-01 1.525001376867294312e-01 3.287999629974365234e-01 6.892564296722412109e-01 6.400985717773437500e-01 3.025706410408020020e-01 3.543441891670227051e-01 2.026099860668182373e-01 1.540858298540115356e-01
3.958804309368133545e-01 4.051848351955413818e-01 9.770594239234924316e-01 5.949850678443908691e-01 2.609393000602722168e-01 2.478415071964263916e-01 5.194327235221862793e-01 3.543441891670227051e-01 2.122662588953971863e-02 5.855918675661087036e-02
3.958804309368133545e-01 3.992736637592315674e-01 2.577822208404541016e-01 5.949850678443908691e-01 4.285711348056793213e-01 3.049046993255615234e-01 3.025706410408020020e-01 5.922630429267883301e-01 8.802288174629211426e-01 3.149452507495880127e-01
3.162449002265930176e-01 3.042432665824890137e-01 3.201173245906829834e-01 3.287999629974365234e-01 8.012130111455917358e-02 2.175334393978118896e-01 3.025706410408020020e-01 3.543441891670227051e-01 2.481502443552017212e-01 1.486200094223022461e-02
3.433328568935394287e-01 1.669234186410903931e-01 1.827465742826461792e-01 5.949850678443908691e-01 6.840849518775939941e-01 7.993453145027160645e-01 3.025706410408020020e-01 3.543441891670227051e-01 7.402519136667251587e-02 1.548608094453811646e-01
6.586267948150634766e-01 6.172316074371337891e-01 1.380676683038473129e-02 3.287999629974365234e-01 4.240499138832092285e-01 3.049046993255615234e-01 7.310574650764465332e-01 5.652486085891723633e-01 5.806747078895568848e-01 3.055518269538879395e-01
2.793984115123748779e-01 2.072306722402572632e-01 2.054727673530578613e-01 3.287999629974365234e-01 9.330070018768310547e-01 7.451048493385314941e-01 7.855280041694641113e-01 7.676552534103393555e-01 4.691548049449920654e-01 2.528413832187652588e-01
1.949941068887710571e-01 2.791794538497924805e-01 2.815962769091129303e-02 5.949850678443908691e-01 7.996092438697814941e-01 8.237049579620361328e-01 7.855280041694641113e-01 7.676552534103393555e-01 1.019612513482570648e-02 8.378322124481201172e-01
1.949941068887710571e-01 3.887156546115875244e-01 3.445982635021209717e-01 5.949850678443908691e-01 3.580039441585540771e-01 6.198698282241821289e-01 6.681855320930480957e-01 7.676552534103393555e-01 2.082409113645553589e-01 6.619395613670349121e-01
1.949941068887710571e-01 2.046048641204833984e-01 1.346573084592819214e-01 5.949850678443908691e-01 9.259272217750549316e-01 2.428035438060760498e-01 7.855280041694641113e-01 3.422408401966094971e-01 1.044366657733917236e-01 6.855371594429016113e-01
7.001482248306274414e-01 1.504058837890625000e-01 3.001125752925872803e-01 5.949850678443908691e-01 8.929529190063476562e-01 4.485094249248504639e-01 7.855280041694641113e-01 7.676552534103393555e-01 4.035987555980682373e-01 1.919110566377639771e-01
7.001482248306274414e-01 2.012715190649032593e-01 7.382952570915222168e-01 5.949850678443908691e-01 8.964775800704956055e-01 5.760644078254699707e-01 5.695438981056213379e-01 3.422408401966094971e-01 1.712237894535064697e-01 3.560065031051635742e-01
7.001482248306274414e-01 7.711752653121948242e-01 2.177780866622924805e-01 5.949850678443908691e-01 9.500497579574584961e-01 2.894239127635955811e-01 4.794254004955291748e-01 7.676552534103393555e-01 4.205512404441833496e-01 1.767901629209518433e-01
3.162449002265930176e-01 5.999317169189453125e-01 1.459686607122421265e-01 6.224569678306579590e-01 6.927964091300964355e-01 8.240954875946044922e-01 3.025706410408020020e-01 2.489794641733169556e-01 4.834100604057312012e-01 8.639164566993713379e-01
3.878737092018127441e-01 5.561084747314453125e-01 1.402284651994705200e-01 5.949850678443908691e-01 5.782178044319152832e-01 6.557394862174987793e-01 3.025706410408020020e-01 2.489794641733169556e-01 6.601740717887878418e-01 2.265332788228988647e-01
4.987632930278778076e-01 5.561084747314453125e-01 5.998312830924987793e-01 5.949850678443908691e-01 8.215841054916381836e-01 1.666706651449203491e-01 3.025706410408020020e-01 2.489794641733169556e-01 4.721715748310089111e-01 8.800852894783020020e-01
3.958804309368133545e-01 1.628268957138061523e-01 4.468088448047637939e-01 5.949850678443908691e-01 5.114794969558715820e-01 2.086502015590667725e-01 3.025706410408020020e-01 2.489794641733169556e-01 1.731614917516708374e-01 7.390795648097991943e-02
3.184823393821716309e-01 8.646413087844848633e-01 2.463078359141945839e-03 3.287999629974365234e-01 2.770648300647735596e-01 4.953706264495849609e-01 3.025706410408020020e-01 2.489794641733169556e-01 5.032974481582641602e-01 8.629308938980102539e-01
7.819393873214721680e-01 8.998372405767440796e-02 3.158836811780929565e-02 3.287999629974365234e-01 3.266787528991699219e-01 2.822178900241851807e-01 4.534706771373748779e-01 3.854076862335205078e-01 8.574102818965911865e-02 4.590818583965301514e-01
3.184823393821716309e-01 1.074970290064811707e-01 9.620284438133239746e-01 3.287999629974365234e-01 4.101747274398803711e-01 6.715074181556701660e-01 3.025706410408020020e-01 2.489794641733169556e-01 5.997018814086914062e-01 8.298671841621398926e-01
3.184823393821716309e-01 4.783101975917816162e-01 9.780570864677429199e-01 3.287999629974365234e-01 3.021755218505859375e-01 6.236626505851745605e-01 5.194327235221862793e-01 4.501684904098510742e-01 1.462077945470809937e-01 9.144415855407714844e-01
3.958804309368133545e-01 3.427121043205261230e-01 9.138879179954528809e-01 5.949850678443908691e-01 1.934053599834442139e-01 2.057216018438339233e-01 3.025706410408020020e-01 4.501684904098510742e-01 5.851368308067321777e-01 6.593962311744689941e-01
3.958804309368133545e-01 3.270702064037322998e-01 1.025023534893989563e-01 5.949850678443908691e-01 7.356482744216918945e-01 6.016712784767150879e-01 3.025706410408020020e-01 2.489794641733169556e-01 9.168549776077270508e-01 8.413653969764709473e-01
6.280795335769653320e-01 3.066964447498321533e-01 1.097575668245553970e-02 5.949850678443908691e-01 1.067540943622589111e-01 8.173763751983642578e-01 3.025706410408020020e-01 2.489794641733169556e-01 5.435471534729003906e-01 1.550639718770980835e-01
3.958804309368133545e-01 3.992736637592315674e-01 3.126507103443145752e-01 5.949850678443908691e-01 3.530391752719879150e-01 8.229821920394897461e-01 3.025706410408020020e-01 4.501684904098510742e-01 4.703490808606147766e-02 3.920928239822387695e-01
6.280795335769653320e-01 6.239805817604064941e-01 4.901464655995368958e-02 5.949850678443908691e-01 7.153261303901672363e-01 6.406289339065551758e-01 3.025706410408020020e-01 2.489794641733169556e-01 2.247933000326156616e-01 1.408060342073440552e-01
7.072114348411560059e-01 4.831928014755249023e-01 2.721164822578430176e-01 3.287999629974365234e-01 8.499621748924255371e-01 8.370897769927978516e-01 7.362673282623291016e-01 3.854076862335205078e-01 2.678051292896270752e-01 8.776231408119201660e-01
6.280795335769653320e-01 7.671052813529968262e-01 7.499233633279800415e-02 6.224569678306579590e-01 9.043659269809722900e-02 3.718548417091369629e-01 7.362673282623291016e-01 3.854076862335205078e-01 7.491630315780639648e-01 8.786466121673583984e-01
7.764217257499694824e-02 6.718177795410156250e-01 3.777532279491424561e-02 4.156800508499145508e-01 6.793094873428344727e-01 2.966322898864746094e-01 6.681855320930480957e-01 7.676552534103393555e-01 5.529407858848571777e-01 8.157830834388732910e-01
6.016145944595336914e-01 5.793137550354003906e-01 9.458785653114318848e-01 6.224569678306579590e-01 7.245226502418518066e-01 8.168268799781799316e-01 5.695438981056213379e-01 7.676552534103393555e-01 6.616815328598022461e-01 4.595417678356170654e-01
3.958804309368133545e-01 7.827491164207458496e-01 8.041837811470031738e-01 6.224569678306579590e-01 4.230335354804992676e-01 2.966852188110351562e-01 3.944688737392425537e-01 3.422408401966094971e-01 5.048803687095642090e-01 3.685103356838226318e-01
8.321610093116760254e-01 8.731693029403686523e-01 3.572601974010467529e-01 6.224569678306579590e-01 3.465105593204498291e-01 8.133344650268554688e-01 4.071878492832183838e-01 3.422408401966094971e-01 9.555629491806030273e-01 9.249067306518554688e-01
2.320874333381652832e-01 5.455297231674194336e-01 1.439851336181163788e-02 4.156800508499145508e-01 9.455996155738830566e-01 7.524009943008422852e-01 7.310574650764465332e-01 5.291321873664855957e-01 8.123179674148559570e-01 7.459686994552612305e-01
3.010392189025878906e-01 8.068510890007019043e-01 8.539551496505737305e-01 6.224569678306579590e-01 9.632773995399475098e-01 4.793080687522888184e-01 5.695438981056213379e-01 5.836855173110961914e-01 8.435623049736022949e-01 3.557566404342651367e-01
6.280795335769653320e-01 6.336800456047058105e-01 7.696731686592102051e-01 5.949850678443908691e-01 5.402025580406188965e-01 4.375205039978027344e-01 5.933359265327453613e-01 5.922630429267883301e-01 5.687394738197326660e-01 7.615600228309631348e-01
4.125811755657196045e-01 4.275668561458587646e-01 1.690073013305664062e-01 3.287999629974365234e-01 3.481791019439697266e-01 7.566552609205245972e-02 5.933359265327453613e-01 3.543441891670227051e-01 2.307801991701126099e-01 8.721410036087036133e-01
3.958804309368133545e-01 8.480337262153625488e-01 6.798628717660903931e-02 5.498320460319519043e-01 2.064275145530700684e-01 5.964267253875732422e-01 4.534706771373748779e-01 7.076925039291381836e-01 9.624797701835632324e-01 9.536156654357910156e-01
3.184823393821716309e-01 6.100330948829650879e-01 3.162459731101989746e-01 3.287999629974365234e-01 7.586899995803833008e-01 5.804437994956970215e-01 5.933359265327453613e-01 5.922630429267883301e-01 3.769014477729797363e-01 8.338398933410644531e-01
4.364214241504669189e-01 2.963743805885314941e-01 2.437159605324268341e-02 6.324754357337951660e-01 6.467563509941101074e-01 6.960901021957397461e-01 5.933359265327453613e-01 7.076925039291381836e-01 9.690595418214797974e-02 7.604132890701293945e-01
5.449057221412658691e-01 5.421988368034362793e-01 3.082078695297241211e-01 6.324754357337951660e-01 7.167461514472961426e-01 2.010298520326614380e-01 7.362673282623291016e-01 3.854076862335205078e-01 4.414221346378326416e-01 9.868369102478027344e-01
5.449057221412658691e-01 1.932153999805450439e-01 7.351974844932556152e-01 3.287999629974365234e-01 8.403252065181732178e-02 3.581354916095733643e-01 5.933359265327453613e-01 7.076925039291381836e-01 5.215889811515808105e-01 4.565044641494750977e-01
1.362707018852233887e-01 7.330178022384643555e-01 3.724455833435058594e-01 3.287999629974365234e-01 2.783288061618804932e-01 2.315336316823959351e-01 5.933359265327453613e-01 3.543441891670227051e-01 4.481131434440612793e-01 8.257305026054382324e-01
7.001482248306274414e-01 9.349304437637329102e-01 4.960665404796600342e-01 5.949850678443908691e-01 5.336902737617492676e-01 3.796514123678207397e-02 4.534706771373748779e-01 7.076925039291381836e-01 1.166065782308578491e-01 9.623835086822509766e-01
4.364214241504669189e-01 3.604740202426910400e-01 4.648622274398803711e-01 3.287999629974365234e-01 7.256300449371337891e-01 2.918052077293395996e-01 7.362673282623291016e-01 3.543441891670227051e-01 1.861149370670318604e-01 9.151418805122375488e-01
8.274157643318176270e-01 7.193261981010437012e-01 2.469900548458099365e-01 3.287999629974365234e-01 4.359061121940612793e-01 8.370897769927978516e-01 5.933359265327453613e-01 5.922630429267883301e-01 5.034405589103698730e-01 2.785778939723968506e-01
4.364214241504669189e-01 3.516997098922729492e-01 2.321278117597103119e-02 3.287999629974365234e-01 1.763087958097457886e-01 8.114919066429138184e-01 5.933359265327453613e-01 3.543441891670227051e-01 3.109968900680541992e-01 6.359068751335144043e-01
5.410414934158325195e-01 8.244004845619201660e-01 5.506335496902465820e-01 7.586781382560729980e-01 4.250119924545288086e-01 6.884259581565856934e-01 5.933359265327453613e-01 5.922630429267883301e-01 4.849894344806671143e-01 1.426781713962554932e-01
5.469868183135986328e-01 3.332318067550659180e-01 2.795959115028381348e-01 4.750233292579650879e-01 8.532307147979736328e-01 9.267539381980895996e-01 4.534706771373748779e-01 3.854076862335205078e-01 9.614038467407226562e-01 9.603821486234664917e-02
5.449057221412658691e-01 8.915703296661376953e-01 3.267250061035156250e-01 7.586781382560729980e-01 4.777048528194427490e-01 2.027462869882583618e-01 4.071878492832183838e-01 7.676552534103393555e-01 3.681053817272186279e-01 2.640459239482879639e-01
5.449057221412658691e-01 7.130298614501953125e-01 3.181963562965393066e-01 4.750233292579650879e-01 4.949990212917327881e-01 1.189455613493919373e-01 7.310574650764465332e-01 2.942167818546295166e-01 1.941651403903961182e-01 6.107350438833236694e-02
1.903382390737533569e-01 7.212691903114318848e-01 2.030251920223236084e-01 7.586781382560729980e-01 3.344798684120178223e-01 4.757137000560760498e-01 6.681855320930480957e-01 2.942167818546295166e-01 1.930003426969051361e-02 3.747585117816925049e-01
