1.169390156865119934e-01 4.815909862518310547e-01 2.621603310108184814e-01 5.534137487411499023e-01 7.816911935806274414e-01 9.679081439971923828e-01 8.524748086929321289e-01 7.693500518798828125e-01 5.735161304473876953e-01 1.966821551322937012e-01
8.997501134872436523e-01 2.518304884433746338e-01 7.002487182617187500e-01 2.658172249794006348e-01 5.249767303466796875e-01 7.704776525497436523e-01 4.807602167129516602e-01 5.536383986473083496e-01 5.824816226959228516e-01 6.567001938819885254e-01
1.597029268741607666e-01 4.133866727352142334e-01 5.000000000000000000e-01 5.534137487411499023e-01 7.784063220024108887e-01 3.143266737461090088e-01 6.255228817462921143e-02 3.351238965988159180e-01 8.326812982559204102e-01 6.317100524902343750e-01
9.243900775909423828e-01 2.435472756624221802e-01 7.002487182617187500e-01 5.534137487411499023e-01 5.249767303466796875e-01 3.307811021804809570e-01 9.109337925910949707e-01 5.536383986473083496e-01 5.644641518592834473e-01 4.336223006248474121e-01
7.635472416877746582e-01 6.881104707717895508e-01 5.000000000000000000e-01 5.534137487411499023e-01 6.245903372764587402e-01 3.630279898643493652e-01 6.824000477790832520e-01 7.161454558372497559e-01 7.219902276992797852e-01 5.568493604660034180e-01
2.422150373458862305e-01 5.184090733528137207e-01 7.597126364707946777e-01 2.894385457038879395e-01 7.816911935806274414e-01 9.450433254241943359e-01 3.734882771968841553e-01 7.693500518798828125e-01 9.192308187484741211e-01 4.358179271221160889e-01
1.018856763839721680e-01 6.561408042907714844e-01 2.393020987510681152e-01 2.298866063356399536e-01 7.784063220024108887e-01 9.289338588714599609e-01 6.020641922950744629e-01 2.741018533706665039e-01 6.900215148925781250e-01 3.891242742538452148e-01
1.110884845256805420e-01 5.624902844429016113e-01 5.436343550682067871e-01 1.642199754714965820e-01 7.784063220024108887e-01 4.374560415744781494e-01 3.960586190223693848e-01 3.351238965988159180e-01 6.016911268234252930e-01 6.646488308906555176e-01
5.378736257553100586e-01 4.273833334445953369e-01 2.314770072698593140e-01 2.927443385124206543e-01 5.249767303466796875e-01 5.034907460212707520e-01 8.919144868850708008e-01 3.351238965988159180e-01 8.679520487785339355e-01 3.432423472404479980e-01
1.671466082334518433e-01 2.435472756624221802e-01 2.314770072698593140e-01 7.758969068527221680e-01 7.784063220024108887e-01 7.220734357833862305e-01 4.338440299034118652e-01 5.536383986473083496e-01 6.710110902786254883e-01 4.753338396549224854e-01
2.955936491489410400e-01 4.273833334445953369e-01 3.072726428508758545e-01 6.237228512763977051e-01 5.249767303466796875e-01 7.026306986808776855e-01 3.104472756385803223e-01 5.536383986473083496e-01 6.425743103027343750e-01 5.634523630142211914e-01
4.003248363733291626e-02 4.304552972316741943e-01 7.002487182617187500e-01 4.245361387729644775e-01 2.959511578083038330e-01 8.107695579528808594e-01 4.271562099456787109e-01 7.161454558372497559e-01 4.472015202045440674e-01 7.980656027793884277e-01
9.913454055786132812e-01 6.881104707717895508e-01 6.034798622131347656e-01 6.561651229858398438e-01 7.784063220024108887e-01 6.708022952079772949e-01 6.365558505058288574e-01 4.940692484378814697e-01 8.603851199150085449e-01 1.455497443675994873e-01
1.692084819078445435e-01 4.501693248748779297e-01 2.314770072698593140e-01 8.254619687795639038e-02 5.249767303466796875e-01 4.917424619197845459e-01 6.053930521011352539e-01 4.940692484378814697e-01 1.679084002971649170e-01 8.103242516517639160e-02
8.204776048660278320e-02 5.624902844429016113e-01 5.000000000000000000e-01 3.291279673576354980e-01 2.959511578083038330e-01 8.588181734085083008e-01 5.303527712821960449e-01 7.464924454689025879e-01 2.979190051555633545e-01 2.338755279779434204e-01
1.580173522233963013e-01 4.501693248748779297e-01 7.002487182617187500e-01 7.218787074089050293e-01 7.784063220024108887e-01 5.544555187225341797e-01 4.290537238121032715e-01 3.256362378597259521e-01 2.928214371204376221e-01 1.791340559720993042e-01
5.812877416610717773e-01 5.624902844429016113e-01 7.050977945327758789e-01 5.736497640609741211e-01 6.245903372764587402e-01 2.437805235385894775e-01 5.104259252548217773e-01 2.750342488288879395e-01 1.290017664432525635e-01 3.350539505481719971e-01
6.475268602371215820e-01 4.174330532550811768e-01 5.000000000000000000e-01 5.528252720832824707e-01 6.245903372764587402e-01 1.166077703237533569e-01 5.866532921791076660e-01 7.464924454689025879e-01 5.195556282997131348e-01 6.004216670989990234e-01
9.906762838363647461e-01 4.501693248748779297e-01 7.002487182617187500e-01 5.849148035049438477e-01 2.759896516799926758e-01 4.775319099426269531e-01 9.387153387069702148e-01 2.741018533706665039e-01 3.179120123386383057e-01 7.144249677658081055e-01
6.480494141578674316e-01 4.501693248748779297e-01 3.072726428508758545e-01 2.814684212207794189e-01 5.632918477058410645e-01 7.789768576622009277e-01 7.465205788612365723e-01 2.741018533706665039e-01 1.566239297389984131e-01 6.649291515350341797e-01
8.228020668029785156e-01 6.561408042907714844e-01 5.866132974624633789e-01 8.254619687795639038e-02 6.245903372764587402e-01 2.440220713615417480e-01 5.627787709236145020e-01 2.741018533706665039e-01 1.417731046676635742e-01 1.714452952146530151e-01
1.617859750986099243e-01 4.501693248748779297e-01 2.728945910930633545e-01 7.057167291641235352e-01 2.759896516799926758e-01 1.286146789789199829e-01 9.645845293998718262e-01 2.741018533706665039e-01 1.341044306755065918e-01 5.406228303909301758e-01
8.762233257293701172e-01 4.273833334445953369e-01 5.000000000000000000e-01 2.262875437736511230e-01 7.784063220024108887e-01 8.191192150115966797e-01 2.130734473466873169e-01 5.536383986473083496e-01 8.002217859029769897e-02 5.611397624015808105e-01
6.673722863197326660e-01 2.435472756624221802e-01 5.000000000000000000e-01 1.075475886464118958e-01 2.518304884433746338e-01 6.255738735198974609e-01 9.731519818305969238e-01 5.536383986473083496e-01 3.317867517471313477e-01 8.103242516517639160e-02
3.081981241703033447e-01 4.174330532550811768e-01 2.393020987510681152e-01 5.764097571372985840e-01 2.518304884433746338e-01 6.333767771720886230e-01 1.004738584160804749e-01 3.227505385875701904e-01 3.115086853504180908e-01 3.267899453639984131e-01
5.069247633218765259e-02 4.174330532550811768e-01 2.161921411752700806e-01 5.764097571372985840e-01 2.518304884433746338e-01 4.661696851253509521e-01 4.558118283748626709e-01 5.536383986473083496e-01 1.566239297389984131e-01 5.137546658515930176e-01
1.576964557170867920e-01 6.881104707717895508e-01 3.072726428508758545e-01 8.485141992568969727e-01 4.563656151294708252e-01 4.546391963958740234e-01 2.403475493192672729e-01 7.697476148605346680e-01 3.751181364059448242e-01 5.250329971313476562e-01
2.227461338043212891e-02 4.273833334445953369e-01 3.072726428508758545e-01 5.534137487411499023e-01 4.563656151294708252e-01 5.997670292854309082e-01 7.897959947586059570e-01 5.536383986473083496e-01 5.408563017845153809e-01 6.045880317687988281e-01
3.669703006744384766e-01 6.881104707717895508e-01 2.314770072698593140e-01 6.366718411445617676e-01 4.563656151294708252e-01 7.316414117813110352e-01 9.419409036636352539e-01 3.351238965988159180e-01 3.799155950546264648e-01 9.645918607711791992e-01
2.550564110279083252e-01 6.881104707717895508e-01 7.050977945327758789e-01 6.890992522239685059e-01 2.518304884433746338e-01 3.004432618618011475e-01 4.352803528308868408e-01 4.940692484378814697e-01 3.799155950546264648e-01 8.697093129158020020e-01
5.484507083892822266e-01 4.273833334445953369e-01 2.314770072698593140e-01 2.127960175275802612e-01 2.518304884433746338e-01 8.941066265106201172e-02 2.947849333286285400e-01 2.741018533706665039e-01 1.341044306755065918e-01 6.445875763893127441e-02
1.997029483318328857e-01 6.881104707717895508e-01 2.314770072698593140e-01 4.186084270477294922e-01 2.518304884433746338e-01 9.064531922340393066e-01 7.624062895774841309e-01 2.741018533706665039e-01 1.629641950130462646e-01 2.728195786476135254e-01
2.226313799619674683e-01 4.815909862518310547e-01 2.161921411752700806e-01 4.724318683147430420e-01 5.866132974624633789e-01 1.311775296926498413e-01 2.461010962724685669e-01 7.693500518798828125e-01 8.467101454734802246e-01 7.761122286319732666e-02
6.604893207550048828e-01 6.561408042907714844e-01 4.367081522941589355e-01 5.534137487411499023e-01 2.518304884433746338e-01 6.245380640029907227e-01 6.606582999229431152e-01 4.940692484378814697e-01 3.799155950546264648e-01 6.611028909683227539e-01
8.380040526390075684e-01 5.624902844429016113e-01 7.002487182617187500e-01 4.724318683147430420e-01 2.518304884433746338e-01 2.962401211261749268e-01 9.259023666381835938e-01 4.304565489292144775e-01 3.580702841281890869e-01 3.626970350742340088e-01
5.447866320610046387e-01 4.304552972316741943e-01 7.002487182617187500e-01 7.568365335464477539e-01 2.518304884433746338e-01 2.452742159366607666e-01 8.737645745277404785e-01 2.741018533706665039e-01 3.448128402233123779e-01 7.467893362045288086e-01
9.531189799308776855e-01 4.273833334445953369e-01 3.072726428508758545e-01 4.186084270477294922e-01 4.563656151294708252e-01 1.307558715343475342e-01 8.205854296684265137e-01 2.741018533706665039e-01 1.341044306755065918e-01 5.176332592964172363e-01
2.888984978199005127e-01 4.563656151294708252e-01 3.072726428508758545e-01 4.186084270477294922e-01 4.563656151294708252e-01 3.674615025520324707e-01 7.427599430084228516e-01 2.741018533706665039e-01 5.408563017845153809e-01 6.833090186119079590e-01
5.650183558464050293e-01 5.624902844429016113e-01 7.597126364707946777e-01 3.492765128612518311e-01 2.518304884433746338e-01 3.711593449115753174e-01 7.131455093622207642e-02 5.967614054679870605e-01 5.746034383773803711e-01 8.742659687995910645e-01
1.066634207963943481e-01 3.318153321743011475e-01 2.621603310108184814e-01 3.492765128612518311e-01 2.518304884433746338e-01 2.883980274200439453e-01 4.544297754764556885e-01 7.161454558372497559e-01 5.644641518592834473e-01 8.072401285171508789e-01
7.082822918891906738e-01 2.110119462013244629e-01 4.367081522941589355e-01 3.492765128612518311e-01 2.759896516799926758e-01 7.107137441635131836e-01 2.784614861011505127e-01 7.697476148605346680e-01 8.412897586822509766e-01 5.711236968636512756e-02
8.705025911331176758e-02 2.110119462013244629e-01 2.161921411752700806e-01 8.928235769271850586e-01 7.784063220024108887e-01 1.757375001907348633e-01 2.300686389207839966e-01 7.697476148605346680e-01 2.877255082130432129e-01 8.938241004943847656e-01
2.096579819917678833e-01 4.174330532550811768e-01 5.000000000000000000e-01 5.046362876892089844e-01 2.959511578083038330e-01 6.660980731248855591e-02 6.766958236694335938e-01 7.464924454689025879e-01 7.680767178535461426e-01 3.044027984142303467e-01
1.467850506305694580e-01 4.174330532550811768e-01 2.161921411752700806e-01 3.448706269264221191e-01 7.784063220024108887e-01 8.927699923515319824e-01 7.002747654914855957e-01 2.741018533706665039e-01 4.128890335559844971e-01 1.636488437652587891e-01
1.759076267480850220e-01 6.561408042907714844e-01 5.000000000000000000e-01 8.254619687795639038e-02 2.518304884433746338e-01 4.217586293816566467e-02 1.180646941065788269e-01 2.741018533706665039e-01 7.939817905426025391e-01 4.062408208847045898e-01
3.447387516498565674e-01 7.346158027648925781e-01 7.002487182617187500e-01 8.254619687795639038e-02 4.563656151294708252e-01 7.844918966293334961e-02 2.718325853347778320e-01 2.741018533706665039e-01 5.735161304473876953e-01 7.008525133132934570e-01
2.026192098855972290e-01 4.304552972316741943e-01 3.072726428508758545e-01 1.075475886464118958e-01 2.759896516799926758e-01 7.825300097465515137e-02 4.608894288539886475e-01 2.741018533706665039e-01 1.679084002971649170e-01 1.438028216361999512e-01
3.967491984367370605e-01 4.174330532550811768e-01 7.459091544151306152e-01 8.254619687795639038e-02 2.759896516799926758e-01 1.546181887388229370e-01 1.187243163585662842e-01 7.161454558372497559e-01 5.254431962966918945e-01 2.270377725362777710e-01
8.556327223777770996e-02 4.174330532550811768e-01 2.621603310108184814e-01 1.311324983835220337e-01 2.759896516799926758e-01 5.088294744491577148e-01 2.872052788734436035e-01 7.464924454689025879e-01 4.281075894832611084e-01 8.631520271301269531e-01
8.271837830543518066e-01 4.273833334445953369e-01 7.597126364707946777e-01 2.811873555183410645e-01 3.754096329212188721e-01 4.363642036914825439e-01 1.938755810260772705e-01 3.597489297389984131e-01 7.292230129241943359e-01 7.339187711477279663e-02
8.485414981842041016e-01 3.318153321743011475e-01 4.367081522941589355e-01 3.448706269264221191e-01 7.784063220024108887e-01 4.372897446155548096e-01 9.039152264595031738e-01 2.750342488288879395e-01 5.485519170761108398e-01 4.438323974609375000e-01
8.945189118385314941e-01 4.174330532550811768e-01 2.621603310108184814e-01 8.839979171752929688e-01 2.959511578083038330e-01 8.086897134780883789e-01 3.816480338573455811e-01 2.750342488288879395e-01 6.666312813758850098e-01 6.023338437080383301e-01
5.992194265127182007e-02 6.561408042907714844e-01 5.000000000000000000e-01 5.539147257804870605e-01 7.784063220024108887e-01 6.440232992172241211e-01 6.914211511611938477e-01 5.644516348838806152e-01 5.359420776367187500e-01 7.447652816772460938e-01
7.445641607046127319e-02 6.561408042907714844e-01 7.459091544151306152e-01 2.409336417913436890e-01 2.759896516799926758e-01 5.519694834947586060e-02 5.514719486236572266e-01 5.000000000000000000e-01 3.643402457237243652e-01 6.131988167762756348e-01
9.736841320991516113e-01 4.174330532550811768e-01 5.866132974624633789e-01 2.977446615695953369e-01 6.283153295516967773e-01 1.975013166666030884e-01 8.029792904853820801e-01 5.644516348838806152e-01 4.765742123126983643e-01 6.139140725135803223e-01
3.082961440086364746e-01 4.174330532550811768e-01 5.866132974624633789e-01 3.448706269264221191e-01 2.264325618743896484e-01 7.408859133720397949e-01 9.295637011528015137e-01 3.939452171325683594e-01 1.341044306755065918e-01 9.492749571800231934e-01
4.752190113067626953e-01 4.174330532550811768e-01 2.621603310108184814e-01 2.977446615695953369e-01 7.848799228668212891e-01 3.257418572902679443e-01 2.793807685375213623e-01 3.351238965988159180e-01 4.765742123126983643e-01 3.140351176261901855e-01
8.890528082847595215e-01 4.174330532550811768e-01 5.866132974624633789e-01 7.631806135177612305e-01 6.145917177200317383e-01 3.800499439239501953e-01 7.359386086463928223e-01 3.351238965988159180e-01 5.967388153076171875e-01 8.486381173133850098e-01
5.158870220184326172e-01 7.657747268676757812e-01 5.866132974624633789e-01 2.796544730663299561e-01 2.264325618743896484e-01 8.599456548690795898e-01 6.871294975280761719e-01 4.940692484378814697e-01 3.179120123386383057e-01 4.733270108699798584e-01
3.973602950572967529e-01 5.184090733528137207e-01 5.312087535858154297e-01 2.977446615695953369e-01 7.848799228668212891e-01 1.043376326560974121e-01 2.017020992934703827e-02 2.741018533706665039e-01 7.499945759773254395e-01 2.896950244903564453e-01
2.376915365457534790e-01 5.184090733528137207e-01 2.621603310108184814e-01 6.571142077445983887e-01 2.413218468427658081e-01 8.721541762351989746e-01 5.439397692680358887e-01 2.741018533706665039e-01 2.615658640861511230e-01 1.508504301309585571e-01
4.820418655872344971e-01 6.261592507362365723e-01 7.459091544151306152e-01 4.903715848922729492e-01 7.848799228668212891e-01 5.766744613647460938e-01 2.873731851577758789e-01 7.161454558372497559e-01 7.219902276992797852e-01 4.864121675491333008e-01
3.333097994327545166e-01 5.000000000000000000e-01 2.621603310108184814e-01 3.448706269264221191e-01 4.133841097354888916e-01 8.561157435178756714e-02 1.455787271261215210e-01 2.741018533706665039e-01 1.386773735284805298e-01 7.288300246000289917e-02
4.651969671249389648e-02 2.773008942604064941e-01 2.784850299358367920e-01 6.927332878112792969e-01 4.815909862518310547e-01 5.484589338302612305e-01 8.415197581052780151e-02 5.536383986473083496e-01 5.414892435073852539e-01 3.784331306815147400e-02
4.423264563083648682e-01 7.657747268676757812e-01 5.000000000000000000e-01 4.215678870677947998e-01 6.413272619247436523e-01 8.524117469787597656e-01 5.823203921318054199e-01 2.741018533706665039e-01 7.119145393371582031e-01 2.412791401147842407e-01
1.695927828550338745e-01 7.657747268676757812e-01 5.000000000000000000e-01 5.718193650245666504e-01 4.133841097354888916e-01 7.055554389953613281e-01 3.490479588508605957e-01 4.304565489292144775e-01 2.004214227199554443e-01 8.734888434410095215e-01
8.375270366668701172e-01 5.000000000000000000e-01 2.621603310108184814e-01 5.718193650245666504e-01 7.848799228668212891e-01 5.753108859062194824e-01 1.945597529411315918e-01 7.161454558372497559e-01 5.414892435073852539e-01 7.341893762350082397e-02
2.622086107730865479e-01 4.273833334445953369e-01 5.312087535858154297e-01 4.903715848922729492e-01 4.815909862518310547e-01 7.612756490707397461e-01 1.348904669284820557e-01 3.351238965988159180e-01 2.877255082130432129e-01 7.311106324195861816e-01
3.478831648826599121e-01 4.304552972316741943e-01 5.312087535858154297e-01 4.215678870677947998e-01 7.848799228668212891e-01 8.169034719467163086e-01 6.595700383186340332e-01 3.351238965988159180e-01 8.326812982559204102e-01 1.812222152948379517e-01
5.974397063255310059e-02 5.000000000000000000e-01 5.866132974624633789e-01 6.927332878112792969e-01 7.848799228668212891e-01 8.370206952095031738e-01 6.062219291925430298e-02 7.161454558372497559e-01 8.679520487785339355e-01 6.700820326805114746e-01
5.416249111294746399e-02 7.657747268676757812e-01 2.621603310108184814e-01 2.070019394159317017e-01 2.264325618743896484e-01 1.192355975508689880e-01 6.231722831726074219e-01 2.741018533706665039e-01 5.414892435073852539e-01 3.785927295684814453e-01
7.529937028884887695e-01 7.657747268676757812e-01 7.459091544151306152e-01 4.949718713760375977e-01 5.317721366882324219e-01 1.349679529666900635e-01 7.513321638107299805e-01 4.940692484378814697e-01 2.877255082130432129e-01 3.010302186012268066e-01
1.422031819820404053e-01 6.881104707717895508e-01 2.314770072698593140e-01 8.928235769271850586e-01 6.413272619247436523e-01 6.899955868721008301e-01 1.595449596643447876e-01 2.741018533706665039e-01 5.485519170761108398e-01 2.412791401147842407e-01
6.993109583854675293e-01 4.273833334445953369e-01 2.314770072698593140e-01 4.598406851291656494e-01 6.413272619247436523e-01 9.651605486869812012e-01 7.687417864799499512e-01 5.967614054679870605e-01 5.644641518592834473e-01 8.072286844253540039e-01
3.979171812534332275e-01 2.314770072698593140e-01 2.621603310108184814e-01 2.811873555183410645e-01 4.815909862518310547e-01 8.169034719467163086e-01 9.038757681846618652e-01 5.536383986473083496e-01 4.726056158542633057e-01 4.069959521293640137e-01
7.468369007110595703e-01 2.435472756624221802e-01 7.050977945327758789e-01 4.949718713760375977e-01 2.759896516799926758e-01 2.903979122638702393e-01 3.561535775661468506e-01 7.697476148605346680e-01 7.622029781341552734e-01 6.885865926742553711e-01
7.343839406967163086e-01 2.110119462013244629e-01 7.459091544151306152e-01 1.050711497664451599e-01 2.759896516799926758e-01 8.839286118745803833e-02 3.522645235061645508e-01 5.536383986473083496e-01 2.928214371204376221e-01 7.351987063884735107e-02
3.589490652084350586e-01 6.561408042907714844e-01 7.459091544151306152e-01 2.410034835338592529e-01 2.759896516799926758e-01 1.072597578167915344e-01 8.916062712669372559e-01 3.351238965988159180e-01 5.485519170761108398e-01 2.708633542060852051e-01
1.965081244707107544e-01 2.110119462013244629e-01 5.000000000000000000e-01 7.843403816223144531e-01 2.759896516799926758e-01 9.765155613422393799e-02 8.410319089889526367e-01 2.750342488288879395e-01 3.317867517471313477e-01 6.309601068496704102e-01
2.853215634822845459e-01 2.435472756624221802e-01 2.314770072698593140e-01 8.100795745849609375e-01 2.759896516799926758e-01 2.018501758575439453e-01 9.769058823585510254e-01 7.697476148605346680e-01 7.540647983551025391e-01 3.350961506366729736e-01
1.971730440855026245e-01 7.685230374336242676e-01 7.002487182617187500e-01 5.539343357086181641e-01 2.759896516799926758e-01 1.107291802763938904e-01 9.181175380945205688e-02 2.750342488288879395e-01 4.037514030933380127e-01 5.804758071899414062e-01
6.679583191871643066e-01 2.110119462013244629e-01 2.621603310108184814e-01 1.202795580029487610e-01 2.759896516799926758e-01 3.307430446147918701e-01 5.412487387657165527e-01 2.750342488288879395e-01 4.700846672058105469e-01 6.020397543907165527e-01
3.121096193790435791e-01 6.561408042907714844e-01 5.866132974624633789e-01 5.534137487411499023e-01 7.784063220024108887e-01 1.107291802763938904e-01 4.609231054782867432e-01 3.351238965988159180e-01 4.055151939392089844e-01 3.494306504726409912e-01
3.499821722507476807e-01 3.318153321743011475e-01 7.459091544151306152e-01 2.298866063356399536e-01 2.399537861347198486e-01 3.970456719398498535e-01 8.082191348075866699e-01 4.089261591434478760e-01 7.754724621772766113e-01 6.793970465660095215e-01
1.656626909971237183e-02 2.110119462013244629e-01 5.866132974624633789e-01 2.977446615695953369e-01 6.283153295516967773e-01 1.172154322266578674e-01 9.803248941898345947e-02 3.351238965988159180e-01 2.938889861106872559e-01 7.923188805580139160e-01
4.880410730838775635e-01 2.110119462013244629e-01 7.459091544151306152e-01 2.977446615695953369e-01 2.759896516799926758e-01 9.509515762329101562e-01 1.947292089462280273e-01 2.741018533706665039e-01 8.425866365432739258e-01 4.060235992074012756e-02
7.187469005584716797e-01 2.110119462013244629e-01 2.161921411752700806e-01 6.463215351104736328e-01 2.759896516799926758e-01 1.740637421607971191e-01 9.300075769424438477e-01 2.750342488288879395e-01 5.824816226959228516e-01 5.534404516220092773e-01
1.848006993532180786e-02 2.110119462013244629e-01 7.586774230003356934e-01 1.380033046007156372e-01 2.759896516799926758e-01 3.865561187267303467e-01 9.423913359642028809e-01 2.750342488288879395e-01 2.877255082130432129e-01 6.885865926742553711e-01
1.688107550144195557e-01 3.318153321743011475e-01 7.586774230003356934e-01 1.067689433693885803e-01 5.632918477058410645e-01 6.917815208435058594e-01 2.993364334106445312e-01 2.750342488288879395e-01 5.113663077354431152e-01 6.889897584915161133e-01
7.594152539968490601e-02 2.110119462013244629e-01 2.161921411752700806e-01 3.448706269264221191e-01 6.283153295516967773e-01 4.315667152404785156e-01 5.603844523429870605e-01 7.161454558372497559e-01 7.157661914825439453e-01 4.287473261356353760e-01
1.366455107927322388e-01 6.561408042907714844e-01 2.393020987510681152e-01 2.977446615695953369e-01 2.759896516799926758e-01 8.105424046516418457e-01 8.096181154251098633e-01 2.741018533706665039e-01 3.590454161167144775e-01 1.903239041566848755e-01
6.957623362541198730e-02 2.110119462013244629e-01 4.563656151294708252e-01 5.791779160499572754e-01 6.283153295516967773e-01 4.846783280372619629e-01 6.486703157424926758e-01 3.351238965988159180e-01 2.928214371204376221e-01 2.002812474966049194e-01
4.306236654520034790e-02 6.561408042907714844e-01 4.367081522941589355e-01 6.302081346511840820e-01 2.759896516799926758e-01 5.677423477172851562e-01 2.314252704381942749e-01 3.351238965988159180e-01 4.242175221443176270e-01 8.686427772045135498e-02
2.523145079612731934e-02 4.304552972316741943e-01 2.728945910930633545e-01 7.218787074089050293e-01 5.000000000000000000e-01 1.101021245121955872e-01 2.007517367601394653e-01 3.939452171325683594e-01 1.501584947109222412e-01 1.028223931789398193e-01
8.905035853385925293e-01 6.561408042907714844e-01 2.161921411752700806e-01 2.977446615695953369e-01 2.759896516799926758e-01 6.833211332559585571e-02 9.315054416656494141e-01 3.939452171325683594e-01 4.051150083541870117e-01 5.196335315704345703e-01
4.419224336743354797e-02 2.435472756624221802e-01 7.002487182617187500e-01 2.814684212207794189e-01 2.759896516799926758e-01 4.281929433345794678e-01 1.647652536630630493e-01 5.536383986473083496e-01 1.980845779180526733e-01 4.069959521293640137e-01
9.685559868812561035e-01 4.273833334445953369e-01 7.002487182617187500e-01 5.928806066513061523e-01 6.283153295516967773e-01 1.472744643688201904e-01 4.271884635090827942e-02 5.536383986473083496e-01 8.679628968238830566e-01 3.770601451396942139e-01
6.948986649513244629e-01 6.561408042907714844e-01 2.161921411752700806e-01 2.814684212207794189e-01 6.413272619247436523e-01 4.880559444427490234e-01 2.222103476524353027e-01 5.536383986473083496e-01 4.281075894832611084e-01 5.194336920976638794e-02
4.512625038623809814e-01 4.304552972316741943e-01 5.866132974624633789e-01 2.814684212207794189e-01 2.264325618743896484e-01 1.291838884353637695e-01 5.072401165962219238e-01 7.464924454689025879e-01 8.638848364353179932e-02 1.426140367984771729e-01
9.353849291801452637e-01 6.261592507362365723e-01 7.586774230003356934e-01 6.723506450653076172e-01 6.413272619247436523e-01 1.424231231212615967e-01 9.382321834564208984e-01 2.750342488288879395e-01 6.086670756340026855e-01 2.993699908256530762e-01
1.037681624293327332e-01 4.273833334445953369e-01 7.050977945327758789e-01 7.971711158752441406e-01 5.317721366882324219e-01 2.025868892669677734e-01 1.009304672479629517e-01 2.750342488288879395e-01 7.573671340942382812e-01 8.797215670347213745e-02
1.014562398195266724e-01 6.261592507362365723e-01 2.621603310108184814e-01 6.723506450653076172e-01 6.413272619247436523e-01 3.661765456199645996e-01 1.016246154904365540e-01 2.750342488288879395e-01 4.281075894832611084e-01 1.354321688413619995e-01
9.117253422737121582e-01 5.184090733528137207e-01 7.459091544151306152e-01 5.928806066513061523e-01 7.848799228668212891e-01 4.157161414623260498e-01 6.292957067489624023e-01 5.536383986473083496e-01 5.485519170761108398e-01 1.555953174829483032e-01
6.395074725151062012e-02 2.314770072698593140e-01 5.866132974624633789e-01 5.260210037231445312e-01 4.815909862518310547e-01 8.543671965599060059e-01 6.038237214088439941e-01 5.967614054679870605e-01 4.558727741241455078e-01 1.632644236087799072e-01
4.299429357051849365e-01 6.561408042907714844e-01 7.459091544151306152e-01 2.658172249794006348e-01 5.184090733528137207e-01 9.278333187103271484e-01 1.152143031358718872e-01 7.693500518798828125e-01 7.843032479286193848e-01 7.803250551223754883e-01
4.471592232584953308e-02 4.273833334445953369e-01 7.271054387092590332e-01 5.146488547325134277e-01 6.413272619247436523e-01 7.939054369926452637e-01 1.203678250312805176e-01 5.536383986473083496e-01 6.423956751823425293e-01 2.119081169366836548e-01
2.693658769130706787e-01 4.174330532550811768e-01 7.459091544151306152e-01 2.658172249794006348e-01 6.413272619247436523e-01 4.164725244045257568e-01 6.015446782112121582e-01 5.536383986473083496e-01 4.051150083541870117e-01 8.659536391496658325e-02
3.309087455272674561e-01 6.881104707717895508e-01 2.784850299358367920e-01 5.534137487411499023e-01 2.264325618743896484e-01 7.179688811302185059e-01 3.467616438865661621e-01 5.536383986473083496e-01 3.853966295719146729e-01 2.095075845718383789e-01
7.290206104516983032e-02 2.435472756624221802e-01 5.312087535858154297e-01 3.448706269264221191e-01 5.317721366882324219e-01 7.931102514266967773e-01 5.103754401206970215e-01 5.967614054679870605e-01 4.051150083541870117e-01 6.007564663887023926e-01
1.420500129461288452e-01 6.881104707717895508e-01 5.000000000000000000e-01 4.772535860538482666e-01 2.264325618743896484e-01 4.099287688732147217e-01 8.246121406555175781e-01 5.536383986473083496e-01 4.172028601169586182e-01 2.868127822875976562e-01
2.855789847671985626e-02 4.273833334445953369e-01 3.072726428508758545e-01 1.075475886464118958e-01 2.399537861347198486e-01 3.892816603183746338e-01 9.722698330879211426e-01 5.536383986473083496e-01 1.980845779180526733e-01 6.808082461357116699e-01
9.788466095924377441e-01 7.657747268676757812e-01 5.866132974624633789e-01 6.065654754638671875e-01 3.422408401966094971e-01 1.155726909637451172e-01 5.762897133827209473e-01 3.227505385875701904e-01 1.501584947109222412e-01 4.120061546564102173e-02
8.628349900245666504e-01 2.314770072698593140e-01 2.621603310108184814e-01 2.977446615695953369e-01 2.264325618743896484e-01 8.081363439559936523e-01 6.519384384155273438e-01 5.536383986473083496e-01 6.638275384902954102e-01 7.131136655807495117e-01
3.271950185298919678e-01 4.304552972316741943e-01 3.072726428508758545e-01 3.448706269264221191e-01 6.413272619247436523e-01 4.330237507820129395e-01 5.669040605425834656e-02 7.697476148605346680e-01 2.347002178430557251e-01 8.686427772045135498e-02
9.877177476882934570e-01 6.015070080757141113e-01 6.922184824943542480e-01 1.075475886464118958e-01 3.754096329212188721e-01 1.512201726436614990e-01 4.123644530773162842e-01 3.597489297389984131e-01 5.919426083564758301e-01 2.825827002525329590e-01
7.833439707756042480e-01 2.314770072698593140e-01 2.621603310108184814e-01 7.553946971893310547e-01 6.413272619247436523e-01 1.889137923717498779e-01 2.786190807819366455e-01 5.644516348838806152e-01 1.746762543916702271e-01 6.739790439605712891e-01
9.206048250198364258e-01 4.273833334445953369e-01 7.002487182617187500e-01 5.539147257804870605e-01 4.133841097354888916e-01 4.736042916774749756e-01 3.351804912090301514e-01 3.227505385875701904e-01 5.468867421150207520e-01 6.106943488121032715e-01
9.300642013549804688e-01 5.866132974624633789e-01 7.002487182617187500e-01 7.747339606285095215e-01 5.317721366882324219e-01 3.397625982761383057e-01 9.370190650224685669e-02 3.227505385875701904e-01 6.115125417709350586e-01 5.650852322578430176e-01
9.598828554153442383e-01 7.685230374336242676e-01 2.728945910930633545e-01 6.463215351104736328e-01 7.848799228668212891e-01 2.448757886886596680e-01 4.548973739147186279e-01 3.351238965988159180e-01 6.115125417709350586e-01 6.581945419311523438e-01
8.976795673370361328e-01 5.184090733528137207e-01 5.866132974624633789e-01 3.068824112415313721e-01 7.848799228668212891e-01 6.591401100158691406e-01 6.704519987106323242e-01 3.351238965988159180e-01 3.799155950546264648e-01 8.582870960235595703e-01
8.747365474700927734e-01 2.435472756624221802e-01 7.002487182617187500e-01 6.723506450653076172e-01 4.815909862518310547e-01 9.167440533638000488e-01 8.240009546279907227e-01 3.939452171325683594e-01 3.590454161167144775e-01 6.152314543724060059e-01
5.166498422622680664e-01 4.273833334445953369e-01 7.050977945327758789e-01 5.189411044120788574e-01 6.413272619247436523e-01 7.383106946945190430e-01 4.244600832462310791e-01 3.351238965988159180e-01 4.769757091999053955e-01 4.299394041299819946e-02
4.804530143737792969e-01 6.881104707717895508e-01 7.002487182617187500e-01 4.509597420692443848e-01 2.264325618743896484e-01 8.295437097549438477e-01 6.751503348350524902e-01 3.351238965988159180e-01 3.633964657783508301e-01 3.413233458995819092e-01
2.417365908622741699e-01 4.174330532550811768e-01 5.000000000000000000e-01 2.011853754520416260e-01 4.815909862518310547e-01 7.269093394279479980e-01 5.156025886535644531e-01 5.536383986473083496e-01 8.692830801010131836e-01 2.663459777832031250e-01
5.174182653427124023e-01 4.815909862518310547e-01 7.459091544151306152e-01 6.581454873085021973e-01 7.816911935806274414e-01 8.015719056129455566e-01 4.088514447212219238e-01 5.205724835395812988e-01 5.735161304473876953e-01 2.870056033134460449e-01
5.864985585212707520e-01 4.501693248748779297e-01 7.002487182617187500e-01 8.097552657127380371e-01 4.815909862518310547e-01 2.007714658975601196e-01 1.270046234130859375e-01 7.161454558372497559e-01 3.128917217254638672e-01 5.030902624130249023e-01
