5.099542140960693359e-01 2.865875661373138428e-01 5.947032570838928223e-01 4.778847992420196533e-01 3.701278269290924072e-01 4.271643757820129395e-01 6.599166989326477051e-01 9.580097198486328125e-01 1.324310600757598877e-01 4.894358217716217041e-01
5.099542140960693359e-01 6.097069382667541504e-01 4.298152029514312744e-01 5.930865406990051270e-01 3.969784080982208252e-01 7.366383671760559082e-01 8.501337468624114990e-02 4.844866991043090820e-01 4.230276048183441162e-01 1.512472629547119141e-01
5.099542140960693359e-01 7.591879963874816895e-01 1.903539448976516724e-01 7.296258211135864258e-01 3.969784080982208252e-01 4.271643757820129395e-01 3.609228432178497314e-01 3.427468836307525635e-01 3.197204768657684326e-01 4.906140863895416260e-01
5.099542140960693359e-01 7.187654376029968262e-01 4.618138372898101807e-01 3.735330402851104736e-01 5.750167965888977051e-01 4.271643757820129395e-01 3.137954771518707275e-01 4.523680508136749268e-01 7.304456830024719238e-01 1.793572008609771729e-01
7.834194302558898926e-01 7.549543976783752441e-01 2.811242341995239258e-01 3.735330402851104736e-01 3.969784080982208252e-01 4.271643757820129395e-01 5.649153590202331543e-01 7.759526371955871582e-01 7.570486664772033691e-01 5.181049108505249023e-01
5.099542140960693359e-01 6.765534877777099609e-01 6.401759982109069824e-01 3.260051012039184570e-01 3.969784080982208252e-01 4.271643757820129395e-01 8.328673243522644043e-01 9.615487456321716309e-01 3.688241243362426758e-01 2.970746755599975586e-01
5.099542140960693359e-01 8.863803744316101074e-01 5.555525422096252441e-01 5.930865406990051270e-01 3.969784080982208252e-01 4.271643757820129395e-01 8.952647447586059570e-01 3.476203083992004395e-01 1.341380178928375244e-01 6.069065928459167480e-01
5.099542140960693359e-01 6.092056035995483398e-01 4.255178570747375488e-01 7.349714040756225586e-01 3.969784080982208252e-01 7.366383671760559082e-01 1.736795902252197266e-01 6.347516179084777832e-01 6.188378334045410156e-01 5.564184784889221191e-01
5.099542140960693359e-01 4.619329571723937988e-01 6.188877224922180176e-01 3.735330402851104736e-01 3.969784080982208252e-01 7.366383671760559082e-01 4.770499765872955322e-01 7.469136118888854980e-01 3.363129496574401855e-01 4.361347854137420654e-01
7.834194302558898926e-01 3.939354121685028076e-01 5.555525422096252441e-01 7.296258211135864258e-01 3.969784080982208252e-01 4.271643757820129395e-01 6.852709222584962845e-03 8.319992423057556152e-01 9.144229292869567871e-01 6.069065928459167480e-01
5.099542140960693359e-01 4.985102713108062744e-01 2.953361868858337402e-01 3.735330402851104736e-01 6.820986866950988770e-01 4.271643757820129395e-01 7.376168370246887207e-01 5.962018966674804688e-01 8.624173998832702637e-01 2.970746755599975586e-01
7.200179696083068848e-01 5.112791061401367188e-01 7.967068552970886230e-01 3.735330402851104736e-01 5.745854973793029785e-01 7.755626440048217773e-01 4.975473284721374512e-01 8.901892900466918945e-01 3.197204768657684326e-01 3.916600644588470459e-01
5.099542140960693359e-01 2.017963826656341553e-01 2.427196353673934937e-01 7.296258211135864258e-01 3.969784080982208252e-01 4.271643757820129395e-01 6.472982764244079590e-01 7.516066431999206543e-01 2.604369819164276123e-01 7.091904282569885254e-01
3.524531722068786621e-01 4.157553017139434814e-01 2.510106265544891357e-01 3.735330402851104736e-01 3.969784080982208252e-01 4.271643757820129395e-01 8.083034753799438477e-01 8.451587557792663574e-01 2.635729312896728516e-01 7.091904282569885254e-01
5.099542140960693359e-01 5.107338428497314453e-01 4.333957135677337646e-01 7.296258211135864258e-01 3.969784080982208252e-01 4.271643757820129395e-01 8.393383622169494629e-01 2.928414940834045410e-01 2.912044823169708252e-01 3.916600644588470459e-01
5.099542140960693359e-01 3.497486412525177002e-01 4.194731116294860840e-01 3.735330402851104736e-01 1.766976267099380493e-01 7.366383671760559082e-01 2.222912609577178955e-01 1.056291759014129639e-01 8.917852491140365601e-02 6.564618945121765137e-01
5.099542140960693359e-01 5.444075465202331543e-01 6.970141530036926270e-01 3.735330402851104736e-01 7.088575959205627441e-01 4.271643757820129395e-01 2.279466390609741211e-01 1.118605658411979675e-01 8.716333508491516113e-01 2.067267596721649170e-01
3.524531722068786621e-01 4.985102713108062744e-01 4.465170502662658691e-01 3.260051012039184570e-01 3.969784080982208252e-01 4.271643757820129395e-01 8.523207306861877441e-01 4.278215169906616211e-01 7.233848571777343750e-01 6.069065928459167480e-01
5.099542140960693359e-01 4.525928795337677002e-01 2.728817164897918701e-01 5.930865406990051270e-01 3.969784080982208252e-01 4.271643757820129395e-01 9.044707417488098145e-01 6.222135424613952637e-01 8.268948197364807129e-01 5.181049108505249023e-01
3.524531722068786621e-01 2.808353602886199951e-01 1.389319896697998047e-01 5.930865406990051270e-01 3.969784080982208252e-01 4.271643757820129395e-01 1.926746033132076263e-02 1.259705722332000732e-01 6.148118972778320312e-01 6.660763025283813477e-01
3.524531722068786621e-01 4.975652694702148438e-01 1.573531478643417358e-01 3.735330402851104736e-01 3.969784080982208252e-01 4.271643757820129395e-01 7.919398546218872070e-01 4.778106510639190674e-01 2.077617347240447998e-01 6.069065928459167480e-01
5.099542140960693359e-01 5.449299216270446777e-01 2.897234261035919189e-01 3.735330402851104736e-01 3.969784080982208252e-01 4.271643757820129395e-01 1.838988959789276123e-01 1.859069615602493286e-01 2.604369819164276123e-01 5.045285820960998535e-01
5.099542140960693359e-01 5.444075465202331543e-01 7.465347051620483398e-01 7.296258211135864258e-01 5.745854973793029785e-01 4.271643757820129395e-01 6.970840692520141602e-01 5.813007950782775879e-01 8.657956123352050781e-01 5.045285820960998535e-01
5.099542140960693359e-01 2.960474491119384766e-01 5.095058679580688477e-01 4.778847992420196533e-01 3.701278269290924072e-01 4.271643757820129395e-01 1.064950600266456604e-01 4.161382615566253662e-01 5.784987658262252808e-02 3.916600644588470459e-01
7.200179696083068848e-01 6.770308613777160645e-01 6.780545115470886230e-01 7.296258211135864258e-01 6.848701834678649902e-01 4.271643757820129395e-01 4.530390501022338867e-01 7.886247634887695312e-01 6.474072933197021484e-01 3.845919072628021240e-01
5.099542140960693359e-01 2.865875661373138428e-01 4.613990783691406250e-01 4.778847992420196533e-01 3.969784080982208252e-01 4.271643757820129395e-01 1.300587952136993408e-01 5.789165943861007690e-02 3.123216331005096436e-01 3.916600644588470459e-01
5.099542140960693359e-01 9.013897776603698730e-01 9.468709230422973633e-01 7.296258211135864258e-01 3.969784080982208252e-01 4.271643757820129395e-01 2.335408478975296021e-01 4.328579455614089966e-02 8.308140635490417480e-01 2.067267596721649170e-01
7.200179696083068848e-01 5.921835303306579590e-01 3.652904927730560303e-01 6.023766398429870605e-01 5.745854973793029785e-01 4.271643757820129395e-01 3.312281668186187744e-01 5.965440273284912109e-01 1.330307722091674805e-01 3.715049922466278076e-01
5.099542140960693359e-01 1.734706461429595947e-01 7.675326615571975708e-02 3.735330402851104736e-01 1.766976267099380493e-01 4.271643757820129395e-01 1.581310629844665527e-01 7.537089586257934570e-01 7.244963049888610840e-01 7.091904282569885254e-01
5.099542140960693359e-01 2.688518762588500977e-01 5.240429565310478210e-02 3.735330402851104736e-01 7.088575959205627441e-01 4.271643757820129395e-01 5.779632329940795898e-01 2.713550329208374023e-01 9.498183727264404297e-01 8.306750059127807617e-01
5.099542140960693359e-01 4.985102713108062744e-01 5.399435758590698242e-01 4.778847992420196533e-01 6.820986866950988770e-01 4.271643757820129395e-01 8.662210702896118164e-01 6.093552112579345703e-01 3.531172275543212891e-01 3.845919072628021240e-01
5.099542140960693359e-01 8.580664992332458496e-01 5.950406789779663086e-01 5.930865406990051270e-01 3.969784080982208252e-01 4.271643757820129395e-01 5.234883427619934082e-01 6.595761179924011230e-01 8.228013664484024048e-02 6.069065928459167480e-01
5.099542140960693359e-01 4.603551328182220459e-01 8.898059129714965820e-01 7.296258211135864258e-01 3.969784080982208252e-01 4.271643757820129395e-01 6.763520836830139160e-01 2.020665407180786133e-01 7.999895215034484863e-01 7.091904282569885254e-01
5.099542140960693359e-01 2.692661285400390625e-01 1.917787641286849976e-01 3.735330402851104736e-01 6.820986866950988770e-01 4.271643757820129395e-01 8.502709269523620605e-01 7.036217451095581055e-01 6.463205218315124512e-01 6.069065928459167480e-01
5.099542140960693359e-01 7.095637917518615723e-01 2.427196353673934937e-01 3.260051012039184570e-01 3.969784080982208252e-01 4.271643757820129395e-01 2.044659405946731567e-01 7.807917892932891846e-02 7.477068901062011719e-01 6.069065928459167480e-01
5.099542140960693359e-01 2.693817019462585449e-01 8.924437761306762695e-01 3.735330402851104736e-01 3.969784080982208252e-01 4.271643757820129395e-01 7.426280993968248367e-03 4.497467875480651855e-01 2.121576219797134399e-01 5.181049108505249023e-01
7.200179696083068848e-01 9.693077206611633301e-01 2.483393400907516479e-01 3.735330402851104736e-01 5.745854973793029785e-01 7.755626440048217773e-01 7.615870982408523560e-02 6.026879549026489258e-01 4.862178564071655273e-01 6.069065928459167480e-01
3.524531722068786621e-01 7.056459188461303711e-01 2.427196353673934937e-01 7.296258211135864258e-01 3.969784080982208252e-01 4.271643757820129395e-01 3.374750316143035889e-01 3.184840083122253418e-01 8.108551055192947388e-02 6.069065928459167480e-01
5.099542140960693359e-01 3.863458931446075439e-01 5.947032570838928223e-01 3.735330402851104736e-01 3.969784080982208252e-01 4.271643757820129395e-01 7.477460503578186035e-01 5.198550820350646973e-01 3.197204768657684326e-01 3.916600644588470459e-01
5.099542140960693359e-01 1.011668816208839417e-01 6.580755710601806641e-01 7.296258211135864258e-01 3.969784080982208252e-01 4.271643757820129395e-01 2.858419120311737061e-01 1.157218664884567261e-01 9.216169118881225586e-01 5.935509800910949707e-01
3.524531722068786621e-01 6.946847438812255859e-01 3.950045406818389893e-01 5.930865406990051270e-01 3.969784080982208252e-01 4.271643757820129395e-01 8.541109561920166016e-01 4.362993836402893066e-01 3.767543137073516846e-01 6.069065928459167480e-01
5.099542140960693359e-01 6.716939806938171387e-01 4.580599069595336914e-01 3.735330402851104736e-01 3.969784080982208252e-01 4.271643757820129395e-01 2.835702300071716309e-01 7.597969174385070801e-01 1.333784461021423340e-01 6.069065928459167480e-01
5.099542140960693359e-01 2.840713858604431152e-01 2.027058750391006470e-01 7.296258211135864258e-01 3.969784080982208252e-01 7.366383671760559082e-01 6.459094882011413574e-01 9.396364092826843262e-01 2.170896232128143311e-01 4.361347854137420654e-01
5.099542140960693359e-01 5.107338428497314453e-01 5.813668966293334961e-01 5.930865406990051270e-01 4.972544014453887939e-01 4.271643757820129395e-01 1.810486018657684326e-01 7.174124717712402344e-01 8.715162277221679688e-01 6.069065928459167480e-01
5.099542140960693359e-01 1.380187571048736572e-01 1.389319896697998047e-01 3.735330402851104736e-01 7.088575959205627441e-01 4.271643757820129395e-01 2.686150074005126953e-01 5.966116786003112793e-01 9.796110391616821289e-01 1.142611578106880188e-01
5.099542140960693359e-01 6.716939806938171387e-01 7.730656266212463379e-01 7.296258211135864258e-01 6.820986866950988770e-01 4.271643757820129395e-01 9.120141863822937012e-01 6.688886284828186035e-01 2.181647717952728271e-01 3.916600644588470459e-01
5.099542140960693359e-01 3.951171934604644775e-01 5.520464777946472168e-01 7.296258211135864258e-01 3.969784080982208252e-01 4.271643757820129395e-01 5.773782730102539062e-01 7.167851328849792480e-01 5.802807211875915527e-01 5.935509800910949707e-01
5.099542140960693359e-01 2.251142114400863647e-01 7.962309718132019043e-01 3.735330402851104736e-01 3.969784080982208252e-01 4.271643757820129395e-01 1.294125914573669434e-01 4.667989015579223633e-01 4.812442958354949951e-01 2.970746755599975586e-01
7.834194302558898926e-01 5.107338428497314453e-01 1.515298485755920410e-01 7.296258211135864258e-01 3.969784080982208252e-01 4.271643757820129395e-01 7.795987725257873535e-01 8.204152584075927734e-01 9.040293097496032715e-01 7.091904282569885254e-01
5.099542140960693359e-01 7.786710262298583984e-01 5.693206191062927246e-01 5.930865406990051270e-01 5.745854973793029785e-01 3.991320729255676270e-01 8.991109728813171387e-01 6.299511790275573730e-01 6.918793320655822754e-01 7.613976597785949707e-01
5.099542140960693359e-01 4.525928795337677002e-01 3.057974874973297119e-01 5.930865406990051270e-01 7.088575959205627441e-01 4.271643757820129395e-01 9.390586614608764648e-01 3.054921627044677734e-01 1.394090801477432251e-02 3.845919072628021240e-01
5.099542140960693359e-01 2.017963826656341553e-01 3.364574909210205078e-01 5.930865406990051270e-01 7.088575959205627441e-01 4.271643757820129395e-01 7.374308109283447266e-01 7.746496200561523438e-01 3.150659203529357910e-01 8.306750059127807617e-01
5.099542140960693359e-01 2.028210908174514771e-01 4.086505770683288574e-01 5.930865406990051270e-01 3.969784080982208252e-01 4.271643757820129395e-01 8.362645506858825684e-01 4.283233284950256348e-01 1.540890932083129883e-01 3.845919072628021240e-01
7.200179696083068848e-01 4.852985143661499023e-01 5.431281924247741699e-01 7.296258211135864258e-01 5.745854973793029785e-01 7.755626440048217773e-01 6.737658381462097168e-01 9.336426854133605957e-01 7.587479948997497559e-01 3.916600644588470459e-01
3.524531722068786621e-01 1.937118172645568848e-01 7.431255578994750977e-01 3.735330402851104736e-01 3.969784080982208252e-01 4.271643757820129395e-01 4.119430184364318848e-01 3.116763569414615631e-02 9.467868208885192871e-01 5.935509800910949707e-01
5.099542140960693359e-01 2.549178004264831543e-01 2.366737127304077148e-01 6.023766398429870605e-01 6.848701834678649902e-01 4.271643757820129395e-01 9.663690328598022461e-01 1.137967705726623535e-01 7.220225334167480469e-01 6.069065928459167480e-01
5.099542140960693359e-01 5.444075465202331543e-01 3.693864345550537109e-01 3.735330402851104736e-01 3.969784080982208252e-01 4.271643757820129395e-01 2.502593994140625000e-01 1.784772723913192749e-01 7.631629705429077148e-01 6.069065928459167480e-01
7.200179696083068848e-01 2.504983842372894287e-01 4.465620815753936768e-01 7.296258211135864258e-01 5.745854973793029785e-01 4.719074666500091553e-01 2.381436973810195923e-01 3.918095529079437256e-01 8.012181520462036133e-01 5.181049108505249023e-01
5.099542140960693359e-01 1.380187571048736572e-01 8.987551927566528320e-01 7.296258211135864258e-01 3.969784080982208252e-01 4.271643757820129395e-01 8.735318779945373535e-01 6.392660737037658691e-01 8.657335042953491211e-01 5.181049108505249023e-01
5.099542140960693359e-01 5.104352235794067383e-01 6.208467483520507812e-01 3.735330402851104736e-01 3.969784080982208252e-01 4.271643757820129395e-01 2.326259166002273560e-01 2.642941772937774658e-01 9.479936361312866211e-01 7.091904282569885254e-01
5.099542140960693359e-01 6.716939806938171387e-01 8.245642781257629395e-01 7.349714040756225586e-01 5.745854973793029785e-01 4.271643757820129395e-01 6.659553647041320801e-01 8.698441386222839355e-01 7.971158623695373535e-01 6.069065928459167480e-01
7.834194302558898926e-01 7.367069721221923828e-01 4.465170502662658691e-01 7.296258211135864258e-01 3.969784080982208252e-01 4.271643757820129395e-01 4.835322797298431396e-01 5.328708887100219727e-01 8.789728879928588867e-01 3.916600644588470459e-01
7.200179696083068848e-01 4.075409173965454102e-01 7.815444469451904297e-01 3.735330402851104736e-01 5.745854973793029785e-01 4.271643757820129395e-01 4.207209944725036621e-01 3.052375614643096924e-01 1.458522379398345947e-01 6.069065928459167480e-01
5.099542140960693359e-01 5.938454866409301758e-01 5.510787367820739746e-01 3.735330402851104736e-01 3.701278269290924072e-01 7.366383671760559082e-01 9.321983456611633301e-01 9.555115550756454468e-02 7.158494591712951660e-01 8.161418437957763672e-01
5.099542140960693359e-01 2.913283705711364746e-01 5.474543571472167969e-01 5.930865406990051270e-01 7.088575959205627441e-01 4.271643757820129395e-01 1.147516444325447083e-01 7.811778038740158081e-02 6.217685937881469727e-01 5.935509800910949707e-01
5.099542140960693359e-01 7.056459188461303711e-01 6.853818297386169434e-01 7.296258211135864258e-01 3.969784080982208252e-01 4.271643757820129395e-01 9.202731251716613770e-01 2.910830676555633545e-01 5.819089412689208984e-01 5.181049108505249023e-01
5.099542140960693359e-01 2.473113238811492920e-01 5.363622680306434631e-02 4.778847992420196533e-01 3.969784080982208252e-01 4.271643757820129395e-01 3.585151135921478271e-01 6.670976877212524414e-01 6.447900533676147461e-01 6.069065928459167480e-01
3.524531722068786621e-01 6.238755583763122559e-01 8.202074170112609863e-01 7.296258211135864258e-01 3.969784080982208252e-01 4.271643757820129395e-01 6.227890849113464355e-01 2.723678350448608398e-01 5.468181371688842773e-01 6.069065928459167480e-01
3.524531722068786621e-01 1.425379067659378052e-01 3.950045406818389893e-01 3.735330402851104736e-01 4.034610986709594727e-01 4.271643757820129395e-01 2.476813942193984985e-01 3.049285151064395905e-02 5.819089412689208984e-01 6.069065928459167480e-01
7.200179696083068848e-01 4.468014538288116455e-01 8.252946734428405762e-01 7.296258211135864258e-01 5.745854973793029785e-01 7.755626440048217773e-01 3.666785955429077148e-01 9.015989303588867188e-02 6.463205218315124512e-01 3.845919072628021240e-01
4.453434050083160400e-01 6.976407170295715332e-01 7.420067787170410156e-01 7.296258211135864258e-01 5.745854973793029785e-01 7.755626440048217773e-01 9.081383943557739258e-01 2.745320200920104980e-01 3.175271153450012207e-01 8.306750059127807617e-01
3.524531722068786621e-01 2.549178004264831543e-01 4.169819653034210205e-01 5.930865406990051270e-01 3.969784080982208252e-01 4.271643757820129395e-01 2.225423455238342285e-01 2.871308922767639160e-01 4.548301994800567627e-01 5.181049108505249023e-01
7.834194302558898926e-01 1.683512032032012939e-01 1.795848160982131958e-01 3.735330402851104736e-01 1.766976267099380493e-01 4.271643757820129395e-01 2.700931429862976074e-01 9.335299730300903320e-01 5.805998444557189941e-01 6.069065928459167480e-01
7.834194302558898926e-01 1.425379067659378052e-01 4.593033716082572937e-02 6.023766398429870605e-01 1.766976267099380493e-01 4.271643757820129395e-01 9.556468725204467773e-01 2.907389700412750244e-01 3.043702244758605957e-01 3.916600644588470459e-01
3.524531722068786621e-01 7.349857091903686523e-01 9.340518116950988770e-01 3.735330402851104736e-01 4.098486304283142090e-01 4.271643757820129395e-01 6.172876954078674316e-01 9.706140756607055664e-01 9.089949131011962891e-01 5.935509800910949707e-01
5.099542140960693359e-01 8.016116023063659668e-01 4.618766903877258301e-01 3.735330402851104736e-01 3.969784080982208252e-01 3.991320729255676270e-01 1.231039687991142273e-01 7.912279367446899414e-01 8.220841288566589355e-01 4.707195162773132324e-01
7.200179696083068848e-01 5.296120643615722656e-01 7.393819689750671387e-01 7.296258211135864258e-01 5.745854973793029785e-01 4.271643757820129395e-01 2.175865173339843750e-01 2.816424667835235596e-01 2.196220159530639648e-01 4.894358217716217041e-01
5.099542140960693359e-01 2.943439483642578125e-01 5.495151877403259277e-01 3.735330402851104736e-01 3.969784080982208252e-01 7.366383671760559082e-01 5.750073790550231934e-01 8.642677664756774902e-01 5.427347421646118164e-01 6.564618945121765137e-01
5.099542140960693359e-01 4.703968763351440430e-01 4.195358753204345703e-01 7.296258211135864258e-01 8.197762966156005859e-01 5.184835195541381836e-01 8.852637410163879395e-01 1.994067281484603882e-01 7.462693452835083008e-01 8.161418437957763672e-01
7.200179696083068848e-01 7.927245497703552246e-01 4.892744719982147217e-01 3.735330402851104736e-01 5.745854973793029785e-01 5.184835195541381836e-01 8.903949856758117676e-01 7.463403344154357910e-01 9.889681935310363770e-01 7.613976597785949707e-01
7.200179696083068848e-01 8.720887899398803711e-01 7.855260968208312988e-01 6.023766398429870605e-01 4.972544014453887939e-01 4.271643757820129395e-01 6.871280074119567871e-01 8.891251087188720703e-01 7.283679842948913574e-01 6.069065928459167480e-01
5.099542140960693359e-01 4.979942142963409424e-01 7.188720703125000000e-01 7.296258211135864258e-01 3.969784080982208252e-01 4.271643757820129395e-01 8.569344878196716309e-01 2.169744670391082764e-01 6.079858541488647461e-01 6.069065928459167480e-01
5.099542140960693359e-01 6.783237457275390625e-01 9.040412902832031250e-01 3.735330402851104736e-01 3.969784080982208252e-01 5.184835195541381836e-01 2.638803124427795410e-01 8.077173233032226562e-01 7.884690165519714355e-02 6.564618945121765137e-01
3.524531722068786621e-01 7.476257085800170898e-01 9.408941864967346191e-01 7.296258211135864258e-01 3.969784080982208252e-01 4.271643757820129395e-01 6.683240085840225220e-02 9.493787288665771484e-01 9.723554849624633789e-01 5.935509800910949707e-01
5.099542140960693359e-01 9.499211311340332031e-01 3.419574201107025146e-01 3.735330402851104736e-01 3.969784080982208252e-01 7.366383671760559082e-01 5.828553438186645508e-01 2.276293188333511353e-02 6.724346876144409180e-01 6.564618945121765137e-01
5.099542140960693359e-01 4.309831261634826660e-01 6.058899760246276855e-01 3.735330402851104736e-01 3.969784080982208252e-01 5.184835195541381836e-01 6.897746585309505463e-03 1.963219791650772095e-01 3.092627823352813721e-01 5.976144075393676758e-01
7.200179696083068848e-01 3.192723393440246582e-01 5.688374042510986328e-01 7.296258211135864258e-01 3.701278269290924072e-01 4.719074666500091553e-01 1.519125699996948242e-01 6.971424221992492676e-01 6.774051785469055176e-01 6.660763025283813477e-01
5.099542140960693359e-01 6.093999743461608887e-01 2.916186451911926270e-01 3.735330402851104736e-01 4.709844589233398438e-01 4.271643757820129395e-01 6.563255190849304199e-02 3.475517407059669495e-02 4.410062730312347412e-01 6.248180866241455078e-01
7.834194302558898926e-01 5.091140270233154297e-01 9.413000345230102539e-01 7.296258211135864258e-01 7.088575959205627441e-01 4.271643757820129395e-01 8.825907111167907715e-01 9.684252738952636719e-01 7.350073456764221191e-01 5.181049108505249023e-01
5.099542140960693359e-01 7.369851469993591309e-01 5.947032570838928223e-01 7.349714040756225586e-01 3.969784080982208252e-01 4.271643757820129395e-01 6.325213313102722168e-01 1.062931641936302185e-01 7.557659745216369629e-01 3.845919072628021240e-01
3.524531722068786621e-01 3.365127146244049072e-01 4.583322703838348389e-01 3.735330402851104736e-01 3.969784080982208252e-01 4.271643757820129395e-01 4.648767411708831787e-01 2.374666482210159302e-01 9.248167872428894043e-01 5.181049108505249023e-01
5.099542140960693359e-01 5.104352235794067383e-01 6.703948378562927246e-01 3.260051012039184570e-01 3.969784080982208252e-01 4.271643757820129395e-01 1.924879103899002075e-01 8.786662220954895020e-01 9.786739945411682129e-02 3.845919072628021240e-01
5.099542140960693359e-01 9.326595664024353027e-01 8.174875974655151367e-01 3.260051012039184570e-01 4.034610986709594727e-01 7.366383671760559082e-01 6.431275010108947754e-01 1.388254016637802124e-01 8.674492239952087402e-01 7.613976597785949707e-01
5.099542140960693359e-01 5.706138610839843750e-01 7.020393759012222290e-02 3.735330402851104736e-01 4.098486304283142090e-01 4.271643757820129395e-01 3.766749799251556396e-01 4.598746299743652344e-01 2.750789523124694824e-01 6.535835266113281250e-01
7.200179696083068848e-01 8.020291924476623535e-01 8.586245179176330566e-01 3.735330402851104736e-01 8.880869150161743164e-01 4.271643757820129395e-01 3.394568264484405518e-01 5.894277691841125488e-01 3.736799359321594238e-01 4.540858566761016846e-01
5.099542140960693359e-01 9.525389969348907471e-02 9.693629294633865356e-02 3.735330402851104736e-01 4.034610986709594727e-01 4.271643757820129395e-01 4.492812752723693848e-01 5.955948233604431152e-01 5.395575165748596191e-01 7.091904282569885254e-01
7.834194302558898926e-01 4.979942142963409424e-01 1.448248624801635742e-01 7.296258211135864258e-01 4.034610986709594727e-01 4.271643757820129395e-01 1.035488676279783249e-02 4.760232865810394287e-01 3.435747921466827393e-01 6.069065928459167480e-01
7.200179696083068848e-01 1.845359653234481812e-01 4.408600926399230957e-01 3.735330402851104736e-01 4.115941524505615234e-01 4.271643757820129395e-01 7.135632634162902832e-02 3.265783786773681641e-01 7.028129696846008301e-01 6.069065928459167480e-01
7.200179696083068848e-01 7.836114764213562012e-01 9.324998259544372559e-01 7.296258211135864258e-01 5.745854973793029785e-01 5.184835195541381836e-01 8.614697456359863281e-01 5.344298481941223145e-01 6.015615463256835938e-01 4.361347854137420654e-01
3.524531722068786621e-01 6.716939806938171387e-01 5.639125704765319824e-01 3.735330402851104736e-01 3.969784080982208252e-01 4.271643757820129395e-01 9.135476350784301758e-01 7.198861837387084961e-01 4.059623479843139648e-01 5.181049108505249023e-01
5.099542140960693359e-01 3.422487676143646240e-01 2.060174345970153809e-01 3.735330402851104736e-01 7.088575959205627441e-01 4.271643757820129395e-01 2.894046008586883545e-01 2.639235854148864746e-01 2.685568034648895264e-01 6.069065928459167480e-01
7.200179696083068848e-01 6.248155832290649414e-01 9.127297401428222656e-01 7.296258211135864258e-01 5.745854973793029785e-01 7.366383671760559082e-01 3.539176881313323975e-01 6.544398665428161621e-01 2.391339391469955444e-01 6.564618945121765137e-01
5.099542140960693359e-01 3.863458931446075439e-01 4.024600982666015625e-01 5.930865406990051270e-01 3.969784080982208252e-01 4.271643757820129395e-01 3.539376258850097656e-01 3.169269561767578125e-01 3.478614687919616699e-01 3.916600644588470459e-01
5.099542140960693359e-01 6.371239423751831055e-01 9.761034846305847168e-01 7.296258211135864258e-01 3.969784080982208252e-01 5.184835195541381836e-01 9.860813617706298828e-01 8.396999835968017578e-01 3.804955780506134033e-01 7.117155194282531738e-01
5.099542140960693359e-01 6.035959720611572266e-01 2.348751723766326904e-01 5.930865406990051270e-01 3.969784080982208252e-01 4.271643757820129395e-01 9.794192016124725342e-02 7.086361199617385864e-02 3.177805617451667786e-02 3.438821732997894287e-01
5.099542140960693359e-01 1.783402413129806519e-01 1.259373277425765991e-01 5.930865406990051270e-01 3.969784080982208252e-01 4.271643757820129395e-01 2.499503344297409058e-01 9.164234995841979980e-01 9.302896857261657715e-01 4.894358217716217041e-01
5.099542140960693359e-01 6.238755583763122559e-01 4.333957135677337646e-01 3.260051012039184570e-01 3.969784080982208252e-01 4.271643757820129395e-01 3.751513063907623291e-01 3.098641037940979004e-01 1.131387427449226379e-01 6.069065928459167480e-01
5.099542140960693359e-01 5.449299216270446777e-01 1.259373277425765991e-01 3.735330402851104736e-01 3.969784080982208252e-01 4.271643757820129395e-01 9.647272229194641113e-01 1.307849735021591187e-01 4.747671186923980713e-01 6.069065928459167480e-01
5.099542140960693359e-01 6.371239423751831055e-01 5.811821222305297852e-01 7.349714040756225586e-01 3.969784080982208252e-01 7.366383671760559082e-01 8.049551248550415039e-01 7.799053192138671875e-01 8.941359519958496094e-01 5.976144075393676758e-01
5.099542140960693359e-01 4.985207617282867432e-01 1.840887069702148438e-01 3.735330402851104736e-01 4.709844589233398438e-01 4.271643757820129395e-01 9.028652906417846680e-01 9.603455662727355957e-01 1.815994828939437866e-01 6.069065928459167480e-01
5.099542140960693359e-01 8.145386576652526855e-01 2.231220901012420654e-01 7.296258211135864258e-01 3.969784080982208252e-01 4.271643757820129395e-01 8.281488418579101562e-01 3.322494626045227051e-01 5.819089412689208984e-01 6.069065928459167480e-01
7.200179696083068848e-01 5.860657691955566406e-01 5.790128707885742188e-01 7.296258211135864258e-01 5.745854973793029785e-01 4.719074666500091553e-01 9.700619578361511230e-01 9.687378406524658203e-01 8.520507216453552246e-01 5.935509800910949707e-01
5.099542140960693359e-01 2.480145543813705444e-01 5.947032570838928223e-01 3.735330402851104736e-01 5.745854973793029785e-01 4.271643757820129395e-01 7.747861146926879883e-01 1.038231551647186279e-01 6.895472407341003418e-01 6.069065928459167480e-01
5.099542140960693359e-01 7.139528989791870117e-01 9.326856136322021484e-01 6.023766398429870605e-01 8.332027792930603027e-01 7.366383671760559082e-01 4.725258052349090576e-01 3.375966250896453857e-01 8.508350849151611328e-01 5.976144075393676758e-01
3.524531722068786621e-01 6.371239423751831055e-01 8.604532480239868164e-01 7.349714040756225586e-01 8.332027792930603027e-01 7.366383671760559082e-01 7.413092255592346191e-01 6.822046041488647461e-01 1.537058800458908081e-01 4.361347854137420654e-01
3.524531722068786621e-01 6.993562579154968262e-01 5.299188494682312012e-01 5.930865406990051270e-01 5.722154974937438965e-01 4.271643757820129395e-01 9.658564329147338867e-01 4.387339353561401367e-01 4.292131960391998291e-01 2.362647354602813721e-01
5.099542140960693359e-01 6.765534877777099609e-01 5.124913454055786133e-01 3.735330402851104736e-01 7.088575959205627441e-01 4.271643757820129395e-01 3.601868078112602234e-02 2.495520710945129395e-01 6.528398394584655762e-01 6.069065928459167480e-01
5.099542140960693359e-01 2.189968973398208618e-01 1.730198413133621216e-01 3.735330402851104736e-01 5.745854973793029785e-01 7.366383671760559082e-01 4.293421804904937744e-01 2.914395034313201904e-01 4.456002414226531982e-01 8.161418437957763672e-01
5.099542140960693359e-01 2.119597047567367554e-01 8.120950460433959961e-01 7.296258211135864258e-01 4.034610986709594727e-01 4.271643757820129395e-01 3.417210280895233154e-02 1.705010682344436646e-01 7.698650360107421875e-01 3.845919072628021240e-01
5.099542140960693359e-01 6.716939806938171387e-01 8.384992480278015137e-01 3.735330402851104736e-01 4.098486304283142090e-01 4.271643757820129395e-01 3.736559748649597168e-01 9.381822347640991211e-01 9.855124354362487793e-01 5.181049108505249023e-01
5.099542140960693359e-01 2.480145543813705444e-01 9.022126197814941406e-01 7.296258211135864258e-01 5.745854973793029785e-01 5.184835195541381836e-01 7.276546955108642578e-01 7.905063033103942871e-01 7.270338535308837891e-01 4.707195162773132324e-01
5.099542140960693359e-01 7.011640667915344238e-01 7.985174655914306641e-01 5.930865406990051270e-01 3.969784080982208252e-01 4.271643757820129395e-01 4.999963045120239258e-01 2.235597372055053711e-01 1.845546960830688477e-01 6.069065928459167480e-01
5.099542140960693359e-01 8.614528179168701172e-02 7.631940841674804688e-01 3.735330402851104736e-01 5.745854973793029785e-01 5.184835195541381836e-01 4.224652945995330811e-01 9.087454080581665039e-01 6.686077117919921875e-01 5.564184784889221191e-01
7.200179696083068848e-01 2.957443892955780029e-01 6.518723964691162109e-01 7.296258211135864258e-01 5.745854973793029785e-01 7.366383671760559082e-01 8.410716652870178223e-01 8.493841886520385742e-01 4.150153696537017822e-01 6.564618945121765137e-01
5.099542140960693359e-01 4.309831261634826660e-01 5.236288309097290039e-01 3.735330402851104736e-01 1.766976267099380493e-01 7.366383671760559082e-01 4.566052258014678955e-01 9.853851199150085449e-01 6.019600033760070801e-01 6.564618945121765137e-01
5.099542140960693359e-01 7.549543976783752441e-01 7.519345879554748535e-01 7.296258211135864258e-01 1.766976267099380493e-01 4.271643757820129395e-01 1.291382759809494019e-01 6.752592921257019043e-01 8.800499439239501953e-01 5.181049108505249023e-01
5.099542140960693359e-01 7.115305662155151367e-01 8.549754023551940918e-01 3.735330402851104736e-01 7.088575959205627441e-01 7.366383671760559082e-01 2.450092136859893799e-01 8.697496056556701660e-01 1.237726062536239624e-01 6.564618945121765137e-01
7.200179696083068848e-01 9.017702937126159668e-01 6.995930671691894531e-01 3.735330402851104736e-01 5.745854973793029785e-01 4.271643757820129395e-01 8.720769882202148438e-01 9.074338674545288086e-01 2.635988891124725342e-01 1.142611578106880188e-01
