9.396653771400451660e-01 7.574416995048522949e-01 6.045145392417907715e-01 7.040488123893737793e-01 2.079442888498306274e-01 6.008117198944091797e-01 5.635669827461242676e-01 2.468935102224349976e-01 2.247048318386077881e-01 4.109932780265808105e-01
1.205239910632371902e-02 6.254554390907287598e-01 7.238362431526184082e-01 6.641121506690979004e-01 2.406042963266372681e-01 6.008117198944091797e-01 6.117808222770690918e-01 5.262519121170043945e-01 6.138619780540466309e-01 4.938242435455322266e-01
8.000248074531555176e-01 5.144248604774475098e-01 3.553536832332611084e-01 4.022205770015716553e-01 8.226024508476257324e-01 2.689429819583892822e-01 2.845107913017272949e-01 2.784850299358367920e-01 3.923375308513641357e-01 6.732358932495117188e-01
3.157137930393218994e-01 3.937565982341766357e-01 6.994335651397705078e-01 3.581686317920684814e-01 5.248078703880310059e-01 6.008117198944091797e-01 5.431641340255737305e-01 5.262519121170043945e-01 4.228473305702209473e-01 4.109932780265808105e-01
3.695073723793029785e-01 6.695662140846252441e-01 6.569400429725646973e-01 6.382008790969848633e-01 7.804511189460754395e-01 5.065413713455200195e-01 4.190988838672637939e-01 5.262519121170043945e-01 6.138619780540466309e-01 6.732358932495117188e-01
7.843499779701232910e-01 3.285807669162750244e-01 5.026832818984985352e-01 3.733203411102294922e-01 6.097502112388610840e-01 5.065413713455200195e-01 2.845107913017272949e-01 5.262519121170043945e-01 3.923375308513641357e-01 5.421587228775024414e-01
4.079352319240570068e-01 5.144248604774475098e-01 3.553536832332611084e-01 6.382008790969848633e-01 5.553467869758605957e-01 5.065413713455200195e-01 4.370594918727874756e-01 5.262519121170043945e-01 3.923375308513641357e-01 6.969201564788818359e-01
6.555209755897521973e-01 7.833159565925598145e-01 4.729673266410827637e-01 3.581686317920684814e-01 2.907516360282897949e-01 6.008117198944091797e-01 2.031094878911972046e-01 5.262519121170043945e-01 4.228473305702209473e-01 7.104721665382385254e-01
2.680266201496124268e-01 4.834803938865661621e-01 4.842451512813568115e-01 3.733203411102294922e-01 1.649235934019088745e-01 5.065413713455200195e-01 6.031747460365295410e-01 5.262519121170043945e-01 3.923375308513641357e-01 4.864263236522674561e-01
9.162470102310180664e-01 7.949329614639282227e-01 4.729673266410827637e-01 6.382008790969848633e-01 1.747801750898361206e-01 5.065413713455200195e-01 5.431641340255737305e-01 5.262519121170043945e-01 6.519397497177124023e-01 7.985522747039794922e-01
4.295105934143066406e-01 5.833123326301574707e-01 7.985329031944274902e-01 6.641121506690979004e-01 9.170286059379577637e-01 7.701369524002075195e-01 1.579604595899581909e-01 5.262519121170043945e-01 6.138619780540466309e-01 6.556666493415832520e-01
6.249944567680358887e-01 6.254554390907287598e-01 5.146809220314025879e-01 7.040488123893737793e-01 2.829776406288146973e-01 6.008117198944091797e-01 2.031094878911972046e-01 5.262519121170043945e-01 6.138619780540466309e-01 7.050455808639526367e-01
7.222986817359924316e-01 7.091196775436401367e-01 6.045145392417907715e-01 6.382008790969848633e-01 3.221432864665985107e-01 5.065413713455200195e-01 5.431641340255737305e-01 5.262519121170043945e-01 2.878465652465820312e-01 2.929914295673370361e-01
6.402972340583801270e-01 7.949329614639282227e-01 3.553536832332611084e-01 3.733203411102294922e-01 7.833772301673889160e-01 5.065413713455200195e-01 4.370594918727874756e-01 5.262519121170043945e-01 3.923375308513641357e-01 6.732358932495117188e-01
8.564346432685852051e-01 6.254554390907287598e-01 4.729673266410827637e-01 7.040488123893737793e-01 8.458930253982543945e-01 6.008117198944091797e-01 5.431641340255737305e-01 5.262519121170043945e-01 3.923375308513641357e-01 7.732872962951660156e-01
2.878366112709045410e-01 4.441325068473815918e-01 7.015686035156250000e-01 6.641121506690979004e-01 1.841101199388504028e-01 6.008117198944091797e-01 1.579604595899581909e-01 5.498306751251220703e-01 2.247048318386077881e-01 2.905892431735992432e-01
3.112972378730773926e-01 3.285807669162750244e-01 5.146809220314025879e-01 3.733203411102294922e-01 8.871777653694152832e-01 5.065413713455200195e-01 4.370594918727874756e-01 5.262519121170043945e-01 3.923375308513641357e-01 5.680369138717651367e-01
8.283980488777160645e-01 3.285807669162750244e-01 6.045145392417907715e-01 4.022205770015716553e-01 5.185219049453735352e-01 5.065413713455200195e-01 5.431641340255737305e-01 5.262519121170043945e-01 6.138619780540466309e-01 6.949939727783203125e-01
5.108007192611694336e-01 5.833123326301574707e-01 6.994335651397705078e-01 6.641121506690979004e-01 6.600131988525390625e-01 6.008117198944091797e-01 1.635930389165878296e-01 6.816578507423400879e-01 6.138619780540466309e-01 8.874549865722656250e-01
5.538089871406555176e-01 6.416642069816589355e-01 6.045145392417907715e-01 3.733203411102294922e-01 7.833772301673889160e-01 2.689429819583892822e-01 2.503918409347534180e-01 5.262519121170043945e-01 6.138619780540466309e-01 3.399909138679504395e-01
8.869520425796508789e-01 5.144248604774475098e-01 3.553536832332611084e-01 6.382008790969848633e-01 4.244036376476287842e-01 5.065413713455200195e-01 4.742678105831146240e-01 6.816578507423400879e-01 3.923375308513641357e-01 6.325861811637878418e-01
6.273782849311828613e-01 6.277729868888854980e-01 7.693706750869750977e-01 6.641121506690979004e-01 5.526941418647766113e-01 3.385969400405883789e-01 4.393527507781982422e-01 4.693380296230316162e-01 6.138619780540466309e-01 3.272367417812347412e-01
5.152588486671447754e-01 2.325497269630432129e-01 8.102943301200866699e-01 3.422408401966094971e-01 3.180186450481414795e-01 6.008117198944091797e-01 4.370594918727874756e-01 5.262519121170043945e-01 5.816141963005065918e-01 2.689649462699890137e-01
5.775859951972961426e-01 5.144248604774475098e-01 6.994335651397705078e-01 3.733203411102294922e-01 8.334901332855224609e-01 5.388067960739135742e-01 2.845107913017272949e-01 6.816578507423400879e-01 3.923375308513641357e-01 5.500518679618835449e-01
5.930634140968322754e-01 4.379092156887054443e-01 4.729673266410827637e-01 6.641121506690979004e-01 5.132642984390258789e-01 6.008117198944091797e-01 1.013998091220855713e-01 5.262519121170043945e-01 6.138619780540466309e-01 8.590759038925170898e-01
3.593407869338989258e-01 5.603553056716918945e-01 7.985329031944274902e-01 3.733203411102294922e-01 4.201382398605346680e-01 5.065413713455200195e-01 3.296393156051635742e-01 5.262519121170043945e-01 3.685480654239654541e-01 6.599177718162536621e-01
3.501735627651214600e-01 7.833159565925598145e-01 4.570381045341491699e-01 2.487577795982360840e-01 8.437938690185546875e-01 6.008117198944091797e-01 2.845107913017272949e-01 6.816578507423400879e-01 3.923375308513641357e-01 6.754466295242309570e-01
3.117862641811370850e-01 5.487816929817199707e-01 4.825597405433654785e-01 6.382008790969848633e-01 6.139858961105346680e-01 5.065413713455200195e-01 1.013998091220855713e-01 6.816578507423400879e-01 3.923375308513641357e-01 5.835152864456176758e-01
6.356662511825561523e-01 7.833159565925598145e-01 3.538090884685516357e-01 6.641121506690979004e-01 6.959317326545715332e-01 3.385969400405883789e-01 5.595091581344604492e-01 6.816578507423400879e-01 6.519397497177124023e-01 6.325861811637878418e-01
5.821540951728820801e-01 4.379092156887054443e-01 6.342358589172363281e-01 6.402511000633239746e-01 3.677395582199096680e-01 6.008117198944091797e-01 1.013998091220855713e-01 6.816578507423400879e-01 3.385969400405883789e-01 7.556296586990356445e-01
6.941498517990112305e-01 3.285807669162750244e-01 4.729673266410827637e-01 6.772494316101074219e-01 2.951272428035736084e-01 5.065413713455200195e-01 1.579604595899581909e-01 5.262519121170043945e-01 6.138619780540466309e-01 2.528006136417388916e-01
8.205218911170959473e-01 4.379092156887054443e-01 6.045145392417907715e-01 4.437892735004425049e-01 7.813112139701843262e-01 6.008117198944091797e-01 5.994641184806823730e-01 5.262519121170043945e-01 6.138619780540466309e-01 3.876436352729797363e-01
8.255839347839355469e-01 6.416642069816589355e-01 4.729673266410827637e-01 6.382008790969848633e-01 3.641832172870635986e-01 5.065413713455200195e-01 1.968202441930770874e-01 5.262519121170043945e-01 6.138619780540466309e-01 9.298475980758666992e-01
6.257776618003845215e-01 2.909046709537506104e-01 6.045145392417907715e-01 4.022205770015716553e-01 6.991707682609558105e-01 5.065413713455200195e-01 5.431641340255737305e-01 5.262519121170043945e-01 7.564510703086853027e-01 7.692463397979736328e-01
9.519225358963012695e-01 3.937565982341766357e-01 6.994335651397705078e-01 3.581686317920684814e-01 3.267377614974975586e-01 6.008117198944091797e-01 4.985287785530090332e-01 5.262519121170043945e-01 3.685480654239654541e-01 8.382676243782043457e-01
8.324383497238159180e-01 3.937565982341766357e-01 4.729673266410827637e-01 6.641121506690979004e-01 2.497721016407012939e-01 6.008117198944091797e-01 4.985287785530090332e-01 5.262519121170043945e-01 3.685480654239654541e-01 5.483083724975585938e-01
8.290673494338989258e-01 6.277729868888854980e-01 6.045145392417907715e-01 7.040488123893737793e-01 3.421078622341156006e-01 6.008117198944091797e-01 4.264175593852996826e-01 5.262519121170043945e-01 2.247048318386077881e-01 1.774636059999465942e-01
4.580193161964416504e-01 6.254554390907287598e-01 6.045145392417907715e-01 6.641121506690979004e-01 3.472551405429840088e-01 6.008117198944091797e-01 4.370594918727874756e-01 5.262519121170043945e-01 6.138619780540466309e-01 4.875594079494476318e-01
2.389943003654479980e-01 6.254554390907287598e-01 7.384222149848937988e-01 6.402511000633239746e-01 9.177529811859130859e-01 6.008117198944091797e-01 6.421960145235061646e-02 5.262519121170043945e-01 6.138619780540466309e-01 1.961159557104110718e-01
2.791126370429992676e-01 3.285807669162750244e-01 3.553536832332611084e-01 6.382008790969848633e-01 5.398654341697692871e-01 5.065413713455200195e-01 4.370594918727874756e-01 5.498306751251220703e-01 6.138619780540466309e-01 6.780539155006408691e-01
3.636470064520835876e-02 3.285807669162750244e-01 6.994335651397705078e-01 6.382008790969848633e-01 6.473317742347717285e-01 2.689429819583892822e-01 3.488414287567138672e-01 5.262519121170043945e-01 6.138619780540466309e-01 6.732358932495117188e-01
4.681231826543807983e-02 4.834803938865661621e-01 7.985329031944274902e-01 6.382008790969848633e-01 4.690352976322174072e-01 5.065413713455200195e-01 2.845107913017272949e-01 6.816578507423400879e-01 6.138619780540466309e-01 6.263875961303710938e-01
5.257419347763061523e-01 3.937565982341766357e-01 4.729673266410827637e-01 7.040488123893737793e-01 9.218780398368835449e-01 7.701369524002075195e-01 4.370594918727874756e-01 6.816578507423400879e-01 5.816141963005065918e-01 8.168684840202331543e-01
3.020991571247577667e-02 5.487816929817199707e-01 5.026832818984985352e-01 6.382008790969848633e-01 8.198583126068115234e-01 5.065413713455200195e-01 6.888610124588012695e-01 5.262519121170043945e-01 6.138619780540466309e-01 4.126991033554077148e-01
6.855458617210388184e-01 8.396905660629272461e-01 3.553536832332611084e-01 6.641121506690979004e-01 7.648688554763793945e-01 6.008117198944091797e-01 1.421421021223068237e-01 6.816578507423400879e-01 3.385969400405883789e-01 2.049062401056289673e-01
2.481131404638290405e-01 5.144248604774475098e-01 7.240363359451293945e-01 3.733203411102294922e-01 4.367811977863311768e-01 2.689429819583892822e-01 2.131277620792388916e-01 2.468935102224349976e-01 3.385969400405883789e-01 2.124811112880706787e-01
5.676954388618469238e-01 7.075678706169128418e-01 6.045145392417907715e-01 7.215149998664855957e-01 4.650891721248626709e-01 5.065413713455200195e-01 3.418634235858917236e-01 5.262519121170043945e-01 6.519397497177124023e-01 6.216079369187355042e-02
7.386942505836486816e-01 6.656789779663085938e-01 6.145980954170227051e-01 7.215149998664855957e-01 7.972325086593627930e-01 5.065413713455200195e-01 3.769055306911468506e-01 6.816578507423400879e-01 6.519397497177124023e-01 1.350424587726593018e-01
2.231910228729248047e-01 6.993612647056579590e-01 5.026832818984985352e-01 6.772494316101074219e-01 7.907960414886474609e-01 5.065413713455200195e-01 6.974281370639801025e-02 5.262519121170043945e-01 6.138619780540466309e-01 3.042929470539093018e-01
6.473960876464843750e-01 5.144248604774475098e-01 3.553536832332611084e-01 3.733203411102294922e-01 3.732054233551025391e-01 5.065413713455200195e-01 1.579604595899581909e-01 5.262519121170043945e-01 3.923375308513641357e-01 6.251541972160339355e-01
9.693205952644348145e-01 6.594195365905761719e-01 4.842451512813568115e-01 6.641121506690979004e-01 8.571817874908447266e-01 6.008117198944091797e-01 4.519096016883850098e-01 5.262519121170043945e-01 6.138619780540466309e-01 8.717560768127441406e-01
1.373338252305984497e-01 3.285807669162750244e-01 4.729673266410827637e-01 3.733203411102294922e-01 2.130392938852310181e-01 5.065413713455200195e-01 4.962900578975677490e-01 6.816578507423400879e-01 6.138619780540466309e-01 5.503605678677558899e-02
5.238429903984069824e-01 4.834803938865661621e-01 4.276998341083526611e-01 6.382008790969848633e-01 4.982845187187194824e-01 2.280516028404235840e-01 4.519096016883850098e-01 6.816578507423400879e-01 3.923375308513641357e-01 7.959697842597961426e-01
7.513606548309326172e-01 7.833159565925598145e-01 6.045145392417907715e-01 3.581686317920684814e-01 8.576472401618957520e-01 3.385969400405883789e-01 3.680296540260314941e-01 5.262519121170043945e-01 6.138619780540466309e-01 5.713108181953430176e-01
2.881240844726562500e-01 7.127639651298522949e-01 4.729673266410827637e-01 6.641121506690979004e-01 7.427533268928527832e-01 6.008117198944091797e-01 3.389295637607574463e-01 6.816578507423400879e-01 2.247048318386077881e-01 2.273479849100112915e-01
1.981116384267807007e-01 5.144248604774475098e-01 7.985329031944274902e-01 3.733203411102294922e-01 8.282575011253356934e-01 5.065413713455200195e-01 6.260427832603454590e-01 5.262519121170043945e-01 6.138619780540466309e-01 8.687521219253540039e-01
3.942919969558715820e-01 6.254554390907287598e-01 3.553536832332611084e-01 6.641121506690979004e-01 8.130877017974853516e-01 6.008117198944091797e-01 8.279852867126464844e-01 5.262519121170043945e-01 6.138619780540466309e-01 6.023321151733398438e-01
7.108181118965148926e-01 3.285807669162750244e-01 7.226857542991638184e-01 6.382008790969848633e-01 8.799204230308532715e-01 5.065413713455200195e-01 4.519096016883850098e-01 6.816578507423400879e-01 3.923375308513641357e-01 2.826514542102813721e-01
8.281699419021606445e-01 3.285807669162750244e-01 4.842451512813568115e-01 6.382008790969848633e-01 6.832066774368286133e-01 5.065413713455200195e-01 3.848375082015991211e-01 6.816578507423400879e-01 3.923375308513641357e-01 2.441641241312026978e-01
2.173948884010314941e-01 4.070560634136199951e-01 6.994335651397705078e-01 6.382008790969848633e-01 5.272197127342224121e-01 5.065413713455200195e-01 4.962900578975677490e-01 6.816578507423400879e-01 4.228473305702209473e-01 2.905892431735992432e-01
2.391246408224105835e-01 4.834803938865661621e-01 3.553536832332611084e-01 3.733203411102294922e-01 6.574681401252746582e-01 5.388067960739135742e-01 3.667447268962860107e-01 2.468935102224349976e-01 6.138619780540466309e-01 6.325861811637878418e-01
1.742322742938995361e-01 3.285807669162750244e-01 3.553536832332611084e-01 3.733203411102294922e-01 3.478506505489349365e-01 5.065413713455200195e-01 5.445557236671447754e-01 2.784850299358367920e-01 6.138619780540466309e-01 3.637962043285369873e-01
5.193352103233337402e-01 7.091196775436401367e-01 6.045145392417907715e-01 3.733203411102294922e-01 2.158930897712707520e-01 5.065413713455200195e-01 3.488414287567138672e-01 2.468935102224349976e-01 4.228473305702209473e-01 1.604175418615341187e-01
4.908810853958129883e-01 4.834803938865661621e-01 7.384222149848937988e-01 6.382008790969848633e-01 4.892697334289550781e-01 5.065413713455200195e-01 4.370594918727874756e-01 5.262519121170043945e-01 2.247048318386077881e-01 2.959465384483337402e-01
5.867399573326110840e-01 8.396905660629272461e-01 6.967484951019287109e-01 7.215149998664855957e-01 5.578621029853820801e-01 5.065413713455200195e-01 2.031094878911972046e-01 4.693380296230316162e-01 3.923375308513641357e-01 4.126991033554077148e-01
6.679714918136596680e-01 4.379092156887054443e-01 3.553536832332611084e-01 4.437892735004425049e-01 7.157735228538513184e-01 3.385969400405883789e-01 6.260427832603454590e-01 5.262519121170043945e-01 6.138619780540466309e-01 6.434218287467956543e-01
3.973148167133331299e-01 5.144248604774475098e-01 4.729673266410827637e-01 4.022205770015716553e-01 1.859293878078460693e-01 5.065413713455200195e-01 7.547104358673095703e-01 5.262519121170043945e-01 3.923375308513641357e-01 6.072174310684204102e-01
6.811513900756835938e-01 6.277729868888854980e-01 3.553536832332611084e-01 6.641121506690979004e-01 4.826605618000030518e-01 6.008117198944091797e-01 1.635930389165878296e-01 5.262519121170043945e-01 6.138619780540466309e-01 5.713108181953430176e-01
4.188753962516784668e-01 7.472292780876159668e-01 7.384222149848937988e-01 3.733203411102294922e-01 5.890175104141235352e-01 7.291347384452819824e-01 1.579604595899581909e-01 5.000000000000000000e-01 4.794274866580963135e-01 8.195526599884033203e-01
8.439995050430297852e-01 7.949329614639282227e-01 4.729673266410827637e-01 3.733203411102294922e-01 4.446122050285339355e-01 6.008117198944091797e-01 4.519096016883850098e-01 5.262519121170043945e-01 6.138619780540466309e-01 6.086732149124145508e-01
6.778691411018371582e-01 6.254554390907287598e-01 7.985329031944274902e-01 7.040488123893737793e-01 6.401126980781555176e-01 6.008117198944091797e-01 6.768350005149841309e-01 5.262519121170043945e-01 3.923375308513641357e-01 5.713108181953430176e-01
9.199818372726440430e-01 2.649797499179840088e-01 2.286826223134994507e-01 6.382008790969848633e-01 1.350071132183074951e-01 5.065413713455200195e-01 6.341073513031005859e-01 6.816578507423400879e-01 6.138619780540466309e-01 8.192546963691711426e-01
8.272442817687988281e-01 6.277729868888854980e-01 2.479223608970642090e-01 6.641121506690979004e-01 1.380542218685150146e-01 6.008117198944091797e-01 2.967331707477569580e-01 4.693380296230316162e-01 6.138619780540466309e-01 9.528017044067382812e-01
7.797332406044006348e-01 7.833159565925598145e-01 3.524406552314758301e-01 3.422408401966094971e-01 4.148812592029571533e-01 6.008117198944091797e-01 8.050139248371124268e-02 6.816578507423400879e-01 6.519397497177124023e-01 7.655491232872009277e-01
3.575946390628814697e-01 4.379092156887054443e-01 3.503910303115844727e-01 7.040488123893737793e-01 7.073013782501220703e-01 6.008117198944091797e-01 4.519096016883850098e-01 4.693380296230316162e-01 6.138619780540466309e-01 2.673591673374176025e-01
1.591030955314636230e-01 4.821239113807678223e-01 6.994335651397705078e-01 3.733203411102294922e-01 7.423201203346252441e-01 7.291347384452819824e-01 2.145870625972747803e-01 5.262519121170043945e-01 2.878465652465820312e-01 4.473382234573364258e-01
7.351529002189636230e-01 5.144248604774475098e-01 2.538151741027832031e-01 6.382008790969848633e-01 9.787043184041976929e-02 5.065413713455200195e-01 6.766794323921203613e-01 5.262519121170043945e-01 6.138619780540466309e-01 8.849083185195922852e-01
9.525809884071350098e-01 3.937565982341766357e-01 4.729673266410827637e-01 3.581686317920684814e-01 8.173502683639526367e-01 7.701369524002075195e-01 6.341073513031005859e-01 4.693380296230316162e-01 2.878465652465820312e-01 4.757995009422302246e-01
5.693705677986145020e-01 4.468721151351928711e-01 3.553536832332611084e-01 3.733203411102294922e-01 6.251766681671142578e-01 2.280516028404235840e-01 3.370269238948822021e-01 2.468935102224349976e-01 2.386687248945236206e-01 1.961159557104110718e-01
9.183676242828369141e-01 6.277729868888854980e-01 4.697928130626678467e-01 6.641121506690979004e-01 5.497303009033203125e-01 3.385969400405883789e-01 7.656736373901367188e-01 5.262519121170043945e-01 6.138619780540466309e-01 7.375408411026000977e-01
2.466906160116195679e-01 4.379092156887054443e-01 3.524406552314758301e-01 6.402511000633239746e-01 3.956000208854675293e-01 6.008117198944091797e-01 5.993514657020568848e-01 6.816578507423400879e-01 6.138619780540466309e-01 2.673591673374176025e-01
3.984114825725555420e-01 6.416642069816589355e-01 4.276998341083526611e-01 3.733203411102294922e-01 8.620109558105468750e-01 5.065413713455200195e-01 4.402987957000732422e-01 6.816578507423400879e-01 6.138619780540466309e-01 7.942488193511962891e-01
3.614700734615325928e-01 7.833159565925598145e-01 4.729673266410827637e-01 6.641121506690979004e-01 2.456979304552078247e-01 6.008117198944091797e-01 4.402987957000732422e-01 5.262519121170043945e-01 6.138619780540466309e-01 5.452535152435302734e-01
1.342084407806396484e-01 6.254554390907287598e-01 6.045145392417907715e-01 6.641121506690979004e-01 4.243257641792297363e-01 3.385969400405883789e-01 1.896125525236129761e-01 5.262519121170043945e-01 6.138619780540466309e-01 3.637962043285369873e-01
1.675331145524978638e-01 4.834803938865661621e-01 6.045145392417907715e-01 6.382008790969848633e-01 6.403477191925048828e-01 5.065413713455200195e-01 4.519096016883850098e-01 5.262519121170043945e-01 6.138619780540466309e-01 6.752352118492126465e-01
1.861713230609893799e-01 8.165214061737060547e-01 3.553536832332611084e-01 4.022205770015716553e-01 5.561017394065856934e-01 5.065413713455200195e-01 4.519096016883850098e-01 5.262519121170043945e-01 4.228473305702209473e-01 2.892219424247741699e-01
7.863982915878295898e-01 3.285807669162750244e-01 4.842451512813568115e-01 3.733203411102294922e-01 5.946138501167297363e-01 5.065413713455200195e-01 2.478480041027069092e-01 5.262519121170043945e-01 6.138619780540466309e-01 2.441641241312026978e-01
5.773879289627075195e-01 4.008145332336425781e-01 3.538090884685516357e-01 3.733203411102294922e-01 9.110481739044189453e-01 5.065413713455200195e-01 2.680789232254028320e-01 2.468935102224349976e-01 2.386687248945236206e-01 2.441641241312026978e-01
2.958593964576721191e-01 5.144248604774475098e-01 3.553536832332611084e-01 3.733203411102294922e-01 7.802540659904479980e-01 5.065413713455200195e-01 3.457587957382202148e-01 5.262519121170043945e-01 6.138619780540466309e-01 8.480924367904663086e-01
7.219576835632324219e-01 3.937565982341766357e-01 4.729673266410827637e-01 6.641121506690979004e-01 8.724497556686401367e-01 6.008117198944091797e-01 1.579604595899581909e-01 5.262519121170043945e-01 2.878465652465820312e-01 4.422908127307891846e-01
3.692020773887634277e-01 6.277729868888854980e-01 4.842451512813568115e-01 6.641121506690979004e-01 4.492477774620056152e-01 6.008117198944091797e-01 2.680789232254028320e-01 5.262519121170043945e-01 6.138619780540466309e-01 7.962268590927124023e-01
1.124997511506080627e-01 3.285807669162750244e-01 4.729673266410827637e-01 3.733203411102294922e-01 4.464113116264343262e-01 5.065413713455200195e-01 1.073348000645637512e-01 6.816578507423400879e-01 6.138619780540466309e-01 4.373057186603546143e-01
7.380808591842651367e-01 6.416642069816589355e-01 4.276998341083526611e-01 6.772494316101074219e-01 7.460446357727050781e-01 5.065413713455200195e-01 6.341073513031005859e-01 2.784850299358367920e-01 2.247048318386077881e-01 1.446683406829833984e-01
4.578855633735656738e-01 1.599058359861373901e-01 4.729673266410827637e-01 3.733203411102294922e-01 4.617628455162048340e-01 5.065413713455200195e-01 4.519096016883850098e-01 5.262519121170043945e-01 7.564510703086853027e-01 1.638196408748626709e-01
5.626156926155090332e-01 2.318746447563171387e-01 6.045145392417907715e-01 6.641121506690979004e-01 1.823643743991851807e-01 6.008117198944091797e-01 7.656736373901367188e-01 4.693380296230316162e-01 5.816141963005065918e-01 5.953589081764221191e-01
6.648793220520019531e-01 6.277729868888854980e-01 6.342358589172363281e-01 3.422408401966094971e-01 6.886671781539916992e-01 6.008117198944091797e-01 4.519096016883850098e-01 2.468935102224349976e-01 6.138619780540466309e-01 3.042929470539093018e-01
1.987688988447189331e-01 7.833159565925598145e-01 4.729673266410827637e-01 6.641121506690979004e-01 8.422166705131530762e-01 6.008117198944091797e-01 4.519096016883850098e-01 5.262519121170043945e-01 6.138619780540466309e-01 4.418055415153503418e-01
1.839147210121154785e-01 5.144248604774475098e-01 6.045145392417907715e-01 3.733203411102294922e-01 9.184151291847229004e-01 5.065413713455200195e-01 2.721396982669830322e-01 5.262519121170043945e-01 6.138619780540466309e-01 2.441641241312026978e-01
5.569624900817871094e-01 5.144248604774475098e-01 6.994335651397705078e-01 3.733203411102294922e-01 9.669775962829589844e-01 5.065413713455200195e-01 2.578520178794860840e-01 6.816578507423400879e-01 6.138619780540466309e-01 6.940761208534240723e-01
5.323292613029479980e-01 2.318746447563171387e-01 6.045145392417907715e-01 3.581686317920684814e-01 5.848819613456726074e-01 6.008117198944091797e-01 4.519096016883850098e-01 6.816578507423400879e-01 4.228473305702209473e-01 4.109932780265808105e-01
3.128281831741333008e-01 8.234370946884155273e-01 4.729673266410827637e-01 3.733203411102294922e-01 4.153657257556915283e-01 2.689429819583892822e-01 6.168342828750610352e-01 6.816578507423400879e-01 4.228473305702209473e-01 1.446683406829833984e-01
7.919664978981018066e-01 6.277729868888854980e-01 4.729673266410827637e-01 6.641121506690979004e-01 4.977919161319732666e-01 6.008117198944091797e-01 8.644944429397583008e-01 6.816578507423400879e-01 6.138619780540466309e-01 4.090140461921691895e-01
8.029461503028869629e-01 5.221879482269287109e-01 4.729673266410827637e-01 6.641121506690979004e-01 1.457260400056838989e-01 3.385969400405883789e-01 1.896125525236129761e-01 4.693380296230316162e-01 4.794274866580963135e-01 1.345595866441726685e-01
4.129495322704315186e-01 1.545595675706863403e-01 5.404950380325317383e-01 3.733203411102294922e-01 7.562183737754821777e-01 5.065413713455200195e-01 2.630259990692138672e-01 2.468935102224349976e-01 2.386687248945236206e-01 6.072174310684204102e-01
3.556043803691864014e-01 7.949329614639282227e-01 6.045145392417907715e-01 3.733203411102294922e-01 7.841074466705322266e-01 5.065413713455200195e-01 7.114269733428955078e-01 5.262519121170043945e-01 6.138619780540466309e-01 7.375408411026000977e-01
4.587489366531372070e-01 7.833159565925598145e-01 4.729673266410827637e-01 6.641121506690979004e-01 7.754611968994140625e-01 6.008117198944091797e-01 5.692136287689208984e-01 6.816578507423400879e-01 6.138619780540466309e-01 4.453162252902984619e-01
6.220769882202148438e-01 7.075678706169128418e-01 4.729673266410827637e-01 7.215149998664855957e-01 5.485376715660095215e-01 5.065413713455200195e-01 2.031094878911972046e-01 5.262519121170043945e-01 4.794274866580963135e-01 5.212118029594421387e-01
8.267297148704528809e-01 6.695662140846252441e-01 4.729673266410827637e-01 3.733203411102294922e-01 5.553467869758605957e-01 5.065413713455200195e-01 4.324923753738403320e-01 2.784850299358367920e-01 6.138619780540466309e-01 6.072174310684204102e-01
3.872522115707397461e-01 3.928531408309936523e-01 6.045145392417907715e-01 6.641121506690979004e-01 2.547779381275177002e-01 7.701369524002075195e-01 2.031094878911972046e-01 5.262519121170043945e-01 4.228473305702209473e-01 6.768811345100402832e-01
2.610697150230407715e-01 3.937565982341766357e-01 4.729673266410827637e-01 6.641121506690979004e-01 5.032798051834106445e-01 6.008117198944091797e-01 7.408758401870727539e-01 5.262519121170043945e-01 4.794274866580963135e-01 4.109932780265808105e-01
8.281251788139343262e-01 8.058285713195800781e-01 6.994335651397705078e-01 3.581686317920684814e-01 3.585941195487976074e-01 3.385969400405883789e-01 3.090066313743591309e-01 6.816578507423400879e-01 6.138619780540466309e-01 3.163214027881622314e-01
6.832674145698547363e-01 6.313503384590148926e-01 4.729673266410827637e-01 6.641121506690979004e-01 6.650390028953552246e-01 6.008117198944091797e-01 3.373835682868957520e-01 5.262519121170043945e-01 4.228473305702209473e-01 7.828427553176879883e-01
4.354905188083648682e-01 4.379092156887054443e-01 4.842451512813568115e-01 6.641121506690979004e-01 9.117391109466552734e-01 6.008117198944091797e-01 3.373835682868957520e-01 5.262519121170043945e-01 6.138619780540466309e-01 1.050063744187355042e-01
2.167580574750900269e-01 6.254554390907287598e-01 6.994335651397705078e-01 6.641121506690979004e-01 8.606156110763549805e-01 3.385969400405883789e-01 2.845107913017272949e-01 6.816578507423400879e-01 6.138619780540466309e-01 7.427046895027160645e-01
7.210952639579772949e-01 3.285807669162750244e-01 7.985329031944274902e-01 6.382008790969848633e-01 7.705669403076171875e-01 2.689429819583892822e-01 3.046737611293792725e-01 6.816578507423400879e-01 6.138619780540466309e-01 8.717560768127441406e-01
3.593733608722686768e-01 3.285807669162750244e-01 4.729673266410827637e-01 6.382008790969848633e-01 5.147435665130615234e-01 5.065413713455200195e-01 4.370594918727874756e-01 6.816578507423400879e-01 6.138619780540466309e-01 5.446868538856506348e-01
2.450947761535644531e-01 4.834803938865661621e-01 4.825597405433654785e-01 6.382008790969848633e-01 4.944688677787780762e-01 5.065413713455200195e-01 3.446425795555114746e-01 6.816578507423400879e-01 3.923375308513641357e-01 3.831927180290222168e-01
4.338356554508209229e-01 4.379092156887054443e-01 8.798089623451232910e-01 6.402511000633239746e-01 8.675445318222045898e-01 6.008117198944091797e-01 6.260427832603454590e-01 6.816578507423400879e-01 3.385969400405883789e-01 4.766954481601715088e-02
4.473906159400939941e-01 4.834803938865661621e-01 4.729673266410827637e-01 6.772494316101074219e-01 7.454708814620971680e-01 5.065413713455200195e-01 3.052725493907928467e-01 5.262519121170043945e-01 6.138619780540466309e-01 2.747105956077575684e-01
4.034214913845062256e-01 4.834803938865661621e-01 4.842451512813568115e-01 3.733203411102294922e-01 8.369532227516174316e-01 5.065413713455200195e-01 2.845107913017272949e-01 6.816578507423400879e-01 6.138619780540466309e-01 2.673591673374176025e-01
5.054314136505126953e-01 4.834803938865661621e-01 4.729673266410827637e-01 6.382008790969848633e-01 7.835386395454406738e-01 5.065413713455200195e-01 4.370594918727874756e-01 5.262519121170043945e-01 6.519397497177124023e-01 3.307008445262908936e-01
3.979632258415222168e-01 5.144248604774475098e-01 3.553536832332611084e-01 3.733203411102294922e-01 9.079716801643371582e-01 5.065413713455200195e-01 2.845107913017272949e-01 6.816578507423400879e-01 6.138619780540466309e-01 2.673591673374176025e-01
4.028390049934387207e-01 7.949329614639282227e-01 4.729673266410827637e-01 6.382008790969848633e-01 2.831988036632537842e-01 5.065413713455200195e-01 1.411490440368652344e-01 6.816578507423400879e-01 6.138619780540466309e-01 2.715462148189544678e-01
6.210893392562866211e-01 8.396905660629272461e-01 7.985329031944274902e-01 7.215149998664855957e-01 9.792487621307373047e-01 5.065413713455200195e-01 6.260427832603454590e-01 6.816578507423400879e-01 6.138619780540466309e-01 4.126991033554077148e-01
