4.474889934062957764e-01 6.220989823341369629e-01 5.331650972366333008e-01 6.435409784317016602e-01 5.756608396768569946e-02 6.050060391426086426e-01 1.978246122598648071e-01 1.150417402386665344e-01 9.456194639205932617e-01 6.956850886344909668e-01
2.951281964778900146e-01 7.680836319923400879e-01 2.873523533344268799e-01 4.064716696739196777e-01 3.840576112270355225e-01 1.736963540315628052e-01 6.540176272392272949e-01 9.177495241165161133e-01 8.799720406532287598e-01 8.189028501510620117e-01
3.836499750614166260e-01 2.114251703023910522e-01 4.494807124137878418e-01 5.999307632446289062e-01 6.862313151359558105e-01 7.219445705413818359e-01 6.540176272392272949e-01 5.507327318191528320e-01 3.945918679237365723e-01 8.852478861808776855e-01
6.252716779708862305e-01 7.127155065536499023e-01 5.174565911293029785e-01 5.061341524124145508e-01 3.840224146842956543e-01 2.058600932359695435e-01 3.610369265079498291e-01 2.711385190486907959e-01 8.723676800727844238e-01 4.249769449234008789e-01
4.937534332275390625e-01 8.148959279060363770e-01 6.343824863433837891e-01 3.113642334938049316e-01 9.434714913368225098e-01 2.606172859668731689e-01 3.116680681705474854e-01 6.426166296005249023e-01 9.833546280860900879e-01 7.509980797767639160e-01
5.667168498039245605e-01 5.666829943656921387e-01 4.160154163837432861e-01 5.684875249862670898e-01 9.056823849678039551e-01 4.713533222675323486e-01 1.653643846511840820e-01 7.672659158706665039e-01 2.795710563659667969e-01 3.462775051593780518e-01
1.698064208030700684e-01 6.688944697380065918e-01 4.160154163837432861e-01 6.563693284988403320e-01 8.536943197250366211e-01 1.279874742031097412e-01 4.134981930255889893e-01 6.679832935333251953e-01 4.750643372535705566e-01 4.092384874820709229e-01
2.428716272115707397e-01 5.797135233879089355e-01 6.302273273468017578e-01 1.207287162542343140e-01 5.350488424301147461e-01 2.859839200973510742e-01 6.283993124961853027e-01 9.085720777511596680e-01 9.194294810295104980e-01 4.185820221900939941e-01
7.198936343193054199e-01 7.837801575660705566e-01 6.920458078384399414e-01 7.068395018577575684e-01 6.310617327690124512e-01 4.589280784130096436e-01 1.700182110071182251e-01 7.550188899040222168e-01 2.678106129169464111e-01 6.285316944122314453e-01
8.538866639137268066e-01 3.707924187183380127e-01 4.638269841670989990e-01 3.676911070942878723e-02 5.881757140159606934e-01 5.095885396003723145e-01 3.392048478126525879e-01 7.368171215057373047e-01 4.446781575679779053e-01 6.575678586959838867e-01
3.734207153320312500e-01 2.767816185951232910e-01 9.087477922439575195e-01 8.630887269973754883e-01 1.926328837871551514e-01 8.361294269561767578e-01 7.367470264434814453e-01 7.822010517120361328e-01 5.716968774795532227e-01 8.262318372726440430e-02
7.005016207695007324e-01 3.326824009418487549e-01 5.331650972366333008e-01 6.347010731697082520e-01 8.860510587692260742e-01 5.079228281974792480e-01 4.446137547492980957e-01 8.886259198188781738e-01 9.278175234794616699e-01 4.599156081676483154e-01
5.386409163475036621e-01 8.732060790061950684e-01 3.222053647041320801e-01 5.589447617530822754e-01 6.163623929023742676e-01 3.080306649208068848e-01 5.752224326133728027e-01 2.503077685832977295e-01 1.201968044042587280e-01 5.099479556083679199e-01
3.836499750614166260e-01 5.846583843231201172e-01 2.421479672193527222e-01 2.219246141612529755e-02 2.564514279365539551e-01 5.151740312576293945e-01 4.422155618667602539e-01 3.910952806472778320e-01 7.917048931121826172e-01 3.677919209003448486e-01
3.836477398872375488e-01 4.219808578491210938e-01 7.147276401519775391e-01 1.838215142488479614e-01 7.504476904869079590e-01 5.395048260688781738e-01 3.610369265079498291e-01 4.022293090820312500e-01 8.542404770851135254e-01 2.465081661939620972e-01
4.802193045616149902e-01 5.369197130203247070e-01 5.070610046386718750e-01 1.320993751287460327e-01 2.618522942066192627e-01 5.411980748176574707e-01 2.640016674995422363e-01 5.861876606941223145e-01 3.204890787601470947e-01 5.106992125511169434e-01
5.386409163475036621e-01 4.497341215610504150e-01 4.999513626098632812e-01 7.376175522804260254e-01 4.236052930355072021e-01 6.629297137260437012e-01 6.606650352478027344e-01 1.708814799785614014e-01 4.074596166610717773e-01 7.871088385581970215e-01
5.425651073455810547e-01 4.040943682193756104e-01 6.570370793342590332e-01 5.649189949035644531e-01 9.075476527214050293e-01 6.921328306198120117e-01 3.610369265079498291e-01 7.149164676666259766e-01 9.767646193504333496e-01 8.080677390098571777e-01
2.654519379138946533e-01 5.849913358688354492e-01 1.391246616840362549e-01 8.620386123657226562e-01 1.897953897714614868e-01 2.371153533458709717e-01 3.678727149963378906e-01 8.027154803276062012e-01 8.651174902915954590e-01 1.262580752372741699e-01
7.641844153404235840e-01 4.040943682193756104e-01 3.771195113658905029e-01 5.929628014564514160e-01 4.536092579364776611e-01 5.079228281974792480e-01 6.540176272392272949e-01 8.813177347183227539e-01 9.045411348342895508e-01 6.008211523294448853e-02
2.928905487060546875e-01 7.876320481300354004e-01 6.795107126235961914e-01 7.646486759185791016e-01 1.457110941410064697e-01 3.465130925178527832e-01 8.926285505294799805e-01 8.858011960983276367e-01 9.589210748672485352e-01 8.460695743560791016e-01
6.511955261230468750e-01 8.854783773422241211e-01 7.147276401519775391e-01 3.971327543258666992e-01 6.216674298048019409e-02 1.736963540315628052e-01 7.367470264434814453e-01 3.770678937435150146e-01 8.555493354797363281e-01 4.545147716999053955e-01
3.836477398872375488e-01 3.525304198265075684e-01 1.602154970169067383e-01 2.274547666311264038e-01 3.709532618522644043e-01 2.600972950458526611e-01 7.263919115066528320e-01 1.332316249608993530e-01 4.583117365837097168e-01 6.856783479452133179e-02
5.772463083267211914e-01 5.121576189994812012e-01 6.801766753196716309e-01 4.618275165557861328e-01 4.570893943309783936e-01 4.905202686786651611e-01 3.610369265079498291e-01 3.661068081855773926e-01 6.783674359321594238e-01 9.127017259597778320e-01
5.085756182670593262e-01 5.789499878883361816e-01 4.720049500465393066e-01 8.784008622169494629e-01 5.830888748168945312e-01 5.132117271423339844e-01 3.678727149963378906e-01 4.563146084547042847e-02 5.148586630821228027e-01 4.940560758113861084e-01
2.784624397754669189e-01 8.153330683708190918e-01 8.610609918832778931e-02 5.700150132179260254e-01 7.741604447364807129e-01 6.145043969154357910e-01 1.653643846511840820e-01 1.613220423460006714e-01 2.947539389133453369e-01 2.395870834589004517e-01
3.642810881137847900e-01 4.409011304378509521e-01 5.507536530494689941e-01 9.122173190116882324e-01 8.612093329429626465e-01 4.046639800071716309e-01 6.540176272392272949e-01 7.378040552139282227e-01 8.934370279312133789e-01 9.620032906532287598e-01
7.630226016044616699e-01 1.306203007698059082e-01 1.784485727548599243e-01 9.175514578819274902e-01 4.493420124053955078e-01 2.173216789960861206e-01 1.379798799753189087e-01 4.518361389636993408e-01 5.328431725502014160e-01 4.012326598167419434e-01
6.359409689903259277e-01 7.498237490653991699e-01 4.417558610439300537e-01 9.038795828819274902e-01 8.058506846427917480e-01 4.560894668102264404e-01 5.972731113433837891e-01 5.036908984184265137e-01 1.373409777879714966e-01 9.078553318977355957e-01
4.614643454551696777e-01 6.266177892684936523e-01 3.556863665580749512e-01 3.644703924655914307e-01 2.726850211620330811e-01 2.836233973503112793e-01 1.066494956612586975e-01 6.519889831542968750e-02 3.806651234626770020e-01 6.041303873062133789e-01
7.535502910614013672e-01 6.966831088066101074e-01 5.382818579673767090e-01 7.905879616737365723e-01 2.360753268003463745e-01 6.629297137260437012e-01 3.326214551925659180e-01 3.656585514545440674e-01 6.104817986488342285e-01 8.976140618324279785e-01
5.386409163475036621e-01 1.421577036380767822e-01 4.602917432785034180e-01 4.421574771404266357e-01 6.985751986503601074e-01 5.079228281974792480e-01 5.513070225715637207e-01 5.783331394195556641e-01 9.866177439689636230e-01 6.893842220306396484e-01
8.053602576255798340e-01 4.014731347560882568e-01 2.902831137180328369e-01 7.511184215545654297e-01 5.734742283821105957e-01 6.186891198158264160e-01 4.013243615627288818e-01 7.307340949773788452e-02 7.787579298019409180e-01 8.789474964141845703e-01
4.330700635910034180e-01 2.242029756307601929e-01 7.722069025039672852e-01 6.845250725746154785e-01 3.384992778301239014e-01 5.138015151023864746e-01 5.072826147079467773e-01 4.985113441944122314e-01 2.724291086196899414e-01 2.111859768629074097e-01
2.211720496416091919e-01 2.906530797481536865e-01 5.022553801536560059e-01 4.521579444408416748e-01 5.802817344665527344e-01 4.829772114753723145e-01 6.827458143234252930e-01 8.195562958717346191e-01 5.184081792831420898e-01 5.027126669883728027e-01
7.015361189842224121e-01 6.230958700180053711e-01 5.070610046386718750e-01 9.325726032257080078e-01 6.922556161880493164e-01 8.527725934982299805e-01 5.398433208465576172e-01 3.177366852760314941e-01 7.767431139945983887e-01 6.365482807159423828e-01
7.778644561767578125e-01 5.121576189994812012e-01 4.129461646080017090e-01 4.933597147464752197e-01 8.915720582008361816e-01 7.189829349517822266e-01 2.870246171951293945e-01 7.186962366104125977e-01 4.831882417201995850e-01 2.338915467262268066e-01
5.386409163475036621e-01 4.894511997699737549e-01 3.230851590633392334e-01 8.137515187263488770e-01 8.469516634941101074e-01 7.328321337699890137e-01 4.210873246192932129e-01 5.084784626960754395e-01 7.500647306442260742e-01 1.058901473879814148e-01
3.699494004249572754e-01 5.519706010818481445e-01 4.104930758476257324e-01 9.024279117584228516e-01 6.534954905509948730e-01 7.328321337699890137e-01 5.878124833106994629e-01 9.233193993568420410e-01 8.911427259445190430e-01 7.610431313514709473e-02
4.939481019973754883e-01 4.631925523281097412e-01 8.036257624626159668e-01 9.869742393493652344e-01 6.496240496635437012e-01 2.600972950458526611e-01 8.258696198463439941e-01 9.136077761650085449e-01 5.568397641181945801e-01 6.368173360824584961e-01
7.917013764381408691e-01 6.966831088066101074e-01 7.513977885246276855e-01 3.605044484138488770e-01 8.422303199768066406e-01 2.173216789960861206e-01 1.978246122598648071e-01 3.525572121143341064e-01 5.338702797889709473e-01 8.327237963676452637e-01
3.574595749378204346e-01 3.326824009418487549e-01 4.124770164489746094e-01 7.134902477264404297e-01 4.352379739284515381e-01 5.079228281974792480e-01 3.610369265079498291e-01 6.722658872604370117e-01 7.180548310279846191e-01 8.386908769607543945e-01
8.053602576255798340e-01 4.057966172695159912e-01 2.036308944225311279e-01 8.367993235588073730e-01 8.493086695671081543e-01 3.699397146701812744e-01 1.809568852186203003e-01 9.199345111846923828e-01 1.736035346984863281e-01 7.350136041641235352e-01
5.573163628578186035e-01 8.306527137756347656e-01 7.735195159912109375e-01 8.231753706932067871e-01 9.261142611503601074e-01 6.635952591896057129e-01 8.825677633285522461e-01 7.838428616523742676e-01 9.703764915466308594e-01 8.552356362342834473e-01
3.671780228614807129e-01 5.651644468307495117e-01 9.083408117294311523e-01 2.185796946287155151e-01 8.457885980606079102e-01 7.328321337699890137e-01 3.610369265079498291e-01 4.166534543037414551e-01 6.882749795913696289e-01 6.891573667526245117e-01
5.386409163475036621e-01 8.611523509025573730e-01 6.820055246353149414e-01 8.193349838256835938e-01 8.681386709213256836e-01 1.266996413469314575e-01 5.671036839485168457e-01 8.331081867218017578e-01 5.341840386390686035e-01 7.652902603149414062e-01
5.014933943748474121e-01 8.286756873130798340e-01 5.677175521850585938e-01 7.488316893577575684e-01 6.027673482894897461e-01 1.720393300056457520e-01 5.072826147079467773e-01 1.652653515338897705e-01 7.180847525596618652e-01 3.874866962432861328e-01
7.630226016044616699e-01 6.966831088066101074e-01 8.097988963127136230e-01 5.273764133453369141e-01 3.366022408008575439e-01 5.079228281974792480e-01 5.072826147079467773e-01 4.976229965686798096e-01 7.435864806175231934e-01 8.365933895111083984e-01
4.440314769744873047e-01 6.399866342544555664e-01 5.448486208915710449e-01 8.016789704561233521e-02 8.292760848999023438e-01 5.767495632171630859e-01 4.891609847545623779e-01 4.623364210128784180e-01 8.054472208023071289e-01 2.229239046573638916e-01
5.824278593063354492e-01 4.320881664752960205e-01 1.619388312101364136e-01 5.391936302185058594e-01 4.992224276065826416e-01 2.329248040914535522e-01 2.652524709701538086e-01 1.660718321800231934e-01 4.680543243885040283e-01 1.299867630004882812e-01
3.642810881137847900e-01 3.980470001697540283e-01 8.097988963127136230e-01 3.843241631984710693e-01 7.135001420974731445e-01 6.629297137260437012e-01 7.367470264434814453e-01 8.952093124389648438e-01 6.855569481849670410e-01 9.713506102561950684e-01
4.474889934062957764e-01 2.747280597686767578e-01 5.019780993461608887e-01 2.285895645618438721e-01 6.990217566490173340e-01 2.600972950458526611e-01 7.367470264434814453e-01 8.794799447059631348e-01 5.649361610412597656e-01 8.701420426368713379e-01
7.111226916313171387e-01 9.123648405075073242e-01 1.588322222232818604e-01 8.584697842597961426e-01 4.467140436172485352e-01 2.600972950458526611e-01 5.497760772705078125e-01 1.581261008977890015e-01 5.916622877120971680e-01 3.457973003387451172e-01
7.675895094871520996e-01 4.473442435264587402e-01 4.687445759773254395e-01 7.974004149436950684e-01 4.292786419391632080e-01 6.629297137260437012e-01 5.889266133308410645e-01 8.115063309669494629e-01 6.175073981285095215e-01 5.502099990844726562e-01
3.574595749378204346e-01 7.480078339576721191e-01 7.539235949516296387e-01 1.897015869617462158e-01 7.303811311721801758e-01 5.642957091331481934e-01 6.356738805770874023e-01 4.603376612067222595e-02 2.312612831592559814e-01 7.362322807312011719e-01
5.386409163475036621e-01 4.648949503898620605e-01 6.565542221069335938e-01 8.862531781196594238e-01 2.359540462493896484e-01 7.219445705413818359e-01 5.072826147079467773e-01 5.799248218536376953e-01 1.518063992261886597e-01 5.664198994636535645e-01
4.871381223201751709e-01 5.349346995353698730e-01 6.167235374450683594e-01 3.728552460670471191e-01 7.711149454116821289e-01 4.905202686786651611e-01 7.367470264434814453e-01 2.739861905574798584e-01 8.259385824203491211e-02 3.772690594196319580e-01
3.963717222213745117e-01 6.966831088066101074e-01 8.097988963127136230e-01 9.163781404495239258e-01 6.473013758659362793e-01 4.046639800071716309e-01 3.610369265079498291e-01 9.615089744329452515e-02 8.098972439765930176e-01 7.379089593887329102e-01
6.725715398788452148e-01 6.203169226646423340e-01 2.168204933404922485e-01 6.189731955528259277e-01 7.500317692756652832e-01 8.527725934982299805e-01 5.445981025695800781e-01 3.159187734127044678e-01 8.153234720230102539e-01 9.670265316963195801e-01
5.240707993507385254e-01 7.880036234855651855e-01 5.124188661575317383e-01 3.023800849914550781e-01 6.030408143997192383e-01 3.341228365898132324e-01 6.356738805770874023e-01 9.883617609739303589e-02 6.533732414245605469e-01 9.640309810638427734e-01
2.928905487060546875e-01 7.919277548789978027e-01 8.936205506324768066e-01 7.738510966300964355e-01 2.000461667776107788e-01 5.411980748176574707e-01 7.535951137542724609e-01 6.418080329895019531e-01 8.266756534576416016e-01 6.008642911911010742e-01
7.778644561767578125e-01 4.342535436153411865e-01 8.552730679512023926e-01 4.264100492000579834e-01 8.410672545433044434e-01 5.079228281974792480e-01 7.367470264434814453e-01 2.345534265041351318e-01 7.617442011833190918e-01 9.604951143264770508e-01
6.155396103858947754e-01 6.932222843170166016e-01 8.037632703781127930e-01 6.957345604896545410e-01 5.808683484792709351e-02 8.361294269561767578e-01 5.146570801734924316e-01 6.018161773681640625e-01 4.824358522891998291e-01 9.071516990661621094e-01
2.441858649253845215e-01 7.597945928573608398e-01 9.454933404922485352e-01 8.926995992660522461e-01 8.868451714515686035e-01 6.905506849288940430e-01 5.285658240318298340e-01 3.398654460906982422e-01 4.944597780704498291e-01 7.972229719161987305e-01
2.157998681068420410e-01 8.376284837722778320e-01 5.522838234901428223e-01 6.430019140243530273e-01 6.014124751091003418e-01 3.218491375446319580e-01 3.610369265079498291e-01 9.402956366539001465e-01 6.159999370574951172e-01 8.358620405197143555e-01
3.177411854267120361e-01 7.025580406188964844e-01 7.698866724967956543e-01 5.897909402847290039e-01 9.269250035285949707e-01 6.635952591896057129e-01 3.463007509708404541e-01 5.645539164543151855e-01 4.491381347179412842e-01 7.620961666107177734e-01
5.240707993507385254e-01 4.788838922977447510e-01 3.186267316341400146e-01 1.148299649357795715e-01 7.306559085845947266e-01 5.079228281974792480e-01 6.283854842185974121e-01 2.561009526252746582e-01 6.776129007339477539e-01 8.580067157745361328e-01
4.330700635910034180e-01 3.521172106266021729e-01 6.154584884643554688e-01 8.380745053291320801e-01 5.773879289627075195e-01 2.537061274051666260e-01 4.860189855098724365e-01 8.823226094245910645e-01 5.212651491165161133e-01 5.624269843101501465e-01
3.680474460124969482e-01 3.784298002719879150e-01 5.217444300651550293e-01 9.249590635299682617e-01 5.269753932952880859e-01 5.345793366432189941e-01 1.895605772733688354e-01 4.222067594528198242e-01 9.662278741598129272e-02 9.468829035758972168e-01
3.680474460124969482e-01 6.320167779922485352e-01 8.552730679512023926e-01 1.640689820051193237e-01 3.701952993869781494e-01 5.419022440910339355e-01 6.742939949035644531e-01 8.208271265029907227e-01 1.625690609216690063e-01 2.219024859368801117e-02
7.561712265014648438e-01 4.797005653381347656e-01 6.361037492752075195e-01 2.409145534038543701e-01 2.565002143383026123e-01 5.465937256813049316e-01 3.684351742267608643e-01 1.486681997776031494e-01 2.788119912147521973e-01 2.691944837570190430e-01
2.877583205699920654e-01 7.186610251665115356e-02 3.112541437149047852e-01 2.624845504760742188e-01 3.335363864898681641e-01 4.686377346515655518e-01 6.458206176757812500e-01 3.419940471649169922e-01 4.062137603759765625e-01 1.834111846983432770e-02
5.215092897415161133e-01 2.193633764982223511e-01 9.098762273788452148e-02 9.251390099525451660e-01 3.829533159732818604e-01 3.216321468353271484e-01 3.135561943054199219e-01 1.802049130201339722e-01 2.982046902179718018e-01 4.659861326217651367e-01
2.707390785217285156e-01 2.026242762804031372e-01 3.973401188850402832e-01 5.722985267639160156e-01 4.512975215911865234e-01 3.634184598922729492e-01 3.250577449798583984e-01 2.275545150041580200e-01 6.510254740715026855e-01 2.112279981374740601e-01
7.135627865791320801e-01 2.626684308052062988e-01 2.136580944061279297e-01 1.901508867740631104e-01 9.569103121757507324e-01 4.422013759613037109e-01 3.416527509689331055e-01 2.124166339635848999e-01 3.155660927295684814e-01 2.506448030471801758e-01
7.111226916313171387e-01 4.686175286769866943e-01 4.472034275531768799e-01 9.631466120481491089e-02 3.788807690143585205e-01 5.021061897277832031e-01 1.137630119919776917e-01 3.787186145782470703e-01 4.736664295196533203e-01 4.296882748603820801e-01
3.574595749378204346e-01 2.591523826122283936e-01 1.679839491844177246e-01 9.481344223022460938e-01 3.036623597145080566e-01 3.634184598922729492e-01 3.886782526969909668e-01 1.196707710623741150e-01 4.623150825500488281e-01 8.212252855300903320e-01
5.215092897415161133e-01 9.536790847778320312e-02 7.652613520622253418e-01 3.306014090776443481e-02 9.331572651863098145e-01 3.634184598922729492e-01 2.664153575897216797e-01 4.979638755321502686e-01 7.987506389617919922e-01 8.416956067085266113e-01
5.215092897415161133e-01 3.382301330566406250e-01 5.772421956062316895e-01 7.699694633483886719e-01 3.707858026027679443e-01 2.986845970153808594e-01 2.159693688154220581e-01 2.318601161241531372e-01 9.259808659553527832e-01 7.870657444000244141e-01
7.111226916313171387e-01 4.898654520511627197e-01 6.531208753585815430e-01 4.227477014064788818e-01 3.935163319110870361e-01 2.160163074731826782e-01 5.428314208984375000e-01 1.222430169582366943e-01 3.591389954090118408e-01 5.991458296775817871e-01
2.157998681068420410e-01 6.180567741394042969e-01 5.308732986450195312e-01 6.054223179817199707e-01 3.123088777065277100e-01 3.216321468353271484e-01 5.812009572982788086e-01 7.715002894401550293e-01 5.235687494277954102e-01 7.293742895126342773e-01
4.330700635910034180e-01 4.605386257171630859e-01 5.827137827873229980e-01 9.601733088493347168e-02 2.663389146327972412e-01 3.634184598922729492e-01 3.915435969829559326e-01 7.980026006698608398e-01 2.007414996623992920e-01 4.410729110240936279e-01
3.734207153320312500e-01 4.678994417190551758e-01 2.321508079767227173e-01 5.744028687477111816e-01 7.478528022766113281e-01 4.422013759613037109e-01 7.187987565994262695e-01 4.096513241529464722e-02 6.346619129180908203e-01 8.750122189521789551e-01
1.171520799398422241e-01 6.084912419319152832e-01 7.366667389869689941e-01 5.403725504875183105e-01 9.993448853492736816e-02 2.986845970153808594e-01 3.945436775684356689e-01 4.486939013004302979e-01 1.209939867258071899e-01 4.342560768127441406e-01
4.338078200817108154e-01 6.070142388343811035e-01 2.533723115921020508e-01 6.446268409490585327e-02 1.125379055738449097e-01 8.005000352859497070e-01 7.634599208831787109e-01 6.322095990180969238e-01 6.162441894412040710e-02 8.515897393226623535e-01
2.928905487060546875e-01 4.299910962581634521e-01 5.623837113380432129e-01 7.307911515235900879e-01 8.097177743911743164e-01 2.226690649986267090e-01 5.034138560295104980e-01 4.524835050106048584e-01 7.208751440048217773e-01 9.468563199043273926e-01
7.111226916313171387e-01 1.158755421638488770e-01 6.950672864913940430e-01 7.618711590766906738e-01 3.736851215362548828e-01 6.344088315963745117e-01 2.492586374282836914e-01 7.812364697456359863e-01 7.521376609802246094e-01 1.072388738393783569e-01
1.171516850590705872e-01 5.199702978134155273e-01 9.095237851142883301e-01 4.380224943161010742e-01 7.830168008804321289e-01 2.670927345752716064e-01 4.979363977909088135e-01 2.399728447198867798e-01 9.646590948104858398e-01 1.099661290645599365e-01
4.115155637264251709e-01 3.721247017383575439e-01 5.499496459960937500e-01 5.794281363487243652e-01 6.231346130371093750e-01 5.823610424995422363e-01 3.915435969829559326e-01 8.799040317535400391e-02 8.014979958534240723e-01 6.673943400382995605e-01
2.192617654800415039e-01 3.764953315258026123e-01 7.919506430625915527e-01 3.741455972194671631e-01 2.436548620462417603e-01 3.216321468353271484e-01 2.837878167629241943e-01 3.887149095535278320e-01 2.169858366250991821e-01 9.506278038024902344e-01
1.158662140369415283e-01 7.587161660194396973e-01 2.419852316379547119e-01 1.019220724701881409e-01 1.916795074939727783e-01 3.216321468353271484e-01 8.120073080062866211e-01 2.985130064189434052e-02 9.625376462936401367e-01 2.009910941123962402e-01
4.115155637264251709e-01 1.722403317689895630e-01 4.450769722461700439e-01 8.257405161857604980e-01 1.860774010419845581e-01 2.123231887817382812e-01 2.186412215232849121e-01 8.509178757667541504e-01 4.978830218315124512e-01 8.492210507392883301e-01
5.602523684501647949e-01 5.889842510223388672e-01 7.420331239700317383e-01 5.927827358245849609e-01 9.695302248001098633e-01 6.756770014762878418e-01 4.401491582393646240e-01 1.997450292110443115e-01 6.877366453409194946e-02 8.987575769424438477e-01
1.171516850590705872e-01 2.114137411117553711e-01 6.699529290199279785e-01 9.596887826919555664e-01 7.261260747909545898e-01 5.151740312576293945e-01 5.581434965133666992e-01 6.319906711578369141e-01 5.802194774150848389e-02 8.518404364585876465e-01
7.014550566673278809e-01 3.491194844245910645e-01 8.216085284948348999e-02 9.910199046134948730e-02 1.691576093435287476e-01 3.191185295581817627e-01 7.424308657646179199e-01 3.079610168933868408e-01 1.857308596372604370e-01 4.558728635311126709e-01
3.468275368213653564e-01 5.802422165870666504e-01 5.736691355705261230e-01 6.419616341590881348e-01 2.501624226570129395e-01 3.584016263484954834e-01 5.072826147079467773e-01 8.671376109123229980e-01 2.533851265907287598e-01 6.649478077888488770e-01
3.601993918418884277e-01 4.025745987892150879e-01 9.020408391952514648e-01 6.244645118713378906e-01 6.326115131378173828e-01 7.113091945648193359e-01 4.244766533374786377e-01 4.628822803497314453e-01 6.746587157249450684e-01 6.004894971847534180e-01
3.468275368213653564e-01 1.382335424423217773e-01 3.428329527378082275e-01 8.910691738128662109e-01 5.249769091606140137e-01 4.829772114753723145e-01 3.687644898891448975e-01 5.462831854820251465e-01 9.714444279670715332e-01 6.932235360145568848e-01
3.468275368213653564e-01 1.238412782549858093e-01 5.652721524238586426e-01 8.111289888620376587e-02 5.868906974792480469e-01 3.735579252243041992e-01 5.072826147079467773e-01 7.933722734451293945e-01 4.777335822582244873e-01 2.395861297845840454e-01
5.863747596740722656e-01 2.958106100559234619e-01 7.909754514694213867e-01 3.902417123317718506e-01 6.751604676246643066e-01 5.561690926551818848e-01 4.364125132560729980e-01 3.476712703704833984e-01 1.776194721460342407e-01 9.967587143182754517e-02
1.602987945079803467e-01 5.800670385360717773e-01 6.118376851081848145e-01 1.365683525800704956e-01 6.453835964202880859e-01 7.836033105850219727e-01 5.072826147079467773e-01 2.166379541158676147e-01 9.308722019195556641e-01 2.232318371534347534e-01
8.053602576255798340e-01 6.018332242965698242e-01 4.655369520187377930e-01 8.555845618247985840e-01 4.946530759334564209e-01 7.836033105850219727e-01 7.367470264434814453e-01 2.851766943931579590e-01 8.987733721733093262e-01 8.618802428245544434e-01
6.416884064674377441e-01 6.203169226646423340e-01 6.361037492752075195e-01 1.069311350584030151e-01 4.655047059059143066e-01 6.635952591896057129e-01 1.785214841365814209e-01 6.126613616943359375e-01 5.849130749702453613e-01 4.860772192478179932e-01
8.247144818305969238e-01 6.121754050254821777e-01 5.325175523757934570e-01 4.326237738132476807e-01 7.948023676872253418e-01 5.377358794212341309e-01 1.978246122598648071e-01 6.978454589843750000e-01 3.352097049355506897e-02 6.118190288543701172e-01
3.610969781875610352e-01 2.864018380641937256e-01 4.762279093265533447e-01 7.261583805084228516e-01 9.165389537811279297e-01 4.829772114753723145e-01 7.367470264434814453e-01 8.427690863609313965e-01 4.361330866813659668e-01 2.292324602603912354e-01
6.363621950149536133e-01 9.336968660354614258e-01 7.933315038681030273e-01 5.681791529059410095e-02 4.256706535816192627e-01 4.463150799274444580e-01 5.735657811164855957e-01 2.172849327325820923e-01 8.567371368408203125e-01 6.921748518943786621e-01
8.143691420555114746e-01 6.668056249618530273e-01 8.552730679512023926e-01 1.497955918312072754e-01 9.127270579338073730e-01 4.521136879920959473e-01 6.540176272392272949e-01 1.816274374723434448e-01 8.622218370437622070e-01 8.669577836990356445e-01
7.198936343193054199e-01 3.230376541614532471e-01 4.258821606636047363e-01 1.647447794675827026e-01 5.585265159606933594e-01 7.189829349517822266e-01 7.424308657646179199e-01 7.204635143280029297e-01 9.445940256118774414e-01 1.097244024276733398e-01
6.312233805656433105e-01 7.332077622413635254e-01 1.391246616840362549e-01 3.307762742042541504e-01 9.089192152023315430e-01 6.436579227447509766e-01 7.202340960502624512e-01 4.824690222740173340e-01 8.511371612548828125e-01 2.051998972892761230e-01
2.877583205699920654e-01 5.395800471305847168e-01 2.228908389806747437e-01 4.452675282955169678e-01 8.989830017089843750e-01 5.143782496452331543e-01 2.532710731029510498e-01 5.339791774749755859e-01 5.570578575134277344e-01 7.829503417015075684e-01
5.052449107170104980e-01 8.430346846580505371e-01 7.766631245613098145e-01 2.969875000417232513e-02 2.164112478494644165e-01 3.557412028312683105e-01 3.687644898891448975e-01 6.346058249473571777e-01 3.959759473800659180e-01 5.244276523590087891e-01
1.586249470710754395e-01 6.743241548538208008e-01 1.382782757282257080e-01 9.277588129043579102e-01 8.332247734069824219e-01 4.829772114753723145e-01 6.540176272392272949e-01 2.412451207637786865e-01 6.709162890911102295e-02 5.166004896163940430e-01
3.728166520595550537e-01 3.799450099468231201e-01 1.240735650062561035e-01 3.665335178375244141e-01 7.928172945976257324e-01 6.719290614128112793e-01 7.367470264434814453e-01 6.549465656280517578e-01 6.522080302238464355e-01 1.869469732046127319e-01
8.143691420555114746e-01 6.175129413604736328e-01 5.787809491157531738e-01 8.060892224311828613e-01 7.139477729797363281e-01 7.328321337699890137e-01 6.678450703620910645e-01 8.502156734466552734e-01 5.655340552330017090e-01 5.012714862823486328e-01
7.778644561767578125e-01 8.718036413192749023e-01 4.205918312072753906e-01 9.015796184539794922e-01 2.281873077154159546e-01 7.567026019096374512e-01 5.612761974334716797e-01 7.575144618749618530e-02 9.105045795440673828e-01 6.531138420104980469e-01
7.641844153404235840e-01 7.492768764495849609e-01 3.109463155269622803e-01 6.369721889495849609e-01 4.419676959514617920e-01 7.567026019096374512e-01 2.690835893154144287e-01 3.995552062988281250e-01 7.669651508331298828e-01 6.184541583061218262e-01
2.784624397754669189e-01 6.787636876106262207e-01 4.826472401618957520e-01 3.378721773624420166e-01 4.592421352863311768e-01 5.450937151908874512e-01 6.283854842185974121e-01 4.607429504394531250e-01 7.939847707748413086e-01 8.190282583236694336e-01
2.784624397754669189e-01 8.616011142730712891e-01 6.737396717071533203e-01 9.011384844779968262e-01 9.402886033058166504e-01 4.521136879920959473e-01 7.367470264434814453e-01 4.071277007460594177e-02 6.851541399955749512e-01 1.618905514478683472e-01
5.398063659667968750e-01 2.906530797481536865e-01 1.595617532730102539e-01 3.811517953872680664e-01 5.881337523460388184e-01 7.567026019096374512e-01 7.570230960845947266e-01 8.536331057548522949e-01 4.003835916519165039e-01 4.111452400684356689e-01
8.808687329292297363e-01 6.688944697380065918e-01 8.171684741973876953e-01 9.132865071296691895e-01 2.914254069328308105e-01 7.228347063064575195e-01 4.688212871551513672e-01 5.396760702133178711e-01 9.121253490447998047e-01 5.939486622810363770e-01
6.516286134719848633e-01 5.576460361480712891e-01 7.240740656852722168e-01 6.415957808494567871e-01 2.508597448468208313e-02 7.992863655090332031e-01 3.909722268581390381e-01 4.773868918418884277e-01 4.547877907752990723e-01 3.767164647579193115e-01
4.474889934062957764e-01 4.808912873268127441e-01 7.167750597000122070e-01 8.206573724746704102e-01 7.969395518302917480e-01 7.328321337699890137e-01 6.540176272392272949e-01 4.311865270137786865e-01 8.848045468330383301e-01 7.113537192344665527e-01
2.784624397754669189e-01 2.313156425952911377e-01 5.839335918426513672e-01 8.043628334999084473e-01 8.865312933921813965e-01 4.875591397285461426e-01 7.367470264434814453e-01 4.324724525213241577e-02 9.444376826286315918e-01 5.877065062522888184e-01
6.764214038848876953e-01 7.112436890602111816e-01 5.568088293075561523e-01 7.890636324882507324e-01 9.601148366928100586e-01 6.347269415855407715e-01 7.367470264434814453e-01 3.208149373531341553e-01 8.405970335006713867e-01 3.358471095561981201e-01
