5.907734036445617676e-01 6.947095394134521484e-01 8.907668590545654297e-01 6.380466222763061523e-01 3.660787045955657959e-01 9.171048998832702637e-01 2.970261871814727783e-01 8.998451232910156250e-01 7.356946468353271484e-01 3.756656646728515625e-01
5.907734036445617676e-01 6.947095394134521484e-01 9.073079228401184082e-01 4.789490103721618652e-01 2.563781738281250000e-01 3.434636294841766357e-01 7.408936619758605957e-01 3.528666794300079346e-01 6.071597933769226074e-01 2.535406351089477539e-01
2.777698338031768799e-01 5.524831414222717285e-01 9.798883795738220215e-01 7.249643206596374512e-01 3.463093042373657227e-01 7.307916283607482910e-01 4.935806095600128174e-01 3.480516970157623291e-01 7.356946468353271484e-01 4.426759183406829834e-01
5.907734036445617676e-01 6.115639209747314453e-01 3.595083355903625488e-01 6.380466222763061523e-01 7.352304458618164062e-01 4.125059843063354492e-01 8.362604379653930664e-01 2.702058851718902588e-01 6.071597933769226074e-01 5.500161051750183105e-01
5.907734036445617676e-01 2.023946195840835571e-01 5.889992713928222656e-01 6.380466222763061523e-01 3.206512331962585449e-02 1.455011814832687378e-01 5.549848079681396484e-01 2.226231843233108521e-01 3.949075043201446533e-01 3.205592334270477295e-01
5.907734036445617676e-01 3.186738193035125732e-01 6.139297485351562500e-01 6.380466222763061523e-01 3.656971454620361328e-01 2.959246933460235596e-01 8.461859822273254395e-01 1.070746779441833496e-01 7.356946468353271484e-01 6.405322551727294922e-01
5.907734036445617676e-01 6.947095394134521484e-01 4.697779119014739990e-01 4.789490103721618652e-01 5.866318345069885254e-01 7.321650385856628418e-01 5.033643841743469238e-01 8.872658610343933105e-01 3.949075043201446533e-01 4.426759183406829834e-01
5.758240222930908203e-01 2.023946195840835571e-01 5.015242695808410645e-01 2.566159367561340332e-01 2.244891971349716187e-01 9.135689139366149902e-01 4.770925641059875488e-01 7.092710137367248535e-01 7.356946468353271484e-01 7.226710319519042969e-01
3.133279979228973389e-01 3.173813819885253906e-01 5.909802913665771484e-01 6.380466222763061523e-01 5.504015684127807617e-01 5.299783349037170410e-01 4.826799631118774414e-01 6.152918338775634766e-01 3.949075043201446533e-01 3.205592334270477295e-01
5.907734036445617676e-01 3.186738193035125732e-01 8.272925019264221191e-01 6.380466222763061523e-01 8.982080221176147461e-02 6.540807485580444336e-01 5.297935605049133301e-01 6.152918338775634766e-01 6.071597933769226074e-01 6.405322551727294922e-01
5.907734036445617676e-01 7.463337182998657227e-01 4.114101231098175049e-01 4.789490103721618652e-01 3.525027036666870117e-01 5.938587784767150879e-01 6.565002202987670898e-01 9.693501591682434082e-01 6.071597933769226074e-01 6.405322551727294922e-01
5.907734036445617676e-01 6.947095394134521484e-01 7.203860878944396973e-01 6.380466222763061523e-01 8.487823009490966797e-01 9.012882709503173828e-01 8.760827779769897461e-01 9.197999835014343262e-01 6.071597933769226074e-01 5.696724653244018555e-01
5.907734036445617676e-01 8.123674392700195312e-01 3.627775907516479492e-01 6.380466222763061523e-01 6.200060248374938965e-01 1.095699965953826904e-01 5.978741049766540527e-01 6.025977432727813721e-02 1.832473725080490112e-01 5.042127370834350586e-01
3.133279979228973389e-01 6.947095394134521484e-01 5.836008191108703613e-01 6.380466222763061523e-01 7.590425610542297363e-01 8.906992077827453613e-01 5.823012590408325195e-01 7.450894713401794434e-01 7.356946468353271484e-01 4.957235455513000488e-01
5.907734036445617676e-01 6.947095394134521484e-01 9.073079228401184082e-01 4.789490103721618652e-01 1.669115126132965088e-01 6.639820337295532227e-01 8.671366572380065918e-01 6.152918338775634766e-01 7.356946468353271484e-01 5.784794688224792480e-01
5.907734036445617676e-01 6.947095394134521484e-01 4.865666329860687256e-01 6.380466222763061523e-01 6.313685774803161621e-01 7.013912200927734375e-01 6.027777791023254395e-01 6.152918338775634766e-01 3.949075043201446533e-01 3.922070860862731934e-01
5.907734036445617676e-01 6.947095394134521484e-01 4.527336061000823975e-01 6.380466222763061523e-01 7.813531756401062012e-01 4.518816471099853516e-01 4.031487405300140381e-01 6.768315434455871582e-01 5.228680372238159180e-01 7.930199503898620605e-01
2.777698338031768799e-01 5.524831414222717285e-01 1.296288967132568359e-01 7.249643206596374512e-01 2.110727280378341675e-01 5.527705550193786621e-01 7.418880462646484375e-01 4.821113348007202148e-01 6.112486124038696289e-01 2.338896542787551880e-01
5.907734036445617676e-01 1.752312779426574707e-01 4.285568296909332275e-01 6.380466222763061523e-01 5.962071418762207031e-01 7.664666175842285156e-01 2.582821846008300781e-01 7.576786875724792480e-01 6.071597933769226074e-01 4.456641674041748047e-01
5.907734036445617676e-01 6.947095394134521484e-01 5.382792949676513672e-01 6.380466222763061523e-01 6.480127573013305664e-01 5.348867774009704590e-01 2.612357735633850098e-01 6.436992883682250977e-01 8.298960924148559570e-01 7.414654493331909180e-01
5.758240222930908203e-01 5.524831414222717285e-01 8.444013595581054688e-01 2.566159367561340332e-01 8.550163358449935913e-02 8.020896315574645996e-01 7.916795015335083008e-01 6.515777707099914551e-01 5.605326294898986816e-01 9.052171111106872559e-01
5.907734036445617676e-01 3.186738193035125732e-01 6.139297485351562500e-01 6.184366941452026367e-01 8.079341053962707520e-01 4.175137355923652649e-02 7.714797854423522949e-01 6.152918338775634766e-01 3.949075043201446533e-01 4.247672557830810547e-01
5.907734036445617676e-01 6.947095394134521484e-01 8.404117226600646973e-01 4.789490103721618652e-01 4.617968499660491943e-01 8.172158598899841309e-01 1.592008173465728760e-01 9.593654274940490723e-01 5.403101444244384766e-01 6.200361251831054688e-01
5.907734036445617676e-01 5.524831414222717285e-01 6.092021465301513672e-01 2.566159367561340332e-01 6.705559492111206055e-01 5.529146194458007812e-01 3.635482192039489746e-01 6.379098892211914062e-01 6.071597933769226074e-01 8.182585239410400391e-01
5.907734036445617676e-01 6.947095394134521484e-01 7.130485177040100098e-01 6.380466222763061523e-01 2.304417788982391357e-01 3.290259242057800293e-01 4.314273297786712646e-01 3.997303247451782227e-01 5.403101444244384766e-01 2.142241448163986206e-01
5.907734036445617676e-01 6.947095394134521484e-01 5.320688486099243164e-01 4.789490103721618652e-01 7.392841577529907227e-01 4.905147850513458252e-01 5.130558013916015625e-01 9.002486467361450195e-01 6.071597933769226074e-01 4.426759183406829834e-01
5.907734036445617676e-01 6.947095394134521484e-01 6.737987995147705078e-01 6.380466222763061523e-01 6.749747991561889648e-01 2.454932928085327148e-01 7.173812985420227051e-01 6.471395492553710938e-01 4.487141966819763184e-01 3.893132507801055908e-01
5.907734036445617676e-01 6.947095394134521484e-01 5.896316170692443848e-01 4.789490103721618652e-01 4.988238513469696045e-01 1.489333212375640869e-01 3.417375683784484863e-01 1.019498184323310852e-01 7.356946468353271484e-01 2.604178786277770996e-01
5.907734036445617676e-01 6.947095394134521484e-01 7.270471453666687012e-01 6.380466222763061523e-01 9.047331809997558594e-01 7.340958118438720703e-01 6.316896080970764160e-01 8.543642759323120117e-01 2.029448151588439941e-01 3.205592334270477295e-01
5.907734036445617676e-01 6.947095394134521484e-01 3.919508159160614014e-01 6.380466222763061523e-01 1.499287933111190796e-01 9.402997493743896484e-01 5.556962490081787109e-01 6.889369487762451172e-01 7.009711861610412598e-01 2.275755107402801514e-01
5.907734036445617676e-01 6.947095394134521484e-01 6.607879400253295898e-01 6.380466222763061523e-01 4.143291413784027100e-01 9.282969236373901367e-01 9.381799101829528809e-01 7.965298295021057129e-01 6.071597933769226074e-01 7.197301983833312988e-01
5.907734036445617676e-01 6.947095394134521484e-01 5.018975138664245605e-01 6.380466222763061523e-01 4.436044394969940186e-01 2.398515939712524414e-01 6.929194331169128418e-01 8.543642759323120117e-01 6.071597933769226074e-01 4.289428591728210449e-01
5.907734036445617676e-01 6.947095394134521484e-01 7.400107979774475098e-01 4.789490103721618652e-01 4.924894273281097412e-01 9.322759509086608887e-01 5.912221074104309082e-01 9.577700495719909668e-01 7.300611734390258789e-01 6.955744028091430664e-01
5.907734036445617676e-01 3.173813819885253906e-01 8.168932199478149414e-01 6.380466222763061523e-01 2.367390543222427368e-01 8.416600823402404785e-01 4.722383618354797363e-01 6.152918338775634766e-01 7.356946468353271484e-01 2.912344932556152344e-01
5.907734036445617676e-01 6.947095394134521484e-01 4.054289162158966064e-01 6.184366941452026367e-01 6.313685774803161621e-01 9.456059932708740234e-01 4.447746276855468750e-01 3.793557882308959961e-01 7.356946468353271484e-01 1.867582052946090698e-01
5.907734036445617676e-01 6.947095394134521484e-01 6.353091597557067871e-01 6.380466222763061523e-01 9.121707081794738770e-01 4.731616973876953125e-01 9.096220135688781738e-01 5.864503979682922363e-01 7.356946468353271484e-01 1.927302330732345581e-01
5.907734036445617676e-01 6.947095394134521484e-01 5.069984793663024902e-01 4.789490103721618652e-01 8.877817392349243164e-01 2.610793709754943848e-01 8.636736869812011719e-01 7.576786875724792480e-01 6.071597933769226074e-01 7.780063748359680176e-01
2.777698338031768799e-01 2.023946195840835571e-01 2.890481054782867432e-01 2.566159367561340332e-01 3.977437317371368408e-01 4.153006374835968018e-01 2.272056788206100464e-02 2.288280874490737915e-01 3.949075043201446533e-01 9.048470258712768555e-01
3.133279979228973389e-01 6.947095394134521484e-01 1.816924512386322021e-01 6.380466222763061523e-01 7.996767163276672363e-01 3.314330875873565674e-01 6.597712039947509766e-01 5.031490921974182129e-01 6.071597933769226074e-01 8.140704631805419922e-01
5.758240222930908203e-01 5.524831414222717285e-01 9.035782217979431152e-01 2.566159367561340332e-01 6.378399133682250977e-01 6.236547138541936874e-03 2.631516456604003906e-01 3.616420030593872070e-01 8.298960924148559570e-01 8.460873961448669434e-01
5.907734036445617676e-01 6.947095394134521484e-01 1.849031299352645874e-01 4.789490103721618652e-01 5.206286907196044922e-01 8.697167783975601196e-02 9.810457229614257812e-01 7.576786875724792480e-01 3.949075043201446533e-01 5.903597474098205566e-01
5.907734036445617676e-01 6.947095394134521484e-01 5.612345337867736816e-01 3.078914582729339600e-01 1.451661884784698486e-01 1.475812196731567383e-01 5.775583982467651367e-01 6.471395492553710938e-01 2.877825200557708740e-01 7.452673912048339844e-01
2.777698338031768799e-01 4.725706875324249268e-01 2.800440788269042969e-01 2.566159367561340332e-01 5.962071418762207031e-01 8.868277072906494141e-01 1.039560735225677490e-01 7.632506489753723145e-01 5.341076850891113281e-01 8.677847385406494141e-01
5.907734036445617676e-01 2.444911301136016846e-01 4.159956872463226318e-01 6.380466222763061523e-01 3.463093042373657227e-01 8.877184391021728516e-01 2.250473201274871826e-02 7.284523248672485352e-01 6.002751588821411133e-01 3.386029601097106934e-01
5.907734036445617676e-01 3.382750749588012695e-01 4.839623868465423584e-01 4.789490103721618652e-01 9.237224459648132324e-01 2.528939545154571533e-01 4.770925641059875488e-01 3.632754385471343994e-01 3.694334328174591064e-01 9.052171111106872559e-01
5.907734036445617676e-01 6.947095394134521484e-01 5.531141161918640137e-01 6.184366941452026367e-01 4.556505084037780762e-01 8.523454070091247559e-01 5.676379799842834473e-01 8.400079011917114258e-01 6.732172369956970215e-01 7.919648885726928711e-01
5.907734036445617676e-01 5.057893991470336914e-01 2.967700660228729248e-01 4.789490103721618652e-01 7.813531756401062012e-01 6.276942491531372070e-01 4.009538590908050537e-01 2.110660672187805176e-01 3.761619329452514648e-01 7.796239852905273438e-01
5.907734036445617676e-01 6.947095394134521484e-01 8.545256853103637695e-01 3.078914582729339600e-01 3.175016045570373535e-01 2.484232187271118164e-01 1.229149326682090759e-01 6.152918338775634766e-01 5.357564091682434082e-01 8.829296827316284180e-01
5.907734036445617676e-01 3.173813819885253906e-01 5.611199140548706055e-01 6.380466222763061523e-01 3.275879919528961182e-01 4.783082902431488037e-01 3.662431240081787109e-01 6.817368268966674805e-01 5.341076850891113281e-01 8.877114653587341309e-01
5.907734036445617676e-01 5.524831414222717285e-01 5.721669793128967285e-01 4.789490103721618652e-01 3.369145691394805908e-01 3.437045216560363770e-01 4.576279968023300171e-02 9.090879559516906738e-01 3.990188241004943848e-01 4.605281054973602295e-01
5.907734036445617676e-01 6.947095394134521484e-01 6.478922367095947266e-01 6.380466222763061523e-01 5.250992178916931152e-01 8.024122118949890137e-01 6.381850838661193848e-01 6.889369487762451172e-01 6.071597933769226074e-01 2.405330985784530640e-01
5.907734036445617676e-01 3.382750749588012695e-01 6.704548597335815430e-01 6.380466222763061523e-01 6.752701997756958008e-01 8.467994332313537598e-01 3.711929619312286377e-01 5.031490921974182129e-01 3.761619329452514648e-01 1.886035203933715820e-01
5.907734036445617676e-01 5.524831414222717285e-01 3.157081007957458496e-01 6.380466222763061523e-01 8.704483509063720703e-01 9.332717657089233398e-01 8.666124343872070312e-01 9.196057915687561035e-01 6.071597933769226074e-01 4.723079800605773926e-01
5.907734036445617676e-01 6.947095394134521484e-01 1.844965964555740356e-01 4.789490103721618652e-01 7.435166090726852417e-02 2.346150875091552734e-01 2.477495372295379639e-01 5.529094338417053223e-01 3.949075043201446533e-01 7.452673912048339844e-01
2.777698338031768799e-01 5.524831414222717285e-01 8.964502811431884766e-01 2.566159367561340332e-01 3.824651837348937988e-01 9.652903676033020020e-01 6.830416917800903320e-01 3.958191573619842529e-01 6.071597933769226074e-01 8.092716932296752930e-01
5.907734036445617676e-01 5.524831414222717285e-01 9.212494492530822754e-01 6.380466222763061523e-01 4.380365312099456787e-01 8.390474915504455566e-01 4.194605052471160889e-01 8.360597491264343262e-01 7.458773851394653320e-01 7.589235901832580566e-01
5.907734036445617676e-01 6.947095394134521484e-01 3.594391345977783203e-01 4.789490103721618652e-01 2.912864983081817627e-01 2.879638373851776123e-01 1.975649297237396240e-01 7.081091403961181641e-01 8.298960924148559570e-01 1.848340332508087158e-01
2.777698338031768799e-01 2.023946195840835571e-01 8.603327870368957520e-01 2.566159367561340332e-01 5.962071418762207031e-01 7.401471138000488281e-01 4.307968020439147949e-01 3.190968930721282959e-01 6.071597933769226074e-01 5.696724653244018555e-01
5.907734036445617676e-01 6.947095394134521484e-01 5.416274666786193848e-01 4.789490103721618652e-01 8.555826544761657715e-01 9.320333003997802734e-01 3.350308537483215332e-01 6.152918338775634766e-01 6.071597933769226074e-01 7.418758273124694824e-01
5.907734036445617676e-01 8.123674392700195312e-01 4.069288969039916992e-01 3.078914582729339600e-01 8.095482587814331055e-01 6.506187915802001953e-01 7.814865708351135254e-01 2.040059864521026611e-01 3.303879201412200928e-01 9.002576470375061035e-01
2.777698338031768799e-01 2.023946195840835571e-01 8.613398075103759766e-01 7.249643206596374512e-01 6.752701997756958008e-01 7.505258321762084961e-01 4.984332621097564697e-01 6.975325345993041992e-01 3.949075043201446533e-01 4.744322896003723145e-01
5.907734036445617676e-01 6.947095394134521484e-01 8.971508145332336426e-01 6.380466222763061523e-01 5.250992178916931152e-01 9.333422183990478516e-01 5.182834863662719727e-01 8.453455567359924316e-01 3.761619329452514648e-01 4.758050143718719482e-01
5.907734036445617676e-01 6.947095394134521484e-01 6.583976745605468750e-01 6.380466222763061523e-01 5.778015851974487305e-01 4.754049479961395264e-01 4.019509851932525635e-01 4.176946580410003662e-01 6.071597933769226074e-01 8.688653111457824707e-01
5.907734036445617676e-01 6.947095394134521484e-01 8.116639852523803711e-01 3.078914582729339600e-01 8.342044949531555176e-01 9.707448482513427734e-01 7.198487520217895508e-01 6.152918338775634766e-01 2.877825200557708740e-01 8.877114653587341309e-01
5.907734036445617676e-01 6.947095394134521484e-01 5.516898259520530701e-02 3.078914582729339600e-01 7.274447679519653320e-01 1.476456522941589355e-01 5.984044075012207031e-01 6.152918338775634766e-01 7.009711861610412598e-01 2.212866246700286865e-01
5.907734036445617676e-01 6.947095394134521484e-01 5.804534554481506348e-01 6.380466222763061523e-01 7.352304458618164062e-01 9.712018966674804688e-01 3.788161277770996094e-01 3.538372516632080078e-01 7.300611734390258789e-01 9.278294444084167480e-01
5.907734036445617676e-01 6.947095394134521484e-01 1.300300359725952148e-01 3.078914582729339600e-01 1.708039641380310059e-01 4.291689023375511169e-02 6.901416927576065063e-02 8.543642759323120117e-01 3.761619329452514648e-01 2.918426394462585449e-01
5.907734036445617676e-01 6.947095394134521484e-01 8.118702769279479980e-01 4.789490103721618652e-01 4.990839958190917969e-01 7.688401639461517334e-02 7.623803019523620605e-01 6.551716327667236328e-01 6.071597933769226074e-01 7.589507699012756348e-01
5.907734036445617676e-01 6.947095394134521484e-01 3.696882724761962891e-01 4.789490103721618652e-01 7.352304458618164062e-01 3.558369725942611694e-02 1.046364307403564453e-01 2.995000779628753662e-01 8.298960924148559570e-01 7.567464113235473633e-01
5.907734036445617676e-01 6.947095394134521484e-01 6.889648437500000000e-01 4.789490103721618652e-01 6.312972903251647949e-01 1.278056055307388306e-01 2.464728802442550659e-01 4.552956223487854004e-01 8.298960924148559570e-01 7.857016324996948242e-01
5.907734036445617676e-01 6.947095394134521484e-01 7.453214526176452637e-01 4.789490103721618652e-01 3.036666810512542725e-01 5.588564872741699219e-01 6.585033535957336426e-01 5.254149436950683594e-01 8.298960924148559570e-01 5.252732038497924805e-01
5.907734036445617676e-01 6.947095394134521484e-01 1.818376779556274414e-01 3.078914582729339600e-01 4.556505084037780762e-01 8.237573504447937012e-01 9.067893028259277344e-02 9.577700495719909668e-01 4.145961403846740723e-01 7.679932713508605957e-01
5.907734036445617676e-01 6.947095394134521484e-01 7.559179067611694336e-01 3.078914582729339600e-01 4.918708801269531250e-01 4.007727503776550293e-01 5.095692873001098633e-01 8.453455567359924316e-01 8.458920568227767944e-02 6.453222036361694336e-01
5.907734036445617676e-01 6.947095394134521484e-01 4.950957894325256348e-01 6.380466222763061523e-01 1.513168513774871826e-01 1.689890176057815552e-01 2.813468873500823975e-01 5.031490921974182129e-01 6.071597933769226074e-01 2.315293848514556885e-01
5.907734036445617676e-01 6.947095394134521484e-01 3.919508159160614014e-01 6.380466222763061523e-01 5.514525771141052246e-01 2.871611118316650391e-01 9.225525259971618652e-01 8.055506348609924316e-01 7.356946468353271484e-01 6.242749094963073730e-01
2.777698338031768799e-01 6.115639209747314453e-01 8.003333806991577148e-01 7.249643206596374512e-01 3.040240705013275146e-01 4.917346239089965820e-01 5.259024500846862793e-01 1.476387828588485718e-01 6.071597933769226074e-01 8.277219533920288086e-01
5.907734036445617676e-01 6.947095394134521484e-01 5.401405692100524902e-01 6.380466222763061523e-01 3.098025321960449219e-01 7.527030110359191895e-01 5.855753421783447266e-01 3.412369787693023682e-01 7.356946468353271484e-01 1.763673126697540283e-01
5.907734036445617676e-01 5.057893991470336914e-01 3.125278353691101074e-01 3.078914582729339600e-01 7.448899149894714355e-01 3.478514254093170166e-01 5.826652646064758301e-01 6.152918338775634766e-01 3.949075043201446533e-01 8.128404617309570312e-01
5.907734036445617676e-01 6.947095394134521484e-01 8.318719267845153809e-01 4.789490103721618652e-01 7.274447679519653320e-01 6.594576835632324219e-01 4.914935827255249023e-01 6.889369487762451172e-01 2.877825200557708740e-01 4.294756650924682617e-01
5.907734036445617676e-01 6.947095394134521484e-01 2.137487083673477173e-01 4.789490103721618652e-01 4.078606069087982178e-01 3.758129104971885681e-02 9.546242952346801758e-01 3.997303247451782227e-01 6.071597933769226074e-01 4.197531044483184814e-01
5.907734036445617676e-01 6.947095394134521484e-01 7.419347167015075684e-01 6.380466222763061523e-01 4.388319551944732666e-01 9.730103015899658203e-01 2.737059891223907471e-01 7.576786875724792480e-01 6.071597933769226074e-01 4.426759183406829834e-01
5.907734036445617676e-01 6.947095394134521484e-01 7.347279787063598633e-01 6.380466222763061523e-01 5.465416312217712402e-01 6.383515596389770508e-01 8.033827543258666992e-01 7.448638677597045898e-01 3.889618813991546631e-01 8.277219533920288086e-01
5.907734036445617676e-01 6.947095394134521484e-01 7.967828512191772461e-01 4.789490103721618652e-01 7.493352890014648438e-01 1.636422574520111084e-01 9.732632040977478027e-01 3.412369787693023682e-01 3.949075043201446533e-01 4.413182735443115234e-01
5.907734036445617676e-01 3.186738193035125732e-01 7.292082309722900391e-01 3.078914582729339600e-01 4.836909770965576172e-01 7.375856041908264160e-01 1.049889065325260162e-02 3.412369787693023682e-01 6.071597933769226074e-01 4.723079800605773926e-01
5.907734036445617676e-01 6.947095394134521484e-01 5.417530536651611328e-01 3.078914582729339600e-01 4.556505084037780762e-01 2.597807645797729492e-01 2.151412367820739746e-01 6.152918338775634766e-01 5.655224919319152832e-01 2.405330985784530640e-01
5.907734036445617676e-01 5.057893991470336914e-01 7.775290608406066895e-01 6.380466222763061523e-01 5.962071418762207031e-01 7.593648433685302734e-01 4.307968020439147949e-01 5.382740497589111328e-01 6.071597933769226074e-01 4.426759183406829834e-01
5.907734036445617676e-01 5.338809490203857422e-01 6.737642884254455566e-01 2.566159367561340332e-01 7.433364987373352051e-01 9.612597227096557617e-01 2.605381309986114502e-01 6.975325345993041992e-01 3.761619329452514648e-01 8.805584311485290527e-01
5.907734036445617676e-01 6.947095394134521484e-01 4.216321706771850586e-01 6.380466222763061523e-01 2.243502140045166016e-01 8.857200145721435547e-01 5.916012525558471680e-01 8.453455567359924316e-01 7.356946468353271484e-01 2.431155294179916382e-01
5.907734036445617676e-01 6.947095394134521484e-01 5.119563937187194824e-01 6.184366941452026367e-01 6.752701997756958008e-01 9.072555303573608398e-01 8.461859822273254395e-01 5.529094338417053223e-01 6.071597933769226074e-01 8.836545944213867188e-01
5.907734036445617676e-01 6.947095394134521484e-01 7.499877810478210449e-01 6.380466222763061523e-01 8.840465545654296875e-01 4.154829680919647217e-01 3.788161277770996094e-01 7.576786875724792480e-01 3.761619329452514648e-01 8.344714045524597168e-01
5.758240222930908203e-01 5.524831414222717285e-01 8.422297239303588867e-01 2.566159367561340332e-01 7.813531756401062012e-01 6.143885850906372070e-02 4.705170691013336182e-01 2.288280874490737915e-01 6.071597933769226074e-01 1.867582052946090698e-01
5.907734036445617676e-01 3.186738193035125732e-01 5.009570717811584473e-01 4.789490103721618652e-01 5.269563198089599609e-01 9.496293663978576660e-01 8.671366572380065918e-01 7.182331085205078125e-01 6.071597933769226074e-01 8.941808938980102539e-01
5.907734036445617676e-01 5.524831414222717285e-01 6.002901792526245117e-01 6.380466222763061523e-01 3.484785556793212891e-01 2.204642146825790405e-01 4.591224491596221924e-01 4.781284630298614502e-01 3.949075043201446533e-01 7.383690476417541504e-01
5.907734036445617676e-01 6.947095394134521484e-01 6.322644352912902832e-01 6.380466222763061523e-01 8.636183142662048340e-01 9.740229249000549316e-01 9.178841114044189453e-01 7.576786875724792480e-01 6.071597933769226074e-01 4.289428591728210449e-01
5.907734036445617676e-01 2.023946195840835571e-01 1.489768028259277344e-01 2.566159367561340332e-01 9.244601726531982422e-01 6.345530748367309570e-01 9.484589099884033203e-01 2.288280874490737915e-01 2.029448151588439941e-01 2.471743524074554443e-01
5.907734036445617676e-01 6.947095394134521484e-01 2.061230987310409546e-01 3.078914582729339600e-01 1.218674033880233765e-01 9.816100597381591797e-01 3.780526518821716309e-01 3.412369787693023682e-01 2.877825200557708740e-01 7.930199503898620605e-01
5.907734036445617676e-01 6.947095394134521484e-01 3.338473141193389893e-01 4.789490103721618652e-01 7.769145965576171875e-01 8.246476650238037109e-01 4.762828648090362549e-01 9.844465851783752441e-01 5.365312695503234863e-01 5.206792950630187988e-01
5.907734036445617676e-01 3.186738193035125732e-01 9.617013335227966309e-01 6.380466222763061523e-01 5.709040760993957520e-01 4.044699966907501221e-01 7.458862066268920898e-01 7.576786875724792480e-01 6.071597933769226074e-01 2.162673622369766235e-01
5.907734036445617676e-01 5.524831414222717285e-01 7.512914538383483887e-01 6.380466222763061523e-01 8.597160577774047852e-01 7.120034098625183105e-01 8.242246508598327637e-01 7.212927341461181641e-01 3.761619329452514648e-01 4.426759183406829834e-01
2.777698338031768799e-01 5.524831414222717285e-01 1.650680750608444214e-01 2.566159367561340332e-01 7.813531756401062012e-01 1.318574845790863037e-01 6.438265442848205566e-01 1.350883692502975464e-01 6.071597933769226074e-01 8.909245729446411133e-01
5.907734036445617676e-01 6.947095394134521484e-01 5.310848951339721680e-01 6.184366941452026367e-01 3.592477142810821533e-01 8.356730341911315918e-01 2.779425084590911865e-01 7.182331085205078125e-01 6.071597933769226074e-01 5.521189570426940918e-01
5.758240222930908203e-01 5.524831414222717285e-01 5.417530536651611328e-01 3.244665861129760742e-01 6.530096530914306641e-01 9.713735580444335938e-01 4.391556084156036377e-01 4.574177563190460205e-01 6.071597933769226074e-01 7.558431625366210938e-01
5.907734036445617676e-01 3.173813819885253906e-01 5.974231958389282227e-01 6.380466222763061523e-01 5.638213753700256348e-01 8.606576323509216309e-01 6.732811927795410156e-01 3.190968930721282959e-01 6.071597933769226074e-01 4.289428591728210449e-01
5.907734036445617676e-01 6.947095394134521484e-01 2.630121111869812012e-01 4.789490103721618652e-01 3.153439164161682129e-01 3.775045871734619141e-01 5.657476782798767090e-01 7.174873352050781250e-01 6.071597933769226074e-01 3.664397001266479492e-01
5.907734036445617676e-01 6.947095394134521484e-01 1.014082804322242737e-01 3.078914582729339600e-01 4.836909770965576172e-01 9.514948725700378418e-02 8.461859822273254395e-01 7.576786875724792480e-01 6.071597933769226074e-01 2.471743524074554443e-01
5.907734036445617676e-01 6.947095394134521484e-01 2.711356803774833679e-02 3.078914582729339600e-01 9.315223097801208496e-01 4.653574526309967041e-01 5.131270885467529297e-01 8.872658610343933105e-01 1.832473725080490112e-01 2.362598925828933716e-01
5.907734036445617676e-01 6.947095394134521484e-01 8.145177364349365234e-01 3.078914582729339600e-01 6.752701997756958008e-01 2.523389756679534912e-01 1.540677696466445923e-01 9.262784123420715332e-01 5.341076850891113281e-01 4.723079800605773926e-01
5.907734036445617676e-01 6.115639209747314453e-01 2.322655618190765381e-01 6.380466222763061523e-01 7.239804267883300781e-01 7.243320941925048828e-01 9.065549969673156738e-01 8.138167262077331543e-01 3.949075043201446533e-01 4.121657311916351318e-01
5.907734036445617676e-01 3.186738193035125732e-01 2.376056909561157227e-01 4.789490103721618652e-01 5.618273615837097168e-01 3.781822025775909424e-01 6.766283512115478516e-01 9.684597849845886230e-01 3.949075043201446533e-01 6.685730218887329102e-01
2.777698338031768799e-01 4.725706875324249268e-01 3.089693784713745117e-01 2.566159367561340332e-01 5.514525771141052246e-01 7.293080091476440430e-01 7.017103433609008789e-01 1.409413665533065796e-01 3.949075043201446533e-01 8.909245729446411133e-01
5.907734036445617676e-01 6.947095394134521484e-01 5.390080213546752930e-01 4.789490103721618652e-01 7.810243368148803711e-01 7.841665744781494141e-01 7.181332111358642578e-01 4.823562800884246826e-01 6.071597933769226074e-01 2.840682566165924072e-01
5.907734036445617676e-01 6.947095394134521484e-01 4.011667668819427490e-01 6.380466222763061523e-01 1.392395049333572388e-01 9.717910289764404297e-01 6.974396109580993652e-01 8.798177242279052734e-01 3.949075043201446533e-01 3.535195887088775635e-01
5.907734036445617676e-01 5.524831414222717285e-01 6.609184145927429199e-01 6.380466222763061523e-01 6.752701997756958008e-01 9.946457147598266602e-01 1.527890712022781372e-01 8.176065683364868164e-01 3.112701177597045898e-01 6.920391917228698730e-01
5.907734036445617676e-01 6.947095394134521484e-01 4.707211554050445557e-01 6.380466222763061523e-01 5.250992178916931152e-01 9.754736423492431641e-01 3.478960096836090088e-01 8.217100501060485840e-01 8.298960924148559570e-01 9.554074406623840332e-01
5.907734036445617676e-01 3.186738193035125732e-01 7.390610575675964355e-01 3.078914582729339600e-01 5.709040760993957520e-01 5.193251967430114746e-01 5.883989334106445312e-01 6.947352886199951172e-01 6.071597933769226074e-01 6.405322551727294922e-01
5.907734036445617676e-01 5.524831414222717285e-01 3.192586302757263184e-01 4.789490103721618652e-01 6.752701997756958008e-01 4.823016524314880371e-01 7.674463391304016113e-01 7.699557542800903320e-01 5.403101444244384766e-01 8.621585369110107422e-01
5.907734036445617676e-01 3.173813819885253906e-01 2.255253307521343231e-02 3.078914582729339600e-01 7.493352890014648438e-01 6.234837174415588379e-01 7.915536761283874512e-01 5.529865622520446777e-01 2.952856123447418213e-01 6.920391917228698730e-01
5.907734036445617676e-01 6.115639209747314453e-01 3.794628381729125977e-02 4.789490103721618652e-01 8.877817392349243164e-01 5.655284225940704346e-02 1.781019568443298340e-01 3.997303247451782227e-01 6.071597933769226074e-01 1.308680027723312378e-01
5.907734036445617676e-01 6.947095394134521484e-01 4.055389761924743652e-01 4.789490103721618652e-01 7.352304458618164062e-01 6.818009614944458008e-01 4.643584191799163818e-01 6.152918338775634766e-01 3.889618813991546631e-01 2.604178786277770996e-01
5.758240222930908203e-01 5.524831414222717285e-01 5.332690477371215820e-01 2.566159367561340332e-01 5.709040760993957520e-01 7.112492918968200684e-01 8.468385338783264160e-01 3.190968930721282959e-01 7.356946468353271484e-01 1.017769724130630493e-01
5.907734036445617676e-01 6.947095394134521484e-01 2.230082303285598755e-01 4.789490103721618652e-01 5.269563198089599609e-01 7.013054192066192627e-02 5.826652646064758301e-01 6.152918338775634766e-01 3.949075043201446533e-01 3.205592334270477295e-01
5.907734036445617676e-01 6.947095394134521484e-01 6.522280573844909668e-01 4.789490103721618652e-01 3.600316047668457031e-01 8.438465595245361328e-01 5.770555138587951660e-02 5.585704445838928223e-01 3.990188241004943848e-01 2.085594236850738525e-01
5.758240222930908203e-01 5.524831414222717285e-01 7.092534303665161133e-01 2.566159367561340332e-01 8.704483509063720703e-01 4.009462296962738037e-01 2.774584591388702393e-01 7.699557542800903320e-01 6.112486124038696289e-01 6.027117967605590820e-01
5.907734036445617676e-01 6.947095394134521484e-01 2.890481054782867432e-01 6.380466222763061523e-01 3.863572180271148682e-01 1.396216154098510742e-01 1.472859531641006470e-01 5.148740410804748535e-01 3.949075043201446533e-01 2.712507918477058411e-02
5.907734036445617676e-01 6.947095394134521484e-01 5.272104740142822266e-01 6.380466222763061523e-01 4.836909770965576172e-01 3.523717820644378662e-01 7.419071793556213379e-01 6.947352886199951172e-01 6.071597933769226074e-01 5.696724653244018555e-01
5.758240222930908203e-01 2.023946195840835571e-01 4.692091643810272217e-01 2.566159367561340332e-01 5.250992178916931152e-01 9.741078615188598633e-01 6.929194331169128418e-01 3.190968930721282959e-01 3.112701177597045898e-01 7.558431625366210938e-01
5.907734036445617676e-01 8.123674392700195312e-01 5.729377269744873047e-01 4.789490103721618652e-01 3.098025321960449219e-01 6.951945424079895020e-01 8.095646500587463379e-01 6.889369487762451172e-01 7.356946468353271484e-01 6.460988521575927734e-01
