4.566756784915924072e-01 6.176601052284240723e-01 5.580681562423706055e-01 1.494689583778381348e-01 2.737058699131011963e-01 7.725076675415039062e-01 8.424158096313476562e-01 6.520868539810180664e-01 7.078098058700561523e-01 4.812519848346710205e-01
3.424607515335083008e-01 4.025467932224273682e-01 5.580681562423706055e-01 5.975180864334106445e-01 1.574247330427169800e-01 8.746061325073242188e-01 8.180728554725646973e-01 8.025083541870117188e-01 2.407602816820144653e-01 4.812519848346710205e-01
7.642341256141662598e-01 3.671561181545257568e-01 6.851987242698669434e-01 3.605788350105285645e-01 6.082025170326232910e-01 9.119083285331726074e-01 9.174610376358032227e-01 5.618739128112792969e-01 9.254274368286132812e-01 4.812519848346710205e-01
3.028920590877532959e-01 6.176601052284240723e-01 2.737360894680023193e-01 1.845240294933319092e-01 6.840897202491760254e-01 1.020117551088333130e-01 8.356077075004577637e-01 4.057893753051757812e-01 7.584423422813415527e-01 1.742982417345046997e-01
6.386100649833679199e-01 6.176601052284240723e-01 4.815891087055206299e-01 1.156063303351402283e-01 7.061665058135986328e-01 4.388920962810516357e-01 6.706277132034301758e-01 5.250063538551330566e-01 6.506183147430419922e-01 2.450814247131347656e-01
2.420635223388671875e-01 7.265078425407409668e-01 2.737360894680023193e-01 8.906504511833190918e-02 2.301780730485916138e-01 9.843453019857406616e-02 7.832825183868408203e-01 1.683662980794906616e-01 1.421088129281997681e-01 4.222462475299835205e-01
8.081187605857849121e-01 6.176601052284240723e-01 4.815891087055206299e-01 2.905751764774322510e-01 6.605204939842224121e-01 4.199900031089782715e-01 6.570171117782592773e-01 6.014823168516159058e-02 5.674913525581359863e-01 2.400659173727035522e-01
6.099076867103576660e-01 6.176601052284240723e-01 6.851987242698669434e-01 4.000706672668457031e-01 4.726575911045074463e-01 4.979294836521148682e-01 7.977481484413146973e-01 1.295150369405746460e-01 8.289759159088134766e-01 3.545695543289184570e-01
4.082225561141967773e-01 7.265078425407409668e-01 7.747428417205810547e-01 2.311418578028678894e-02 5.449241995811462402e-01 2.483693659305572510e-01 7.205177545547485352e-01 3.990525305271148682e-01 1.766147315502166748e-01 5.407267808914184570e-01
5.237594842910766602e-01 7.265078425407409668e-01 5.922619104385375977e-01 8.764122426509857178e-02 7.088410854339599609e-01 8.244401812553405762e-01 7.926235795021057129e-01 4.584695398807525635e-01 6.748204231262207031e-01 7.529398202896118164e-01
6.971081495285034180e-01 5.734083056449890137e-01 7.747428417205810547e-01 8.586891293525695801e-01 8.425312638282775879e-01 1.418642103672027588e-01 9.062749743461608887e-01 9.708583354949951172e-01 6.079991459846496582e-01 5.517709255218505859e-01
7.560692429542541504e-01 5.734083056449890137e-01 5.922619104385375977e-01 8.406271338462829590e-01 7.497709393501281738e-01 8.863956928253173828e-01 9.126432538032531738e-01 7.337883114814758301e-01 6.334010958671569824e-01 6.714434623718261719e-01
4.082225561141967773e-01 3.671561181545257568e-01 5.922619104385375977e-01 7.530493140220642090e-01 3.146391510963439941e-01 7.283152341842651367e-01 8.659589290618896484e-01 8.244534730911254883e-01 3.128351867198944092e-01 2.534808516502380371e-01
4.633794426918029785e-01 6.176601052284240723e-01 3.186480104923248291e-01 3.037352561950683594e-01 5.728523731231689453e-01 3.613006323575973511e-02 9.765818715095520020e-01 6.013213396072387695e-01 6.837392449378967285e-01 3.030630946159362793e-01
8.012936711311340332e-01 4.708693027496337891e-01 5.922619104385375977e-01 4.777327645570039749e-03 4.829283356666564941e-01 7.374335527420043945e-01 7.040690779685974121e-01 3.004042506217956543e-01 8.038287162780761719e-01 1.742982417345046997e-01
5.369263887405395508e-01 5.734083056449890137e-01 5.922619104385375977e-01 1.173612698912620544e-01 6.767387986183166504e-01 3.068035840988159180e-01 9.329544901847839355e-01 3.686500787734985352e-01 3.918560445308685303e-01 5.394940972328186035e-01
5.369263887405395508e-01 6.176601052284240723e-01 5.922619104385375977e-01 8.350660800933837891e-01 8.923334479331970215e-01 4.990432411432266235e-02 6.142206192016601562e-01 9.596107006072998047e-01 7.417143583297729492e-01 3.047880232334136963e-01
5.731584429740905762e-01 6.176601052284240723e-01 5.922619104385375977e-01 1.479952186346054077e-01 6.635918021202087402e-01 7.412755489349365234e-01 8.370329141616821289e-01 5.054172500967979431e-02 6.020147204399108887e-01 5.813019275665283203e-01
5.751661062240600586e-01 5.734083056449890137e-01 5.922619104385375977e-01 2.475267648696899414e-01 3.394698500633239746e-01 6.636184453964233398e-01 9.580706357955932617e-01 9.610787034034729004e-01 6.099026799201965332e-01 2.805620133876800537e-01
7.648074626922607422e-01 6.176601052284240723e-01 7.747428417205810547e-01 9.847405552864074707e-02 2.366637438535690308e-01 4.175187051296234131e-01 9.029822945594787598e-01 8.930139541625976562e-01 5.217027068138122559e-01 6.564884781837463379e-01
6.364056468009948730e-01 7.390465140342712402e-01 5.922619104385375977e-01 1.830389946699142456e-01 5.396469831466674805e-01 6.803824901580810547e-01 5.622808337211608887e-01 6.952528953552246094e-01 3.984371721744537354e-01 2.821805179119110107e-01
1.433610767126083374e-01 3.671561181545257568e-01 5.580681562423706055e-01 6.914654374122619629e-01 6.012948751449584961e-01 4.747010767459869385e-01 9.629576206207275391e-01 5.819956064224243164e-01 4.827185571193695068e-01 4.812519848346710205e-01
2.281607836484909058e-01 7.390465140342712402e-01 4.463637173175811768e-01 2.791113406419754028e-02 7.228826284408569336e-01 3.808394372463226318e-01 7.322688102722167969e-01 1.948318779468536377e-01 1.053909957408905029e-01 2.415565550327301025e-01
2.527812421321868896e-01 4.275973439216613770e-01 4.463637173175811768e-01 3.296681940555572510e-01 3.446893990039825439e-01 9.096223115921020508e-01 9.538694024085998535e-01 2.271520048379898071e-01 7.417143583297729492e-01 5.104083418846130371e-01
1.595135331153869629e-01 7.265078425407409668e-01 2.737360894680023193e-01 1.318046003580093384e-01 6.916697025299072266e-01 5.925710201263427734e-01 9.872642755508422852e-01 3.119548261165618896e-01 1.043915152549743652e-01 1.754748374223709106e-01
1.319351047277450562e-01 6.176601052284240723e-01 2.737360894680023193e-01 6.016322970390319824e-01 5.621660351753234863e-01 5.734097361564636230e-01 8.801276087760925293e-01 5.310577154159545898e-01 1.815658956766128540e-01 4.812519848346710205e-01
5.222623348236083984e-01 4.275973439216613770e-01 4.815891087055206299e-01 4.113725125789642334e-01 6.199963688850402832e-01 3.049821555614471436e-01 9.753888249397277832e-01 9.936955571174621582e-01 3.410975933074951172e-01 6.656581759452819824e-01
3.742516040802001953e-01 4.275973439216613770e-01 4.815891087055206299e-01 7.550064325332641602e-01 6.267760992050170898e-01 4.452549219131469727e-01 9.131657481193542480e-01 8.464459776878356934e-01 3.410975933074951172e-01 2.404211610555648804e-01
1.059745848178863525e-01 7.265078425407409668e-01 2.737360894680023193e-01 5.510027408599853516e-01 6.594803929328918457e-01 6.205418705940246582e-01 9.639253020286560059e-01 2.450834363698959351e-01 4.208157658576965332e-01 4.812519848346710205e-01
2.671256661415100098e-01 7.265078425407409668e-01 4.815891087055206299e-01 2.511915266513824463e-01 6.262872219085693359e-01 2.858520150184631348e-01 8.918730020523071289e-01 6.863592267036437988e-01 6.035071611404418945e-01 6.383853554725646973e-01
5.165521502494812012e-01 7.265078425407409668e-01 4.437892735004425049e-01 8.700869977474212646e-02 5.507618188858032227e-01 2.799161076545715332e-01 9.434469938278198242e-01 7.468989491462707520e-01 2.784102857112884521e-01 3.047880232334136963e-01
5.165521502494812012e-01 7.265078425407409668e-01 4.437892735004425049e-01 9.707950353622436523e-01 7.629554271697998047e-01 3.000112771987915039e-01 9.207009673118591309e-01 9.653905630111694336e-01 1.113542988896369934e-01 8.039747476577758789e-01
2.231410592794418335e-01 7.265078425407409668e-01 4.437892735004425049e-01 5.875566601753234863e-01 1.579158455133438110e-01 8.031245470046997070e-01 9.422943592071533203e-01 2.841116487979888916e-01 1.294617205858230591e-01 7.487128973007202148e-01
6.364056468009948730e-01 7.265078425407409668e-01 7.747428417205810547e-01 2.402660697698593140e-01 5.046204328536987305e-01 5.794582962989807129e-01 8.464643359184265137e-01 4.321593046188354492e-01 4.476856291294097900e-01 5.104083418846130371e-01
4.295084178447723389e-01 4.708693027496337891e-01 7.747428417205810547e-01 8.511854410171508789e-01 8.221556544303894043e-01 8.492351174354553223e-01 9.527239799499511719e-01 7.907276749610900879e-01 6.020147204399108887e-01 3.961123824119567871e-01
6.910926103591918945e-01 7.265078425407409668e-01 7.747428417205810547e-01 7.667715549468994141e-01 7.497709393501281738e-01 7.422091364860534668e-01 5.207787156105041504e-01 9.912188649177551270e-01 7.251976132392883301e-01 4.812519848346710205e-01
6.364056468009948730e-01 7.390465140342712402e-01 7.747428417205810547e-01 4.043148458003997803e-01 3.990792036056518555e-01 5.109964013099670410e-01 9.873666763305664062e-01 9.893381595611572266e-01 7.251976132392883301e-01 5.813019275665283203e-01
8.423398137092590332e-01 5.734083056449890137e-01 7.747428417205810547e-01 3.871527314186096191e-01 6.862132549285888672e-01 4.337135553359985352e-01 8.064674139022827148e-01 9.467881321907043457e-01 4.122999310493469238e-01 4.812519848346710205e-01
1.319351047277450562e-01 6.176601052284240723e-01 2.737360894680023193e-01 2.727850079536437988e-01 1.606184989213943481e-01 5.807686448097229004e-01 5.925515890121459961e-01 9.768838286399841309e-01 5.428067445755004883e-01 4.812519848346710205e-01
3.119574300944805145e-02 6.176601052284240723e-01 2.737360894680023193e-01 2.741823494434356689e-01 2.069645375013351440e-01 1.544867902994155884e-01 2.178556621074676514e-01 7.067523598670959473e-01 2.690924406051635742e-01 3.047880232334136963e-01
6.949604153633117676e-01 6.176601052284240723e-01 7.747428417205810547e-01 4.941651225090026855e-02 5.230179429054260254e-01 5.767407417297363281e-01 6.033541560173034668e-01 9.100196957588195801e-01 1.294617205858230591e-01 6.581036448478698730e-01
3.131157159805297852e-01 6.176601052284240723e-01 2.737360894680023193e-01 2.795143425464630127e-01 7.497709393501281738e-01 7.340219020843505859e-01 9.963759779930114746e-01 8.819871544837951660e-01 4.511837065219879150e-01 4.812519848346710205e-01
9.158015996217727661e-02 6.176601052284240723e-01 2.478084117174148560e-01 8.250260353088378906e-02 4.986513257026672363e-01 1.804557591676712036e-01 6.585764288902282715e-01 2.122853398323059082e-01 5.986953377723693848e-01 1.742512583732604980e-01
4.484296143054962158e-01 6.176601052284240723e-01 5.580681562423706055e-01 4.389766231179237366e-02 2.685997486114501953e-01 6.374859809875488281e-01 3.933665752410888672e-01 9.219191670417785645e-01 2.272691726684570312e-01 4.700574576854705811e-01
1.465748697519302368e-01 7.265078425407409668e-01 4.437892735004425049e-01 4.610362350940704346e-01 3.244284093379974365e-01 1.018830463290214539e-01 9.436063766479492188e-01 8.706232905387878418e-01 3.275299966335296631e-01 1.754748374223709106e-01
3.699919283390045166e-01 4.275973439216613770e-01 4.815891087055206299e-01 4.431903660297393799e-01 2.054103165864944458e-01 5.662041902542114258e-01 3.379582166671752930e-01 4.056529700756072998e-01 1.883155256509780884e-01 2.480273395776748657e-01
3.320814669132232666e-01 5.734083056449890137e-01 4.419327676296234131e-01 7.985680550336837769e-02 8.232545256614685059e-01 3.298193812370300293e-01 8.787184953689575195e-01 7.549221515655517578e-01 6.468363404273986816e-01 1.327615529298782349e-01
4.034456908702850342e-01 5.734083056449890137e-01 3.854071795940399170e-01 8.281072378158569336e-01 8.546569347381591797e-01 4.407428801059722900e-01 7.968310117721557617e-01 9.054722189903259277e-01 6.245763301849365234e-01 1.495211273431777954e-01
7.034783363342285156e-01 6.176601052284240723e-01 3.854071795940399170e-01 4.230092093348503113e-02 2.143208682537078857e-01 6.786346435546875000e-01 4.986709654331207275e-01 4.600479304790496826e-01 6.471133232116699219e-01 6.305931806564331055e-01
2.520363330841064453e-01 4.025467932224273682e-01 2.291129082441329956e-01 3.318869173526763916e-01 6.769596040248870850e-02 5.124892592430114746e-01 3.076228797435760498e-01 8.488031625747680664e-01 4.373786747455596924e-01 4.786773622035980225e-01
4.276009202003479004e-01 6.176601052284240723e-01 3.854071795940399170e-01 2.183118462562561035e-01 2.679041028022766113e-01 4.691008627414703369e-01 9.026569724082946777e-01 4.002958834171295166e-01 8.184008002281188965e-01 8.382229804992675781e-01
7.888692021369934082e-01 6.176601052284240723e-01 3.854071795940399170e-01 1.747349500656127930e-01 7.664228081703186035e-01 1.439602971076965332e-01 7.734650969505310059e-01 1.072970405220985413e-01 3.468405604362487793e-01 6.665813326835632324e-01
6.803300976753234863e-01 5.734083056449890137e-01 3.854071795940399170e-01 3.256872892379760742e-01 3.940279781818389893e-01 1.059311255812644958e-01 6.803874373435974121e-01 7.432647347450256348e-01 8.431073427200317383e-01 6.665813326835632324e-01
6.125809550285339355e-01 5.734083056449890137e-01 3.854071795940399170e-01 3.822590410709381104e-02 8.307112455368041992e-01 1.223451793193817139e-01 2.239635884761810303e-01 1.044821441173553467e-01 7.437484860420227051e-01 3.256212770938873291e-01
3.373957872390747070e-01 6.176601052284240723e-01 4.419327676296234131e-01 7.846128940582275391e-01 5.449241995811462402e-01 7.982333302497863770e-01 8.326657414436340332e-01 4.584245383739471436e-01 2.645588219165802002e-01 5.177347064018249512e-01
2.789826691150665283e-01 5.734083056449890137e-01 3.854071795940399170e-01 3.600931763648986816e-01 8.501276373863220215e-01 1.731527447700500488e-01 7.429982423782348633e-01 5.971520543098449707e-01 8.813878297805786133e-01 5.288500189781188965e-01
6.511802226305007935e-02 3.854079842567443848e-01 5.367737412452697754e-01 6.710457056760787964e-02 3.440275192260742188e-01 2.910133078694343567e-02 2.990589439868927002e-01 3.651441931724548340e-01 8.813878297805786133e-01 8.826819062232971191e-01
3.342553377151489258e-01 6.176601052284240723e-01 3.854071795940399170e-01 2.444966584444046021e-01 5.695094466209411621e-01 7.487023472785949707e-01 3.012295365333557129e-01 6.625391542911529541e-02 8.431073427200317383e-01 5.197702050209045410e-01
8.416447639465332031e-01 6.176601052284240723e-01 3.854071795940399170e-01 2.786172032356262207e-01 3.799183666706085205e-01 4.196722209453582764e-01 9.598544836044311523e-01 2.987038493156433105e-01 8.273342847824096680e-01 6.732286512851715088e-02
5.215492844581604004e-01 4.275973439216613770e-01 5.967614054679870605e-01 2.009813487529754639e-01 7.279591560363769531e-01 2.049359679222106934e-01 8.417121767997741699e-01 5.893481969833374023e-01 3.671735227108001709e-01 5.197702050209045410e-01
6.328573822975158691e-01 3.671561181545257568e-01 5.967614054679870605e-01 4.590829610824584961e-01 2.883730232715606689e-01 5.919477939605712891e-01 8.303592205047607422e-01 8.828973174095153809e-01 8.431073427200317383e-01 7.858561277389526367e-01
5.102829337120056152e-01 6.176601052284240723e-01 7.770645022392272949e-01 1.044771447777748108e-01 2.649987041950225830e-01 5.354565382003784180e-01 5.789149403572082520e-01 7.563695907592773438e-01 9.080060124397277832e-01 3.545695543289184570e-01
3.424607515335083008e-01 4.025467932224273682e-01 5.580681562423706055e-01 7.786769270896911621e-01 2.284010052680969238e-01 5.555260181427001953e-01 1.256438344717025757e-01 5.712433457374572754e-01 7.290529012680053711e-01 2.941277623176574707e-01
1.196226775646209717e-01 4.025467932224273682e-01 2.478084117174148560e-01 9.489490389823913574e-01 2.492134422063827515e-01 4.617605507373809814e-01 6.373859643936157227e-01 6.090221554040908813e-02 1.934708803892135620e-01 5.056952238082885742e-01
2.998749315738677979e-01 6.176601052284240723e-01 3.854071795940399170e-01 4.148666262626647949e-01 6.900154948234558105e-01 5.386180281639099121e-01 4.027407467365264893e-01 4.159372746944427490e-01 2.434945702552795410e-01 2.278845757246017456e-01
5.038338303565979004e-01 6.176601052284240723e-01 3.854071795940399170e-01 3.016457892954349518e-02 4.394684135913848877e-01 5.843852162361145020e-01 7.357874512672424316e-01 6.233356595039367676e-01 6.183579564094543457e-01 7.306833267211914062e-01
5.798833966255187988e-01 4.708693027496337891e-01 3.854071795940399170e-01 1.006716266274452209e-01 8.617874383926391602e-01 4.525428116321563721e-01 6.831947565078735352e-01 3.644830584526062012e-01 4.326260089874267578e-01 2.282222956418991089e-01
6.482691764831542969e-01 7.265078425407409668e-01 7.814530730247497559e-01 1.076915264129638672e-01 7.145439386367797852e-01 8.811339139938354492e-01 8.436996936798095703e-01 4.672476947307586670e-01 6.260367035865783691e-01 8.382229804992675781e-01
6.266137361526489258e-01 7.265078425407409668e-01 4.815891087055206299e-01 7.593964338302612305e-01 8.269355893135070801e-01 7.148902416229248047e-01 8.445835113525390625e-01 4.830027520656585693e-01 8.726196885108947754e-01 3.545695543289184570e-01
5.711176991462707520e-01 7.265078425407409668e-01 4.815891087055206299e-01 8.024621009826660156e-01 8.333942890167236328e-01 4.630381166934967041e-01 8.232958912849426270e-01 9.794650673866271973e-01 4.857259094715118408e-01 6.656581759452819824e-01
7.009646892547607422e-01 7.265078425407409668e-01 7.747428417205810547e-01 3.974526226520538330e-01 8.818346261978149414e-01 9.080808162689208984e-01 2.602818906307220459e-01 8.374053835868835449e-01 8.813996315002441406e-01 6.656581759452819824e-01
9.309908151626586914e-01 7.265078425407409668e-01 7.747428417205810547e-01 1.207042336463928223e-01 7.372766733169555664e-01 3.678005635738372803e-01 5.063400268554687500e-01 8.847262263298034668e-01 2.724274992942810059e-01 2.400659173727035522e-01
3.862893879413604736e-01 7.265078425407409668e-01 4.437892735004425049e-01 1.750135123729705811e-01 9.456157088279724121e-01 6.570206284523010254e-01 7.144193649291992188e-01 9.018782973289489746e-01 2.690924406051635742e-01 4.953644275665283203e-01
8.917212486267089844e-01 7.265078425407409668e-01 4.437892735004425049e-01 2.600803375244140625e-01 7.792624831199645996e-01 3.513994514942169189e-01 7.812864184379577637e-01 1.111115142703056335e-01 8.301062583923339844e-01 1.808045804500579834e-01
7.802839279174804688e-01 7.265078425407409668e-01 4.437892735004425049e-01 5.760636180639266968e-02 6.626704335212707520e-01 6.653956174850463867e-01 9.882970452308654785e-01 7.474857568740844727e-01 6.615304201841354370e-02 7.487128973007202148e-01
6.500693559646606445e-01 7.265078425407409668e-01 4.437892735004425049e-01 8.595911264419555664e-01 9.072032570838928223e-01 1.267431527376174927e-01 9.479999542236328125e-01 8.893780708312988281e-01 2.587237954139709473e-01 2.482890337705612183e-01
5.880059003829956055e-01 7.390465140342712402e-01 4.437892735004425049e-01 1.653230004012584686e-02 7.094927430152893066e-01 5.460421442985534668e-01 6.519086360931396484e-01 8.224881291389465332e-01 8.967578411102294922e-01 6.656581759452819824e-01
6.432890892028808594e-02 3.671561181545257568e-01 2.737360894680023193e-01 5.591132640838623047e-01 2.279358506202697754e-01 9.570946097373962402e-01 5.958764553070068359e-01 7.380515933036804199e-01 5.392034649848937988e-01 4.812519848346710205e-01
4.692356288433074951e-01 7.265078425407409668e-01 4.437892735004425049e-01 1.028207391500473022e-01 2.279358506202697754e-01 3.779951035976409912e-01 5.298868417739868164e-01 2.914765775203704834e-01 6.021031141281127930e-01 1.808045804500579834e-01
1.509233713150024414e-01 7.265078425407409668e-01 3.186480104923248291e-01 4.091489017009735107e-01 8.278475999832153320e-01 7.777111530303955078e-01 8.857228159904479980e-01 2.080248147249221802e-01 3.453565239906311035e-01 2.404211610555648804e-01
4.174146652221679688e-01 6.176601052284240723e-01 3.186480104923248291e-01 2.929112017154693604e-01 7.462917566299438477e-01 4.036000072956085205e-01 9.350109696388244629e-01 3.650359511375427246e-01 7.516553252935409546e-02 6.714434623718261719e-01
7.624000906944274902e-01 6.176601052284240723e-01 4.437892735004425049e-01 8.608171343803405762e-02 3.667805790901184082e-01 2.041716128587722778e-01 9.798523187637329102e-01 4.123029112815856934e-01 4.829294383525848389e-01 2.404211610555648804e-01
2.406682670116424561e-01 6.176601052284240723e-01 2.737360894680023193e-01 2.034958451986312866e-01 8.425312638282775879e-01 3.222028315067291260e-01 6.299592256546020508e-01 6.153067946434020996e-01 6.800822913646697998e-02 1.380153149366378784e-01
5.980622768402099609e-01 3.671561181545257568e-01 5.580681562423706055e-01 4.821420311927795410e-01 3.538298606872558594e-01 9.305806159973144531e-01 9.851450920104980469e-01 3.319750428199768066e-01 8.242542147636413574e-01 2.404211610555648804e-01
1.159186661243438721e-01 6.176601052284240723e-01 2.478084117174148560e-01 4.706396535038948059e-02 3.538298606872558594e-01 3.524429798126220703e-01 8.705021739006042480e-01 5.146686434745788574e-01 3.275299966335296631e-01 5.301419496536254883e-01
7.624000906944274902e-01 6.176601052284240723e-01 4.437892735004425049e-01 1.293127145618200302e-02 2.054103165864944458e-01 4.265038669109344482e-01 9.602959752082824707e-01 6.018145680427551270e-01 1.219475790858268738e-01 5.813019275665283203e-01
5.711176991462707520e-01 7.390465140342712402e-01 4.815891087055206299e-01 4.320976138114929199e-01 6.594803929328918457e-01 8.559044003486633301e-01 9.069080352783203125e-01 8.671412467956542969e-01 4.476856291294097900e-01 5.104083418846130371e-01
2.757314145565032959e-01 6.176601052284240723e-01 4.815891087055206299e-01 8.132262825965881348e-01 4.520364105701446533e-01 6.888185441493988037e-02 4.706429541110992432e-01 2.439567148685455322e-01 4.094361364841461182e-01 4.298572838306427002e-01
5.590181797742843628e-02 6.176601052284240723e-01 4.815891087055206299e-01 1.132520213723182678e-01 3.457297384738922119e-01 6.762661337852478027e-01 8.805304169654846191e-01 6.336210370063781738e-01 7.387756109237670898e-01 4.812519848346710205e-01
7.114151716232299805e-01 6.176601052284240723e-01 4.437892735004425049e-01 1.698828488588333130e-01 4.395931363105773926e-01 5.943620204925537109e-01 9.568213820457458496e-01 9.964658021926879883e-01 5.693816542625427246e-01 4.812519848346710205e-01
1.882488131523132324e-01 6.176601052284240723e-01 4.815891087055206299e-01 2.269907444715499878e-01 2.107121646404266357e-01 1.325659900903701782e-01 9.196510314941406250e-01 6.782905459403991699e-01 8.664058446884155273e-01 8.080567717552185059e-01
8.012936711311340332e-01 6.176601052284240723e-01 5.922619104385375977e-01 1.922138184309005737e-01 5.449241995811462402e-01 8.172274231910705566e-01 7.952976822853088379e-01 1.156191751360893250e-01 8.004647493362426758e-01 6.093990802764892578e-01
6.310025453567504883e-01 6.176601052284240723e-01 5.922619104385375977e-01 5.195847749710083008e-01 2.289453297853469849e-01 8.589799404144287109e-01 1.958463191986083984e-01 1.480546295642852783e-01 6.290432214736938477e-01 1.932973712682723999e-01
8.345162868499755859e-01 6.176601052284240723e-01 7.747428417205810547e-01 6.605978012084960938e-01 2.695845961570739746e-01 8.691990375518798828e-01 8.416476845741271973e-01 5.015208721160888672e-01 6.317394375801086426e-01 1.742982417345046997e-01
7.182164192199707031e-01 7.390465140342712402e-01 7.747428417205810547e-01 2.013842612504959106e-01 1.942808181047439575e-01 7.088991999626159668e-01 9.630921483039855957e-02 6.219827532768249512e-01 1.856967508792877197e-01 4.812519848346710205e-01
4.082225561141967773e-01 5.734083056449890137e-01 7.747428417205810547e-01 7.748423814773559570e-01 6.635918021202087402e-01 6.792586445808410645e-01 9.007599353790283203e-01 3.213488161563873291e-01 4.948281645774841309e-01 4.812519848346710205e-01
5.933822393417358398e-01 6.176601052284240723e-01 2.737360894680023193e-01 9.045699238777160645e-01 4.435425698757171631e-01 5.022047758102416992e-01 5.460605621337890625e-01 2.674746215343475342e-01 6.837392449378967285e-01 5.104083418846130371e-01
7.037608027458190918e-01 5.734083056449890137e-01 5.922619104385375977e-01 7.359108328819274902e-01 3.959764242172241211e-01 7.101475596427917480e-01 4.954429268836975098e-01 2.069687843322753906e-01 7.988310456275939941e-01 1.380153149366378784e-01
4.082225561141967773e-01 6.176601052284240723e-01 7.747428417205810547e-01 1.345428526401519775e-01 6.923515349626541138e-02 2.868629395961761475e-01 8.955180644989013672e-01 4.781408309936523438e-01 7.524538040161132812e-01 1.742982417345046997e-01
4.082225561141967773e-01 6.176601052284240723e-01 7.747428417205810547e-01 2.796666324138641357e-01 6.923515349626541138e-02 5.290067791938781738e-01 3.352562785148620605e-01 1.611758917570114136e-01 8.710739016532897949e-01 8.080567717552185059e-01
4.082225561141967773e-01 4.275973439216613770e-01 5.922619104385375977e-01 6.653585433959960938e-01 4.675727784633636475e-01 7.595406770706176758e-01 7.961557507514953613e-01 3.388656973838806152e-01 3.231253623962402344e-01 1.742982417345046997e-01
4.116897583007812500e-01 4.275973439216613770e-01 2.737360894680023193e-01 3.518199920654296875e-02 6.540822982788085938e-01 6.723067164421081543e-01 8.260923624038696289e-01 7.943931818008422852e-01 7.524538040161132812e-01 1.742982417345046997e-01
2.180610299110412598e-01 6.176601052284240723e-01 2.737360894680023193e-01 7.809212207794189453e-01 6.801782846450805664e-01 6.355063319206237793e-01 2.684820070862770081e-02 7.341688126325607300e-02 5.986953377723693848e-01 2.400659173727035522e-01
3.737409412860870361e-01 5.734083056449890137e-01 4.463637173175811768e-01 7.584273815155029297e-01 5.894722938537597656e-01 3.849861919879913330e-01 1.378359794616699219e-01 2.013762444257736206e-01 6.021031141281127930e-01 5.192003250122070312e-01
2.933551371097564697e-01 4.708693027496337891e-01 2.478084117174148560e-01 4.120398759841918945e-01 3.448037505149841309e-01 9.061379432678222656e-01 2.502453923225402832e-01 2.098884582519531250e-01 5.006478428840637207e-01 2.400659173727035522e-01
1.675451248884201050e-01 6.176601052284240723e-01 4.463637173175811768e-01 1.082492694258689880e-01 4.653794467449188232e-01 7.705217599868774414e-01 4.014834165573120117e-01 1.118135172873735428e-02 4.015901684761047363e-02 5.966778397560119629e-01
7.113837003707885742e-01 7.265078425407409668e-01 7.747428417205810547e-01 9.374215006828308105e-01 7.811608314514160156e-01 8.906943202018737793e-01 8.680961728096008301e-01 4.427660405635833740e-01 2.428924888372421265e-01 1.814858466386795044e-01
5.774952173233032227e-01 6.176601052284240723e-01 4.815891087055206299e-01 6.058799102902412415e-02 4.370576739311218262e-01 3.283441662788391113e-01 6.758922338485717773e-01 7.881056070327758789e-01 8.412545323371887207e-01 5.104083418846130371e-01
2.770083844661712646e-01 4.025467932224273682e-01 4.815891087055206299e-01 2.834359705448150635e-01 5.725770592689514160e-01 5.728149414062500000e-01 8.748686313629150391e-01 5.389498546719551086e-02 3.349238932132720947e-01 5.104083418846130371e-01
6.386100649833679199e-01 6.176601052284240723e-01 4.815891087055206299e-01 4.837878346443176270e-01 5.724887847900390625e-01 7.638092041015625000e-01 5.238216519355773926e-01 6.443637609481811523e-01 6.779149770736694336e-01 6.656581759452819824e-01
4.318473041057586670e-01 7.265078425407409668e-01 4.815891087055206299e-01 6.454882025718688965e-02 6.638910174369812012e-01 6.219809055328369141e-01 8.065732717514038086e-01 4.102599024772644043e-01 8.412545323371887207e-01 6.656581759452819824e-01
7.409883737564086914e-01 4.708693027496337891e-01 3.186480104923248291e-01 2.677937448024749756e-01 2.900917232036590576e-01 6.651175618171691895e-01 4.968120455741882324e-01 6.182811856269836426e-01 8.630589842796325684e-01 4.812519848346710205e-01
7.665189504623413086e-01 7.265078425407409668e-01 4.815891087055206299e-01 4.779230058193206787e-01 6.800469160079956055e-01 7.159231901168823242e-01 5.670254230499267578e-01 6.180085539817810059e-01 6.317394375801086426e-01 3.435149490833282471e-01
5.326438546180725098e-01 4.025467932224273682e-01 7.747428417205810547e-01 7.281149625778198242e-01 1.389531195163726807e-01 5.029177069664001465e-01 2.949030399322509766e-01 4.319072365760803223e-01 6.081023812294006348e-01 1.808045804500579834e-01
7.748774886131286621e-01 2.977457642555236816e-01 7.747428417205810547e-01 6.380495429039001465e-01 1.898629069328308105e-01 7.854962944984436035e-01 3.387024104595184326e-01 3.502193689346313477e-01 8.710739016532897949e-01 1.808045804500579834e-01
2.846879661083221436e-01 7.265078425407409668e-01 5.580672025680541992e-01 3.338278234004974365e-01 5.104432702064514160e-01 1.691514104604721069e-01 6.971548199653625488e-01 3.371082246303558350e-01 4.332666099071502686e-01 4.812519848346710205e-01
7.085698246955871582e-01 7.265078425407409668e-01 5.580672025680541992e-01 9.387274980545043945e-01 3.891728222370147705e-01 8.462390899658203125e-01 6.319361925125122070e-01 8.921236395835876465e-01 9.557987749576568604e-02 4.812519848346710205e-01
5.957061648368835449e-01 7.265078425407409668e-01 3.186480104923248291e-01 4.218205809593200684e-02 4.740256369113922119e-01 2.619391679763793945e-01 3.436217606067657471e-01 3.995613753795623779e-01 7.049416303634643555e-01 4.812519848346710205e-01
7.409883737564086914e-01 7.265078425407409668e-01 3.186480104923248291e-01 1.926237642765045166e-01 7.983616739511489868e-02 4.222358167171478271e-01 5.922071933746337891e-01 9.152780771255493164e-01 5.603717565536499023e-01 3.047880232334136963e-01
2.881212532520294189e-01 7.265078425407409668e-01 3.186480104923248291e-01 8.640671968460083008e-01 2.341004312038421631e-01 3.159514963626861572e-01 4.190371334552764893e-01 4.052568972110748291e-01 1.144265681505203247e-01 1.932973712682723999e-01
7.102370262145996094e-01 4.025467932224273682e-01 7.747428417205810547e-01 5.358403921127319336e-01 2.324086427688598633e-01 6.660139560699462891e-01 2.914207279682159424e-01 1.699220985174179077e-01 3.480092585086822510e-01 1.380153149366378784e-01
4.185755848884582520e-01 6.176601052284240723e-01 5.580672025680541992e-01 3.260075449943542480e-01 8.033574819564819336e-01 6.273167729377746582e-01 6.816722154617309570e-01 4.517360329627990723e-01 4.295468330383300781e-01 4.298572838306427002e-01
6.400156021118164062e-01 4.275973439216613770e-01 5.580672025680541992e-01 2.752937078475952148e-01 9.364700913429260254e-01 2.507386803627014160e-01 3.165442869067192078e-02 6.250957250595092773e-01 7.049416303634643555e-01 1.754748374223709106e-01
8.311942815780639648e-01 6.176601052284240723e-01 7.747428417205810547e-01 3.004156053066253662e-01 7.637926340103149414e-01 6.236569881439208984e-01 7.337478995323181152e-01 7.027693986892700195e-01 6.837392449378967285e-01 4.812519848346710205e-01
