4.150697588920593262e-01 4.557079374790191650e-01 4.157293140888214111e-01 4.720875024795532227e-01 4.820087254047393799e-01 4.796194136142730713e-01 4.407855868339538574e-01 5.237677097320556641e-01 4.605624377727508545e-01 4.069686233997344971e-01
4.150697588920593262e-01 4.557079374790191650e-01 4.478795826435089111e-01 4.251693487167358398e-01 4.402679204940795898e-01 4.154568314552307129e-01 4.407855868339538574e-01 4.291260838508605957e-01 4.605624377727508545e-01 4.548346400260925293e-01
4.940636456012725830e-01 4.557079374790191650e-01 4.157293140888214111e-01 4.251693487167358398e-01 4.402679204940795898e-01 4.154568314552307129e-01 4.407855868339538574e-01 4.291260838508605957e-01 4.605624377727508545e-01 4.069686233997344971e-01
4.150697588920593262e-01 4.557079374790191650e-01 4.478795826435089111e-01 4.251693487167358398e-01 4.613509774208068848e-01 4.154568314552307129e-01 4.407855868339538574e-01 4.291260838508605957e-01 4.605624377727508545e-01 4.548346400260925293e-01
4.940636456012725830e-01 4.557079374790191650e-01 4.931825995445251465e-01 4.052256345748901367e-01 4.634667336940765381e-01 5.101355314254760742e-01 4.407855868339538574e-01 4.123872816562652588e-01 4.984814822673797607e-01 5.415541529655456543e-01
4.150697588920593262e-01 4.557079374790191650e-01 4.499698877334594727e-01 4.508770108222961426e-01 5.710593461990356445e-01 5.261923074722290039e-01 4.407855868339538574e-01 5.104204416275024414e-01 4.970191717147827148e-01 4.776058495044708252e-01
4.150697588920593262e-01 4.557079374790191650e-01 4.442749619483947754e-01 4.296037554740905762e-01 3.902375996112823486e-01 4.796194136142730713e-01 4.407855868339538574e-01 4.709224700927734375e-01 4.970191717147827148e-01 4.776058495044708252e-01
4.150697588920593262e-01 4.557079374790191650e-01 4.101446568965911865e-01 4.463948011398315430e-01 4.005033969879150391e-01 3.738439679145812988e-01 4.407855868339538574e-01 4.644724726676940918e-01 4.260495007038116455e-01 4.069686233997344971e-01
4.150697588920593262e-01 4.557079374790191650e-01 4.157293140888214111e-01 4.463948011398315430e-01 4.148401021957397461e-01 3.738439679145812988e-01 4.407855868339538574e-01 4.288025200366973877e-01 4.260495007038116455e-01 4.069686233997344971e-01
4.150697588920593262e-01 4.557079374790191650e-01 4.157293140888214111e-01 3.381294012069702148e-01 4.211148619651794434e-01 3.738439679145812988e-01 4.407855868339538574e-01 4.484854936599731445e-01 4.260495007038116455e-01 4.069686233997344971e-01
4.150697588920593262e-01 4.557079374790191650e-01 4.157293140888214111e-01 4.030539989471435547e-01 4.148401021957397461e-01 3.738439679145812988e-01 4.407855868339538574e-01 4.190476536750793457e-01 4.260495007038116455e-01 4.069686233997344971e-01
4.150697588920593262e-01 4.557079374790191650e-01 4.157293140888214111e-01 4.251693487167358398e-01 4.613509774208068848e-01 4.154568314552307129e-01 4.407855868339538574e-01 4.000372290611267090e-01 4.605624377727508545e-01 4.069686233997344971e-01
4.150697588920593262e-01 4.557079374790191650e-01 4.730092585086822510e-01 4.251693487167358398e-01 4.613509774208068848e-01 4.154568314552307129e-01 4.407855868339538574e-01 3.900672197341918945e-01 4.605624377727508545e-01 4.069686233997344971e-01
4.940636456012725830e-01 4.557079374790191650e-01 3.834725618362426758e-01 3.734825551509857178e-01 4.318023920059204102e-01 3.748793900012969971e-01 4.407855868339538574e-01 3.377573490142822266e-01 4.605624377727508545e-01 4.069686233997344971e-01
4.150697588920593262e-01 4.437763094902038574e-01 5.208294987678527832e-01 3.734825551509857178e-01 4.695991873741149902e-01 3.748793900012969971e-01 4.407855868339538574e-01 4.524188339710235596e-01 4.605624377727508545e-01 4.069686233997344971e-01
4.602167010307312012e-01 4.437763094902038574e-01 5.659477114677429199e-01 4.156690835952758789e-01 5.284156203269958496e-01 5.101355314254760742e-01 4.407855868339538574e-01 5.194815993309020996e-01 4.984814822673797607e-01 4.069686233997344971e-01
4.940636456012725830e-01 4.557079374790191650e-01 4.729790985584259033e-01 4.484820961952209473e-01 5.166360139846801758e-01 5.101355314254760742e-01 4.407855868339538574e-01 4.150754213333129883e-01 4.984814822673797607e-01 4.069686233997344971e-01
4.940636456012725830e-01 4.557079374790191650e-01 4.844196140766143799e-01 4.446645677089691162e-01 4.051034748554229736e-01 4.365218877792358398e-01 5.095877647399902344e-01 4.683155715465545654e-01 4.605624377727508545e-01 4.069686233997344971e-01
4.940636456012725830e-01 4.557079374790191650e-01 4.844196140766143799e-01 4.960080385208129883e-01 4.278656840324401855e-01 4.365218877792358398e-01 5.095877647399902344e-01 4.683155715465545654e-01 4.984814822673797607e-01 4.928117394447326660e-01
4.940636456012725830e-01 4.557079374790191650e-01 4.368942975997924805e-01 4.484820961952209473e-01 4.278656840324401855e-01 4.365218877792358398e-01 4.407855868339538574e-01 4.547713100910186768e-01 4.984814822673797607e-01 5.415541529655456543e-01
4.150697588920593262e-01 4.557079374790191650e-01 4.368942975997924805e-01 4.444137811660766602e-01 4.252309203147888184e-01 5.011485815048217773e-01 4.407855868339538574e-01 5.496234893798828125e-01 4.605624377727508545e-01 4.548346400260925293e-01
4.940636456012725830e-01 4.557079374790191650e-01 4.368942975997924805e-01 4.957541227340698242e-01 4.482719600200653076e-01 5.011485815048217773e-01 4.407855868339538574e-01 5.496234893798828125e-01 4.984814822673797607e-01 4.548346400260925293e-01
4.940636456012725830e-01 4.557079374790191650e-01 4.368942975997924805e-01 4.484820961952209473e-01 4.071562588214874268e-01 4.365218877792358398e-01 4.407855868339538574e-01 4.547713100910186768e-01 4.984814822673797607e-01 4.548346400260925293e-01
4.150697588920593262e-01 4.557079374790191650e-01 4.368942975997924805e-01 3.838004171848297119e-01 3.664357364177703857e-01 3.942221105098724365e-01 4.407855868339538574e-01 3.636702895164489746e-01 3.733566105365753174e-01 4.069686233997344971e-01
6.115706562995910645e-01 4.557079374790191650e-01 4.707002341747283936e-01 3.527117669582366943e-01 5.454117655754089355e-01 5.476120710372924805e-01 4.407855868339538574e-01 6.214607954025268555e-01 3.620554804801940918e-01 5.710248351097106934e-01
4.638373553752899170e-01 4.557079374790191650e-01 4.685655832290649414e-01 2.612510323524475098e-01 3.681307733058929443e-01 3.583360910415649414e-01 4.407855868339538574e-01 4.830453991889953613e-01 3.733566105365753174e-01 4.548346400260925293e-01
5.336042046546936035e-01 4.557079374790191650e-01 6.478295922279357910e-01 6.015058755874633789e-01 6.487382650375366211e-01 5.095070600509643555e-01 4.407855868339538574e-01 5.648035407066345215e-01 5.310848951339721680e-01 5.710248351097106934e-01
5.336042046546936035e-01 4.557079374790191650e-01 5.805755853652954102e-01 5.806405544281005859e-01 6.849880814552307129e-01 4.629679620265960693e-01 4.407855868339538574e-01 4.800779223442077637e-01 6.543602347373962402e-01 6.180759072303771973e-01
6.115706562995910645e-01 4.557079374790191650e-01 6.771271824836730957e-01 6.146729588508605957e-01 6.421820521354675293e-01 4.641824066638946533e-01 4.407855868339538574e-01 6.029042601585388184e-01 6.543602347373962402e-01 6.180759072303771973e-01
5.336042046546936035e-01 4.557079374790191650e-01 6.771271824836730957e-01 5.487339496612548828e-01 5.679791569709777832e-01 4.004955291748046875e-01 4.407855868339538574e-01 6.766825914382934570e-01 5.310848951339721680e-01 6.180759072303771973e-01
4.638373553752899170e-01 4.557079374790191650e-01 3.855373561382293701e-01 3.967702090740203857e-01 4.195765852928161621e-01 4.365218877792358398e-01 4.407855868339538574e-01 4.645031988620758057e-01 4.605624377727508545e-01 4.069686233997344971e-01
3.560278117656707764e-01 4.557079374790191650e-01 3.855373561382293701e-01 3.059463202953338623e-01 1.910851746797561646e-01 3.942221105098724365e-01 4.407855868339538574e-01 4.461749196052551270e-01 4.260495007038116455e-01 4.069686233997344971e-01
4.581057131290435791e-01 4.557079374790191650e-01 3.620345294475555420e-01 3.847447335720062256e-01 2.292827963829040527e-01 3.544609546661376953e-01 4.407855868339538574e-01 3.651781976222991943e-01 4.260495007038116455e-01 4.069686233997344971e-01
4.601886570453643799e-01 5.015788674354553223e-01 5.652097463607788086e-01 5.608868002891540527e-01 5.357496142387390137e-01 4.542027115821838379e-01 5.144743919372558594e-01 5.639485120773315430e-01 4.618053734302520752e-01 5.585797429084777832e-01
4.601886570453643799e-01 4.105618894100189209e-01 4.074077904224395752e-01 3.827208280563354492e-01 3.513501286506652832e-01 4.468032121658325195e-01 4.422635734081268311e-01 3.980692923069000244e-01 4.181591272354125977e-01 5.048514604568481445e-01
4.601886570453643799e-01 4.105618894100189209e-01 4.340188205242156982e-01 3.827208280563354492e-01 4.920246005058288574e-01 4.468032121658325195e-01 4.422635734081268311e-01 4.853489995002746582e-01 6.164490580558776855e-01 5.048514604568481445e-01
4.267051219940185547e-01 5.015788674354553223e-01 5.253048539161682129e-01 5.336547493934631348e-01 4.876852631568908691e-01 5.004588365554809570e-01 5.144743919372558594e-01 4.647196531295776367e-01 5.346535444259643555e-01 5.583208203315734863e-01
4.267051219940185547e-01 5.015788674354553223e-01 3.565292358398437500e-01 4.252292513847351074e-01 4.056829512119293213e-01 4.127931892871856689e-01 5.144743919372558594e-01 4.115718603134155273e-01 5.346535444259643555e-01 5.583208203315734863e-01
4.870384335517883301e-01 5.015788674354553223e-01 4.439788460731506348e-01 4.022380709648132324e-01 4.037279784679412842e-01 4.544907808303833008e-01 5.144743919372558594e-01 4.732721149921417236e-01 5.346535444259643555e-01 5.063514113426208496e-01
4.267051219940185547e-01 5.015788674354553223e-01 4.976766705513000488e-01 5.155858397483825684e-01 2.801983058452606201e-01 4.080200493335723877e-01 5.144743919372558594e-01 3.345926403999328613e-01 4.958691895008087158e-01 5.438854098320007324e-01
4.601886570453643799e-01 5.015788674354553223e-01 4.169680476188659668e-01 5.336547493934631348e-01 4.446599483489990234e-01 4.468032121658325195e-01 5.144743919372558594e-01 4.115718603134155273e-01 5.346535444259643555e-01 6.058033704757690430e-01
5.096386075019836426e-01 5.015788674354553223e-01 3.664292097091674805e-01 5.758851766586303711e-01 4.300946891307830811e-01 4.420923292636871338e-01 5.144743919372558594e-01 4.115718603134155273e-01 5.346535444259643555e-01 5.583208203315734863e-01
3.991078734397888184e-01 4.105618894100189209e-01 3.261104524135589600e-01 3.896492719650268555e-01 3.365162014961242676e-01 5.968053340911865234e-01 4.422635734081268311e-01 3.991222679615020752e-01 4.555351138114929199e-01 5.048514604568481445e-01
3.991078734397888184e-01 4.105618894100189209e-01 1.783864647150039673e-01 3.597743511199951172e-01 3.824723362922668457e-01 5.542511940002441406e-01 4.422635734081268311e-01 3.811420202255249023e-01 3.340108692646026611e-01 5.048514604568481445e-01
4.940636456012725830e-01 4.437763094902038574e-01 4.162582755088806152e-01 4.361968338489532471e-01 5.265917181968688965e-01 4.275692701339721680e-01 5.095877647399902344e-01 4.306557774543762207e-01 4.095467925071716309e-01 5.655058026313781738e-01
5.510460138320922852e-01 5.106807947158813477e-01 6.248444914817810059e-01 5.626244544982910156e-01 5.677375793457031250e-01 5.234878063201904297e-01 5.095877647399902344e-01 5.947107672691345215e-01 5.537690520286560059e-01 6.038011312484741211e-01
5.510460138320922852e-01 5.106807947158813477e-01 5.775116682052612305e-01 2.573347985744476318e-01 4.953775703907012939e-01 5.436234474182128906e-01 5.095877647399902344e-01 6.006733775138854980e-01 5.151331424713134766e-01 6.260654330253601074e-01
5.510460138320922852e-01 3.879948258399963379e-01 5.049481987953186035e-01 5.147187113761901855e-01 4.509758949279785156e-01 5.030732154846191406e-01 5.095877647399902344e-01 3.683278262615203857e-01 5.151331424713134766e-01 5.035344362258911133e-01
3.794666528701782227e-01 3.879948258399963379e-01 4.344582557678222656e-01 4.749391078948974609e-01 4.547630846500396729e-01 5.575519800186157227e-01 5.095877647399902344e-01 4.758431911468505859e-01 4.090030789375305176e-01 5.085040330886840820e-01
4.423399865627288818e-01 4.557079374790191650e-01 5.958626270294189453e-01 4.964008927345275879e-01 4.733323454856872559e-01 4.002931118011474609e-01 5.095877647399902344e-01 4.258863627910614014e-01 4.597287476062774658e-01 4.074906408786773682e-01
3.794666528701782227e-01 3.879948258399963379e-01 4.545183181762695312e-01 3.384522497653961182e-01 5.131360292434692383e-01 4.485047757625579834e-01 4.407855868339538574e-01 4.231904149055480957e-01 4.711237847805023193e-01 4.242409169673919678e-01
4.150697588920593262e-01 4.557079374790191650e-01 4.485448300838470459e-01 4.741185605525970459e-01 4.005418121814727783e-01 3.628377914428710938e-01 4.407855868339538574e-01 3.777623474597930908e-01 4.839205145835876465e-01 4.548346400260925293e-01
3.794666528701782227e-01 3.879948258399963379e-01 3.116145133972167969e-01 3.239910602569580078e-01 4.169534742832183838e-01 5.472465753555297852e-01 4.407855868339538574e-01 3.570636212825775146e-01 3.478841781616210938e-01 3.632556200027465820e-01
4.581057131290435791e-01 4.557079374790191650e-01 4.036468267440795898e-01 5.820067524909973145e-01 2.994689941406250000e-01 3.175283372402191162e-01 4.407855868339538574e-01 3.944013118743896484e-01 3.631755411624908447e-01 4.069686233997344971e-01
4.423399865627288818e-01 4.557079374790191650e-01 4.593284428119659424e-01 6.076409816741943359e-01 4.973390698432922363e-01 5.907751917839050293e-01 3.916122317314147949e-01 6.067938208580017090e-01 3.961102664470672607e-01 5.311408042907714844e-01
4.581057131290435791e-01 4.557079374790191650e-01 3.625606894493103027e-01 4.255433380603790283e-01 3.716645240783691406e-01 4.755305349826812744e-01 3.916122317314147949e-01 5.146812200546264648e-01 3.631755411624908447e-01 4.069686233997344971e-01
3.945770263671875000e-01 3.879948258399963379e-01 4.369781315326690674e-01 5.922592282295227051e-01 3.652674555778503418e-01 5.907751917839050293e-01 3.916122317314147949e-01 5.529712438583374023e-01 3.478841781616210938e-01 4.849980771541595459e-01
4.150697588920593262e-01 4.557079374790191650e-01 5.787560939788818359e-01 5.127255320549011230e-01 4.092792868614196777e-01 4.885545074939727783e-01 3.916122317314147949e-01 5.019009113311767578e-01 3.596095442771911621e-01 5.311408042907714844e-01
4.423399865627288818e-01 4.557079374790191650e-01 4.078566431999206543e-01 4.646438658237457275e-01 4.223038256168365479e-01 5.190790295600891113e-01 3.916122317314147949e-01 4.917873740196228027e-01 3.961102664470672607e-01 4.548346400260925293e-01
4.150697588920593262e-01 4.557079374790191650e-01 3.900509774684906006e-01 4.266023635864257812e-01 3.412745594978332520e-01 5.190790295600891113e-01 3.916122317314147949e-01 5.221870541572570801e-01 3.961102664470672607e-01 4.548346400260925293e-01
4.940636456012725830e-01 4.557079374790191650e-01 4.036468267440795898e-01 4.776540994644165039e-01 4.503830671310424805e-01 5.190790295600891113e-01 3.916122317314147949e-01 5.221870541572570801e-01 3.961102664470672607e-01 4.548346400260925293e-01
4.423399865627288818e-01 4.557079374790191650e-01 3.773310482501983643e-01 4.306339323520660400e-01 4.580614864826202393e-01 5.190790295600891113e-01 3.916122317314147949e-01 5.133776664733886719e-01 3.961102664470672607e-01 4.548346400260925293e-01
4.150697588920593262e-01 4.557079374790191650e-01 3.773310482501983643e-01 4.478436708450317383e-01 3.746203482151031494e-01 4.629310965538024902e-01 3.916122317314147949e-01 5.234889388084411621e-01 3.631755411624908447e-01 4.069686233997344971e-01
4.150697588920593262e-01 4.557079374790191650e-01 3.719338476657867432e-01 4.969085156917572021e-01 3.468967974185943604e-01 4.501194655895233154e-01 3.916122317314147949e-01 4.501340091228485107e-01 3.631755411624908447e-01 4.548346400260925293e-01
4.581057131290435791e-01 4.557079374790191650e-01 3.296621143817901611e-01 4.785680174827575684e-01 3.468967974185943604e-01 3.942221105098724365e-01 3.916122317314147949e-01 3.909754157066345215e-01 3.631755411624908447e-01 4.069686233997344971e-01
4.601886570453643799e-01 4.105618894100189209e-01 5.038042664527893066e-01 6.637011766433715820e-01 4.414672553539276123e-01 4.542027115821838379e-01 3.916122317314147949e-01 5.015941262245178223e-01 3.243473172187805176e-01 4.442644715309143066e-01
4.601886570453643799e-01 5.015788674354553223e-01 6.116340160369873047e-01 6.026596426963806152e-01 4.884713888168334961e-01 4.976512193679809570e-01 3.916122317314147949e-01 6.183869242668151855e-01 4.967081546783447266e-01 6.286997199058532715e-01
4.601886570453643799e-01 5.008354783058166504e-01 6.403753161430358887e-01 6.325766444206237793e-01 3.858649432659149170e-01 3.835465312004089355e-01 3.916122317314147949e-01 5.994061827659606934e-01 6.419167518615722656e-01 4.787480533123016357e-01
4.601886570453643799e-01 5.008354783058166504e-01 4.949079751968383789e-01 6.061909794807434082e-01 5.091177821159362793e-01 4.788171947002410889e-01 4.422635734081268311e-01 5.677548646926879883e-01 6.733997464179992676e-01 5.048514604568481445e-01
4.601886570453643799e-01 5.008354783058166504e-01 5.893394947052001953e-01 6.908918023109436035e-01 5.777053236961364746e-01 5.513275265693664551e-01 4.422635734081268311e-01 6.576926708221435547e-01 6.733997464179992676e-01 6.272979378700256348e-01
5.343790650367736816e-01 5.008354783058166504e-01 6.042361855506896973e-01 6.924682259559631348e-01 7.174933552742004395e-01 6.136168837547302246e-01 4.422635734081268311e-01 5.637544989585876465e-01 4.797020852565765381e-01 6.272979378700256348e-01
5.096386075019836426e-01 5.008354783058166504e-01 7.641149163246154785e-01 6.097670197486877441e-01 7.253024578094482422e-01 5.614652037620544434e-01 5.144743919372558594e-01 7.045674324035644531e-01 6.733997464179992676e-01 6.286997199058532715e-01
5.096386075019836426e-01 5.008354783058166504e-01 7.443161010742187500e-01 6.891635656356811523e-01 7.060851454734802246e-01 6.136168837547302246e-01 5.144743919372558594e-01 7.045674324035644531e-01 6.733997464179992676e-01 6.286997199058532715e-01
7.270452380180358887e-01 5.008354783058166504e-01 5.882180929183959961e-01 5.631729960441589355e-01 6.913521289825439453e-01 6.259061098098754883e-01 4.422635734081268311e-01 7.631899118423461914e-01 6.383573412895202637e-01 6.272979378700256348e-01
5.343790650367736816e-01 5.008354783058166504e-01 5.882180929183959961e-01 5.868974328041076660e-01 6.913521289825439453e-01 7.540742158889770508e-01 4.422635734081268311e-01 7.631899118423461914e-01 6.383573412895202637e-01 6.167731285095214844e-01
5.164056420326232910e-01 5.106807947158813477e-01 7.089439034461975098e-01 7.196084260940551758e-01 6.884679198265075684e-01 6.258836984634399414e-01 5.095877647399902344e-01 7.076069712638854980e-01 5.393298864364624023e-01 6.260654330253601074e-01
5.164056420326232910e-01 5.106807947158813477e-01 7.681176066398620605e-01 7.196084260940551758e-01 7.077675461769104004e-01 6.258836984634399414e-01 5.095877647399902344e-01 7.076069712638854980e-01 5.393298864364624023e-01 6.260654330253601074e-01
5.774979591369628906e-01 5.799528956413269043e-01 6.042406558990478516e-01 6.634467840194702148e-01 6.722927689552307129e-01 7.540742158889770508e-01 5.144743919372558594e-01 6.299580931663513184e-01 6.383573412895202637e-01 6.181904077529907227e-01
4.560447633266448975e-01 5.799528956413269043e-01 4.948163628578186035e-01 5.771072506904602051e-01 5.932477116584777832e-01 6.821829676628112793e-01 5.144743919372558594e-01 5.584962964057922363e-01 5.234884619712829590e-01 5.064008235931396484e-01
3.794666528701782227e-01 5.106807947158813477e-01 4.781361520290374756e-01 4.659391343593597412e-01 5.275504589080810547e-01 4.281923770904541016e-01 5.095877647399902344e-01 3.568367958068847656e-01 4.326631426811218262e-01 3.959784209728240967e-01
3.794666528701782227e-01 5.106807947158813477e-01 4.781361520290374756e-01 3.757940530776977539e-01 2.660747170448303223e-01 3.084399402141571045e-01 5.095877647399902344e-01 4.274788498878479004e-01 3.361145555973052979e-01 3.545413911342620850e-01
3.794666528701782227e-01 5.106807947158813477e-01 4.040584862232208252e-01 4.376739561557769775e-01 3.387650847434997559e-01 3.084399402141571045e-01 5.095877647399902344e-01 3.529764413833618164e-01 3.361145555973052979e-01 3.333257734775543213e-01
3.794666528701782227e-01 5.106807947158813477e-01 3.598239719867706299e-01 4.376739561557769775e-01 3.754423260688781738e-01 4.180816411972045898e-01 5.095877647399902344e-01 2.884433269500732422e-01 3.361145555973052979e-01 3.333257734775543213e-01
3.794666528701782227e-01 5.106807947158813477e-01 4.228591620922088623e-01 5.292603969573974609e-01 3.754423260688781738e-01 4.702435433864593506e-01 5.095877647399902344e-01 4.464986324310302734e-01 4.373267292976379395e-01 3.333257734775543213e-01
4.992434382438659668e-01 5.106807947158813477e-01 4.403232038021087646e-01 4.207084178924560547e-01 3.409584164619445801e-01 4.702435433864593506e-01 5.095877647399902344e-01 4.866991341114044189e-01 4.800922572612762451e-01 4.425202310085296631e-01
4.992434382438659668e-01 5.106807947158813477e-01 4.403232038021087646e-01 4.759478867053985596e-01 4.306095540523529053e-01 4.180816411972045898e-01 5.095877647399902344e-01 3.804813623428344727e-01 4.800922572612762451e-01 4.425202310085296631e-01
3.794666528701782227e-01 3.879948258399963379e-01 4.061511158943176270e-01 4.207084178924560547e-01 3.570488691329956055e-01 4.180816411972045898e-01 3.916122317314147949e-01 3.722003996372222900e-01 4.121525585651397705e-01 3.545413911342620850e-01
3.794666528701782227e-01 3.879948258399963379e-01 3.050754666328430176e-01 3.345562815666198730e-01 2.324009239673614502e-01 4.058264493942260742e-01 3.916122317314147949e-01 3.329847455024719238e-01 3.135202229022979736e-01 3.545413911342620850e-01
4.423399865627288818e-01 4.557079374790191650e-01 3.522819876670837402e-01 3.700707256793975830e-01 3.066812157630920410e-01 2.313806712627410889e-01 3.916122317314147949e-01 4.071441590785980225e-01 3.596095442771911621e-01 3.978610038757324219e-01
4.423399865627288818e-01 4.557079374790191650e-01 3.111373484134674072e-01 3.586592674255371094e-01 3.871329724788665771e-01 4.046295285224914551e-01 3.916122317314147949e-01 4.127054512500762939e-01 3.961102664470672607e-01 4.599175751209259033e-01
4.581057131290435791e-01 4.557079374790191650e-01 3.968562781810760498e-01 4.070570170879364014e-01 3.533589839935302734e-01 3.518053293228149414e-01 3.916122317314147949e-01 4.778388440608978271e-01 3.631755411624908447e-01 3.755614459514617920e-01
4.581057131290435791e-01 4.557079374790191650e-01 3.234411478042602539e-01 3.761258721351623535e-01 3.604681193828582764e-01 2.765020132064819336e-01 3.916122317314147949e-01 4.139708578586578369e-01 3.631755411624908447e-01 3.755614459514617920e-01
4.581057131290435791e-01 4.557079374790191650e-01 2.324568182229995728e-01 3.761258721351623535e-01 3.620737493038177490e-01 2.765020132064819336e-01 3.916122317314147949e-01 3.852161169052124023e-01 3.631755411624908447e-01 3.755614459514617920e-01
4.581057131290435791e-01 4.557079374790191650e-01 3.234675824642181396e-01 3.864114880561828613e-01 3.620737493038177490e-01 4.766721427440643311e-01 3.916122317314147949e-01 3.519374430179595947e-01 5.679433345794677734e-01 3.755614459514617920e-01
4.150697588920593262e-01 4.557079374790191650e-01 4.935609996318817139e-01 4.005265235900878906e-01 4.165299236774444580e-01 4.834544658660888672e-01 5.170817375183105469e-01 4.781684279441833496e-01 5.679433345794677734e-01 3.755614459514617920e-01
4.601886570453643799e-01 5.015788674354553223e-01 4.145521521568298340e-01 3.749960064888000488e-01 5.501643419265747070e-01 3.658544123172760010e-01 5.170817375183105469e-01 4.645172953605651855e-01 5.724658966064453125e-01 4.018517136573791504e-01
4.601886570453643799e-01 5.015788674354553223e-01 4.465060830116271973e-01 3.592223525047302246e-01 4.443059861660003662e-01 3.531675636768341064e-01 5.170817375183105469e-01 5.068687796592712402e-01 6.063100695610046387e-01 4.733969867229461670e-01
5.135144591331481934e-01 5.015788674354553223e-01 4.237650036811828613e-01 3.592223525047302246e-01 4.443059861660003662e-01 3.531675636768341064e-01 5.170817375183105469e-01 4.380091130733489990e-01 6.030945181846618652e-01 4.733969867229461670e-01
4.601886570453643799e-01 5.015788674354553223e-01 4.237354993820190430e-01 3.911897242069244385e-01 4.754594564437866211e-01 3.546066582202911377e-01 5.170817375183105469e-01 4.313214719295501709e-01 4.967081546783447266e-01 5.175860524177551270e-01
4.601886570453643799e-01 5.015788674354553223e-01 3.791303038597106934e-01 3.655517101287841797e-01 3.549697995185852051e-01 3.835465312004089355e-01 3.916122317314147949e-01 3.577985465526580811e-01 4.618053734302520752e-01 4.682870209217071533e-01
4.601886570453643799e-01 5.015788674354553223e-01 3.990201950073242188e-01 3.726534247398376465e-01 3.549697995185852051e-01 3.835465312004089355e-01 5.144743919372558594e-01 3.577985465526580811e-01 4.618053734302520752e-01 5.170767307281494141e-01
4.601886570453643799e-01 5.015788674354553223e-01 4.499858915805816650e-01 3.726534247398376465e-01 3.549697995185852051e-01 3.835465312004089355e-01 5.144743919372558594e-01 3.577985465526580811e-01 4.618053734302520752e-01 4.682870209217071533e-01
3.991078734397888184e-01 4.105618894100189209e-01 4.817942380905151367e-01 3.795599639415740967e-01 3.262238800525665283e-01 3.835465312004089355e-01 4.422635734081268311e-01 4.211852252483367920e-01 3.845585286617279053e-01 3.574854731559753418e-01
5.096386075019836426e-01 5.015788674354553223e-01 4.817942380905151367e-01 4.772114455699920654e-01 4.589357674121856689e-01 4.843085706233978271e-01 5.144743919372558594e-01 4.199135601520538330e-01 4.967081546783447266e-01 5.063514113426208496e-01
5.096386075019836426e-01 5.015788674354553223e-01 4.817942380905151367e-01 4.987806081771850586e-01 4.250375032424926758e-01 4.410022497177124023e-01 5.144743919372558594e-01 4.832352995872497559e-01 4.618053734302520752e-01 4.682870209217071533e-01
3.991078734397888184e-01 4.105618894100189209e-01 4.375481307506561279e-01 3.989608287811279297e-01 3.348206877708435059e-01 4.843085706233978271e-01 4.422635734081268311e-01 4.819322824478149414e-01 4.181591272354125977e-01 3.574854731559753418e-01
5.343790650367736816e-01 5.799528956413269043e-01 4.292739033699035645e-01 4.189734160900115967e-01 5.249577164649963379e-01 4.420923292636871338e-01 4.422635734081268311e-01 4.477135241031646729e-01 4.797020852565765381e-01 3.574854731559753418e-01
5.096386075019836426e-01 5.799528956413269043e-01 5.069881081581115723e-01 5.830483436584472656e-01 5.832733511924743652e-01 4.843085706233978271e-01 5.144743919372558594e-01 5.316845178604125977e-01 5.587106943130493164e-01 5.063514113426208496e-01
5.343790650367736816e-01 5.799528956413269043e-01 4.292739033699035645e-01 4.504142999649047852e-01 6.058078408241271973e-01 4.420923292636871338e-01 4.422635734081268311e-01 4.477135241031646729e-01 4.797020852565765381e-01 5.048514604568481445e-01
5.343790650367736816e-01 5.799528956413269043e-01 6.358122229576110840e-01 7.015250921249389648e-01 6.731933355331420898e-01 5.567620992660522461e-01 4.422635734081268311e-01 6.733452677726745605e-01 4.797020852565765381e-01 6.272979378700256348e-01
5.096386075019836426e-01 5.799528956413269043e-01 7.489541769027709961e-01 5.665843486785888672e-01 7.336553335189819336e-01 5.567620992660522461e-01 5.144743919372558594e-01 6.733452677726745605e-01 5.587106943130493164e-01 6.286997199058532715e-01
5.700385570526123047e-01 5.799528956413269043e-01 7.227855324745178223e-01 6.093678474426269531e-01 6.645879745483398438e-01 5.567620992660522461e-01 5.144743919372558594e-01 6.241591572761535645e-01 6.733997464179992676e-01 6.760298013687133789e-01
5.700385570526123047e-01 5.799528956413269043e-01 6.793102622032165527e-01 6.181805729866027832e-01 7.336553335189819336e-01 6.090837121009826660e-01 5.144743919372558594e-01 6.733452677726745605e-01 6.733997464179992676e-01 6.286997199058532715e-01
5.096386075019836426e-01 5.799528956413269043e-01 6.462186574935913086e-01 5.617541670799255371e-01 5.913611650466918945e-01 4.956890940666198730e-01 5.144743919372558594e-01 5.765630006790161133e-01 6.733997464179992676e-01 5.583208203315734863e-01
5.096386075019836426e-01 5.799528956413269043e-01 5.579416155815124512e-01 6.086325645446777344e-01 7.421744465827941895e-01 6.680553555488586426e-01 5.144743919372558594e-01 6.241591572761535645e-01 6.733997464179992676e-01 6.760298013687133789e-01
5.172584652900695801e-01 5.015788674354553223e-01 5.146356225013732910e-01 5.603334903717041016e-01 6.385390758514404297e-01 6.090837121009826660e-01 5.144743919372558594e-01 5.764040946960449219e-01 5.346535444259643555e-01 6.760298013687133789e-01
4.423399865627288818e-01 5.106807947158813477e-01 5.044297575950622559e-01 3.852877318859100342e-01 5.291590690612792969e-01 4.706671237945556641e-01 5.095877647399902344e-01 5.947107672691345215e-01 4.984814822673797607e-01 6.159707903861999512e-01
4.992434382438659668e-01 5.106807947158813477e-01 5.320357084274291992e-01 4.370212852954864502e-01 6.032954454421997070e-01 5.767512917518615723e-01 5.095877647399902344e-01 5.947107672691345215e-01 4.984814822673797607e-01 6.159707903861999512e-01
4.992434382438659668e-01 5.106807947158813477e-01 4.673121273517608643e-01 5.889912843704223633e-01 6.121369004249572754e-01 3.795423209667205811e-01 5.095877647399902344e-01 4.537439346313476562e-01 5.537690520286560059e-01 6.234284043312072754e-01
4.992434382438659668e-01 5.106807947158813477e-01 4.040584862232208252e-01 3.801511228084564209e-01 5.578994750976562500e-01 3.795423209667205811e-01 5.095877647399902344e-01 4.127489924430847168e-01 4.470176994800567627e-01 3.737188875675201416e-01
4.992434382438659668e-01 5.106807947158813477e-01 3.598239719867706299e-01 3.290489315986633301e-01 5.134903192520141602e-01 3.121834695339202881e-01 5.095877647399902344e-01 3.568367958068847656e-01 4.090030789375305176e-01 3.959784209728240967e-01
3.794666528701782227e-01 3.879948258399963379e-01 4.027458429336547852e-01 3.377252817153930664e-01 4.636320471763610840e-01 4.327504932880401611e-01 5.095877647399902344e-01 4.445702135562896729e-01 4.090030789375305176e-01 3.545413911342620850e-01
3.794666528701782227e-01 3.879948258399963379e-01 4.382050335407257080e-01 3.973267078399658203e-01 3.861618041992187500e-01 5.471412539482116699e-01 5.095877647399902344e-01 3.690089583396911621e-01 4.090030789375305176e-01 3.545413911342620850e-01
4.423399865627288818e-01 5.106807947158813477e-01 4.912266135215759277e-01 4.786600768566131592e-01 4.353001415729522705e-01 4.883582592010498047e-01 5.095877647399902344e-01 4.832817316055297852e-01 4.597287476062774658e-01 3.978610038757324219e-01
4.992434382438659668e-01 5.106807947158813477e-01 4.912266135215759277e-01 4.786600768566131592e-01 5.581024885177612305e-01 5.905852317810058594e-01 4.407855868339538574e-01 5.888838768005371094e-01 4.660180509090423584e-01 4.599175751209259033e-01
