2.552826702594757080e-01 6.704187393188476562e-01 6.206143498420715332e-01 3.525134027004241943e-01 5.549247264862060547e-01 3.947783112525939941e-01 5.135517120361328125e-01 4.571202397346496582e-01 4.178785681724548340e-01 5.205577611923217773e-01
3.150283396244049072e-01 5.414755940437316895e-01 5.976642966270446777e-01 1.052771955728530884e-01 5.545527338981628418e-01 3.553233742713928223e-01 4.550302326679229736e-01 7.171778082847595215e-01 5.818346738815307617e-01 3.269110918045043945e-01
3.751126825809478760e-01 4.432236254215240479e-01 2.199279963970184326e-01 2.315864861011505127e-01 3.451897501945495605e-01 1.402120590209960938e-01 4.550302326679229736e-01 4.259012341499328613e-01 2.025719583034515381e-01 2.731131017208099365e-01
6.694210767745971680e-01 6.810015439987182617e-01 3.493201434612274170e-01 5.325568318367004395e-01 5.252894163131713867e-01 6.023882627487182617e-01 5.135517120361328125e-01 5.171843171119689941e-01 4.392260611057281494e-01 5.516852140426635742e-01
6.750926971435546875e-01 3.391027152538299561e-01 5.447034835815429688e-01 2.464785575866699219e-01 5.939263701438903809e-01 2.510682046413421631e-01 4.550302326679229736e-01 3.857075572013854980e-01 9.445527195930480957e-02 5.890142321586608887e-01
5.975672006607055664e-01 6.180540323257446289e-01 4.889042377471923828e-01 6.990396976470947266e-01 3.970129191875457764e-01 5.053730010986328125e-01 5.135517120361328125e-01 3.491829633712768555e-01 1.807481795549392700e-01 5.021379590034484863e-01
6.608610749244689941e-01 7.408233284950256348e-01 4.628006517887115479e-01 6.957148909568786621e-01 5.745314955711364746e-01 5.256683230400085449e-01 4.550302326679229736e-01 4.837757050991058350e-01 2.089553922414779663e-01 3.456693589687347412e-01
4.869625568389892578e-01 6.713696718215942383e-01 5.253412723541259766e-01 4.059834182262420654e-01 7.512849569320678711e-01 4.541467428207397461e-01 5.727359652519226074e-01 5.299558043479919434e-01 7.389305830001831055e-01 5.021379590034484863e-01
3.640907108783721924e-01 7.472144961357116699e-01 5.411617755889892578e-01 3.066782057285308838e-01 8.040806651115417480e-01 4.815274178981781006e-01 4.550302326679229736e-01 4.487730562686920166e-01 7.198681831359863281e-01 3.456693589687347412e-01
5.535750985145568848e-01 6.119259595870971680e-01 3.707422316074371338e-01 5.206049680709838867e-01 4.653033614158630371e-01 5.674315690994262695e-01 5.351898670196533203e-01 5.299558043479919434e-01 7.266727685928344727e-01 5.441986918449401855e-01
5.535750985145568848e-01 7.785890698432922363e-01 5.379222631454467773e-01 8.047623038291931152e-01 8.743909597396850586e-01 7.825128436088562012e-01 5.351898670196533203e-01 5.299558043479919434e-01 4.934230446815490723e-01 5.021379590034484863e-01
5.599527359008789062e-01 6.625350713729858398e-01 6.676225662231445312e-01 3.963316977024078369e-01 6.975554823875427246e-01 4.946414232254028320e-01 5.351898670196533203e-01 5.922690629959106445e-01 5.273651480674743652e-01 5.956044793128967285e-01
5.535750985145568848e-01 5.842315554618835449e-01 6.246728301048278809e-01 5.301867127418518066e-01 8.363847732543945312e-01 5.838593840599060059e-01 5.351898670196533203e-01 5.890184640884399414e-01 7.733693122863769531e-01 5.829304456710815430e-01
5.535750985145568848e-01 4.397559762001037598e-01 5.596625208854675293e-01 5.916710495948791504e-01 3.014833331108093262e-01 5.876709818840026855e-01 5.351898670196533203e-01 6.659435033798217773e-01 4.584510624408721924e-01 6.789795160293579102e-01
4.869625568389892578e-01 6.894146800041198730e-01 7.792124152183532715e-01 4.482890963554382324e-01 4.967633485794067383e-01 5.499200224876403809e-01 5.351898670196533203e-01 6.124222278594970703e-01 6.838495731353759766e-01 6.789795160293579102e-01
4.440739154815673828e-01 7.493003606796264648e-01 5.129398703575134277e-01 7.230287194252014160e-01 1.453638225793838501e-01 5.875208973884582520e-01 5.351898670196533203e-01 6.124222278594970703e-01 3.806548714637756348e-01 5.956044793128967285e-01
3.774329721927642822e-01 6.465867161750793457e-01 4.805646538734436035e-01 5.077977180480957031e-01 5.648399591445922852e-01 2.349579334259033203e-01 5.351898670196533203e-01 3.859799802303314209e-01 4.565526545047760010e-01 6.511007547378540039e-01
6.493352055549621582e-01 7.080587744712829590e-01 4.228141307830810547e-01 4.884166121482849121e-01 5.082126855850219727e-01 5.138856172561645508e-01 5.351898670196533203e-01 5.232086181640625000e-01 4.858337640762329102e-01 5.956044793128967285e-01
5.783273577690124512e-01 3.517358005046844482e-01 6.428788304328918457e-01 4.543047547340393066e-01 7.804656624794006348e-01 5.007398128509521484e-01 4.214887022972106934e-01 4.751111567020416260e-01 3.843007683753967285e-01 2.199068218469619751e-01
5.876708030700683594e-01 6.226831674575805664e-01 5.390323400497436523e-01 4.972144961357116699e-01 5.426429510116577148e-01 6.767991185188293457e-01 5.351898670196533203e-01 5.232154726982116699e-01 4.135559499263763428e-01 2.663846313953399658e-01
5.975672006607055664e-01 6.271272897720336914e-01 6.256840229034423828e-01 6.373251676559448242e-01 7.496553659439086914e-01 4.431414008140563965e-01 5.135517120361328125e-01 6.124287247657775879e-01 5.137965083122253418e-01 5.763700604438781738e-01
5.255699753761291504e-01 7.372223138809204102e-01 5.709781050682067871e-01 5.406891107559204102e-01 4.490505754947662354e-01 6.404787898063659668e-01 5.351898670196533203e-01 5.833422541618347168e-01 5.210638046264648438e-01 7.504841685295104980e-01
5.955773591995239258e-01 6.292571425437927246e-01 6.256840229034423828e-01 6.927310824394226074e-01 7.857952713966369629e-01 6.468929052352905273e-01 5.351898670196533203e-01 5.744162797927856445e-01 8.477284908294677734e-01 5.763700604438781738e-01
7.066914439201354980e-01 7.786064743995666504e-01 5.571909546852111816e-01 5.433081984519958496e-01 5.338273048400878906e-01 6.048532128334045410e-01 5.351898670196533203e-01 6.589167118072509766e-01 7.823346853256225586e-01 5.477422475814819336e-01
3.211258351802825928e-01 5.161218643188476562e-01 6.085119843482971191e-01 5.889375805854797363e-01 4.543029069900512695e-01 5.821772813796997070e-01 5.727359652519226074e-01 5.609161257743835449e-01 6.199568510055541992e-01 5.016149878501892090e-01
3.861495554447174072e-01 5.378450751304626465e-01 6.067306995391845703e-01 5.488070249557495117e-01 4.739740490913391113e-01 5.084249973297119141e-01 5.727359652519226074e-01 5.094780921936035156e-01 6.159102916717529297e-01 5.168945789337158203e-01
4.131958484649658203e-01 2.171302884817123413e-01 5.610855221748352051e-01 4.156185090541839600e-01 3.313919901847839355e-01 5.431377887725830078e-01 5.727359652519226074e-01 5.778484344482421875e-01 4.596184790134429932e-01 4.054048657417297363e-01
6.390058994293212891e-01 4.197441935539245605e-01 5.610855221748352051e-01 5.498659610748291016e-01 6.512061953544616699e-01 7.992416024208068848e-01 5.351898670196533203e-01 3.141103386878967285e-01 4.426191151142120361e-01 7.324932217597961426e-01
3.392494916915893555e-01 8.528559207916259766e-01 5.990753769874572754e-01 7.130256891250610352e-01 8.038690090179443359e-01 6.697893142700195312e-01 5.135517120361328125e-01 2.744362354278564453e-01 1.483619362115859985e-01 6.195036768913269043e-01
4.234377443790435791e-01 6.687540411949157715e-01 5.150967240333557129e-01 4.580558836460113525e-01 3.703308999538421631e-01 5.080798268318176270e-01 5.135517120361328125e-01 4.272365272045135498e-01 4.571626782417297363e-01 4.374168515205383301e-01
5.825814008712768555e-01 6.652948260307312012e-01 6.984099149703979492e-01 8.243309259414672852e-01 6.108637452125549316e-01 6.638341546058654785e-01 5.135517120361328125e-01 5.904691219329833984e-01 5.723415613174438477e-01 6.008965373039245605e-01
6.368578672409057617e-01 5.770559310913085938e-01 4.769511222839355469e-01 6.105249524116516113e-01 7.155368924140930176e-01 6.627688407897949219e-01 5.135517120361328125e-01 5.744162797927856445e-01 6.135352849960327148e-01 5.477422475814819336e-01
5.225507020950317383e-01 9.167723059654235840e-01 7.927838563919067383e-01 7.927365899085998535e-01 5.915865898132324219e-01 7.468445301055908203e-01 5.135517120361328125e-01 4.665831923484802246e-01 4.721315205097198486e-01 5.477422475814819336e-01
3.685104846954345703e-01 4.900225698947906494e-01 3.409308195114135742e-01 4.097679555416107178e-01 4.431198537349700928e-01 6.300752758979797363e-01 5.135517120361328125e-01 6.380954384803771973e-01 6.556447744369506836e-01 5.029628276824951172e-01
5.688229799270629883e-01 5.200668573379516602e-01 5.573565959930419922e-01 5.936132073402404785e-01 4.226500689983367920e-01 4.304943680763244629e-01 5.135517120361328125e-01 6.316172480583190918e-01 3.912099003791809082e-01 4.703396856784820557e-01
4.391628205776214600e-01 4.205164313316345215e-01 5.066667795181274414e-01 4.367788136005401611e-01 4.898158609867095947e-01 5.365278124809265137e-01 5.135517120361328125e-01 6.004458069801330566e-01 6.260288953781127930e-01 4.703396856784820557e-01
4.010992050170898438e-01 6.436957120895385742e-01 5.066667795181274414e-01 5.995706319808959961e-01 6.674150824546813965e-01 3.097989857196807861e-01 5.135517120361328125e-01 6.565707921981811523e-01 6.204719543457031250e-01 5.516852140426635742e-01
5.713583827018737793e-01 3.969366252422332764e-01 4.725796878337860107e-01 3.722688555717468262e-01 6.470887660980224609e-01 4.492632746696472168e-01 3.249009251594543457e-01 4.793895781040191650e-01 5.859647989273071289e-01 5.516852140426635742e-01
5.939157605171203613e-01 4.555503427982330322e-01 4.884462952613830566e-01 5.685685873031616211e-01 5.044960975646972656e-01 4.515827894210815430e-01 3.249009251594543457e-01 5.744096040725708008e-01 6.325238943099975586e-01 5.956044793128967285e-01
7.126647830009460449e-01 6.221488118171691895e-01 5.826404690742492676e-01 8.019694089889526367e-01 3.580779731273651123e-01 5.136163234710693359e-01 5.135517120361328125e-01 2.792411744594573975e-01 6.920952796936035156e-01 5.152254104614257812e-01
5.713583827018737793e-01 5.627468228340148926e-01 5.826404690742492676e-01 8.381501436233520508e-01 4.757286012172698975e-01 5.674315690994262695e-01 3.249009251594543457e-01 5.440664887428283691e-01 6.302365064620971680e-01 5.152254104614257812e-01
6.815446615219116211e-01 7.187388539314270020e-01 6.672033071517944336e-01 6.973366737365722656e-01 6.641234755516052246e-01 4.204039573669433594e-01 5.135517120361328125e-01 4.487730562686920166e-01 5.901682376861572266e-01 5.152254104614257812e-01
5.713583827018737793e-01 4.576271176338195801e-01 5.393059849739074707e-01 5.722452998161315918e-01 3.976393043994903564e-01 6.436480283737182617e-01 5.351898670196533203e-01 5.299558043479919434e-01 7.291651964187622070e-01 4.756439030170440674e-01
5.320094227790832520e-01 7.224056720733642578e-01 6.154032349586486816e-01 6.584821343421936035e-01 5.859633684158325195e-01 4.472413957118988037e-01 5.351898670196533203e-01 5.299558043479919434e-01 5.895052552223205566e-01 5.152254104614257812e-01
4.129458367824554443e-01 6.406361460685729980e-01 4.459257423877716064e-01 4.173034131526947021e-01 4.681825339794158936e-01 2.811968326568603516e-01 3.249009251594543457e-01 5.312000513076782227e-01 3.604370951652526855e-01 5.829304456710815430e-01
5.776757597923278809e-01 4.319500923156738281e-01 3.612077832221984863e-01 5.723325014114379883e-01 4.004338085651397705e-01 4.469662904739379883e-01 5.351898670196533203e-01 4.802967905998229980e-01 6.655646562576293945e-01 5.956044793128967285e-01
2.368653714656829834e-01 3.378808200359344482e-01 3.807763755321502686e-01 5.334950089454650879e-01 2.483553141355514526e-01 5.424031615257263184e-01 4.214887022972106934e-01 3.944735527038574219e-01 4.019032120704650879e-01 3.576079905033111572e-01
4.976471960544586182e-01 5.207433700561523438e-01 5.234778523445129395e-01 5.939116477966308594e-01 5.872088670730590820e-01 4.852260947227478027e-01 5.351898670196533203e-01 6.124222278594970703e-01 6.755988001823425293e-01 5.956044793128967285e-01
4.671499431133270264e-01 3.586247265338897705e-01 5.573565959930419922e-01 3.111112713813781738e-01 5.459356307983398438e-01 4.433125257492065430e-01 4.214887022972106934e-01 4.670049846172332764e-01 4.102551937103271484e-01 2.944992780685424805e-01
4.767279624938964844e-01 6.008400917053222656e-01 6.154032349586486816e-01 5.476234555244445801e-01 6.547861695289611816e-01 2.707251608371734619e-01 5.351898670196533203e-01 5.068489909172058105e-01 5.266491174697875977e-01 4.416861236095428467e-01
4.869625568389892578e-01 5.631253123283386230e-01 5.182304978370666504e-01 3.712713122367858887e-01 7.045769095420837402e-01 3.994171619415283203e-01 5.135517120361328125e-01 5.535515546798706055e-01 6.550208330154418945e-01 5.650208592414855957e-01
4.869625568389892578e-01 4.458909034729003906e-01 4.692363739013671875e-01 5.946781039237976074e-01 4.609227478504180908e-01 4.917354881763458252e-01 5.351898670196533203e-01 5.535515546798706055e-01 6.328347325325012207e-01 5.101079344749450684e-01
5.578743815422058105e-01 6.262611746788024902e-01 5.571909546852111816e-01 6.749978065490722656e-01 8.065117001533508301e-01 5.576911568641662598e-01 3.249009251594543457e-01 6.124287247657775879e-01 4.632779955863952637e-01 4.679768085479736328e-01
4.869625568389892578e-01 4.824974536895751953e-01 6.085885763168334961e-01 5.219669342041015625e-01 4.873780012130737305e-01 7.468445301055908203e-01 5.351898670196533203e-01 5.143437981605529785e-01 4.974089562892913818e-01 5.078916549682617188e-01
6.382449865341186523e-01 5.596762895584106445e-01 4.894165694713592529e-01 3.809683918952941895e-01 5.942659974098205566e-01 5.215348005294799805e-01 5.351898670196533203e-01 5.143437981605529785e-01 4.993882477283477783e-01 5.159118771553039551e-01
4.780624210834503174e-01 5.068413615226745605e-01 6.340127587318420410e-01 4.935001432895660400e-01 4.897658824920654297e-01 4.852260947227478027e-01 5.351898670196533203e-01 5.143437981605529785e-01 4.980590939521789551e-01 4.810341894626617432e-01
3.542776107788085938e-01 4.531896710395812988e-01 5.429781675338745117e-01 5.323609113693237305e-01 5.614692568778991699e-01 6.521927118301391602e-01 5.135517120361328125e-01 3.414912819862365723e-01 3.876470029354095459e-01 4.713259339332580566e-01
6.089458465576171875e-01 5.259128808975219727e-01 4.792251884937286377e-01 5.677847266197204590e-01 4.898158609867095947e-01 5.024234652519226074e-01 3.249009251594543457e-01 2.169073224067687988e-01 5.818504691123962402e-01 4.815127551555633545e-01
4.382841587066650391e-01 1.231726482510566711e-01 6.217858791351318359e-01 3.735281825065612793e-01 4.147785007953643799e-01 4.659616649150848389e-01 4.214887022972106934e-01 3.629583716392517090e-01 2.661613225936889648e-01 4.228936433792114258e-01
5.811631083488464355e-01 4.657961130142211914e-01 5.572030544281005859e-01 4.875063896179199219e-01 4.253395199775695801e-01 6.056656241416931152e-01 5.135517120361328125e-01 5.904691219329833984e-01 6.101556420326232910e-01 5.016149878501892090e-01
4.688901603221893311e-01 7.744399309158325195e-01 4.310247004032135010e-01 5.561447143554687500e-01 5.921924710273742676e-01 6.231061816215515137e-01 5.135517120361328125e-01 4.438639581203460693e-01 4.438002705574035645e-01 3.830257952213287354e-01
4.259849488735198975e-01 6.803967952728271484e-01 5.346435904502868652e-01 7.164195179939270020e-01 5.751545429229736328e-01 5.194478631019592285e-01 5.135517120361328125e-01 5.094780921936035156e-01 6.199143528938293457e-01 3.830257952213287354e-01
5.121670961380004883e-01 4.388276338577270508e-01 6.256955265998840332e-01 2.915729880332946777e-01 7.147756218910217285e-01 3.787198662757873535e-01 5.135517120361328125e-01 4.442823529243469238e-01 6.899016499519348145e-01 4.684541225433349609e-01
5.121670961380004883e-01 6.777427792549133301e-01 5.572030544281005859e-01 6.778361797332763672e-01 5.485956072807312012e-01 4.058297574520111084e-01 5.135517120361328125e-01 6.380342245101928711e-01 4.318353831768035889e-01 5.306607484817504883e-01
4.731137156486511230e-01 6.294428706169128418e-01 6.085119843482971191e-01 3.519676625728607178e-01 6.676911711692810059e-01 5.961673855781555176e-01 5.351898670196533203e-01 5.346241593360900879e-01 4.793176949024200439e-01 4.166187345981597900e-01
5.121670961380004883e-01 4.841219782829284668e-01 6.085119843482971191e-01 4.540145099163055420e-01 7.120531797409057617e-01 6.129444241523742676e-01 5.351898670196533203e-01 5.600207448005676270e-01 6.250097155570983887e-01 5.284515023231506348e-01
5.783407688140869141e-01 2.887950241565704346e-01 5.425587892532348633e-01 7.159370183944702148e-01 4.517188072204589844e-01 4.791180789470672607e-01 5.351898670196533203e-01 5.609161257743835449e-01 7.488483786582946777e-01 5.910633206367492676e-01
2.749525308609008789e-01 4.379711747169494629e-01 1.564161777496337891e-01 5.949369668960571289e-01 2.730517387390136719e-01 2.675954699516296387e-01 5.351898670196533203e-01 5.609161257743835449e-01 6.417044401168823242e-01 6.728627681732177734e-01
4.284434318542480469e-01 5.056372880935668945e-01 5.610855221748352051e-01 6.432561278343200684e-01 3.631998300552368164e-01 5.928705930709838867e-01 5.351898670196533203e-01 6.675419211387634277e-01 4.290412664413452148e-01 5.016149878501892090e-01
4.356867372989654541e-01 4.836393296718597412e-01 5.104476809501647949e-01 4.382245242595672607e-01 7.527560591697692871e-01 5.999595522880554199e-01 5.351898670196533203e-01 6.675419211387634277e-01 6.747551560401916504e-01 8.340409398078918457e-01
4.391628205776214600e-01 6.738103032112121582e-01 5.206098556518554688e-01 4.412609934806823730e-01 5.605123043060302734e-01 3.132699131965637207e-01 3.249009251594543457e-01 5.323410034179687500e-01 6.362738609313964844e-01 3.057945668697357178e-01
3.433911204338073730e-01 7.859977483749389648e-01 5.672175288200378418e-01 5.296935439109802246e-01 8.368172645568847656e-01 8.222531080245971680e-01 5.135517120361328125e-01 7.084602117538452148e-01 6.557539701461791992e-01 4.588195979595184326e-01
6.347246766090393066e-01 4.733833074569702148e-01 4.654035270214080811e-01 4.608837068080902100e-01 5.186694264411926270e-01 6.455522179603576660e-01 5.135517120361328125e-01 5.833422541618347168e-01 4.708803892135620117e-01 2.274218052625656128e-01
6.347246766090393066e-01 7.949118614196777344e-01 5.826404690742492676e-01 5.535049438476562500e-01 6.503938436508178711e-01 7.908419966697692871e-01 5.135517120361328125e-01 5.100141763687133789e-01 3.523483574390411377e-01 2.274218052625656128e-01
5.955773591995239258e-01 7.491232752799987793e-01 6.134741902351379395e-01 6.649771332740783691e-01 4.594998061656951904e-01 6.527148485183715820e-01 5.135517120361328125e-01 5.744162797927856445e-01 4.647606313228607178e-01 3.647864162921905518e-01
4.520173370838165283e-01 3.178934752941131592e-01 3.944680690765380859e-01 5.387753248214721680e-01 6.207398176193237305e-01 4.370595514774322510e-01 5.135517120361328125e-01 5.833422541618347168e-01 4.890156686305999756e-01 4.179297089576721191e-01
4.515432417392730713e-01 2.178606390953063965e-01 6.166660785675048828e-01 3.740973472595214844e-01 5.107152462005615234e-01 5.027687549591064453e-01 5.135517120361328125e-01 6.707777976989746094e-01 5.867695212364196777e-01 5.152254104614257812e-01
3.685104846954345703e-01 3.359539806842803955e-01 5.713593959808349609e-01 4.041797220706939697e-01 6.543798446655273438e-01 4.399525225162506104e-01 5.351898670196533203e-01 6.004458069801330566e-01 8.042846322059631348e-01 4.703396856784820557e-01
4.981257617473602295e-01 4.825338721275329590e-01 5.174652934074401855e-01 5.979641079902648926e-01 3.661564588546752930e-01 3.810114860534667969e-01 5.498315095901489258e-01 3.903220593929290771e-01 4.669715464115142822e-01 4.703396856784820557e-01
5.224056243896484375e-01 4.424746632575988770e-01 3.517451286315917969e-01 5.328401923179626465e-01 3.969792425632476807e-01 3.053328394889831543e-01 5.498315095901489258e-01 2.030690312385559082e-01 3.140789270401000977e-01 3.526623249053955078e-01
6.175755858421325684e-01 4.228535592555999756e-01 5.581206679344177246e-01 5.222926735877990723e-01 3.546257913112640381e-01 4.914857447147369385e-01 5.135517120361328125e-01 5.227109193801879883e-01 3.468333184719085693e-01 5.205577611923217773e-01
1.388560384511947632e-01 2.897417843341827393e-01 2.514719367027282715e-01 3.060157895088195801e-01 1.649546623229980469e-01 4.392183423042297363e-01 3.212700486183166504e-01 1.714218556880950928e-01 8.999446034431457520e-02 3.445186018943786621e-01
4.878391027450561523e-01 2.915596663951873779e-01 4.792251884937286377e-01 4.475896060466766357e-01 3.179305791854858398e-01 4.055881500244140625e-01 5.135517120361328125e-01 2.732101678848266602e-01 3.479373455047607422e-01 4.301855564117431641e-01
4.502096176147460938e-01 2.975061535835266113e-01 4.585913121700286865e-01 5.687888264656066895e-01 4.482103586196899414e-01 3.265641331672668457e-01 5.135517120361328125e-01 3.849499225616455078e-01 2.677605748176574707e-01 5.152254104614257812e-01
6.347497701644897461e-01 7.746407389640808105e-01 4.090566933155059814e-01 5.575227141380310059e-01 3.189170062541961670e-01 5.115001201629638672e-01 5.351898670196533203e-01 2.467796802520751953e-01 2.612687349319458008e-01 4.559791386127471924e-01
4.246468544006347656e-01 3.785870373249053955e-01 3.397462069988250732e-01 5.304182171821594238e-01 6.234687566757202148e-01 4.204039573669433594e-01 5.351898670196533203e-01 4.035930931568145752e-01 3.252978622913360596e-01 5.021379590034484863e-01
6.530623435974121094e-01 3.275992274284362793e-01 5.411617755889892578e-01 6.168614625930786133e-01 5.519942641258239746e-01 5.162948966026306152e-01 5.351898670196533203e-01 6.221504807472229004e-01 3.650835454463958740e-01 5.152254104614257812e-01
4.934209287166595459e-01 4.989628791809082031e-01 6.049022674560546875e-01 5.479552149772644043e-01 6.679738759994506836e-01 6.336639523506164551e-01 5.351898670196533203e-01 5.299558043479919434e-01 5.599177479743957520e-01 4.882307648658752441e-01
5.599527359008789062e-01 3.774365186691284180e-01 5.411617755889892578e-01 3.173214197158813477e-01 5.776255726814270020e-01 4.556457996368408203e-01 5.351898670196533203e-01 5.299558043479919434e-01 6.408749222755432129e-01 5.021379590034484863e-01
5.599527359008789062e-01 4.766106009483337402e-01 4.727938473224639893e-01 3.173214197158813477e-01 5.649048686027526855e-01 4.666667282581329346e-01 5.351898670196533203e-01 4.952976703643798828e-01 7.649982571601867676e-01 5.829304456710815430e-01
5.599527359008789062e-01 4.208487570285797119e-01 1.965002566576004028e-01 4.645682275295257568e-01 6.792291998863220215e-01 8.247992992401123047e-01 5.351898670196533203e-01 5.771722197532653809e-01 4.848872125148773193e-01 6.232862472534179688e-01
5.535750985145568848e-01 5.159805417060852051e-01 4.727938473224639893e-01 6.599839329719543457e-01 7.561547160148620605e-01 8.000366091728210449e-01 5.351898670196533203e-01 5.890184640884399414e-01 5.294660329818725586e-01 5.829304456710815430e-01
5.913761258125305176e-01 5.733739137649536133e-01 4.889559149742126465e-01 7.504337430000305176e-01 6.386240124702453613e-01 7.004405260086059570e-01 5.351898670196533203e-01 6.659435033798217773e-01 7.089905738830566406e-01 6.232862472534179688e-01
5.255699753761291504e-01 5.691823959350585938e-01 4.889559149742126465e-01 5.211737155914306641e-01 7.835056781768798828e-01 4.852260947227478027e-01 5.351898670196533203e-01 6.124222278594970703e-01 6.792354583740234375e-01 6.789795160293579102e-01
5.255699753761291504e-01 6.538827419281005859e-01 5.129398703575134277e-01 6.608766913414001465e-01 4.281993210315704346e-01 4.582596123218536377e-01 5.351898670196533203e-01 6.124222278594970703e-01 7.837588191032409668e-01 5.956044793128967285e-01
5.121670961380004883e-01 6.659111380577087402e-01 5.087862014770507812e-01 4.717755019664764404e-01 4.213221371173858643e-01 4.240772724151611328e-01 5.351898670196533203e-01 5.904624462127685547e-01 6.861861348152160645e-01 6.373760104179382324e-01
4.352161586284637451e-01 2.520338892936706543e-01 4.750359654426574707e-01 4.058722257614135742e-01 4.344073235988616943e-01 4.010427594184875488e-01 3.212700486183166504e-01 4.523288309574127197e-01 7.571355700492858887e-01 4.184679687023162842e-01
5.121670961380004883e-01 4.615804553031921387e-01 4.357738792896270752e-01 4.058722257614135742e-01 4.941931664943695068e-01 4.010427594184875488e-01 4.214887022972106934e-01 4.834660589694976807e-01 4.526920318603515625e-01 4.014344513416290283e-01
5.100339651107788086e-01 2.996176779270172119e-01 4.577272534370422363e-01 5.356835722923278809e-01 5.568488240242004395e-01 6.767991185188293457e-01 5.351898670196533203e-01 4.160193204879760742e-01 2.254215776920318604e-01 7.122330069541931152e-01
5.825814008712768555e-01 5.044856071472167969e-01 5.236443281173706055e-01 5.951154232025146484e-01 6.753494739532470703e-01 5.321608185768127441e-01 5.135517120361328125e-01 3.886140882968902588e-01 4.238365292549133301e-01 7.142475247383117676e-01
5.121670961380004883e-01 5.751234292984008789e-01 5.572030544281005859e-01 6.271780729293823242e-01 6.487103700637817383e-01 5.958688855171203613e-01 5.351898670196533203e-01 5.992932319641113281e-01 6.765731573104858398e-01 7.142475247383117676e-01
5.825814008712768555e-01 7.242586016654968262e-01 4.997257292270660400e-01 6.601879596710205078e-01 7.315459251403808594e-01 4.332130849361419678e-01 5.351898670196533203e-01 5.518788099288940430e-01 7.830240726470947266e-01 4.885249137878417969e-01
5.121670961380004883e-01 5.141841769218444824e-01 6.085119843482971191e-01 4.766658544540405273e-01 4.046200811862945557e-01 6.638341546058654785e-01 5.351898670196533203e-01 5.992932319641113281e-01 5.150288939476013184e-01 5.284515023231506348e-01
5.121670961380004883e-01 3.900446593761444092e-01 6.085119843482971191e-01 4.657168686389923096e-01 4.543029069900512695e-01 5.278874039649963379e-01 5.351898670196533203e-01 5.609161257743835449e-01 6.192839145660400391e-01 4.166187345981597900e-01
3.211258351802825928e-01 4.556960463523864746e-01 6.067306995391845703e-01 5.095193386077880859e-01 5.307324528694152832e-01 5.588675141334533691e-01 5.351898670196533203e-01 5.992932319641113281e-01 3.831568062305450439e-01 5.016149878501892090e-01
5.783407688140869141e-01 6.442013382911682129e-01 5.750603675842285156e-01 3.690461218357086182e-01 5.857309699058532715e-01 5.928705930709838867e-01 5.351898670196533203e-01 5.609161257743835449e-01 6.021420955657958984e-01 4.351198077201843262e-01
4.334580004215240479e-01 4.412715733051300049e-01 5.588514804840087891e-01 4.863068759441375732e-01 4.645619392395019531e-01 5.194478631019592285e-01 5.351898670196533203e-01 3.930732905864715576e-01 4.900502562522888184e-01 4.364453852176666260e-01
5.803557038307189941e-01 3.277231156826019287e-01 4.952776134014129639e-01 3.250750899314880371e-01 5.395614504814147949e-01 5.411440134048461914e-01 5.135517120361328125e-01 4.573457241058349609e-01 1.902827173471450806e-01 3.534012734889984131e-01
5.545707345008850098e-01 6.686030030250549316e-01 3.650932013988494873e-01 6.909604072570800781e-01 3.923470973968505859e-01 5.588675141334533691e-01 5.135517120361328125e-01 4.573457241058349609e-01 5.281924605369567871e-01 4.364453852176666260e-01
5.845906734466552734e-01 5.728510022163391113e-01 5.479406118392944336e-01 5.272661447525024414e-01 5.718864798545837402e-01 4.494855105876922607e-01 5.135517120361328125e-01 4.104052186012268066e-01 3.019623458385467529e-01 4.696813225746154785e-01
4.286823868751525879e-01 5.269067287445068359e-01 6.181581616401672363e-01 4.582858085632324219e-01 4.043448567390441895e-01 5.944550037384033203e-01 5.351898670196533203e-01 3.692030906677246094e-01 5.655696988105773926e-01 6.579208374023437500e-01
5.142326354980468750e-01 2.655816078186035156e-01 4.893492460250854492e-01 6.165692210197448730e-01 4.309782981872558594e-01 3.811799883842468262e-01 5.135517120361328125e-01 3.732648193836212158e-01 2.007142156362533569e-01 4.696813225746154785e-01
4.377205967903137207e-01 4.848268255591392517e-02 4.548253715038299561e-01 4.381653070449829102e-01 5.580232739448547363e-01 4.905250966548919678e-01 5.351898670196533203e-01 4.185635447502136230e-01 2.686031460762023926e-01 4.696813225746154785e-01
5.845906734466552734e-01 5.102303028106689453e-01 5.344048738479614258e-01 6.778045296669006348e-01 5.467661619186401367e-01 4.257949292659759521e-01 5.351898670196533203e-01 4.611491858959197998e-01 6.606693267822265625e-01 6.728627681732177734e-01
3.526228964328765869e-01 8.966375887393951416e-02 4.706219136714935303e-01 2.824479043483734131e-01 4.645619392395019531e-01 4.168012142181396484e-01 5.351898670196533203e-01 5.094780921936035156e-01 4.763112068176269531e-01 5.364424586296081543e-01
5.121670961380004883e-01 5.094568729400634766e-01 5.287104845046997070e-01 4.149709045886993408e-01 4.169651865959167480e-01 5.039612650871276855e-01 5.135517120361328125e-01 5.321050882339477539e-01 6.412130594253540039e-01 5.503515005111694336e-01
3.281519412994384766e-01 5.177049636840820312e-01 3.591374754905700684e-01 5.745897293090820312e-01 3.938292860984802246e-01 3.738817572593688965e-01 5.351898670196533203e-01 3.557530343532562256e-01 4.745861291885375977e-01 4.689967930316925049e-01
2.153799980878829956e-01 7.668985128402709961e-01 6.905149817466735840e-01 4.112757146358489990e-01 5.788361430168151855e-01 4.030621647834777832e-01 5.135517120361328125e-01 5.472248792648315430e-01 6.853694319725036621e-01 5.192120671272277832e-01
2.546283304691314697e-01 3.696740865707397461e-01 4.958180189132690430e-01 3.170178830623626709e-01 3.889894783496856689e-01 3.000893294811248779e-01 4.550302326679229736e-01 2.791832089424133301e-01 1.215748190879821777e-01 2.890674471855163574e-01
4.563983976840972900e-01 6.703326106071472168e-01 5.680109858512878418e-01 5.843474268913269043e-01 5.116529464721679688e-01 5.106242895126342773e-01 5.135517120361328125e-01 5.360373258590698242e-01 4.814659357070922852e-01 5.516852140426635742e-01
3.794162571430206299e-01 4.006812572479248047e-01 3.712866902351379395e-01 5.288133621215820312e-01 4.599376618862152100e-01 4.403419792652130127e-01 5.135517120361328125e-01 6.919569373130798340e-01 5.071883201599121094e-01 5.516852140426635742e-01
6.220967769622802734e-01 4.639975428581237793e-01 4.446774125099182129e-01 5.501803755760192871e-01 3.312950730323791504e-01 5.239284634590148926e-01 5.135517120361328125e-01 3.965609669685363770e-01 4.450917541980743408e-01 5.387008190155029297e-01
5.593798756599426270e-01 7.581800818443298340e-01 5.322053432464599609e-01 5.934713482856750488e-01 3.545421063899993896e-01 4.085251390933990479e-01 5.135517120361328125e-01 4.143522977828979492e-01 5.858775973320007324e-01 3.896030783653259277e-01
6.717149615287780762e-01 4.964742660522460938e-01 8.945623636245727539e-01 5.517011880874633789e-01 2.941668629646301270e-01 7.977401614189147949e-01 5.135517120361328125e-01 5.143437981605529785e-01 6.025537252426147461e-01 7.167059183120727539e-01
