4.615647494792938232e-01 4.746866226196289062e-01 5.313379168510437012e-01 5.081043839454650879e-01 4.534962177276611328e-01 8.149879574775695801e-01 3.748147189617156982e-01 4.583126306533813477e-01 4.916772544384002686e-01 4.724097847938537598e-01
4.615647494792938232e-01 4.746866226196289062e-01 4.273543059825897217e-01 5.081043839454650879e-01 5.170499086380004883e-01 3.475148975849151611e-01 5.103065371513366699e-01 5.009539723396301270e-01 5.937258601188659668e-01 4.724097847938537598e-01
4.615647494792938232e-01 4.746866226196289062e-01 4.273543059825897217e-01 5.081043839454650879e-01 5.080831050872802734e-01 4.375088214874267578e-01 5.323312878608703613e-01 5.009539723396301270e-01 3.686999380588531494e-01 4.724097847938537598e-01
5.681189298629760742e-01 6.425211429595947266e-01 5.993785858154296875e-01 5.162973999977111816e-01 4.956729114055633545e-01 6.487238407135009766e-01 5.006388425827026367e-01 5.232208371162414551e-01 4.774643182754516602e-01 5.298601984977722168e-01
5.681189298629760742e-01 6.425211429595947266e-01 5.993785858154296875e-01 5.162973999977111816e-01 5.385736823081970215e-01 6.211792826652526855e-01 4.168536663055419922e-01 5.793756246566772461e-01 3.531415164470672607e-01 5.298601984977722168e-01
5.681189298629760742e-01 6.425211429595947266e-01 5.250093340873718262e-01 5.162973999977111816e-01 5.385736823081970215e-01 8.237799406051635742e-01 4.168536663055419922e-01 5.793756246566772461e-01 7.389094829559326172e-01 5.298601984977722168e-01
4.259594082832336426e-01 6.425211429595947266e-01 5.250093340873718262e-01 5.162973999977111816e-01 5.385736823081970215e-01 3.352328762412071228e-02 4.848616123199462891e-01 4.189275205135345459e-01 3.220384716987609863e-01 5.298601984977722168e-01
4.259594082832336426e-01 6.425211429595947266e-01 5.250093340873718262e-01 5.162973999977111816e-01 4.015723168849945068e-01 2.665632963180541992e-01 5.925603508949279785e-01 5.482003092765808105e-01 3.220384716987609863e-01 5.298601984977722168e-01
4.259594082832336426e-01 6.425211429595947266e-01 5.936329960823059082e-01 5.162973999977111816e-01 4.018201231956481934e-01 4.743680953979492188e-01 8.025507330894470215e-01 5.397385358810424805e-01 8.064923286437988281e-01 5.298601984977722168e-01
4.259594082832336426e-01 6.425211429595947266e-01 5.936329960823059082e-01 5.964781045913696289e-01 4.018201231956481934e-01 6.523228883743286133e-01 6.036249399185180664e-01 5.397385358810424805e-01 5.870710015296936035e-01 5.298601984977722168e-01
4.259594082832336426e-01 6.425211429595947266e-01 5.936329960823059082e-01 5.162973999977111816e-01 4.018201231956481934e-01 4.837516546249389648e-01 6.036249399185180664e-01 3.696047663688659668e-01 3.844483792781829834e-01 5.298601984977722168e-01
5.681189298629760742e-01 6.425211429595947266e-01 5.936329960823059082e-01 5.162973999977111816e-01 6.861056685447692871e-01 7.344650626182556152e-01 6.036249399185180664e-01 5.630441308021545410e-01 2.239271402359008789e-01 5.298601984977722168e-01
5.317749381065368652e-01 4.746866226196289062e-01 5.936329960823059082e-01 4.383160471916198730e-01 3.208605945110321045e-01 5.859313607215881348e-01 6.036249399185180664e-01 3.845860362052917480e-01 3.751521706581115723e-01 4.724097847938537598e-01
3.144181966781616211e-01 5.081586837768554688e-01 5.936329960823059082e-01 5.162973999977111816e-01 3.924697041511535645e-01 4.575249254703521729e-01 6.036249399185180664e-01 3.710987269878387451e-01 5.358728170394897461e-01 5.298601984977722168e-01
4.179254472255706787e-01 5.081586837768554688e-01 4.501661360263824463e-01 5.162973999977111816e-01 3.924697041511535645e-01 5.408322215080261230e-01 5.911666154861450195e-01 3.710987269878387451e-01 4.578085839748382568e-01 6.750183105468750000e-01
4.615647494792938232e-01 4.746866226196289062e-01 4.501661360263824463e-01 4.383160471916198730e-01 3.208605945110321045e-01 4.679758250713348389e-01 4.857269823551177979e-01 2.882062196731567383e-01 2.851785421371459961e-01 4.724097847938537598e-01
5.681189298629760742e-01 5.081586837768554688e-01 7.104208469390869141e-01 5.162973999977111816e-01 3.924697041511535645e-01 3.376293480396270752e-01 2.991025149822235107e-01 4.153922796249389648e-01 7.555000782012939453e-01 3.866627514362335205e-01
4.615647494792938232e-01 4.746866226196289062e-01 5.313379168510437012e-01 4.383160471916198730e-01 3.208605945110321045e-01 5.175434350967407227e-01 4.857269823551177979e-01 5.260432958602905273e-01 2.851785421371459961e-01 4.724097847938537598e-01
5.681189298629760742e-01 5.081586837768554688e-01 5.250093340873718262e-01 5.162973999977111816e-01 3.924697041511535645e-01 4.806721210479736328e-01 4.523970186710357666e-01 5.397385358810424805e-01 6.302480697631835938e-01 3.866627514362335205e-01
4.615647494792938232e-01 4.746866226196289062e-01 5.313379168510437012e-01 4.383160471916198730e-01 3.208605945110321045e-01 5.520740151405334473e-01 4.857269823551177979e-01 5.260432958602905273e-01 5.470191240310668945e-01 4.724097847938537598e-01
5.681189298629760742e-01 5.081586837768554688e-01 5.250093340873718262e-01 5.162973999977111816e-01 3.925764560699462891e-01 5.064976215362548828e-01 6.556392908096313477e-01 5.487557649612426758e-01 6.193822026252746582e-01 5.298601984977722168e-01
4.179254472255706787e-01 5.081586837768554688e-01 5.250093340873718262e-01 5.162973999977111816e-01 5.595078468322753906e-01 2.552272975444793701e-01 6.556392908096313477e-01 5.487557649612426758e-01 6.771689057350158691e-01 5.298601984977722168e-01
5.681189298629760742e-01 5.081586837768554688e-01 5.250093340873718262e-01 5.162973999977111816e-01 6.134753823280334473e-01 4.594852924346923828e-01 6.556392908096313477e-01 5.397385358810424805e-01 4.681629836559295654e-01 5.298601984977722168e-01
5.681189298629760742e-01 5.081586837768554688e-01 5.250093340873718262e-01 5.147839188575744629e-01 6.134753823280334473e-01 7.311317920684814453e-01 3.369976282119750977e-01 7.468445301055908203e-01 6.028819680213928223e-01 5.746231079101562500e-01
5.681189298629760742e-01 5.081586837768554688e-01 5.250093340873718262e-01 5.147839188575744629e-01 6.134753823280334473e-01 5.486890673637390137e-01 5.911666154861450195e-01 2.675004601478576660e-01 6.006029248237609863e-01 5.746231079101562500e-01
5.681189298629760742e-01 5.081586837768554688e-01 5.993785858154296875e-01 5.162973999977111816e-01 6.676018238067626953e-01 5.247936844825744629e-01 5.911666154861450195e-01 4.018949568271636963e-01 5.489455461502075195e-01 5.746231079101562500e-01
4.615647494792938232e-01 4.746866226196289062e-01 5.313379168510437012e-01 4.383160471916198730e-01 4.181954264640808105e-01 2.967433929443359375e-01 4.593337178230285645e-01 3.632337152957916260e-01 5.391178131103515625e-01 4.724097847938537598e-01
4.615647494792938232e-01 4.746866226196289062e-01 4.273543059825897217e-01 5.081043839454650879e-01 5.307406783103942871e-01 2.952332496643066406e-01 3.748147189617156982e-01 2.788922786712646484e-01 6.959948539733886719e-01 4.724097847938537598e-01
5.317749381065368652e-01 4.746866226196289062e-01 4.273543059825897217e-01 5.081043839454650879e-01 4.089464843273162842e-01 5.352106690406799316e-01 2.454778850078582764e-01 3.246880769729614258e-01 5.280506014823913574e-01 4.724097847938537598e-01
4.615647494792938232e-01 4.746866226196289062e-01 5.313379168510437012e-01 5.081043839454650879e-01 5.307406783103942871e-01 5.446473360061645508e-01 3.155525922775268555e-01 3.246880769729614258e-01 3.770709335803985596e-01 6.570093631744384766e-01
4.754107892513275146e-01 5.626081228256225586e-01 5.392678380012512207e-01 4.818806946277618408e-01 6.972036957740783691e-01 7.797090411186218262e-01 3.513796329498291016e-01 6.599107980728149414e-01 4.875974357128143311e-01 6.349441409111022949e-01
4.615647494792938232e-01 4.746866226196289062e-01 5.313379168510437012e-01 5.081043839454650879e-01 4.089464843273162842e-01 3.918727040290832520e-01 3.513796329498291016e-01 3.809205591678619385e-01 4.772815108299255371e-01 4.724097847938537598e-01
4.754107892513275146e-01 5.626081228256225586e-01 5.993785858154296875e-01 4.818806946277618408e-01 5.848164558410644531e-01 5.545532107353210449e-01 4.995701313018798828e-01 5.193217396736145020e-01 4.339576959609985352e-01 5.194913744926452637e-01
4.615647494792938232e-01 4.746866226196289062e-01 5.313379168510437012e-01 5.081043839454650879e-01 6.293275356292724609e-01 6.029824018478393555e-01 3.748147189617156982e-01 5.073228478431701660e-01 3.828141093254089355e-01 4.724097847938537598e-01
4.615647494792938232e-01 4.746866226196289062e-01 4.273543059825897217e-01 5.081043839454650879e-01 5.080831050872802734e-01 7.960177063941955566e-01 4.342838525772094727e-01 3.834192156791687012e-01 1.901551932096481323e-01 4.724097847938537598e-01
4.615647494792938232e-01 4.746866226196289062e-01 4.273543059825897217e-01 4.383160471916198730e-01 2.681101858615875244e-01 5.759043097496032715e-01 3.748147189617156982e-01 5.336254835128784180e-01 6.542494893074035645e-01 4.724097847938537598e-01
4.615647494792938232e-01 4.746866226196289062e-01 5.313379168510437012e-01 4.383160471916198730e-01 4.181954264640808105e-01 6.914446949958801270e-01 4.593337178230285645e-01 3.834192156791687012e-01 5.079484581947326660e-01 4.724097847938537598e-01
4.754107892513275146e-01 5.626081228256225586e-01 4.501661360263824463e-01 4.818806946277618408e-01 6.163610816001892090e-01 9.018357396125793457e-01 4.348631203174591064e-01 5.015822649002075195e-01 5.178083777427673340e-01 5.194913744926452637e-01
4.754107892513275146e-01 5.626081228256225586e-01 4.501661360263824463e-01 4.818806946277618408e-01 4.956729114055633545e-01 4.852262139320373535e-01 5.610693693161010742e-01 5.595898032188415527e-01 4.846581220626831055e-01 5.194913744926452637e-01
4.754107892513275146e-01 5.626081228256225586e-01 4.501661360263824463e-01 4.818806946277618408e-01 4.956729114055633545e-01 6.096154451370239258e-01 5.610693693161010742e-01 4.933757781982421875e-01 6.092734336853027344e-01 5.194913744926452637e-01
4.754107892513275146e-01 5.626081228256225586e-01 4.501661360263824463e-01 4.818806946277618408e-01 4.956729114055633545e-01 4.081964790821075439e-01 5.610693693161010742e-01 4.917744696140289307e-01 6.092734336853027344e-01 5.194913744926452637e-01
4.754107892513275146e-01 5.626081228256225586e-01 4.501661360263824463e-01 4.818806946277618408e-01 2.411040216684341431e-01 3.169556558132171631e-01 6.567248702049255371e-01 4.917744696140289307e-01 6.992413401603698730e-01 5.194913744926452637e-01
4.754107892513275146e-01 5.626081228256225586e-01 4.501661360263824463e-01 4.818806946277618408e-01 2.411040216684341431e-01 4.785260856151580811e-01 4.348631203174591064e-01 4.917744696140289307e-01 5.178083777427673340e-01 5.194913744926452637e-01
4.615647494792938232e-01 4.746866226196289062e-01 4.501661360263824463e-01 4.383160471916198730e-01 5.402264595031738281e-01 6.357652544975280762e-01 4.348631203174591064e-01 3.830708265304565430e-01 6.446328759193420410e-01 3.351238965988159180e-01
4.754107892513275146e-01 4.382604360580444336e-01 4.501661360263824463e-01 4.818806946277618408e-01 2.411040216684341431e-01 5.670974254608154297e-01 4.995701313018798828e-01 4.917744696140289307e-01 6.536216735839843750e-01 5.194913744926452637e-01
4.754107892513275146e-01 5.626081228256225586e-01 4.501661360263824463e-01 4.818806946277618408e-01 2.836355865001678467e-01 5.441603660583496094e-01 5.687440037727355957e-01 3.719323277473449707e-01 5.593699216842651367e-01 5.194913744926452637e-01
5.762293934822082520e-01 4.754023849964141846e-01 4.501661360263824463e-01 6.049379110336303711e-01 5.505340099334716797e-01 3.724319338798522949e-01 2.521289587020874023e-01 4.933757781982421875e-01 5.593699216842651367e-01 5.949850678443908691e-01
5.762293934822082520e-01 4.754023849964141846e-01 4.501661360263824463e-01 6.049379110336303711e-01 6.370804905891418457e-01 4.357357621192932129e-01 2.521289587020874023e-01 3.719323277473449707e-01 6.661560535430908203e-01 5.949850678443908691e-01
4.615647494792938232e-01 6.605103015899658203e-01 6.402530074119567871e-01 4.383160471916198730e-01 4.725157022476196289e-01 1.994845867156982422e-01 2.521289587020874023e-01 3.845860362052917480e-01 5.079484581947326660e-01 4.724097847938537598e-01
4.615647494792938232e-01 4.746866226196289062e-01 6.402530074119567871e-01 4.383160471916198730e-01 4.725157022476196289e-01 3.731677532196044922e-01 2.521289587020874023e-01 5.494635105133056641e-01 5.079484581947326660e-01 4.724097847938537598e-01
4.033914804458618164e-01 4.754023849964141846e-01 5.903013348579406738e-01 3.986126482486724854e-01 6.972036957740783691e-01 7.097253203392028809e-01 4.215362370014190674e-01 7.642439007759094238e-01 6.795727610588073730e-01 3.914181590080261230e-01
4.033914804458618164e-01 4.754023849964141846e-01 4.501661360263824463e-01 3.986126482486724854e-01 6.972036957740783691e-01 7.038750052452087402e-01 4.215362370014190674e-01 7.642439007759094238e-01 6.795727610588073730e-01 3.914181590080261230e-01
5.783803462982177734e-01 5.626081228256225586e-01 5.392678380012512207e-01 5.934496521949768066e-01 6.370804905891418457e-01 6.432734131813049316e-01 5.260260105133056641e-01 4.933757781982421875e-01 5.564981102943420410e-01 6.349441409111022949e-01
5.783803462982177734e-01 5.626081228256225586e-01 4.474559426307678223e-01 5.934496521949768066e-01 6.370804905891418457e-01 4.209348261356353760e-01 5.260260105133056641e-01 4.933757781982421875e-01 6.155476570129394531e-01 6.349441409111022949e-01
5.783803462982177734e-01 5.626081228256225586e-01 5.903013348579406738e-01 5.934496521949768066e-01 4.957848489284515381e-01 3.969646692276000977e-01 5.260260105133056641e-01 4.933757781982421875e-01 7.137970924377441406e-01 6.349441409111022949e-01
4.615647494792938232e-01 4.746866226196289062e-01 4.273543059825897217e-01 4.383160471916198730e-01 5.402264595031738281e-01 5.259702205657958984e-01 4.995701313018798828e-01 4.372145533561706543e-01 5.483200550079345703e-01 4.883366525173187256e-01
4.615647494792938232e-01 4.746866226196289062e-01 4.273543059825897217e-01 4.383160471916198730e-01 4.181954264640808105e-01 2.625705897808074951e-01 4.995701313018798828e-01 3.256758153438568115e-01 5.902501344680786133e-01 4.724097847938537598e-01
4.615647494792938232e-01 4.746866226196289062e-01 5.313379168510437012e-01 4.383160471916198730e-01 4.181954264640808105e-01 1.757361739873886108e-01 4.995701313018798828e-01 3.256758153438568115e-01 3.127418160438537598e-01 4.724097847938537598e-01
5.681189298629760742e-01 5.081586837768554688e-01 5.993785858154296875e-01 5.162973999977111816e-01 4.957848489284515381e-01 4.567305743694305420e-01 5.653423070907592773e-01 3.760533928871154785e-01 3.845208883285522461e-01 5.746231079101562500e-01
4.179254472255706787e-01 5.081586837768554688e-01 4.501661360263824463e-01 5.162973999977111816e-01 4.957848489284515381e-01 4.651088714599609375e-01 4.450296759605407715e-01 4.933757781982421875e-01 5.603029727935791016e-01 5.298601984977722168e-01
5.317749381065368652e-01 6.605103015899658203e-01 4.273543059825897217e-01 4.383160471916198730e-01 4.181954264640808105e-01 2.949680984020233154e-01 3.160609602928161621e-01 3.845860362052917480e-01 6.561635732650756836e-01 4.724097847938537598e-01
4.615647494792938232e-01 4.746866226196289062e-01 4.501661360263824463e-01 5.081043839454650879e-01 4.089464843273162842e-01 4.206709563732147217e-01 5.923575758934020996e-01 4.526168107986450195e-01 5.698723793029785156e-01 4.724097847938537598e-01
5.681189298629760742e-01 6.088733673095703125e-01 5.250093340873718262e-01 5.162973999977111816e-01 4.957848489284515381e-01 5.309346318244934082e-01 6.248287558555603027e-01 6.434839963912963867e-01 6.456465721130371094e-01 5.298601984977722168e-01
5.681189298629760742e-01 6.088733673095703125e-01 5.392678380012512207e-01 5.162973999977111816e-01 3.338311910629272461e-01 6.110534071922302246e-01 5.006388425827026367e-01 6.215852499008178711e-01 6.169200539588928223e-01 5.298601984977722168e-01
5.783803462982177734e-01 5.626081228256225586e-01 5.392678380012512207e-01 5.934496521949768066e-01 6.972036957740783691e-01 4.832460284233093262e-01 4.995701313018798828e-01 7.124153971672058105e-01 4.337990283966064453e-01 5.194913744926452637e-01
5.783803462982177734e-01 5.626081228256225586e-01 5.903013348579406738e-01 5.934496521949768066e-01 6.972036957740783691e-01 6.294122934341430664e-01 4.995701313018798828e-01 5.818734765052795410e-01 6.155476570129394531e-01 5.194913744926452637e-01
4.754107892513275146e-01 5.626081228256225586e-01 5.903013348579406738e-01 4.818806946277618408e-01 5.848164558410644531e-01 8.047769069671630859e-01 4.995701313018798828e-01 5.595898032188415527e-01 6.155476570129394531e-01 5.194913744926452637e-01
5.317749381065368652e-01 4.746866226196289062e-01 5.903013348579406738e-01 5.081043839454650879e-01 4.089464843273162842e-01 6.398836970329284668e-01 4.995701313018798828e-01 4.372145533561706543e-01 4.379908442497253418e-01 4.724097847938537598e-01
5.317749381065368652e-01 4.746866226196289062e-01 5.903013348579406738e-01 5.081043839454650879e-01 4.089464843273162842e-01 6.589369177818298340e-01 6.311249136924743652e-01 4.356387853622436523e-01 3.828141093254089355e-01 3.351238965988159180e-01
4.615647494792938232e-01 4.746866226196289062e-01 4.474559426307678223e-01 5.081043839454650879e-01 4.089464843273162842e-01 6.043054461479187012e-01 6.311249136924743652e-01 4.372145533561706543e-01 4.510314762592315674e-01 4.724097847938537598e-01
4.615647494792938232e-01 4.746866226196289062e-01 5.903013348579406738e-01 5.081043839454650879e-01 4.089464843273162842e-01 2.885042726993560791e-01 4.995701313018798828e-01 5.063886046409606934e-01 6.561635732650756836e-01 4.724097847938537598e-01
4.754107892513275146e-01 5.626081228256225586e-01 4.474559426307678223e-01 4.818806946277618408e-01 6.972036957740783691e-01 8.771598935127258301e-01 4.995701313018798828e-01 7.101401686668395996e-01 7.884391546249389648e-01 5.194913744926452637e-01
4.754107892513275146e-01 5.626081228256225586e-01 4.474559426307678223e-01 4.818806946277618408e-01 5.848164558410644531e-01 8.475586771965026855e-01 4.995701313018798828e-01 5.595898032188415527e-01 6.795727610588073730e-01 5.194913744926452637e-01
4.754107892513275146e-01 5.626081228256225586e-01 4.474559426307678223e-01 4.818806946277618408e-01 6.972036957740783691e-01 6.779155731201171875e-01 6.311249136924743652e-01 7.101401686668395996e-01 7.313225269317626953e-01 5.194913744926452637e-01
4.754107892513275146e-01 5.626081228256225586e-01 5.392678380012512207e-01 4.818806946277618408e-01 6.972036957740783691e-01 6.859005093574523926e-01 4.995701313018798828e-01 4.382216632366180420e-01 6.178162693977355957e-01 5.194913744926452637e-01
4.754107892513275146e-01 5.626081228256225586e-01 5.392678380012512207e-01 4.818806946277618408e-01 4.178832173347473145e-01 4.054681062698364258e-01 4.995701313018798828e-01 6.599107980728149414e-01 6.552909016609191895e-01 5.194913744926452637e-01
4.754107892513275146e-01 5.626081228256225586e-01 5.392678380012512207e-01 4.818806946277618408e-01 6.972036957740783691e-01 8.274425864219665527e-01 4.995701313018798828e-01 6.599107980728149414e-01 5.496292710304260254e-01 5.194913744926452637e-01
4.615647494792938232e-01 4.746866226196289062e-01 4.501661360263824463e-01 4.383160471916198730e-01 4.181954264640808105e-01 6.383690834045410156e-01 4.995701313018798828e-01 3.844839036464691162e-01 4.639582335948944092e-01 3.351238965988159180e-01
4.615647494792938232e-01 4.746866226196289062e-01 4.273543059825897217e-01 4.383160471916198730e-01 4.181954264640808105e-01 7.382653951644897461e-01 4.995701313018798828e-01 4.995920360088348389e-01 3.828141093254089355e-01 3.351238965988159180e-01
4.615647494792938232e-01 4.746866226196289062e-01 4.501661360263824463e-01 4.383160471916198730e-01 4.181954264640808105e-01 1.110572516918182373e-01 4.995701313018798828e-01 2.797984182834625244e-01 2.147125899791717529e-01 4.724097847938537598e-01
5.317749381065368652e-01 4.746866226196289062e-01 4.501661360263824463e-01 4.383160471916198730e-01 4.181954264640808105e-01 2.413336187601089478e-01 2.326858043670654297e-01 2.753660678863525391e-01 3.889092803001403809e-01 4.724097847938537598e-01
5.317749381065368652e-01 4.746866226196289062e-01 4.501661360263824463e-01 4.383160471916198730e-01 4.181954264640808105e-01 6.133493781089782715e-01 1.894596964120864868e-01 3.845860362052917480e-01 4.441834986209869385e-01 4.724097847938537598e-01
5.762293934822082520e-01 4.754023849964141846e-01 4.501661360263824463e-01 6.049379110336303711e-01 5.505340099334716797e-01 4.060780704021453857e-01 2.532184720039367676e-01 4.933757781982421875e-01 6.092734336853027344e-01 5.949850678443908691e-01
4.033914804458618164e-01 4.754023849964141846e-01 4.501661360263824463e-01 3.986126482486724854e-01 5.505340099334716797e-01 6.001884937286376953e-01 2.521289587020874023e-01 5.630441308021545410e-01 3.212867081165313721e-01 3.914181590080261230e-01
4.033914804458618164e-01 4.754023849964141846e-01 4.501661360263824463e-01 3.986126482486724854e-01 5.505340099334716797e-01 5.520333051681518555e-01 2.521289587020874023e-01 4.917744696140289307e-01 3.212867081165313721e-01 3.914181590080261230e-01
4.754107892513275146e-01 4.382604360580444336e-01 4.501661360263824463e-01 4.818806946277618408e-01 2.836355865001678467e-01 1.622034460306167603e-01 3.666068315505981445e-01 4.933757781982421875e-01 2.970954477787017822e-01 5.194913744926452637e-01
5.783803462982177734e-01 5.626081228256225586e-01 4.501661360263824463e-01 5.934496521949768066e-01 5.505340099334716797e-01 3.621218502521514893e-01 3.542762398719787598e-01 4.917744696140289307e-01 6.092734336853027344e-01 5.194913744926452637e-01
5.783803462982177734e-01 5.626081228256225586e-01 4.501661360263824463e-01 5.934496521949768066e-01 4.015723168849945068e-01 3.318822979927062988e-01 3.542762398719787598e-01 4.917744696140289307e-01 7.326270937919616699e-01 5.194913744926452637e-01
4.754107892513275146e-01 5.626081228256225586e-01 4.501661360263824463e-01 4.818806946277618408e-01 2.836355865001678467e-01 2.988630533218383789e-01 5.260260105133056641e-01 4.917744696140289307e-01 5.114561319351196289e-01 6.349441409111022949e-01
5.783803462982177734e-01 5.626081228256225586e-01 4.501661360263824463e-01 5.934496521949768066e-01 5.612305998802185059e-01 6.389380693435668945e-01 6.554229855537414551e-01 5.580102801322937012e-01 6.536216735839843750e-01 6.349441409111022949e-01
5.184090733528137207e-01 5.626081228256225586e-01 6.599677205085754395e-01 5.934496521949768066e-01 5.612305998802185059e-01 4.428892731666564941e-01 5.260260105133056641e-01 6.270359754562377930e-01 6.536216735839843750e-01 6.349441409111022949e-01
5.783803462982177734e-01 5.626081228256225586e-01 6.599677205085754395e-01 5.934496521949768066e-01 5.505340099334716797e-01 8.762488365173339844e-01 6.554229855537414551e-01 6.270359754562377930e-01 6.536216735839843750e-01 6.349441409111022949e-01
5.681189298629760742e-01 5.081586837768554688e-01 4.501661360263824463e-01 5.162973999977111816e-01 6.163610816001892090e-01 7.838364243507385254e-01 5.363012552261352539e-01 5.595898032188415527e-01 6.536216735839843750e-01 5.298601984977722168e-01
4.179254472255706787e-01 5.081586837768554688e-01 4.501661360263824463e-01 5.162973999977111816e-01 5.505340099334716797e-01 6.779977083206176758e-01 5.911666154861450195e-01 5.595898032188415527e-01 5.229060053825378418e-01 5.746231079101562500e-01
4.615647494792938232e-01 4.746866226196289062e-01 4.501661360263824463e-01 4.383160471916198730e-01 4.725157022476196289e-01 4.883459806442260742e-01 5.911666154861450195e-01 5.260432958602905273e-01 3.439565300941467285e-01 4.724097847938537598e-01
4.615647494792938232e-01 4.746866226196289062e-01 4.501661360263824463e-01 4.383160471916198730e-01 4.725157022476196289e-01 3.236907422542572021e-01 5.911666154861450195e-01 5.260432958602905273e-01 4.820468425750732422e-01 4.724097847938537598e-01
4.615647494792938232e-01 4.746866226196289062e-01 5.313379168510437012e-01 4.383160471916198730e-01 4.725157022476196289e-01 4.106009304523468018e-01 3.504895269870758057e-01 3.591722846031188965e-01 2.944201231002807617e-01 3.866627514362335205e-01
4.754107892513275146e-01 5.626081228256225586e-01 5.392678380012512207e-01 4.818806946277618408e-01 5.506448149681091309e-01 4.398251771926879883e-01 3.880343735218048096e-01 4.354456663131713867e-01 5.564981102943420410e-01 3.866627514362335205e-01
4.615647494792938232e-01 4.746866226196289062e-01 5.313379168510437012e-01 4.383160471916198730e-01 2.681101858615875244e-01 5.878127813339233398e-01 5.260260105133056641e-01 3.642754554748535156e-01 6.543784141540527344e-01 4.724097847938537598e-01
4.754107892513275146e-01 5.626081228256225586e-01 5.392678380012512207e-01 4.818806946277618408e-01 3.338311910629272461e-01 7.977808117866516113e-01 5.260260105133056641e-01 4.354456663131713867e-01 6.299413442611694336e-01 6.349441409111022949e-01
4.754107892513275146e-01 5.626081228256225586e-01 5.392678380012512207e-01 4.818806946277618408e-01 5.047571659088134766e-01 5.412742495536804199e-01 5.260260105133056641e-01 4.354456663131713867e-01 6.299413442611694336e-01 6.349441409111022949e-01
5.783803462982177734e-01 5.626081228256225586e-01 5.392678380012512207e-01 5.934496521949768066e-01 6.910644173622131348e-01 4.922666549682617188e-01 3.278411328792572021e-01 5.193217396736145020e-01 6.299413442611694336e-01 6.349441409111022949e-01
5.783803462982177734e-01 5.626081228256225586e-01 5.392678380012512207e-01 5.934496521949768066e-01 5.506448149681091309e-01 5.924141407012939453e-01 5.530382394790649414e-01 4.365680515766143799e-01 5.557217001914978027e-01 6.349441409111022949e-01
4.033914804458618164e-01 4.754023849964141846e-01 4.009593129158020020e-01 3.986126482486724854e-01 4.919663071632385254e-01 2.832693159580230713e-01 4.215362370014190674e-01 3.640143275260925293e-01 3.099905252456665039e-01 3.914181590080261230e-01
4.033914804458618164e-01 3.302148282527923584e-01 4.009593129158020020e-01 3.986126482486724854e-01 2.836715877056121826e-01 3.041108250617980957e-01 4.215362370014190674e-01 3.640143275260925293e-01 5.340400934219360352e-01 3.914181590080261230e-01
4.615647494792938232e-01 4.746866226196289062e-01 4.273543059825897217e-01 5.081043839454650879e-01 4.089464843273162842e-01 5.099082589149475098e-01 2.623773217201232910e-01 3.809205591678619385e-01 4.921526610851287842e-01 4.724097847938537598e-01
4.323625862598419189e-01 4.664895832538604736e-01 5.313379168510437012e-01 5.695446729660034180e-01 2.705534398555755615e-01 1.915687471628189087e-01 2.151822447776794434e-01 4.521227777004241943e-01 2.530644834041595459e-01 4.724097847938537598e-01
4.033914804458618164e-01 4.754023849964141846e-01 4.009593129158020020e-01 3.986126482486724854e-01 4.372635781764984131e-01 4.731308519840240479e-01 3.297450244426727295e-01 4.438491165637969971e-01 3.730750977993011475e-01 3.914181590080261230e-01
4.323625862598419189e-01 4.664895832538604736e-01 5.313379168510437012e-01 5.695446729660034180e-01 3.774521946907043457e-01 4.095748066902160645e-01 3.895935416221618652e-01 3.310818970203399658e-01 2.631774842739105225e-01 4.724097847938537598e-01
4.033914804458618164e-01 4.754023849964141846e-01 4.009593129158020020e-01 6.049379110336303711e-01 4.372635781764984131e-01 6.511400938034057617e-01 2.610166072845458984e-01 4.438491165637969971e-01 5.347431302070617676e-01 5.949850678443908691e-01
4.754107892513275146e-01 5.626081228256225586e-01 5.392678380012512207e-01 4.818806946277618408e-01 6.164669394493103027e-01 4.821308553218841553e-01 2.945685684680938721e-01 6.430264115333557129e-01 4.238876700401306152e-01 5.194913744926452637e-01
4.754107892513275146e-01 5.626081228256225586e-01 5.392678380012512207e-01 4.818806946277618408e-01 4.957848489284515381e-01 5.817570686340332031e-01 3.513796329498291016e-01 5.193217396736145020e-01 4.260585904121398926e-01 5.194913744926452637e-01
4.323625862598419189e-01 4.664895832538604736e-01 5.313379168510437012e-01 5.695446729660034180e-01 3.774521946907043457e-01 6.159188151359558105e-01 2.945685684680938721e-01 4.219705760478973389e-01 4.045721590518951416e-01 6.570093631744384766e-01
4.615647494792938232e-01 4.746866226196289062e-01 4.273543059825897217e-01 5.081043839454650879e-01 5.307406783103942871e-01 7.439106106758117676e-01 3.513796329498291016e-01 3.061733841896057129e-01 5.902501344680786133e-01 4.883366525173187256e-01
4.615647494792938232e-01 4.746866226196289062e-01 5.313379168510437012e-01 5.081043839454650879e-01 5.080831050872802734e-01 6.238123178482055664e-01 3.427569270133972168e-01 6.872209310531616211e-01 6.288037300109863281e-01 4.724097847938537598e-01
5.681189298629760742e-01 6.425211429595947266e-01 5.250093340873718262e-01 6.665517091751098633e-01 5.595078468322753906e-01 8.372378945350646973e-01 5.653423070907592773e-01 6.025807261466979980e-01 5.038486719131469727e-01 5.746231079101562500e-01
5.317749381065368652e-01 4.746866226196289062e-01 4.501661360263824463e-01 5.081043839454650879e-01 5.080831050872802734e-01 6.388625502586364746e-01 4.593337178230285645e-01 5.073228478431701660e-01 2.825486660003662109e-01 4.724097847938537598e-01
5.681189298629760742e-01 6.425211429595947266e-01 5.993785858154296875e-01 6.665517091751098633e-01 4.372635781764984131e-01 7.935440540313720703e-01 5.098845958709716797e-01 3.799349367618560791e-01 2.976064383983612061e-01 5.746231079101562500e-01
4.615647494792938232e-01 4.746866226196289062e-01 4.501661360263824463e-01 5.081043839454650879e-01 5.080831050872802734e-01 2.868305444717407227e-01 5.335011482238769531e-01 2.788922786712646484e-01 2.556982040405273438e-01 4.724097847938537598e-01
5.317749381065368652e-01 4.746866226196289062e-01 5.313379168510437012e-01 5.081043839454650879e-01 5.080831050872802734e-01 1.679597347974777222e-01 5.335011482238769531e-01 4.796310067176818848e-01 4.189190566539764404e-01 4.724097847938537598e-01
4.615647494792938232e-01 3.348635435104370117e-01 7.104208469390869141e-01 5.081043839454650879e-01 5.080831050872802734e-01 3.693334162235260010e-01 4.795546531677246094e-01 4.293902814388275146e-01 5.079484581947326660e-01 4.724097847938537598e-01
4.615647494792938232e-01 4.746866226196289062e-01 5.313379168510437012e-01 5.081043839454650879e-01 5.080831050872802734e-01 5.527889132499694824e-01 4.630147814750671387e-01 5.494635105133056641e-01 5.984287858009338379e-01 4.724097847938537598e-01
4.033914804458618164e-01 4.754023849964141846e-01 4.009593129158020020e-01 3.986126482486724854e-01 6.972036957740783691e-01 7.507058382034301758e-01 3.978056311607360840e-01 4.354456663131713867e-01 5.564981102943420410e-01 3.914181590080261230e-01
4.033914804458618164e-01 4.754023849964141846e-01 5.936329960823059082e-01 3.986126482486724854e-01 6.370804905891418457e-01 5.825271606445312500e-01 4.879069030284881592e-01 4.354456663131713867e-01 5.880337953567504883e-01 3.914181590080261230e-01
