7.974721789360046387e-01 6.958833336830139160e-01 4.998189806938171387e-01 6.013906002044677734e-01 8.771916031837463379e-01 6.856346130371093750e-01 5.238301753997802734e-01 8.879057168960571289e-01 4.488857984542846680e-01 5.816161036491394043e-01
3.583237230777740479e-01 2.520343959331512451e-01 4.263917505741119385e-01 6.722756028175354004e-01 5.140143036842346191e-01 5.806860327720642090e-01 3.891649544239044189e-01 7.240223288536071777e-01 4.891659021377563477e-01 4.454693198204040527e-01
6.199582815170288086e-01 4.749532341957092285e-01 6.549348831176757812e-01 6.598526835441589355e-01 7.050689458847045898e-01 5.142951607704162598e-01 6.333217620849609375e-01 5.095007419586181641e-01 7.036707401275634766e-01 6.468184590339660645e-01
6.164364814758300781e-01 7.428417205810546875e-01 7.149816155433654785e-01 7.106772661209106445e-01 6.984169483184814453e-01 4.480582177639007568e-01 6.333217620849609375e-01 4.847208559513092041e-01 6.225861907005310059e-01 6.468184590339660645e-01
4.414271116256713867e-01 4.851148426532745361e-01 4.644591510295867920e-01 3.723378479480743408e-01 6.466709375381469727e-01 6.335667967796325684e-01 4.388605952262878418e-01 4.687967598438262939e-01 5.127519965171813965e-01 5.091065168380737305e-01
3.651740550994873047e-01 5.034653544425964355e-01 5.870549082756042480e-01 3.179797530174255371e-01 6.303791403770446777e-01 6.335667967796325684e-01 4.700097441673278809e-01 5.362449288368225098e-01 5.149543285369873047e-01 5.996107459068298340e-01
3.651740550994873047e-01 3.292735219001770020e-01 5.362787842750549316e-01 4.095696806907653809e-01 4.446280598640441895e-01 6.335667967796325684e-01 4.700097441673278809e-01 3.332698047161102295e-01 5.149543285369873047e-01 5.091065168380737305e-01
6.149526238441467285e-01 3.353507816791534424e-01 5.362787842750549316e-01 1.806582361459732056e-01 3.751044273376464844e-01 4.276943504810333252e-01 4.700097441673278809e-01 4.168563187122344971e-01 3.397544622421264648e-01 5.091065168380737305e-01
4.941754341125488281e-01 2.848235964775085449e-01 5.870549082756042480e-01 3.543373942375183105e-01 3.093871176242828369e-01 4.276943504810333252e-01 4.700097441673278809e-01 4.168563187122344971e-01 3.686171770095825195e-01 5.996107459068298340e-01
6.427358388900756836e-01 4.531168639659881592e-01 5.870549082756042480e-01 8.285032510757446289e-01 4.260271787643432617e-01 5.972771048545837402e-01 4.700097441673278809e-01 4.943904280662536621e-01 6.018739342689514160e-01 5.996107459068298340e-01
4.591555297374725342e-01 2.795023620128631592e-01 4.831383228302001953e-01 7.608750462532043457e-01 7.534066438674926758e-01 5.425016880035400391e-01 4.700097441673278809e-01 2.723599374294281006e-01 4.033217728137969971e-01 5.349411964416503906e-01
4.591555297374725342e-01 3.809781670570373535e-01 4.831383228302001953e-01 4.521955847740173340e-01 6.270515322685241699e-01 4.276943504810333252e-01 4.700097441673278809e-01 4.869582653045654297e-01 6.058540344238281250e-01 5.349411964416503906e-01
5.048938393592834473e-01 2.711766362190246582e-01 5.870549082756042480e-01 7.155362963676452637e-01 4.734357893466949463e-01 4.722217321395874023e-01 4.700097441673278809e-01 4.869582653045654297e-01 4.033217728137969971e-01 3.422401845455169678e-01
6.149526238441467285e-01 5.247763991355895996e-01 4.414928257465362549e-01 3.272621631622314453e-01 6.461030840873718262e-01 6.414649486541748047e-01 4.700097441673278809e-01 7.027816176414489746e-01 4.331722557544708252e-01 3.422401845455169678e-01
3.693231940269470215e-01 4.001573920249938965e-01 4.414928257465362549e-01 1.969526857137680054e-01 3.532898128032684326e-01 3.069744408130645752e-01 4.700097441673278809e-01 4.869582653045654297e-01 4.717973470687866211e-01 5.996107459068298340e-01
3.693231940269470215e-01 5.874079465866088867e-01 4.831383228302001953e-01 6.862440705299377441e-01 4.749312996864318848e-01 4.276943504810333252e-01 4.700097441673278809e-01 5.387018918991088867e-01 3.686171770095825195e-01 5.996107459068298340e-01
3.693231940269470215e-01 5.897636413574218750e-01 5.041347146034240723e-01 7.238919138908386230e-01 6.516456007957458496e-01 4.372286200523376465e-01 4.700097441673278809e-01 4.459248483180999756e-01 6.018739342689514160e-01 5.349411964416503906e-01
4.227771461009979248e-01 3.639324605464935303e-01 3.768419921398162842e-01 4.218741953372955322e-01 4.706069827079772949e-01 4.276943504810333252e-01 4.700097441673278809e-01 3.666357994079589844e-01 5.620115399360656738e-01 3.993748724460601807e-01
6.164364814758300781e-01 3.105947971343994141e-01 5.041347146034240723e-01 5.714523792266845703e-01 6.249361038208007812e-01 6.335667967796325684e-01 4.700097441673278809e-01 4.336944818496704102e-01 6.189053654670715332e-01 3.422401845455169678e-01
3.693231940269470215e-01 2.916624248027801514e-01 5.041347146034240723e-01 4.339163005352020264e-01 4.900360703468322754e-01 4.290269613265991211e-01 4.700097441673278809e-01 5.544965863227844238e-01 4.704957008361816406e-01 5.996107459068298340e-01
4.165591299533843994e-01 4.438149333000183105e-01 5.041347146034240723e-01 4.731040596961975098e-01 5.596667528152465820e-01 4.552927613258361816e-01 4.700097441673278809e-01 3.666357994079589844e-01 4.704957008361816406e-01 5.349411964416503906e-01
6.164364814758300781e-01 2.770506441593170166e-01 4.414928257465362549e-01 2.737172544002532959e-01 4.177714288234710693e-01 4.174024462699890137e-01 4.700097441673278809e-01 3.062497973442077637e-01 5.477458238601684570e-01 6.851987242698669434e-01
5.048938393592834473e-01 5.098935365676879883e-01 4.414928257465362549e-01 8.523771762847900391e-01 7.602518796920776367e-01 5.971036553382873535e-01 4.700097441673278809e-01 3.878620862960815430e-01 2.889654338359832764e-01 5.996107459068298340e-01
6.149526238441467285e-01 4.641350507736206055e-01 5.532611608505249023e-01 8.657107353210449219e-01 5.689216852188110352e-01 2.936994731426239014e-01 4.700097441673278809e-01 3.393481671810150146e-01 7.676087617874145508e-01 5.349411964416503906e-01
5.048938393592834473e-01 1.920955479145050049e-01 4.414928257465362549e-01 3.522835373878479004e-01 7.228636145591735840e-01 3.943627774715423584e-01 4.700097441673278809e-01 4.961042106151580811e-01 2.889654338359832764e-01 3.993748724460601807e-01
5.048938393592834473e-01 4.983691871166229248e-01 4.414928257465362549e-01 3.758362531661987305e-01 3.127075135707855225e-01 4.340452253818511963e-01 4.700097441673278809e-01 3.661678433418273926e-01 2.889654338359832764e-01 3.993748724460601807e-01
5.048938393592834473e-01 2.694057226181030273e-01 5.532611608505249023e-01 4.218279123306274414e-01 6.524145603179931641e-01 4.883318245410919189e-01 4.700097441673278809e-01 3.661678433418273926e-01 6.354775428771972656e-01 3.993748724460601807e-01
5.493524074554443359e-01 6.148470640182495117e-01 5.532611608505249023e-01 5.236054062843322754e-01 3.032282292842864990e-01 4.883318245410919189e-01 4.700097441673278809e-01 3.661678433418273926e-01 6.184837818145751953e-01 3.993748724460601807e-01
6.562567949295043945e-01 3.303185999393463135e-01 5.532611608505249023e-01 6.615870594978332520e-01 4.008228480815887451e-01 3.995541036128997803e-01 4.700097441673278809e-01 4.768695235252380371e-01 8.519929051399230957e-01 3.993748724460601807e-01
6.149526238441467285e-01 4.012257158756256104e-01 5.532611608505249023e-01 2.720882892608642578e-01 4.540409445762634277e-01 3.995541036128997803e-01 4.700097441673278809e-01 4.249511957168579102e-01 7.784970998764038086e-01 3.993748724460601807e-01
4.239252507686614990e-01 4.012257158756256104e-01 5.229409933090209961e-01 4.136451184749603271e-01 4.152559041976928711e-01 4.097357392311096191e-01 4.095948040485382080e-01 3.189535737037658691e-01 7.784970998764038086e-01 3.993748724460601807e-01
4.870698451995849609e-01 3.874717950820922852e-01 4.453946352005004883e-01 6.038559675216674805e-01 3.900644779205322266e-01 6.216061711311340332e-01 4.700097441673278809e-01 4.033092856407165527e-01 8.214673995971679688e-01 3.993748724460601807e-01
4.702885448932647705e-01 3.524216413497924805e-01 3.973600566387176514e-01 2.302548587322235107e-01 6.071217060089111328e-01 4.678914248943328857e-01 4.132511913776397705e-01 3.180200755596160889e-01 2.710358202457427979e-01 4.542274475097656250e-01
5.316442251205444336e-01 5.143424272537231445e-01 3.083749711513519287e-01 2.720882892608642578e-01 3.999096155166625977e-01 6.308080554008483887e-01 4.700097441673278809e-01 4.339174330234527588e-01 5.288761854171752930e-01 3.993748724460601807e-01
6.990426778793334961e-01 5.699455738067626953e-01 4.291892051696777344e-01 5.793268680572509766e-01 7.097399830818176270e-01 5.858979821205139160e-01 5.058457255363464355e-01 5.518178343772888184e-01 5.466408729553222656e-01 3.993748724460601807e-01
4.447727501392364502e-01 6.170963644981384277e-01 6.119369268417358398e-01 4.827911257743835449e-01 6.593002080917358398e-01 2.369910180568695068e-01 4.369105696678161621e-01 3.943981230258941650e-01 5.478621125221252441e-01 5.487684011459350586e-01
5.470069646835327148e-01 5.083557963371276855e-01 2.859350144863128662e-01 4.364532232284545898e-01 4.588376283645629883e-01 5.537734031677246094e-01 6.012323498725891113e-01 4.821780622005462646e-01 2.499881386756896973e-01 4.509401619434356689e-01
5.142853260040283203e-01 5.841595530509948730e-01 4.821211993694305420e-01 6.045972704887390137e-01 3.476055562496185303e-01 5.940709710121154785e-01 6.089227795600891113e-01 5.293564796447753906e-01 6.671015620231628418e-01 5.487684011459350586e-01
4.858950078487396240e-01 6.681228280067443848e-01 4.821211993694305420e-01 6.514574885368347168e-01 2.038679271936416626e-01 3.858283162117004395e-01 7.413576841354370117e-01 6.561155319213867188e-01 7.061019539833068848e-01 5.487684011459350586e-01
3.298461735248565674e-01 5.781431794166564941e-01 5.971084237098693848e-01 3.714680075645446777e-01 7.403487563133239746e-01 6.012122631072998047e-01 4.467206597328186035e-01 5.921353101730346680e-01 5.874303579330444336e-01 6.468184590339660645e-01
3.322615921497344971e-01 3.065154552459716797e-01 6.761339902877807617e-01 5.108164548873901367e-01 5.932533144950866699e-01 7.621274590492248535e-01 4.467206597328186035e-01 5.620697736740112305e-01 5.874303579330444336e-01 6.468184590339660645e-01
4.012037217617034912e-01 4.090247154235839844e-01 5.965881347656250000e-01 5.740014314651489258e-01 6.632913351058959961e-01 5.445581674575805664e-01 5.238301753997802734e-01 6.105636954307556152e-01 2.971167266368865967e-01 4.454693198204040527e-01
5.142853260040283203e-01 6.247828006744384766e-01 5.565516948699951172e-01 5.217773318290710449e-01 5.878599286079406738e-01 5.854804515838623047e-01 6.012323498725891113e-01 5.264039039611816406e-01 5.611384510993957520e-01 6.468184590339660645e-01
3.299455940723419189e-01 5.646637082099914551e-01 6.260852813720703125e-01 5.035206079483032227e-01 6.610082387924194336e-01 5.854804515838623047e-01 6.012323498725891113e-01 6.244490146636962891e-01 5.874303579330444336e-01 6.468184590339660645e-01
3.989917635917663574e-01 3.120822906494140625e-01 4.235829412937164307e-01 3.782643377780914307e-01 5.264095067977905273e-01 4.651681482791900635e-01 4.566643536090850830e-01 4.213324487209320068e-01 4.999771714210510254e-01 4.454693198204040527e-01
5.079388618469238281e-01 5.235545635223388672e-01 5.273795127868652344e-01 7.889991998672485352e-01 2.934401631355285645e-01 4.160684049129486084e-01 5.238032937049865723e-01 7.218577861785888672e-01 5.713727474212646484e-01 5.816161036491394043e-01
4.227771461009979248e-01 6.786677837371826172e-01 5.209597349166870117e-01 5.316135287284851074e-01 2.835474610328674316e-01 4.168919324874877930e-01 5.625615715980529785e-01 4.118196964263916016e-01 4.999771714210510254e-01 4.454693198204040527e-01
6.180381774902343750e-01 5.098081827163696289e-01 6.248718500137329102e-01 4.598109126091003418e-01 7.597928643226623535e-01 5.289051532745361328e-01 5.550181865692138672e-01 5.184476971626281738e-01 5.713727474212646484e-01 4.454693198204040527e-01
5.910773873329162598e-01 4.459138512611389160e-01 4.610349237918853760e-01 5.133425593376159668e-01 4.102386832237243652e-01 5.688579082489013672e-01 4.566643536090850830e-01 4.617619216442108154e-01 4.934676289558410645e-01 4.454693198204040527e-01
5.246721506118774414e-01 3.545261621475219727e-01 4.610349237918853760e-01 5.892434120178222656e-01 6.885464191436767578e-01 6.133698225021362305e-01 4.566643536090850830e-01 6.428094506263732910e-01 4.934676289558410645e-01 5.816161036491394043e-01
5.246721506118774414e-01 6.002235412597656250e-01 4.528722465038299561e-01 5.363911986351013184e-01 7.257422804832458496e-01 6.133698225021362305e-01 6.170486807823181152e-01 6.047277450561523438e-01 5.649839639663696289e-01 5.816161036491394043e-01
6.960996389389038086e-01 6.650935411453247070e-01 6.248718500137329102e-01 7.572969198226928711e-01 7.534727454185485840e-01 3.643481731414794922e-01 6.272947192192077637e-01 5.536208152770996094e-01 5.649839639663696289e-01 5.816161036491394043e-01
6.729341149330139160e-01 3.585483729839324951e-01 6.590262651443481445e-01 6.279886364936828613e-01 6.139160394668579102e-01 5.569598674774169922e-01 5.111821293830871582e-01 6.619910597801208496e-01 5.649839639663696289e-01 5.816161036491394043e-01
6.192505359649658203e-01 7.687052488327026367e-01 6.248718500137329102e-01 7.605034708976745605e-01 6.770803332328796387e-01 3.115336894989013672e-01 5.111821293830871582e-01 7.446902394294738770e-01 4.727166891098022461e-01 5.816161036491394043e-01
6.603482961654663086e-01 2.729428112506866455e-01 4.125395417213439941e-01 4.835014939308166504e-01 4.440532326698303223e-01 6.789015531539916992e-01 5.111821293830871582e-01 6.871291995048522949e-01 5.381436944007873535e-01 5.816161036491394043e-01
6.192505359649658203e-01 7.034762501716613770e-01 3.771215081214904785e-01 4.317909777164459229e-01 4.357114434242248535e-01 5.025801658630371094e-01 5.111821293830871582e-01 7.027856707572937012e-01 5.648301839828491211e-01 5.816161036491394043e-01
6.603482961654663086e-01 4.933579266071319580e-01 5.339893698692321777e-01 4.317909777164459229e-01 3.450314700603485107e-01 5.613735914230346680e-01 5.111821293830871582e-01 6.317555904388427734e-01 5.374293923377990723e-01 5.816161036491394043e-01
5.724066495895385742e-01 4.680226147174835205e-01 3.003660142421722412e-01 6.091081500053405762e-01 7.037578225135803223e-01 6.185015439987182617e-01 4.132511913776397705e-01 8.130115270614624023e-01 6.561672687530517578e-01 4.542274475097656250e-01
6.827751398086547852e-01 4.933579266071319580e-01 4.555701017379760742e-01 6.239578723907470703e-01 3.859601616859436035e-01 1.749462038278579712e-01 5.210257768630981445e-01 7.117863297462463379e-01 4.655647575855255127e-01 5.816161036491394043e-01
5.667644739151000977e-01 2.622520923614501953e-01 3.092700839042663574e-01 4.745981693267822266e-01 2.520292997360229492e-01 5.030533671379089355e-01 4.132511913776397705e-01 3.800945281982421875e-01 3.469707965850830078e-01 3.515569865703582764e-01
4.494461119174957275e-01 4.828536212444305420e-01 3.422629237174987793e-01 6.238494515419006348e-01 4.389847218990325928e-01 6.824800372123718262e-01 4.132511913776397705e-01 3.220517337322235107e-01 3.232410550117492676e-01 4.542274475097656250e-01
4.897677004337310791e-01 3.837578296661376953e-01 3.422629237174987793e-01 3.695189654827117920e-01 5.473737120628356934e-01 3.583101928234100342e-01 4.132511913776397705e-01 3.767533898353576660e-01 4.025485217571258545e-01 3.515569865703582764e-01
5.654931068420410156e-01 5.968235135078430176e-01 7.622739076614379883e-01 7.266279458999633789e-01 4.606448113918304443e-01 5.759568214416503906e-01 6.659632325172424316e-01 4.845731556415557861e-01 7.187248468399047852e-01 6.468184590339660645e-01
3.554556369781494141e-01 1.396864354610443115e-01 6.001482605934143066e-01 3.811688721179962158e-01 2.896409034729003906e-01 2.195427715778350830e-01 3.027600049972534180e-01 3.723598718643188477e-01 5.006690621376037598e-01 3.485250174999237061e-01
3.846053779125213623e-01 3.044116199016571045e-01 7.622739076614379883e-01 7.134810686111450195e-01 5.821076035499572754e-01 5.770108699798583984e-01 6.048531532287597656e-01 3.866817653179168701e-01 5.440087318420410156e-01 6.468184590339660645e-01
3.554272949695587158e-01 5.538741350173950195e-01 5.883058905601501465e-01 4.648189544677734375e-01 7.217088937759399414e-01 3.082844614982604980e-01 6.048531532287597656e-01 5.577650070190429688e-01 4.451179802417755127e-01 6.468184590339660645e-01
6.837669610977172852e-01 6.305704116821289062e-01 5.388391613960266113e-01 5.603556632995605469e-01 4.999974966049194336e-01 2.122863680124282837e-01 4.805003702640533447e-01 5.738598704338073730e-01 5.910960435867309570e-01 6.468184590339660645e-01
7.044808268547058105e-01 2.699154615402221680e-01 6.295439004898071289e-01 3.879855275154113770e-01 3.208760023117065430e-01 2.143497914075851440e-01 3.027600049972534180e-01 3.769021928310394287e-01 5.006690621376037598e-01 5.816161036491394043e-01
4.090107679367065430e-01 5.244167447090148926e-01 4.878090322017669678e-01 5.213396549224853516e-01 3.830625414848327637e-01 6.828857064247131348e-01 3.589795529842376709e-01 3.163034319877624512e-01 4.289063215255737305e-01 3.485250174999237061e-01
5.979269742965698242e-01 6.097847819328308105e-01 6.279107928276062012e-01 5.733513832092285156e-01 6.024235486984252930e-01 6.694498062133789062e-01 5.852582454681396484e-01 5.456010103225708008e-01 5.006690621376037598e-01 5.172987580299377441e-01
2.042404562234878540e-01 5.470713973045349121e-01 4.057701230049133301e-01 2.011412531137466431e-01 4.200603365898132324e-01 2.658487260341644287e-01 4.956517219543457031e-01 1.606262177228927612e-01 5.204350948333740234e-01 4.454693198204040527e-01
5.869591832160949707e-01 4.458232820034027100e-01 6.354715228080749512e-01 6.591258645057678223e-01 6.132328510284423828e-01 8.104617595672607422e-01 6.130622625350952148e-01 3.989410698413848877e-01 5.680236816406250000e-01 5.172987580299377441e-01
5.061085820198059082e-01 4.576227664947509766e-01 5.788054466247558594e-01 6.428589224815368652e-01 5.049439072608947754e-01 7.015358805656433105e-01 5.625615715980529785e-01 4.555590450763702393e-01 5.204350948333740234e-01 4.454693198204040527e-01
4.976414144039154053e-01 5.390228033065795898e-01 5.788054466247558594e-01 4.880698025226593018e-01 5.664127469062805176e-01 7.214737534523010254e-01 5.625615715980529785e-01 3.162572383880615234e-01 5.680236816406250000e-01 5.172987580299377441e-01
6.926950812339782715e-01 6.326074600219726562e-01 6.248718500137329102e-01 7.477304935455322266e-01 6.780095696449279785e-01 5.812923908233642578e-01 5.111821293830871582e-01 3.860949873924255371e-01 3.544443845748901367e-01 5.172987580299377441e-01
4.953782260417938232e-01 4.717958867549896240e-01 5.450768470764160156e-01 5.440171360969543457e-01 4.852680265903472900e-01 5.676314830780029297e-01 3.379085361957550049e-01 6.017155647277832031e-01 4.934676289558410645e-01 5.816161036491394043e-01
6.404528617858886719e-01 4.966248869895935059e-01 5.788054466247558594e-01 7.832246422767639160e-01 6.891652345657348633e-01 7.155871391296386719e-01 4.879782199859619141e-01 4.950180053710937500e-01 4.218650758266448975e-01 5.816161036491394043e-01
5.169476866722106934e-01 4.324832558631896973e-01 5.502153038978576660e-01 5.288498997688293457e-01 6.684189438819885254e-01 6.405374407768249512e-01 6.348395347595214844e-01 7.980248332023620605e-01 5.847394466400146484e-01 5.816161036491394043e-01
5.850240588188171387e-01 8.281949162483215332e-01 6.851986050605773926e-01 5.348920822143554688e-01 6.409239768981933594e-01 8.014108538627624512e-01 5.111821293830871582e-01 7.354215979576110840e-01 3.953291475772857666e-01 5.816161036491394043e-01
3.706189990043640137e-01 4.037105441093444824e-01 5.451535582542419434e-01 7.073877453804016113e-01 5.515869259834289551e-01 6.159876585006713867e-01 6.348395347595214844e-01 3.501990139484405518e-01 3.066192269325256348e-01 5.816161036491394043e-01
6.411207318305969238e-01 7.405911684036254883e-01 4.068045020103454590e-01 5.380027890205383301e-01 3.548023104667663574e-01 8.014108538627624512e-01 5.111821293830871582e-01 3.889450430870056152e-01 3.709799349308013916e-01 4.414210319519042969e-01
3.449043929576873779e-01 4.867404699325561523e-01 5.831577181816101074e-01 7.661039233207702637e-01 5.940276384353637695e-01 7.370604276657104492e-01 5.111821293830871582e-01 3.501990139484405518e-01 5.104262828826904297e-01 5.241718292236328125e-01
2.090285420417785645e-01 3.891949951648712158e-01 5.394569039344787598e-01 1.961219459772109985e-01 4.553914666175842285e-01 5.189098119735717773e-01 5.111821293830871582e-01 4.368661642074584961e-01 5.238100886344909668e-01 4.414210319519042969e-01
3.762243986129760742e-01 5.808018445968627930e-01 4.500389993190765381e-01 4.605492651462554932e-01 2.326016724109649658e-01 4.821731746196746826e-01 4.499681293964385986e-01 5.239275097846984863e-01 3.886378407478332520e-01 5.241718292236328125e-01
3.008321225643157959e-01 5.170624852180480957e-01 3.766798675060272217e-01 3.510512411594390869e-01 5.863924026489257812e-01 6.464314460754394531e-01 4.132511913776397705e-01 3.923994898796081543e-01 4.932082295417785645e-01 3.515569865703582764e-01
4.469228684902191162e-01 4.875067174434661865e-01 5.209791064262390137e-01 6.537999510765075684e-01 2.526915669441223145e-01 6.459804773330688477e-01 5.111821293830871582e-01 4.405258595943450928e-01 5.243948698043823242e-01 5.172987580299377441e-01
4.527668952941894531e-01 4.777312874794006348e-01 3.138569891452789307e-01 4.949371814727783203e-01 5.816041231155395508e-01 2.717325687408447266e-01 5.111821293830871582e-01 5.144401788711547852e-01 5.550090670585632324e-01 3.485250174999237061e-01
3.990379571914672852e-01 3.487859666347503662e-01 3.809324204921722412e-01 5.147141814231872559e-01 4.010004103183746338e-01 4.718288183212280273e-01 5.439152717590332031e-01 1.708578616380691528e-01 5.062744617462158203e-01 4.879342317581176758e-01
5.570392012596130371e-01 5.575041770935058594e-01 5.532165765762329102e-01 7.563842535018920898e-01 5.365192294120788574e-01 4.319829642772674561e-01 2.947109341621398926e-01 7.246190309524536133e-01 5.641250014305114746e-01 3.485250174999237061e-01
6.488598585128784180e-01 5.433851480484008789e-01 5.532165765762329102e-01 4.837105572223663330e-01 4.961783885955810547e-01 2.191451936960220337e-01 4.237655699253082275e-01 6.133409142494201660e-01 5.127879977226257324e-01 5.241718292236328125e-01
5.823204517364501953e-01 4.452995955944061279e-01 4.263917505741119385e-01 5.034751296043395996e-01 5.848851203918457031e-01 6.882474422454833984e-01 5.426535010337829590e-01 2.834148406982421875e-01 5.220485925674438477e-01 5.241718292236328125e-01
4.695530235767364502e-01 4.791327416896820068e-01 5.484250187873840332e-01 3.549484610557556152e-01 7.169593572616577148e-01 1.613130271434783936e-01 4.810017049312591553e-01 4.752910137176513672e-01 5.664187073707580566e-01 5.241718292236328125e-01
3.437697589397430420e-01 4.337526559829711914e-01 3.373658657073974609e-01 7.014350891113281250e-01 4.722839891910552979e-01 3.697369992733001709e-01 4.284823834896087646e-01 4.752910137176513672e-01 3.822034895420074463e-01 4.509401619434356689e-01
4.478735923767089844e-01 4.172450304031372070e-01 3.951259553432464600e-01 4.254311025142669678e-01 5.913696885108947754e-01 4.591148197650909424e-01 5.300471186637878418e-01 2.372488528490066528e-01 4.829750955104827881e-01 5.816161036491394043e-01
4.249299764633178711e-01 4.973023831844329834e-01 5.686377882957458496e-01 5.472754240036010742e-01 4.075007438659667969e-01 4.591148197650909424e-01 5.852582454681396484e-01 2.686649560928344727e-01 3.871914446353912354e-01 5.241718292236328125e-01
3.437697589397430420e-01 5.578488707542419434e-01 5.793521404266357422e-01 6.361894607543945312e-01 4.790059030055999756e-01 4.591148197650909424e-01 5.746402144432067871e-01 4.963595867156982422e-01 4.500682651996612549e-01 5.172987580299377441e-01
5.654481649398803711e-01 7.235950827598571777e-01 4.005853831768035889e-01 4.630234539508819580e-01 7.286016345024108887e-01 6.977015137672424316e-01 5.746402144432067871e-01 7.003887891769409180e-01 5.865587592124938965e-01 4.414210319519042969e-01
5.654481649398803711e-01 5.517519116401672363e-01 5.686377882957458496e-01 4.723258018493652344e-01 5.172024369239807129e-01 6.697638630867004395e-01 5.111821293830871582e-01 5.691053867340087891e-01 5.865587592124938965e-01 4.414210319519042969e-01
4.217454493045806885e-01 4.237143099308013916e-01 5.686377882957458496e-01 7.087830305099487305e-01 4.671570360660552979e-01 4.320139288902282715e-01 5.111821293830871582e-01 5.691053867340087891e-01 5.865587592124938965e-01 4.414210319519042969e-01
6.220880746841430664e-01 4.096503555774688721e-01 5.246555209159851074e-01 4.193918108940124512e-01 4.039587080478668213e-01 5.093325376510620117e-01 5.111821293830871582e-01 3.618459403514862061e-01 5.513679981231689453e-01 5.241718292236328125e-01
3.252570927143096924e-01 4.815541207790374756e-01 5.679606199264526367e-01 6.417608857154846191e-01 3.689430654048919678e-01 7.267020940780639648e-01 5.111821293830871582e-01 3.736541569232940674e-01 5.059825181961059570e-01 5.241718292236328125e-01
3.322965800762176514e-01 7.093936204910278320e-01 6.739733815193176270e-01 7.366749048233032227e-01 7.441951632499694824e-01 6.381756663322448730e-01 5.111821293830871582e-01 5.985889434814453125e-01 4.609230756759643555e-01 5.241718292236328125e-01
5.573096275329589844e-01 7.169107198715209961e-01 7.247382998466491699e-01 6.017018556594848633e-01 5.649659037590026855e-01 4.078712463378906250e-01 4.068378210067749023e-01 4.674185812473297119e-01 5.327854752540588379e-01 5.172987580299377441e-01
7.061614990234375000e-01 7.201540470123291016e-01 8.742756247520446777e-01 7.488849759101867676e-01 4.984140098094940186e-01 8.879330158233642578e-01 5.469179153442382812e-01 5.966861844062805176e-01 6.640695929527282715e-01 4.454693198204040527e-01
2.998284697532653809e-01 3.206094205379486084e-01 4.640654325485229492e-01 5.488717555999755859e-01 6.855029463768005371e-01 5.006588697433471680e-01 3.891649544239044189e-01 3.541049659252166748e-01 4.219646453857421875e-01 5.241718292236328125e-01
3.823525905609130859e-01 3.708014786243438721e-01 4.721545875072479248e-01 6.486427783966064453e-01 5.129361748695373535e-01 3.840301334857940674e-01 3.891649544239044189e-01 5.414604544639587402e-01 5.585893392562866211e-01 4.414210319519042969e-01
5.295402407646179199e-01 7.094849348068237305e-01 3.901899456977844238e-01 5.132783651351928711e-01 5.275625586509704590e-01 3.011074662208557129e-01 6.420499682426452637e-01 5.414604544639587402e-01 4.231799542903900146e-01 4.414210319519042969e-01
5.381851792335510254e-01 4.965228140354156494e-01 3.079355657100677490e-01 3.800508975982666016e-01 5.219383835792541504e-01 4.771605134010314941e-01 4.654685854911804199e-01 4.245198369026184082e-01 6.789991855621337891e-01 5.241718292236328125e-01
3.951113224029541016e-01 5.452867150306701660e-01 6.749023199081420898e-01 5.528424382209777832e-01 4.896283745765686035e-01 6.739337444305419922e-01 6.272947192192077637e-01 5.887195467948913574e-01 8.535817265510559082e-01 5.241718292236328125e-01
3.942652344703674316e-01 5.339552760124206543e-01 5.686377882957458496e-01 5.045262575149536133e-01 4.301721453666687012e-01 5.114876031875610352e-01 5.550181865692138672e-01 4.823492467403411865e-01 4.500682651996612549e-01 5.241718292236328125e-01
3.942652344703674316e-01 4.388630688190460205e-01 2.943511307239532471e-01 5.099952220916748047e-01 6.288294792175292969e-01 4.235035777091979980e-01 5.550181865692138672e-01 4.492436051368713379e-01 5.399265885353088379e-01 5.241718292236328125e-01
5.284314155578613281e-01 5.517811179161071777e-01 6.787798404693603516e-01 4.148371517658233643e-01 1.766134053468704224e-01 5.447559952735900879e-01 5.901188850402832031e-01 5.239275097846984863e-01 4.500682651996612549e-01 5.241718292236328125e-01
3.193719089031219482e-01 5.077643990516662598e-01 5.177479982376098633e-01 5.564175844192504883e-01 6.360214948654174805e-01 3.946540951728820801e-01 5.550181865692138672e-01 4.350672960281372070e-01 4.500682651996612549e-01 5.241718292236328125e-01
5.478258728981018066e-01 5.298529863357543945e-01 5.431358814239501953e-01 5.172672867774963379e-01 2.549231350421905518e-01 6.904845833778381348e-01 6.348395347595214844e-01 4.350672960281372070e-01 5.865587592124938965e-01 4.414210319519042969e-01
5.195105671882629395e-01 2.677418887615203857e-01 4.232479333877563477e-01 5.052082538604736328e-01 3.776079714298248291e-01 5.631480813026428223e-01 5.111821293830871582e-01 4.350672960281372070e-01 5.079497098922729492e-01 5.241718292236328125e-01
5.171463489532470703e-01 5.531191229820251465e-01 3.832839131355285645e-01 5.643876791000366211e-01 4.077525436878204346e-01 5.133683085441589355e-01 4.132511913776397705e-01 2.831894159317016602e-01 4.883164167404174805e-01 3.515569865703582764e-01
3.252570927143096924e-01 4.425118267536163330e-01 2.389890700578689575e-01 5.354843735694885254e-01 2.373245060443878174e-01 6.350271105766296387e-01 5.210257768630981445e-01 5.402667522430419922e-01 4.525679349899291992e-01 5.241718292236328125e-01
5.645815730094909668e-01 5.167370438575744629e-01 5.972831249237060547e-01 5.729311108589172363e-01 6.231558918952941895e-01 7.373411655426025391e-01 5.111821293830871582e-01 5.638145208358764648e-01 4.525679349899291992e-01 5.241718292236328125e-01
6.138094067573547363e-01 4.406527578830718994e-01 5.183448791503906250e-01 3.893168568611145020e-01 4.935332834720611572e-01 4.143798947334289551e-01 5.111821293830871582e-01 5.402667522430419922e-01 6.398941874504089355e-01 5.241718292236328125e-01
7.582785487174987793e-01 7.076215744018554688e-01 4.963329136371612549e-01 2.494179755449295044e-01 7.725776433944702148e-01 6.295399069786071777e-01 4.068378210067749023e-01 6.741023063659667969e-01 4.598165452480316162e-01 5.241718292236328125e-01
7.541795372962951660e-01 7.156893014907836914e-01 5.735715627670288086e-01 7.857066392898559570e-01 6.095707416534423828e-01 9.196918606758117676e-01 5.469179153442382812e-01 7.162492275238037109e-01 4.205329120159149170e-01 5.241718292236328125e-01
4.562162160873413086e-01 8.447571992874145508e-01 4.852207005023956299e-01 4.109129905700683594e-01 9.149941802024841309e-01 5.446032881736755371e-01 4.068378210067749023e-01 7.564831376075744629e-01 5.227391123771667480e-01 5.241718292236328125e-01
5.427630543708801270e-01 3.817570209503173828e-01 5.504430532455444336e-01 6.578105092048645020e-01 8.604743480682373047e-01 5.184563398361206055e-01 6.348395347595214844e-01 5.425145626068115234e-01 5.227391123771667480e-01 5.241718292236328125e-01
5.306054353713989258e-01 4.092689454555511475e-01 6.026902198791503906e-01 5.690605640411376953e-01 5.556643009185791016e-01 1.978775560855865479e-01 5.111821293830871582e-01 5.585210323333740234e-01 4.536507725715637207e-01 5.241718292236328125e-01
5.910741686820983887e-01 2.947455346584320068e-01 4.424168765544891357e-01 3.326092064380645752e-01 4.033543169498443604e-01 4.386287331581115723e-01 5.210257768630981445e-01 6.288228631019592285e-01 5.227391123771667480e-01 5.241718292236328125e-01
5.918194055557250977e-01 7.093936204910278320e-01 5.831577181816101074e-01 6.608495712280273438e-01 6.391751766204833984e-01 7.429216504096984863e-01 5.111821293830871582e-01 6.883944869041442871e-01 4.967805147171020508e-01 5.241718292236328125e-01
6.040122509002685547e-01 6.260598897933959961e-01 3.864149153232574463e-01 4.408460259437561035e-01 8.526377081871032715e-01 1.297805160284042358e-01 5.210257768630981445e-01 6.089771389961242676e-01 3.689316809177398682e-01 5.241718292236328125e-01
4.491341710090637207e-01 5.935998558998107910e-01 3.448348939418792725e-01 3.140240907669067383e-01 7.351472377777099609e-01 1.276606172323226929e-01 4.810017049312591553e-01 4.399218261241912842e-01 7.197806835174560547e-01 3.492774069309234619e-01
