4.210232923611867961e-01
5.233141252966269086e-01
4.484007410745382005e-01
4.949553963547548840e-01
5.679405702517890120e-01
4.523677696636574930e-01
3.506057925578123236e-01
2.927543299251650355e-01
4.003068005308039745e-01
3.918413856761808756e-01
4.711088429876191253e-01
2.970431234208466553e-01
3.810069772694015811e-01
4.370981952968584494e-01
4.767054170288126946e-01
4.981822146457332012e-01
4.683738402221547248e-01
3.889741829422156960e-01
5.668636929589800921e-01
4.569073188093226157e-01
4.306093810532110600e-01
5.734317422175264634e-01
4.876882391999193822e-01
4.851471551161645746e-01
5.392075008204998410e-01
6.059244173311808535e-01
4.414960959492674752e-01
5.112607639637666290e-01
4.657434233661887357e-01
4.333824473289563661e-01
5.735004494204981595e-01
5.485065954958443513e-01
4.365589649320422705e-01
5.368470984138098423e-01
4.831746749114467776e-01
5.527472299021487512e-01
5.492652657279064599e-01
4.258446649656685845e-01
4.395737679704638801e-01
4.891833011360054995e-01
4.094558102190264393e-01
5.617466507706542211e-01
5.701479537822032873e-01
5.192452857355179807e-01
5.741951912418858939e-01
5.331876050990590477e-01
5.685152150251078229e-01
4.910842798512983776e-01
4.905720769271192938e-01
5.810287739356910786e-01
4.511953038220105072e-01
5.885708500208790550e-01
3.105748455384657603e-01
5.097919270326662922e-01
4.459673096865405251e-01
4.570841748737013988e-01
5.486846184364105872e-01
5.582744582573058167e-01
5.229502476733799421e-01
4.395149781091346464e-01
4.407003554660208766e-01
5.150517324847625478e-01
4.288606785866089233e-01
3.851199995810737353e-01
3.770270198474219292e-01
4.371440857417535075e-01
4.605736385873545613e-01
4.577666277456518551e-01
5.157815339781964825e-01
4.298542068797825966e-01
3.436558630068252129e-01
4.913595086992028627e-01
4.272283397109577496e-01
3.593034686498721708e-01
4.453859667862379856e-01
3.591014672270403940e-01
5.216072714637731700e-01
5.143254686656664187e-01
5.716491942028536499e-01
5.871795692656340826e-01
5.441920845234834436e-01
4.231114729269110919e-01
5.669444189085621755e-01
3.994370410339562749e-01
4.356859713992163874e-01
4.527053685482045342e-01
5.425801971653786415e-01
4.337972823853075699e-01
3.928499343190554605e-01
4.973924331095063156e-01
4.989481071664376710e-01
4.718137271976948210e-01
3.473865632956955607e-01
5.321418926266493488e-01
6.859834251756870005e-01
4.019290221715823841e-01
3.135422927679732408e-01
5.688669013100601246e-01
3.415064315530325079e-01
5.806606922160559847e-01
1.908810228939814835e-01
4.444580444237014039e-01
2.252181913453963624e-01
4.005430384060190141e-01
3.673338870146721225e-01
3.768921864865210636e-01
5.910785765009828330e-01
1.864890268851846222e-01
5.252438233106359045e-01
5.347458948058612105e-01
1.679717813496266199e-01
6.259576159487910685e-01
4.820583468519960002e-01
4.462165320158297810e-01
3.829204599360672145e-01
4.768879258884690109e-01
5.482990047952497337e-01
4.605129865974718628e-01
4.726050810880368935e-01
5.289907005841565368e-01
5.672978099389173190e-01
5.449795736703225701e-01
4.781496847141557538e-01
4.323440921491703004e-01
6.382918124949027439e-01
4.465075852730580608e-01
6.184750535134484473e-01
4.941405954674954470e-01
