5.033296240482921791e-01
4.992427948802108939e-01
4.802145074964619953e-01
4.772202992290881518e-01
4.700822866179318327e-01
4.070678135506868855e-01
4.719365754949734759e-01
4.702735616756772985e-01
4.778026636927442672e-01
4.702169604942877390e-01
4.791009332671544163e-01
4.755461119195910635e-01
4.108856654615228865e-01
4.123067824896812783e-01
4.103102272513542981e-01
4.197445267045400441e-01
4.107496501637993847e-01
4.023398479904692904e-01
3.931400239229680404e-01
4.169702472523390546e-01
4.160552636072523680e-01
4.003116854989685058e-01
4.003116854989685058e-01
4.008537453010199147e-01
4.057339796173798363e-01
4.609264574707340190e-01
4.719897444140176423e-01
4.535080173074576559e-01
4.498546232063237449e-01
5.062585238052306202e-01
4.984781320255510795e-01
5.364245636987293731e-01
5.434210733097329937e-01
5.587674846487284963e-01
5.587674846487284963e-01
5.179378764703789217e-01
5.196833638882015771e-01
4.703648129043638826e-01
4.914406358725595392e-01
4.690973969779334007e-01
4.842463705797636075e-01
5.448218790638961195e-01
5.562936662360241646e-01
5.643516302625971592e-01
5.285923563733795350e-01
4.928090589099171082e-01
4.750049459312345457e-01
4.669490597173446833e-01
4.109461729399234708e-01
4.274164327101962479e-01
4.039066028479738057e-01
4.148076151481847051e-01
4.047953512210201721e-01
4.545600944887971395e-01
4.721497278843889700e-01
4.118081442906713630e-01
4.936770237927048388e-01
4.714165008102416121e-01
3.978910008602000170e-01
4.296552843355000983e-01
3.867333281591882610e-01
3.983626685936307865e-01
4.888041713580624226e-01
4.874436906925241897e-01
4.798455736176630015e-01
4.739920285123615518e-01
4.719514280368320436e-01
4.614972693389632341e-01
3.999973379028912146e-01
4.032109030514187675e-01
4.627445406991682608e-01
4.920462454117643936e-01
4.184011080102954527e-01
4.160251500040290096e-01
4.116116268351667218e-01
4.128132277552832297e-01
4.167796250485220066e-01
4.482481374568414445e-01
4.330885781531000345e-01
4.572239887399036085e-01
4.475735124995396386e-01
4.584655143189841353e-01
5.060750481883210528e-01
5.137812219069419761e-01
4.799755243593313847e-01
4.708026069039986661e-01
4.532939611264717450e-01
4.754522992668812065e-01
4.298719470639741913e-01
4.921971701882256189e-01
5.388893488800466924e-01
5.458206699828778152e-01
5.313768091691315476e-01
5.313768091691315476e-01
5.275023499421006568e-01
4.689355636464676569e-01
5.361667120781983265e-01
5.008204964309903584e-01
4.326301308102417642e-01
4.473003924807765763e-01
4.275182095761381196e-01
4.316277971765538624e-01
4.813073122865472731e-01
4.884586601645426462e-01
4.874436906925241897e-01
4.798455736176630015e-01
4.643760108795806918e-01
4.079113561055860426e-01
4.029687674615277104e-01
3.966855469596280992e-01
3.840681402750265594e-01
4.033616385300310969e-01
3.950251252624966125e-01
4.119048855117591335e-01
3.929360577759599682e-01
4.082903837405267300e-01
4.515090569192178327e-01
4.138183533658883473e-01
4.028863839819967207e-01
4.126537449644095412e-01
4.116783891465866652e-01
4.566885016808271969e-01
4.519546446592327960e-01
4.675440301940059773e-01
4.721136156963900987e-01
4.721136156963900987e-01
4.516278614388298807e-01
4.778776467334575062e-01
