5.743423048494551431e-01
6.185131533113775726e-01
5.238369946085760231e-01
5.558499341930266402e-01
6.033489482165101947e-01
4.957086088867833085e-01
5.857730954163925530e-01
4.644678793076628120e-01
5.749882289384034006e-01
5.214766210171771776e-01
5.802415731605105043e-01
5.437140968120525164e-01
5.557691844508205747e-01
5.698019031101712040e-01
5.251073198265407971e-01
4.410372248967467934e-01
5.032823250480611410e-01
5.272611525782240349e-01
5.500272456496292373e-01
5.240847099184463564e-01
5.045778568233461048e-01
5.841197774320547875e-01
5.670628961736008389e-01
5.627082918727323024e-01
6.404777202793043855e-01
5.712546233757817005e-01
6.517042828789835207e-01
6.907772794907358627e-01
6.738280554321079974e-01
6.733001030538601217e-01
6.625643007170528564e-01
6.374945298617356038e-01
6.197054201644307536e-01
6.686330459692267913e-01
7.357237280026709403e-01
7.238372448271537252e-01
6.564199082413124664e-01
6.441560240791539549e-01
7.126803062918823928e-01
6.829141342847897533e-01
6.812951864719281048e-01
6.875772008155979220e-01
6.943175257439340164e-01
6.331303309515332600e-01
7.177108463880567113e-01
7.128681553365522339e-01
6.964470872770587295e-01
6.950162159405290918e-01
7.009424913902562171e-01
7.504628811572747749e-01
7.928019396138309416e-01
7.899650016941457409e-01
7.132793936057159057e-01
7.391176062339017694e-01
7.217650815562236533e-01
7.207564639441280674e-01
7.370349705718063360e-01
7.193259537922280789e-01
6.742857156224473236e-01
7.098023251347493900e-01
6.916144779275354981e-01
6.824573278517149788e-01
6.380925632387627333e-01
7.363033609971174620e-01
6.952021429174557454e-01
7.105974808870370030e-01
6.148742407496651241e-01
7.138266611779514603e-01
6.584222518303778360e-01
6.480894742189428070e-01
6.969830719200896807e-01
5.403932465240718352e-01
6.314242454289746842e-01
6.450004813517649094e-01
5.092172811513167030e-01
5.053757676965491275e-01
4.816372659768993758e-01
6.235428614784173096e-01
6.175794459282587523e-01
5.445439597089654082e-01
5.651373656337846940e-01
5.148997496218520320e-01
6.915372233062797580e-01
7.113805972991248394e-01
6.850380750933513507e-01
6.562772033251569326e-01
6.028592487408296341e-01
5.945285431197556703e-01
5.863323598575514994e-01
5.818016641369686548e-01
5.678534843448836966e-01
5.689087379606571071e-01
6.077115344785475326e-01
5.297401393763970789e-01
4.570027467039068370e-01
5.172944093938951493e-01
4.949919638821383416e-01
4.231207189165226978e-01
4.708843792810981643e-01
5.417441374122384801e-01
5.979864027189834008e-01
5.948512664715585041e-01
5.492423683344896945e-01
5.382159960367355334e-01
5.335632924507098807e-01
5.047530288068123872e-01
4.790118594449889744e-01
5.389065992701614904e-01
5.453220428652809648e-01
5.754766079423144776e-01
6.211218322327866082e-01
5.774547852433935535e-01
6.053605924912661695e-01
6.388483378993958794e-01
6.764683864432788907e-01
6.406793146800899841e-01
6.681042023695955567e-01
6.508658186836135950e-01
6.588193567371812831e-01
6.669971448948952553e-01
6.879160840099871610e-01
7.152070589433306980e-01
7.256063816626557861e-01
7.098856757143148233e-01
7.191780896929713673e-01
7.062341780208498676e-01
6.875470260682573498e-01
7.261575697432945953e-01
