4.432369617240204396e-01
4.538711895604832791e-01
5.543392656258182560e-01
6.514345619068260262e-01
4.996479709881899156e-01
5.235212281840442294e-01
4.845472361333861833e-01
4.876590299289135233e-01
4.665208982154925299e-01
4.405916582846316487e-01
4.386318731722122499e-01
4.248392472790535890e-01
5.543932845223561445e-01
5.022333306899227079e-01
4.425174948414784537e-01
4.972687901749581751e-01
4.557582283486569796e-01
4.871875172364426576e-01
4.322773423202325715e-01
4.247756737827985130e-01
4.631689593884382727e-01
4.333643240558808230e-01
4.830483702750488217e-01
5.442913387639921607e-01
4.915996763848981543e-01
4.917081548443653638e-01
5.236399647164557969e-01
6.194706167777054295e-01
5.368580821107671319e-01
5.146905683217706251e-01
5.020137975928438134e-01
5.254966475591622554e-01
5.419039616440569640e-01
5.072573655745195031e-01
5.136285883908446870e-01
4.833997474376711123e-01
4.483103733947282343e-01
4.370038046041623270e-01
4.072279632382632131e-01
3.830009659396588773e-01
3.863245544077038574e-01
4.157835723049862486e-01
4.037995342053700698e-01
5.322857135391443340e-01
4.817253771887764491e-01
4.909483411220035842e-01
6.724819147040038692e-01
3.922199035665125399e-01
4.068295823788339316e-01
4.993622576963197557e-01
5.636634943402394349e-01
6.064805735264610087e-01
4.731474337785511186e-01
5.016208730364040136e-01
5.118283478574847667e-01
4.676895237515690806e-01
4.430441171751626772e-01
4.883966578377826884e-01
4.882084419284274390e-01
4.502483825124120598e-01
4.523806899296840545e-01
4.864931403850339398e-01
4.456238230871436001e-01
5.509182466001020240e-01
4.797507824315020986e-01
4.892760132407212303e-01
5.028305348000452479e-01
4.913678249103859419e-01
4.823403729613063851e-01
7.074867408983431805e-01
4.421790379080066113e-01
5.471992263083358399e-01
4.865406250523985343e-01
5.995201224506950810e-01
5.663521735954799574e-01
5.561979592108625692e-01
5.260946433843028958e-01
4.443366309094017308e-01
5.667424292411851194e-01
5.224960975773906835e-01
5.688981262568926223e-01
6.348053645006629386e-01
5.897659535963322153e-01
3.417738071562114177e-01
6.190838978561818973e-01
6.147365988296555894e-01
6.113302808325388193e-01
5.024049799519375581e-01
5.919577940675284644e-01
5.600998216649842876e-01
4.681549674497775815e-01
4.638545546437059519e-01
5.730584559124600741e-01
4.891025939642850151e-01
4.593936855164286182e-01
6.173418195284342547e-01
7.676025672459710902e-01
7.732020767985200438e-01
7.163605690364477363e-01
6.751131713410393198e-01
6.256075963003464580e-01
5.874481829067542682e-01
5.968071948607718280e-01
5.559918388907705289e-01
6.778713785812708892e-01
4.410610856350858922e-01
6.192574498560375895e-01
5.205457349428330716e-01
5.804647566569226536e-01
4.916481407973180007e-01
6.324760807705864796e-01
6.018908154835922453e-01
6.857855580448696253e-01
6.964141892031071590e-01
6.560198530619899548e-01
6.279151100066385771e-01
6.323143479868568173e-01
5.827434841833416534e-01
5.357295429633719408e-01
4.596094486283214264e-01
5.302715916240339222e-01
6.080687312065029548e-01
5.833666210929473461e-01
6.135569329663577154e-01
5.542323880483662757e-01
5.634529899023051902e-01
4.638391301792993970e-01
5.028660304791506830e-01
