7.012326274045135310e-01
3.953378711854881877e-01
6.067774952904719798e-01
6.138742445257233671e-01
5.692104144402112542e-01
3.368064410973049538e-01
5.603055940202716911e-01
5.603055940202716911e-01
6.681234597846879009e-01
4.013359414975377071e-01
6.681234597846879009e-01
5.143475079168645658e-01
3.138256107517139459e-01
3.235487247530853816e-01
3.571409513864120533e-01
4.669347933352576696e-01
2.131704295307235153e-01
6.091354204366572489e-01
2.343543074180310659e-01
4.056039787821320020e-01
5.309535856165376044e-01
5.070405575883573102e-01
6.747444452826775185e-01
6.396264652820001784e-01
3.601448713705933669e-01
3.601448713705933669e-01
5.957539009049536149e-01
7.437100640559953790e-01
7.832318841089350725e-01
6.033146278921488470e-01
6.000159219635703423e-01
2.869629465595432416e-01
5.678280144360232651e-01
6.433503534905805621e-01
5.309252182174276635e-01
4.643939996124862857e-01
3.495544653339874852e-01
6.845145588884120613e-01
6.845145588884120613e-01
5.101007629864388049e-01
4.952341351564923388e-01
2.630323216258710350e-01
4.966425706981627552e-01
6.029888916574277502e-01
2.879979529056121978e-01
2.879979529056121978e-01
3.701122639760880406e-01
6.630330675249596073e-01
7.357341237816170665e-01
6.421711103761412742e-01
6.942766598127743105e-01
6.881161271863197593e-01
6.220948803231083346e-01
6.385745988493438663e-01
6.669144150866269660e-01
6.775207232472658658e-01
6.154155837140254937e-01
2.810980753784796393e-01
2.886099838115565031e-01
6.000029806762261497e-01
4.549711450289200543e-01
6.778242891809630466e-01
4.824252178641046940e-01
4.252866485788913686e-01
2.136076014482537200e-01
2.618977014116435909e-01
2.468976801446719771e-01
4.302553621185866151e-01
1.652615504778573718e-01
2.307770737187206100e-01
3.383952600750701478e-01
4.667484339848816388e-01
5.145258202058597963e-01
4.677312916852635616e-01
5.798452013655671644e-01
4.352641415792219415e-01
4.225464750485086740e-01
5.549124930216577933e-01
7.274177484842109243e-01
7.548984109386421837e-01
6.850736987176331283e-01
4.086606981576587083e-01
5.656618527522777606e-01
5.988282017150824421e-01
7.362006398511956595e-01
5.849417684315544319e-01
4.398471301270626133e-01
4.449824439889690786e-01
2.524799055785433288e-01
3.017287533811785494e-01
5.033734319687153125e-01
5.231316204229001787e-01
3.468021670751190721e-01
4.377934495900395184e-01
7.293918338397540335e-01
6.068612717506078891e-01
3.508859312545480336e-01
5.846128999374983204e-01
7.250465617033057253e-01
7.250465617033057253e-01
5.709568633879441579e-01
3.665183417752386208e-01
2.790998005113028424e-01
2.634532298721550814e-01
3.815782504597367009e-01
3.896528275799747698e-01
5.233152357350898676e-01
6.338268395307520287e-01
3.896846022941615195e-01
2.658736812216276335e-01
4.558048814811715976e-01
6.735005118393715406e-01
5.018076206123195382e-01
6.180561210987765008e-01
8.335479185566978533e-01
7.218581375105856957e-01
2.926498769453276250e-01
2.465045131283027102e-01
5.819425144043230969e-01
7.667770519163300547e-01
5.750072444859110066e-01
7.040945959480338079e-01
5.918404007452209292e-01
5.264019274776619017e-01
8.298122051270945265e-01
