1.617723374271926862e-01
6.987528327866714042e-04
5.106263812774081839e-02
9.210606133678701790e-02
2.808619749902033225e-01
7.982043102544007507e-01
9.295375164660999445e-01
9.406684983021309510e-01
1.062193503725580440e-01
8.765947702527040475e-01
9.697557697479285421e-01
5.705007744100114297e-02
1.611458242894573956e-01
4.050514188274803029e-01
6.601849600511293659e-01
7.444783313767229238e-01
8.737086367534617759e-01
8.925471594963425570e-01
1.642519526961196130e-01
1.104907947906764165e-01
1.220498595878807269e-01
5.094983573477378236e-02
8.575719282979440972e-02
4.953515477719968030e-01
6.615609134712848727e-01
6.872806308043606371e-01
3.761465999634480140e-01
5.920485622159772365e-01
7.560940243492318968e-01
5.453007719262745745e-01
4.694491866838429450e-01
9.725273779057155288e-01
8.184029695746654065e-01
2.845433048944598919e-01
4.986715160691329585e-02
4.949511878458430769e-01
2.717656864711058273e-01
1.782374634261820190e-01
2.949705929490410439e-01
4.999957954646815916e-01
8.470677728168681808e-01
7.176893221030398173e-01
9.003423345003368494e-01
1.650784036804135990e-01
4.369960548951876689e-01
6.251440473426920219e-01
3.880773415549948480e-01
1.800204907921058584e-01
6.371205259131705878e-01
6.555116040104126407e-01
7.528716896082444654e-01
9.124280538420448394e-02
1.915135630812656864e-01
6.293966562217131466e-01
1.880899603018277022e-01
9.134951677219699251e-01
8.957335015132025235e-01
8.860218809429009079e-01
7.910373879727680135e-01
2.430699011287567601e-01
1.276390487618555281e-01
3.625524234591308570e-01
7.316172554661710681e-01
3.355498526974030060e-01
6.025706461514781509e-01
7.321102440190826455e-01
9.742253742980276909e-01
8.146815367629617333e-01
8.809556517756137461e-01
6.909697389374328536e-01
1.615804401013408442e-01
3.453308185680635800e-01
3.207022892012521553e-01
8.921136938992185739e-01
2.085446992317750992e-01
4.377045922125518684e-01
7.189758825862154756e-01
8.504999636427773568e-01
8.179811327042511016e-01
9.183985979116829901e-01
7.497698952530226224e-01
2.822144361204428353e-01
8.928578981014520521e-02
3.311336645503765164e-01
2.381644368704500525e-01
2.228597871487180138e-01
5.730666996273963143e-01
6.449215420128241449e-01
8.082047400256451297e-01
8.832029478598165673e-01
7.989040856843685479e-01
8.402904584072361516e-01
8.824736252054129482e-01
8.470117018424908606e-01
9.317273157159842167e-01
4.590101424037664746e-01
2.600123610755711301e-01
4.305053271301810536e-02
6.911000131709868488e-02
4.375699607150616843e-02
1.457768741405881252e-01
7.802640800042154323e-01
6.142452508861200311e-01
9.724916411341306688e-01
7.632925970940436233e-01
7.300672367658547213e-01
2.408475475525407583e-01
3.287999008042566396e-01
8.383345472599995629e-01
9.084492384995831449e-01
2.554961830640024023e-01
6.996449516523085554e-01
6.144668595027644731e-01
6.720455415827727430e-01
2.546923396222033897e-01
8.442932472713867709e-01
1.756206653080975566e-01
7.516204403163543324e-01
9.061745064806583372e-01
8.451286678860827628e-01
8.214956713190035842e-01
7.295788869588807346e-01
4.888128975969830425e-01
8.892152128752132123e-01
4.816513799195575318e-01
