5.375896291472169741e-01
4.123659336305504075e-01
6.060563860568964900e-01
6.606057831217978515e-01
5.126327738058236161e-01
4.869349457738070819e-01
5.510681008978505213e-01
3.589391923739382317e-01
1.265869804884919014e-01
1.190537886485024538e-01
1.249365251864853754e-01
1.374108838120756959e-01
6.905989278501523110e-01
5.440618152690068765e-01
7.129230390263486816e-01
3.493303367394900993e-01
1.342866291161440573e-01
5.153279625627672500e-01
5.053158058024489474e-01
6.023346657513470870e-01
2.503820491323064945e-01
5.989735155701705338e-01
4.385339570506670559e-01
4.731353874569164120e-01
7.035491052627329545e-01
4.370257141510285881e-01
3.761135723316311741e-01
6.266139892699655878e-01
3.784236158009509632e-01
3.780966864193027188e-01
5.113418315073824383e-01
4.623530505245636579e-01
2.042320345376764379e-01
1.336719660615948435e-01
1.141498862362602951e-01
1.680532100475002066e-01
8.227308857294163280e-02
1.152079098933998930e-01
3.281018348566425713e-01
4.765726548033759058e-01
3.834495196384828941e-01
4.531726661983575544e-01
5.869104011248733599e-01
3.834519349678072730e-01
4.920850514851538571e-01
4.515981785271051541e-01
2.567264732822648332e-01
9.449190992322639704e-02
2.974492013243106858e-01
2.327423390487442789e-01
2.521735226888339731e-01
5.977840233219283705e-01
7.619684199868653751e-01
6.522996260084730213e-01
7.488736042653725278e-01
6.382790657083224906e-01
3.748051985499781802e-01
2.842027890732462536e-01
4.912467718016762519e-01
2.671532009666413576e-01
1.767066298241324052e-01
9.223236633316722610e-02
5.131723840780958446e-01
5.398583882392972155e-01
5.974508073521310747e-01
5.648486661483732574e-01
5.813340225386702809e-01
6.652808119600641668e-01
6.468918178533425989e-01
7.711115658373723925e-01
6.038632689879980253e-01
7.711115658373723925e-01
5.378483941537748336e-01
3.668600796924316176e-01
5.744381820332985500e-01
7.338945046717662013e-01
8.278779222420221684e-01
6.786647701973572699e-01
5.756638086518576225e-01
5.665799583818459384e-01
7.488660933328289415e-01
5.639053227997750106e-01
8.255000634076045118e-01
2.522778511906152432e-01
4.179483326218888517e-01
5.832544686646897736e-01
5.557600973376545239e-01
5.727856405740712198e-01
5.631902974735173428e-01
5.517641857618829082e-01
3.954711272316749349e-01
4.979670932212674761e-01
6.727988921016406776e-01
7.444118282563186861e-01
3.483306146179440677e-01
5.259857290235847582e-01
2.894065231933654614e-01
3.898020603081283064e-01
2.030098397156109569e-01
3.194882200656447013e-01
5.164151961655890632e-01
3.950608503525787629e-01
3.551355521930803505e-01
5.935023017445483218e-01
7.647546279025768667e-01
1.884931355611979831e-01
6.131060458976744787e-01
6.366177548702084410e-01
4.276430878508572508e-01
1.916578138053733615e-01
2.803942651584823142e-01
3.153222553591063515e-01
5.286711628948648212e-01
7.669236354290207558e-01
3.029914094553356474e-01
2.868438405735879160e-01
2.736338802358657118e-01
2.112697008506619345e-01
4.177988120671622951e-01
2.736338802358657118e-01
2.294631109110658596e-01
2.341405689024267933e-01
2.180072325790820553e-01
2.140222461256423014e-01
2.835461823233118017e-01
4.217787666318444928e-01
2.140222461256423014e-01
2.180072325790820553e-01
1.707701824382027445e-01
