2.835598931973323800e-01
3.914267909670995360e-01
7.011452050718477436e-01
6.012039222340779254e-01
6.908674447265089613e-01
7.062555272934334383e-01
5.791721334122751363e-01
4.280522210045719644e-01
4.059142588157283460e-01
2.825785295000581843e-01
3.380925789600126574e-01
6.046371293274246383e-01
6.265569262482285628e-01
6.358493582921629361e-01
4.930611734645930500e-01
4.347522138294618865e-01
4.276256109075175504e-01
4.525506359803198597e-01
5.443178944369850836e-01
4.882293835707447460e-01
4.272051754020317338e-01
5.063142066081477433e-01
4.492259600080056314e-01
4.714681916355267233e-01
4.828268769866335686e-01
3.440631728418770963e-01
3.127405654674381141e-01
4.728408924206611297e-01
3.701906548778858275e-01
4.128448133845490919e-01
4.391461208826184515e-01
4.944911360651956245e-01
5.649203843265013791e-01
4.616724011838193586e-01
5.348184220740888062e-01
4.531793333082261843e-01
4.232285509670120627e-01
5.539134289554442647e-01
6.052523759608180454e-01
6.731507117787496330e-01
6.683734832134452519e-01
5.831300199072544377e-01
3.506710950054448550e-01
3.148824749391272992e-01
3.113059435721534651e-01
4.606612687166187770e-01
3.986621174706789783e-01
3.919270101582275623e-01
4.205017772514608176e-01
3.961447175773866736e-01
3.933253342929148855e-01
4.970517629531432391e-01
2.234503614373966329e-01
2.401371138394558236e-01
2.962613400904758887e-01
4.419289021863228584e-01
4.164235715204145927e-01
4.963141381851619571e-01
4.652249049342385701e-01
4.631400338668563710e-01
5.433211151275454398e-01
4.879513217436931560e-01
3.861674862045190171e-01
2.642757837356496942e-01
5.213575063124422648e-01
4.788734844196306240e-01
3.738008351615955127e-01
4.507793991060224381e-01
6.138031104113859104e-01
5.370414059809045515e-01
5.187584362114437964e-01
5.458076680709289530e-01
4.685514326762348358e-01
3.441780341977858648e-01
4.581677360361555151e-01
4.924694179118029314e-01
5.435236377664934837e-01
4.936578983018769518e-01
3.988210905528802863e-01
4.283915537776730731e-01
5.349486671145352590e-01
4.666970100053584591e-01
5.250734902624102363e-01
5.790751916383749531e-01
6.437234744754385396e-01
5.972736990259425172e-01
5.107269790135902099e-01
6.882673129388209299e-01
5.569749828265061486e-01
2.947075255103955294e-01
3.383116013625199758e-01
4.944393270404902618e-01
6.383860007588066932e-01
5.480946782589707356e-01
4.401310718051944515e-01
3.791827637308071153e-01
4.804356871427762909e-01
7.010773810706730780e-01
6.223030394218569405e-01
5.329409506368100180e-01
5.570911651370206163e-01
5.160237629697689288e-01
4.331700933135029796e-01
3.766253441773462773e-01
5.388499990746870028e-01
7.418916934114122563e-01
8.332566720494146706e-01
8.382003615359538973e-01
7.411224134856611023e-01
6.316915207693035716e-01
5.800655435043430286e-01
4.873208742055930576e-01
5.732211581175988835e-01
6.043273625246107228e-01
6.095631934506057226e-01
8.381541874374185408e-01
8.317881297277847086e-01
6.811156412152904460e-01
7.621472667142601409e-01
7.208058098039734629e-01
7.074037089847579063e-01
5.921985038864924222e-01
5.534920014790737364e-01
4.342509831291460065e-01
4.582199327750648421e-01
5.422743884943088677e-01
4.695082606849177997e-01
