4.931110963384046642e-01
5.077541081015789493e-01
3.263437450234008552e-01
3.257271739873463523e-01
7.686639231241558790e-01
6.159161228170442204e-01
6.416937565217459838e-01
5.398575030539424224e-01
5.586129913812931669e-01
5.363619649112691956e-01
4.678508922161309092e-01
4.052816791639944349e-01
4.395486459356044429e-01
6.035468005111860323e-01
2.776437336751997331e-01
4.328753067973414304e-01
5.968608935694912354e-01
6.729833197135005607e-01
6.217101205036732470e-01
7.449828264227880137e-01
3.504882045523435852e-01
4.163922942869486832e-01
7.116860859710452125e-01
6.667688442843592300e-01
4.420964911541999109e-01
5.997933520806978391e-01
5.219995779149370074e-01
3.881283780053657040e-01
4.845790147465068864e-01
5.820256424536756068e-01
1.691496401414483153e-01
4.174056249303910171e-01
4.004344773830986748e-01
4.939960373805647453e-01
3.976987844791592397e-01
7.469305882138713715e-01
6.810672356876111833e-01
6.659236583374383844e-01
6.512946384466079541e-01
3.476621708774259023e-01
4.467093930017270731e-01
4.504839941175645124e-01
6.901906934118016146e-01
3.592465825814620817e-01
5.147609012063010248e-01
7.276953719111841634e-01
5.777047068249058226e-01
4.860960063937942999e-01
4.504469511259104331e-01
7.308932816353088668e-01
6.527460633534259982e-01
3.464516945441915574e-01
5.717103596044902369e-01
7.537933503674373314e-01
3.800225861637147040e-01
6.885308045725295756e-01
5.273227852167936547e-01
5.873959129754697805e-01
6.437531826630241705e-01
6.249049116688963901e-01
5.044282149033767482e-01
6.539590281577476460e-01
5.349078588952058677e-01
5.232951664878066067e-01
5.926752573811921998e-01
6.083520510734008457e-01
5.058634671174363495e-01
6.195005068717873709e-01
6.082604548539530809e-01
6.768904493347573936e-01
4.474643502564562558e-01
5.847848176008213494e-01
5.297066240261639747e-01
4.462680912799401600e-01
5.984223216566204595e-01
5.999102446924019505e-01
6.427988251077296766e-01
5.937028378308637500e-01
6.049192992066664276e-01
5.500452018914786523e-01
3.466939712369562221e-01
4.068895730921622267e-01
2.818106579101028464e-01
5.339858979799664285e-01
4.399546235009698658e-01
4.315609047565150957e-01
4.546001685157326500e-01
4.501862266518425471e-01
4.767413798134642611e-01
4.491895979620839641e-01
5.130541212759814895e-01
5.085200772517783907e-01
4.016270593200797490e-01
4.395015429441063159e-01
3.603254273500694493e-01
4.553305106936681446e-01
4.597326606515417247e-01
5.119658818861804184e-01
3.552468981406237125e-01
5.236446283210708375e-01
3.936885799444197476e-01
4.913022782387062026e-01
4.683319590307974400e-01
6.548187699076597479e-01
7.109237609790400869e-01
5.324444303625053276e-01
6.923602886577239213e-01
6.087044004912424144e-01
6.643288336545617456e-01
4.617362586951931358e-01
7.215733738421152843e-01
3.600202974684519330e-01
4.901184011752264813e-01
4.600200213216818490e-01
6.891022670385794635e-01
3.828984572662201824e-01
3.856739381082524565e-01
5.955891559423578396e-01
4.107056519548058504e-01
4.621516352765299707e-01
6.817264155381972390e-01
4.723892549404983265e-01
4.431974981709621564e-01
5.937638844361006196e-01
6.851874005188172134e-01
6.027205713906086393e-01
4.147481268559387590e-01
3.986797763237927006e-01
3.734525567177058858e-01
