4.808180807462604234e-01
4.538348852997521332e-01
7.999743706670491283e-01
5.506548019447529141e-01
7.492268097047635189e-01
1.560901894648045740e-01
9.586992769261989400e-01
8.356730556748204197e-01
3.160438824860907769e-01
5.113674089611649487e-01
8.046084265241081335e-01
5.674599962335216130e-01
1.910265968729357444e-01
5.765035167539430683e-01
7.289508287806540920e-01
1.542999446471995939e-01
1.813339236813371058e-01
2.929856541306500861e-01
5.532619739244267754e-01
3.900259502339432083e-01
2.818128686949829542e-01
4.927046802786250734e-01
3.479231275028046300e-01
4.738092680894793185e-01
2.267496059872338432e-01
2.773847918376755040e-01
4.851145571533473921e-01
4.613223534927526903e-01
7.595488716400489171e-01
4.805612733702253059e-01
3.944238113385768463e-01
3.968120524476331235e-01
3.714683737064289892e-01
3.215695847872352409e-01
2.236356886750854867e-01
4.062297662219205852e-01
7.274071019729736465e-01
2.038443122074911351e-01
3.605428412155057272e-01
3.310030630532892482e-01
7.265964319533990690e-01
3.144381332098871717e-01
2.735609258940155386e-01
5.765424969846365544e-01
1.033992947861630124e-01
2.640555125552424554e-01
2.887616818565363341e-01
1.223163847482643396e-01
1.857726235912652013e-01
4.042593046019032355e-01
7.028243562375710018e-01
1.181935622949908671e-01
4.556071534688590496e-01
5.239495628608472622e-01
1.610275753544941624e-01
1.006681944970435200e-01
3.453478390717998892e-01
3.424726060326909738e-01
3.277360647398434024e-01
2.260696182843899282e-01
4.562338890458032536e-01
2.614104966090429749e-01
4.479936466033830333e-01
1.911427712950322655e-01
3.933815807400975473e-01
4.496654128844127518e-01
4.997903733801952741e-01
3.804121094820901439e-01
5.351956649344821182e-01
4.367574489804781357e-01
6.639076322092624105e-01
3.916697724076925180e-01
2.344819061347485079e-01
5.172220591168719128e-01
7.306435547405993880e-01
4.205034291056295448e-01
4.006932286162762091e-01
5.092892049894326423e-01
4.075314975299281772e-01
6.086457702347789489e-01
2.442276219725862396e-01
3.169207780678285347e-01
3.058023013365160914e-01
4.200267286605228745e-01
3.150831317988680436e-01
4.480579744754354943e-01
4.250585985185718063e-01
2.298802093494684284e-01
7.920290947160057993e-01
4.363310042004445166e-01
3.127374650365520869e-01
5.093989810014402098e-01
2.143187248768113617e-01
4.436272881662657874e-01
2.595421412662356486e-01
2.131278081668896152e-01
3.314590971489466131e-01
1.327881638960450028e-01
6.784215335447447703e-01
4.170220082214753377e-01
7.538686418422798630e-01
4.300498750309986740e-01
3.581403106301468964e-01
6.115609067163070289e-01
7.316884976392701301e-01
5.467820119928403777e-01
4.983324075521601282e-01
6.888515929232706947e-01
3.219885498121201062e-01
5.777664876317094578e-01
5.796192065540982652e-01
4.665769551968568241e-01
5.315828843160459449e-01
7.666132633915913042e-01
3.804633544804219558e-01
6.469676898818559341e-01
5.017251113276517405e-01
6.052006406171371866e-01
3.425449492277277685e-01
5.764422614892630303e-01
6.744911442352917730e-01
4.077433662536551484e-01
3.968767455954650414e-01
5.532964329237786139e-01
7.012314597821028839e-01
6.015364936529449258e-01
8.797569742449070640e-01
7.175232517775459451e-01
