3.242599917462521963e-01
4.002985300179939809e-01
4.590088348591214173e-01
4.151081885142913208e-01
4.571255358204701635e-01
4.398409898671318263e-01
3.749537977607879102e-01
4.604576008777294116e-01
4.828631234257298455e-01
5.122168486255376241e-01
4.863475856448135071e-01
5.024061535052968264e-01
5.575838096456074977e-01
5.082051808663001768e-01
5.575838096456074977e-01
5.575838096456074977e-01
3.315665820431880628e-01
5.507722349254158267e-01
4.687679740249281468e-01
3.638897944489792868e-01
4.431686538553386567e-01
4.023059253163184246e-01
5.055613255272950468e-01
6.166794382007922959e-01
4.007637257706932465e-01
4.805349596709892479e-01
3.864366523759166783e-01
4.407264875701442097e-01
4.407264875701442097e-01
2.858746523232144066e-01
3.938031976653516564e-01
4.364656603546616664e-01
4.629176186850613717e-01
5.400636514731679272e-01
4.697475305944636137e-01
5.231949420397696837e-01
5.882316362250386010e-01
4.923025501901310275e-01
5.397013771896257417e-01
5.882316362250386010e-01
4.562545605938951865e-01
4.366638399669643400e-01
5.336796114422023285e-01
5.630873940078076068e-01
5.135181147689676928e-01
6.318760434401305970e-01
6.600052845502554222e-01
6.748505367333282878e-01
6.629385157509943838e-01
6.008349317282024593e-01
6.045673316622781623e-01
5.512370969678067611e-01
5.921611047300993080e-01
5.842888120127959217e-01
4.148408840912956586e-01
5.581666024676004145e-01
4.499023483656156008e-01
3.389454143659456076e-01
3.290013451715229631e-01
2.543323892115439966e-01
4.945289615557320051e-01
3.523544739492835420e-01
2.878489865151355187e-01
4.596626854046549360e-01
6.150063907467629987e-01
3.377197433129444648e-01
2.979137172591617144e-01
5.435970211711026456e-01
5.365454981414131685e-01
6.051231325212521606e-01
6.281471354366129356e-01
5.726235917296342848e-01
6.281471354366129356e-01
6.263675646943624997e-01
6.180814859128480609e-01
6.426412988734317988e-01
5.381230326839268052e-01
3.495058761112891377e-01
4.252926908318602761e-01
3.812741361468208745e-01
5.177252979357674922e-01
6.708629239028393032e-01
6.091494193661042278e-01
4.193068141785853409e-01
5.077804453826814113e-01
6.859396020050285703e-01
4.453175827237219053e-01
6.464761198506725481e-01
6.436568354357287136e-01
6.441333526104157103e-01
6.059155009825258897e-01
6.403593769567947902e-01
5.173737097529509388e-01
6.444922750469675998e-01
4.917196056720348762e-01
4.978285915877923018e-01
5.886349871142873003e-01
5.599421327379923152e-01
4.240920734175370188e-01
3.231669407070446032e-01
4.349035704379897727e-01
3.897192375554122679e-01
3.325074248721865411e-01
3.858845071183989450e-01
3.325074248721865411e-01
2.933398677517589648e-01
3.084471448406556071e-01
1.910373698195818037e-01
2.243375428018106188e-01
8.285661345557958635e-01
6.653038122780103869e-01
4.268328668838197726e-01
4.437999267114599022e-01
8.536635897020269370e-01
2.894906987763429251e-01
2.987722981923772725e-01
3.405429898838870373e-01
7.639094374019972378e-01
7.273485435378181929e-01
5.269375822238308027e-01
4.585191412094516417e-01
6.137509636573789118e-01
4.076483511554985228e-01
2.213761956868377512e-01
3.643200338570624641e-01
3.643200338570624641e-01
3.643200338570624641e-01
3.643200338570624641e-01
3.627907333664323053e-01
