4.513642855729916858e-01
4.899606023493897067e-01
4.803553470522202717e-01
4.594455560845261410e-01
4.996454393038491371e-01
5.602134053518886825e-01
4.852042287274683785e-01
4.504507873396591533e-01
4.836704941700878391e-01
4.077637728613084378e-01
3.604917949512104203e-01
4.110533768559192502e-01
5.202884514933016069e-01
4.639154339189467402e-01
4.274741805443407205e-01
4.500729517202932684e-01
3.883256616810313311e-01
5.461238662237426489e-01
6.080833691744329528e-01
6.630378183830190064e-01
4.987501692178982760e-01
5.987976179309236757e-01
5.208507198034271202e-01
5.386247723660932962e-01
4.275402340281957980e-01
4.180238312366998388e-01
4.317132437493871877e-01
4.848380970017727165e-01
5.284807070230924664e-01
5.457977290892506161e-01
5.464352903948762608e-01
5.573176361476728236e-01
3.170728471987204755e-01
6.004691334980063466e-01
5.538065499593515240e-01
2.661004906956275784e-01
5.303220292839108119e-01
5.555686166599959064e-01
5.966432189970877209e-01
7.265940581784957608e-01
5.318672094295053832e-01
5.437341032345545111e-01
5.047664294228405568e-01
5.378611436503585308e-01
5.502650299624302077e-01
5.531168548235616544e-01
4.898400241785641485e-01
5.611864628850508074e-01
6.942476548521202551e-01
3.729218751526464093e-01
4.959919401477574374e-01
6.103689308854687301e-01
6.104895319275223109e-01
5.571873270379711363e-01
5.811662433499995561e-01
6.099111370743367511e-01
6.051868633863468627e-01
6.312177028212936358e-01
4.100353713719651627e-01
5.708086691271810897e-01
6.607250933808627158e-01
6.546838363635558711e-01
5.964324246945718055e-01
6.574198085780197376e-01
6.462804377164947933e-01
6.162487768971638413e-01
6.604025105441350130e-01
5.486744694749220441e-01
6.234135953704088573e-01
6.405824939154014519e-01
4.437514346670741738e-01
5.696418877446419726e-01
5.043440902662178482e-01
6.108908381115639719e-01
3.771512901737746892e-01
3.474372622813604039e-01
4.509505895988673574e-01
5.067456918201769245e-01
4.186543186074681011e-01
2.886281503782900382e-01
2.164596703733827066e-01
4.932362692990636122e-01
4.175549987025144461e-01
5.179375444847105214e-01
3.850223853188020073e-01
4.279732595798627637e-01
2.640192438454389556e-01
4.544991443414896359e-01
4.980294292781237142e-01
3.939466593724900711e-01
6.241894373405971752e-01
4.401893434169079633e-01
5.413045117182183619e-01
5.179599607490740221e-01
4.221065910546776823e-01
6.589839148546491332e-01
5.808471801734862439e-01
5.855687225799929285e-01
5.297826886741745511e-01
4.962400737043466958e-01
4.537620174289520025e-01
4.738809300137876712e-01
4.898906552064115627e-01
4.145260163169011136e-01
5.274993966535646006e-01
5.681066422010928596e-01
5.404440784443559354e-01
5.050150186070894165e-01
5.251678672372609435e-01
5.684223982914301532e-01
6.405285014433533819e-01
5.027254191287497953e-01
5.730590953621069739e-01
5.584146479759708459e-01
5.146500753029603636e-01
5.767344397965810110e-01
5.500508612417137622e-01
4.840271234220865915e-01
4.304132537831376615e-01
4.492744893795614369e-01
4.367569252290972037e-01
4.213237298098158057e-01
4.845530431435027818e-01
5.296942445920749254e-01
4.991619829047888035e-01
6.651051259051906639e-01
6.318200957174996413e-01
