1.064052077785069736e-04
4.417687403111199554e-06
1.603687670540980395e-14
1.239990364374521381e-12
9.999998687056820268e-01
4.495628719987666139e-02
9.999995071067495633e-01
9.999999999771027603e-01
1.637724427959913169e-05
1.470834542092693596e-08
9.948552251932166746e-01
1.414255472112002599e-03
1.250714846298698810e-04
8.919871637248542040e-01
9.998658224079888246e-01
9.999999999999988898e-01
9.999999999963529174e-01
9.999999905121693677e-01
9.842920955871242716e-01
9.999999998923501110e-01
9.999999998968813752e-01
1.104049132314726019e-02
1.474712205389789275e-02
9.999999999803217410e-01
8.021718167388194381e-09
6.496797949344865208e-02
1.866196096264246824e-04
2.100743635687324313e-09
3.682729895477513883e-16
1.203658091759238880e-04
1.903300426317793752e-05
5.207723094233197324e-08
9.999998873675532973e-01
9.999998875470934578e-01
2.295613179689609713e-03
9.999999999939377382e-01
6.000023993636695030e-01
2.951182394319519219e-05
9.999997891874383704e-01
6.905774633183399370e-06
9.999422031994867899e-01
9.303402578767968072e-05
5.554082228840281476e-07
3.423284734434050357e-10
3.955021658711134979e-05
1.698607818253864237e-05
9.999999999985633714e-01
1.000000000000000000e+00
1.000000000000000000e+00
1.000000000000000000e+00
1.000000000000000000e+00
9.999999999839972453e-01
7.977253214185464625e-02
9.999907458462338194e-01
9.999999935996195521e-01
9.791304305161984134e-01
9.999999893216565683e-01
9.999983101389161577e-01
9.999999999909849890e-01
9.999999999998858691e-01
9.999999378043195053e-01
9.999981728839287820e-01
9.999999999325699385e-01
9.999403069916745768e-01
9.999996686463966666e-01
9.999999928966776253e-01
9.999999981322829079e-01
9.999993530105748540e-01
9.999990359653362360e-01
1.000000000000000000e+00
1.000000000000000000e+00
9.999999999999991118e-01
1.000000000000000000e+00
1.000000000000000000e+00
9.999999999856128419e-01
1.000000000000000000e+00
9.999997911850256882e-01
9.999999999918118831e-01
9.999999999702691156e-01
1.000000000000000000e+00
9.999999871012895669e-01
9.999999999996924682e-01
9.999999962404670928e-01
9.994230038986161579e-01
1.005166938881220428e-03
8.216677666957722392e-01
1.637090980069985102e-01
1.037383062093289234e-10
2.365954266738321668e-09
2.332075500994542031e-07
1.851045801994111728e-01
9.999999975143387676e-01
5.266112164924455046e-03
1.642099106402148678e-01
2.364886246629124163e-08
9.992716837309232325e-01
4.985151423026706353e-16
1.181236167648680335e-13
9.999999999962516650e-01
9.999999973029527478e-01
9.999999999999997780e-01
9.999999999999997780e-01
1.000000000000000000e+00
9.999999997417048370e-01
9.999999999349946656e-01
9.999999941164041672e-01
9.999999458686397169e-01
4.961158976368341689e-01
6.637264892239725933e-01
1.000000000000000000e+00
9.999999999999982236e-01
1.000000000000000000e+00
1.000000000000000000e+00
1.000000000000000000e+00
1.000000000000000000e+00
1.000000000000000000e+00
9.999999999908057990e-01
1.000000000000000000e+00
1.000000000000000000e+00
1.000000000000000000e+00
1.000000000000000000e+00
9.866964488927182364e-01
2.891417596403102475e-01
9.999999999984534593e-01
1.000000000000000000e+00
9.999999999998663291e-01
1.000000000000000000e+00
1.000000000000000000e+00
9.999999999999984457e-01
