4.123552093391446571e-01
4.756371316583832276e-01
6.321506237450401633e-01
5.789813415604637692e-01
2.990335452165260866e-01
3.452737562699776941e-01
6.301880889647211159e-01
3.758170303514818955e-01
4.084984441970786473e-01
4.089179723786808274e-01
4.282786173209480740e-01
5.772262381632045081e-01
5.861941677371972359e-01
4.410693221108741291e-01
3.581428262853335043e-01
5.547036990197723449e-01
5.612442663116522512e-01
4.398109511504968427e-01
3.461710678470046876e-01
3.857514156271175110e-01
5.196605964526609389e-01
3.733786858620821159e-01
5.580285303316465662e-01
4.340807888786542557e-01
6.248631829689345052e-01
4.381264660155177459e-01
3.930106033105610908e-01
6.305398369964616556e-01
5.947508545994424356e-01
5.127121618869419084e-01
4.005770544263222432e-01
5.552036341116916018e-01
5.674238536424341950e-01
6.052875953462645287e-01
4.585103730513018228e-01
4.363575639517822680e-01
4.811438097364330035e-01
4.927075815146768067e-01
3.723002859264328279e-01
2.361022790916857406e-01
5.296568363664008183e-01
2.768116920517249557e-01
4.577951607556359215e-01
3.570255944884893617e-01
2.185339940257760849e-01
2.373620707253561168e-01
4.766670886335222512e-01
4.507472768887696435e-01
3.535504460341541977e-01
6.569825861443119308e-01
4.588710703442612227e-01
2.788014851568398900e-01
6.513316236399161463e-01
3.382988659627763628e-01
8.441767815884413384e-01
6.806968766518511904e-01
6.259388248097662588e-01
7.279873080164833699e-01
4.410465144819697425e-01
7.688309590117117232e-01
4.523422014624856602e-01
7.439994454068297181e-01
6.225536793717366679e-01
8.244150218489995074e-01
7.889564176267458429e-01
6.309326396120306102e-01
7.562069236280701823e-01
4.477209040911361848e-01
5.871470866765594598e-01
3.878640812034367391e-01
3.892589997791464640e-01
3.812901972845630927e-01
5.425468266025319508e-01
4.568753816064311524e-01
2.913302056944039875e-01
5.507265967058223577e-01
3.865659599032548743e-01
7.637040193402198085e-01
5.894353804179908174e-01
5.567351775504605360e-01
7.497112768629214941e-01
4.721696653377344122e-01
3.501395468590003945e-01
5.002394034521930877e-01
6.127876170212288587e-01
6.242350559334673976e-01
3.944028099502132623e-01
5.898111523015606705e-01
3.309200964429663272e-01
2.130884009944827573e-01
5.942348809235377116e-01
4.893636815294551967e-01
2.831221693053352917e-01
6.637580344689069101e-01
6.402502128585021435e-01
4.397285130231167738e-01
6.524743855012749005e-01
6.115102927963719237e-01
5.513702303002511185e-01
4.823810181726960744e-01
3.798514941347703178e-01
6.323155074305968348e-01
4.646772001466506485e-01
4.662826811485712430e-01
6.967533669794200302e-01
4.200428078580636382e-01
5.155454073436458451e-01
5.125678109527246340e-01
3.528314550820225715e-01
5.243035017681465515e-01
3.723774224276570899e-01
4.957386198822544277e-01
4.491790394245361306e-01
3.563602275047029755e-01
5.314868988007700468e-01
3.688749528177075465e-01
4.788176444024409006e-01
4.484676888842521469e-01
5.591558497462000288e-01
5.333842703291362675e-01
6.637601054555586355e-01
5.150421905211084450e-01
4.393751048411879689e-01
4.799858296062063934e-01
5.241862010589916077e-01
6.115666373017497603e-01
6.275412897000846035e-01
6.187206401269473854e-01
3.974082491739732159e-01
