3.981347978115081787e-01 4.224976897239685059e-02 5.518758893013000488e-01 7.761751860380172729e-02 5.273309722542762756e-02 2.389199882745742798e-01 4.336873590946197510e-01 5.699151754379272461e-01 1.961953639984130859e-01 1.328610032796859741e-01
4.337267279624938965e-01 3.819593489170074463e-01 4.298775494098663330e-01 1.076104715466499329e-01 6.724146604537963867e-01 2.389199882745742798e-01 4.534551203250885010e-01 3.117710947990417480e-01 7.455309629440307617e-01 4.239093363285064697e-01
6.147570013999938965e-01 2.363259345293045044e-02 7.718945741653442383e-01 4.359848201274871826e-01 4.632605314254760742e-01 2.389199882745742798e-01 4.336873590946197510e-01 5.099353194236755371e-01 3.521326482295989990e-01 6.593616306781768799e-02
3.981347978115081787e-01 2.105583548545837402e-01 5.518758893013000488e-01 1.656817346811294556e-01 4.088168740272521973e-01 2.389199882745742798e-01 5.523267984390258789e-01 5.699151754379272461e-01 1.790505498647689819e-01 8.700703084468841553e-02
6.147570013999938965e-01 4.946900531649589539e-02 5.518758893013000488e-01 3.701512813568115234e-01 2.413762509822845459e-01 2.389199882745742798e-01 4.623603820800781250e-01 5.699151754379272461e-01 8.529651761054992676e-01 1.358398199081420898e-01
2.768813967704772949e-01 3.829746544361114502e-01 2.442713975906372070e-01 2.226616442203521729e-01 6.165826916694641113e-01 6.410002112388610840e-01 5.989407300949096680e-01 2.877635955810546875e-01 3.217737674713134766e-01 2.626863420009613037e-01
6.147570013999938965e-01 1.968167722225189209e-01 3.962656855583190918e-01 1.966730803251266479e-01 2.118107676506042480e-01 2.389199882745742798e-01 7.098895907402038574e-01 5.699151754379272461e-01 4.495574831962585449e-01 3.935824707150459290e-02
6.147570013999938965e-01 5.144906640052795410e-01 7.718945741653442383e-01 1.426331400871276855e-01 1.841832101345062256e-01 2.389199882745742798e-01 4.336873590946197510e-01 5.699151754379272461e-01 2.148288190364837646e-01 3.866048157215118408e-01
3.585176765918731689e-01 9.367744326591491699e-01 3.962656855583190918e-01 2.206985950469970703e-01 7.309281229972839355e-01 5.116072297096252441e-01 4.335666298866271973e-01 3.591203689575195312e-01 2.906280457973480225e-01 4.685273766517639160e-02
6.147570013999938965e-01 2.363920211791992188e-01 5.518758893013000488e-01 3.537822067737579346e-01 6.475161910057067871e-01 5.116072297096252441e-01 7.098895907402038574e-01 5.699151754379272461e-01 3.174355030059814453e-01 1.552820354700088501e-01
6.147570013999938965e-01 2.184865325689315796e-01 5.000000000000000000e-01 1.093553155660629272e-01 6.225275993347167969e-02 2.389199882745742798e-01 7.098895907402038574e-01 5.416747927665710449e-01 5.366802811622619629e-01 2.250338941812515259e-01
5.810947418212890625e-01 8.348076790571212769e-02 3.962656855583190918e-01 9.281613677740097046e-02 6.947593688964843750e-01 2.389199882745742798e-01 4.336873590946197510e-01 5.699151754379272461e-01 3.593709766864776611e-01 2.531830370426177979e-01
6.147570013999938965e-01 3.529431819915771484e-01 5.518758893013000488e-01 1.509028375148773193e-01 2.103233933448791504e-01 2.389199882745742798e-01 5.796337723731994629e-01 4.302802979946136475e-01 1.706924587488174438e-01 9.134230017662048340e-02
6.147570013999938965e-01 4.970943331718444824e-01 5.518758893013000488e-01 2.063855826854705811e-01 2.550631463527679443e-01 2.389199882745742798e-01 5.796337723731994629e-01 5.699151754379272461e-01 1.258503645658493042e-01 4.233493506908416748e-01
3.585176765918731689e-01 1.563839912414550781e-01 5.518758893013000488e-01 1.227203831076622009e-01 1.290338039398193359e-01 2.389199882745742798e-01 2.779922485351562500e-01 3.591203689575195312e-01 3.226577639579772949e-01 3.384277522563934326e-01
6.147570013999938965e-01 7.412428259849548340e-01 3.962656855583190918e-01 7.006282210350036621e-01 1.546518504619598389e-01 2.389199882745742798e-01 2.779922485351562500e-01 3.591203689575195312e-01 3.637326657772064209e-01 3.484290540218353271e-01
2.126414477825164795e-01 3.378906846046447754e-02 3.962656855583190918e-01 2.068648934364318848e-01 3.783149719238281250e-01 2.389199882745742798e-01 4.059183597564697266e-01 3.591203689575195312e-01 4.573433399200439453e-01 2.649081051349639893e-01
5.810947418212890625e-01 2.790848016738891602e-01 4.298775494098663330e-01 1.601668149232864380e-01 7.216701507568359375e-01 2.389199882745742798e-01 5.989407300949096680e-01 3.813222050666809082e-01 5.958980917930603027e-01 1.684693247079849243e-01
5.810947418212890625e-01 6.321263313293457031e-02 3.962656855583190918e-01 5.760333687067031860e-02 5.604788064956665039e-01 2.389199882745742798e-01 4.336873590946197510e-01 5.699151754379272461e-01 3.237083554267883301e-01 2.649081051349639893e-01
6.147570013999938965e-01 3.711502254009246826e-01 5.518758893013000488e-01 7.498682141304016113e-01 2.847632765769958496e-01 2.389199882745742798e-01 5.796337723731994629e-01 5.699151754379272461e-01 3.443420529365539551e-01 1.868081688880920410e-01
5.810947418212890625e-01 4.494000971317291260e-01 5.518758893013000488e-01 7.428514957427978516e-02 7.690339088439941406e-01 2.389199882745742798e-01 5.796337723731994629e-01 5.699151754379272461e-01 5.960240215063095093e-02 4.817555844783782959e-02
6.147570013999938965e-01 6.524373888969421387e-01 3.962656855583190918e-01 1.299646589905023575e-02 3.151272237300872803e-02 2.389199882745742798e-01 2.785643935203552246e-01 5.699151754379272461e-01 5.960240215063095093e-02 2.649081051349639893e-01
6.147570013999938965e-01 9.244008064270019531e-01 5.518758893013000488e-01 8.006870746612548828e-01 4.592645168304443359e-01 2.389199882745742798e-01 7.098895907402038574e-01 5.699151754379272461e-01 4.419190883636474609e-01 5.860804393887519836e-02
6.147570013999938965e-01 1.475941985845565796e-01 5.518758893013000488e-01 2.473486512899398804e-01 1.968426406383514404e-01 2.389199882745742798e-01 4.134832024574279785e-01 5.699151754379272461e-01 9.498406648635864258e-01 1.291979551315307617e-01
6.147570013999938965e-01 7.507998496294021606e-02 5.518758893013000488e-01 6.725627779960632324e-01 6.426767706871032715e-01 2.389199882745742798e-01 6.925538182258605957e-01 7.559905648231506348e-01 1.532706022262573242e-01 8.054967224597930908e-02
3.981347978115081787e-01 2.581320703029632568e-01 4.298775494098663330e-01 8.707561492919921875e-01 4.009523987770080566e-02 2.389199882745742798e-01 7.480392456054687500e-01 3.813222050666809082e-01 8.262320160865783691e-01 1.684693247079849243e-01
2.126414477825164795e-01 8.399912714958190918e-01 4.298775494098663330e-01 7.064330577850341797e-02 6.486974954605102539e-01 2.389199882745742798e-01 3.008906841278076172e-01 3.048774600028991699e-01 3.090431988239288330e-01 5.160058140754699707e-01
5.810947418212890625e-01 8.575902879238128662e-02 3.962656855583190918e-01 5.489516258239746094e-01 8.787232637405395508e-02 2.389199882745742798e-01 5.796337723731994629e-01 5.699151754379272461e-01 1.643828898668289185e-01 2.683869898319244385e-01
2.126414477825164795e-01 7.718517780303955078e-01 3.962656855583190918e-01 2.330148667097091675e-01 6.324283480644226074e-01 5.116072297096252441e-01 4.335666298866271973e-01 3.591203689575195312e-01 8.320235610008239746e-01 5.860804393887519836e-02
6.147570013999938965e-01 2.530260086059570312e-01 5.518758893013000488e-01 1.269294917583465576e-01 6.218327283859252930e-01 5.116072297096252441e-01 1.501773744821548462e-01 5.699151754379272461e-01 5.590406656265258789e-01 2.435881197452545166e-01
4.337267279624938965e-01 8.496419191360473633e-01 4.298775494098663330e-01 5.116907358169555664e-01 6.798740625381469727e-01 6.410002112388610840e-01 7.260416150093078613e-01 5.865581631660461426e-01 7.980688810348510742e-01 5.860804393887519836e-02
5.810947418212890625e-01 2.534092068672180176e-01 7.718945741653442383e-01 2.547249197959899902e-01 4.014374017715454102e-01 5.116072297096252441e-01 4.134832024574279785e-01 7.559905648231506348e-01 3.247029483318328857e-01 3.698648810386657715e-01
5.810947418212890625e-01 9.388017058372497559e-01 5.518758893013000488e-01 7.865845561027526855e-01 7.762579321861267090e-01 5.116072297096252441e-01 4.336873590946197510e-01 5.699151754379272461e-01 7.209905385971069336e-01 2.301725149154663086e-01
6.147570013999938965e-01 9.050808548927307129e-01 3.962656855583190918e-01 6.932961940765380859e-01 3.605069816112518311e-01 5.116072297096252441e-01 4.607228338718414307e-01 5.699151754379272461e-01 3.426208496093750000e-01 4.817555844783782959e-02
6.147570013999938965e-01 2.052364647388458252e-01 7.718945741653442383e-01 9.474862217903137207e-01 7.927002906799316406e-01 5.116072297096252441e-01 4.101122319698333740e-01 5.699151754379272461e-01 9.145407676696777344e-01 1.162848696112632751e-01
4.337267279624938965e-01 8.723308444023132324e-01 4.298775494098663330e-01 5.691064000129699707e-01 5.957562327384948730e-01 6.410002112388610840e-01 4.534551203250885010e-01 2.623846828937530518e-01 4.778527617454528809e-01 2.961390614509582520e-01
2.126414477825164795e-01 4.553112089633941650e-01 4.298775494098663330e-01 4.836181998252868652e-01 7.712812423706054688e-01 5.116072297096252441e-01 3.008906841278076172e-01 3.261393606662750244e-01 8.487178087234497070e-01 1.773262023925781250e-01
5.810947418212890625e-01 8.064822554588317871e-01 3.962656855583190918e-01 6.601895689964294434e-01 8.753532171249389648e-01 6.410002112388610840e-01 4.101122319698333740e-01 5.699151754379272461e-01 7.780926823616027832e-01 2.684485614299774170e-01
6.147570013999938965e-01 5.638457536697387695e-01 5.518758893013000488e-01 4.075109064579010010e-01 4.898358881473541260e-01 5.116072297096252441e-01 7.098895907402038574e-01 5.699151754379272461e-01 1.537321507930755615e-01 2.684485614299774170e-01
5.810947418212890625e-01 2.204228043556213379e-01 4.298775494098663330e-01 5.209740251302719116e-02 4.252178668975830078e-01 5.116072297096252441e-01 3.185815513134002686e-01 2.623846828937530518e-01 5.331389904022216797e-01 8.054967224597930908e-02
2.126414477825164795e-01 7.932931184768676758e-01 5.000000000000000000e-01 6.161845922470092773e-01 6.399859189987182617e-01 5.116072297096252441e-01 3.861257731914520264e-01 3.055635690689086914e-01 1.049246117472648621e-01 5.826690196990966797e-01
5.810947418212890625e-01 5.771593451499938965e-01 3.962656855583190918e-01 5.916506648063659668e-01 5.755689740180969238e-01 5.116072297096252441e-01 5.796337723731994629e-01 5.699151754379272461e-01 8.043132424354553223e-01 3.065578043460845947e-01
5.810947418212890625e-01 1.139953285455703735e-01 4.298775494098663330e-01 2.759751379489898682e-01 4.817373454570770264e-01 6.410002112388610840e-01 4.533761143684387207e-01 3.117710947990417480e-01 3.601517975330352783e-01 1.547850668430328369e-01
6.147570013999938965e-01 3.271784782409667969e-01 5.518758893013000488e-01 1.793011091649532318e-02 1.623269021511077881e-01 5.116072297096252441e-01 4.336873590946197510e-01 5.699151754379272461e-01 2.268093228340148926e-01 4.310632348060607910e-01
5.810947418212890625e-01 4.796105325222015381e-01 5.518758893013000488e-01 2.673603296279907227e-01 4.272465407848358154e-01 6.410002112388610840e-01 4.336873590946197510e-01 5.699151754379272461e-01 8.808454275131225586e-01 5.579453334212303162e-02
6.147570013999938965e-01 7.176533341407775879e-01 5.518758893013000488e-01 1.245911121368408203e-01 1.319269090890884399e-01 5.116072297096252441e-01 4.335666298866271973e-01 3.591203689575195312e-01 2.419718354940414429e-01 1.810654997825622559e-01
6.147570013999938965e-01 8.300306797027587891e-01 7.718945741653442383e-01 3.584284484386444092e-01 8.169790506362915039e-01 5.116072297096252441e-01 4.336873590946197510e-01 8.058258891105651855e-01 4.295289814472198486e-01 6.284028291702270508e-02
5.810947418212890625e-01 1.470328718423843384e-01 5.000000000000000000e-01 3.094649314880371094e-01 3.130383193492889404e-01 5.116072297096252441e-01 7.098895907402038574e-01 5.699151754379272461e-01 2.681449353694915771e-01 6.176537871360778809e-01
5.810947418212890625e-01 7.176544070243835449e-01 3.962656855583190918e-01 3.625075221061706543e-01 7.688492536544799805e-01 5.116072297096252441e-01 5.796337723731994629e-01 5.699151754379272461e-01 5.610740780830383301e-01 7.256035208702087402e-01
5.810947418212890625e-01 3.448940515518188477e-01 3.962656855583190918e-01 5.839598178863525391e-01 6.502082347869873047e-01 5.116072297096252441e-01 4.336873590946197510e-01 5.699151754379272461e-01 1.538321822881698608e-01 1.909348666667938232e-01
6.147570013999938965e-01 4.161362349987030029e-01 5.518758893013000488e-01 3.839181065559387207e-01 7.316806316375732422e-01 5.116072297096252441e-01 4.336873590946197510e-01 5.699151754379272461e-01 5.110617876052856445e-01 3.935592770576477051e-01
4.337267279624938965e-01 4.043394029140472412e-01 4.298775494098663330e-01 9.659069776535034180e-02 4.480700567364692688e-02 5.116072297096252441e-01 5.706954002380371094e-01 2.877635955810546875e-01 7.185075283050537109e-01 1.558508425951004028e-01
4.337267279624938965e-01 3.039981424808502197e-01 4.298775494098663330e-01 2.220401167869567871e-01 6.531268358230590820e-01 6.410002112388610840e-01 4.616200327873229980e-01 5.903413891792297363e-01 6.703342795372009277e-01 1.558508425951004028e-01
3.981347978115081787e-01 2.058645486831665039e-01 7.718945741653442383e-01 5.530939623713493347e-02 7.316806316375732422e-01 5.116072297096252441e-01 5.796337723731994629e-01 5.416747927665710449e-01 5.329839587211608887e-01 1.684693247079849243e-01
3.981347978115081787e-01 2.607162892818450928e-01 3.962656855583190918e-01 2.434212341904640198e-02 7.720530033111572266e-02 5.116072297096252441e-01 4.336873590946197510e-01 5.699151754379272461e-01 4.514383673667907715e-01 1.291979551315307617e-01
2.768813967704772949e-01 6.108413934707641602e-01 3.962656855583190918e-01 1.136205047369003296e-01 7.030523419380187988e-01 6.410002112388610840e-01 2.779922485351562500e-01 3.591203689575195312e-01 5.864229798316955566e-01 8.259295672178268433e-02
6.147570013999938965e-01 1.657497286796569824e-01 3.962656855583190918e-01 3.423781991004943848e-01 8.300526142120361328e-01 5.116072297096252441e-01 2.779922485351562500e-01 3.591203689575195312e-01 3.683638572692871094e-01 4.837118983268737793e-01
4.337267279624938965e-01 4.689224958419799805e-01 4.298775494098663330e-01 5.344625115394592285e-01 7.763131260871887207e-01 6.410002112388610840e-01 5.989407300949096680e-01 3.117710947990417480e-01 5.089514255523681641e-01 9.403515607118606567e-02
2.768813967704772949e-01 5.453283190727233887e-01 3.962656855583190918e-01 2.082377970218658447e-01 2.867763042449951172e-01 5.116072297096252441e-01 6.093744635581970215e-01 3.591203689575195312e-01 7.150223255157470703e-01 5.948838591575622559e-01
3.981347978115081787e-01 7.840381860733032227e-01 3.962656855583190918e-01 4.563966989517211914e-01 7.790830135345458984e-01 5.116072297096252441e-01 4.336873590946197510e-01 7.994245290756225586e-01 5.196803212165832520e-01 2.301725149154663086e-01
5.810947418212890625e-01 3.189255297183990479e-01 5.518758893013000488e-01 1.418613791465759277e-01 9.527477622032165527e-02 5.116072297096252441e-01 5.796337723731994629e-01 5.699151754379272461e-01 2.818135023117065430e-01 1.684693247079849243e-01
5.810947418212890625e-01 3.848496675491333008e-01 3.962656855583190918e-01 3.612695336341857910e-01 4.972164332866668701e-01 6.410002112388610840e-01 5.796337723731994629e-01 5.699151754379272461e-01 2.543501555919647217e-01 3.935592770576477051e-01
6.147570013999938965e-01 1.132766604423522949e-01 3.962656855583190918e-01 4.580172151327133179e-02 7.471399381756782532e-03 2.389199882745742798e-01 5.796337723731994629e-01 5.699151754379272461e-01 4.237787127494812012e-01 4.310632348060607910e-01
5.810947418212890625e-01 4.015811905264854431e-02 3.962656855583190918e-01 1.853489875793457031e-02 1.428252011537551880e-01 2.389199882745742798e-01 4.335666298866271973e-01 3.591203689575195312e-01 8.783673644065856934e-01 1.261539012193679810e-01
5.810947418212890625e-01 7.027241587638854980e-01 5.518758893013000488e-01 1.028017401695251465e-01 3.611060380935668945e-01 2.389199882745742798e-01 6.925538182258605957e-01 5.699151754379272461e-01 4.962273836135864258e-01 6.763602048158645630e-02
5.810947418212890625e-01 4.666940569877624512e-01 5.518758893013000488e-01 2.294312417507171631e-01 3.068603388965129852e-02 5.116072297096252441e-01 7.098895907402038574e-01 5.699151754379272461e-01 6.281969547271728516e-01 3.766229748725891113e-01
5.810947418212890625e-01 2.095867693424224854e-01 3.962656855583190918e-01 3.512092530727386475e-01 2.999288588762283325e-02 2.389199882745742798e-01 6.925538182258605957e-01 5.619744062423706055e-01 8.070464134216308594e-01 2.535422146320343018e-01
5.810947418212890625e-01 3.945004940032958984e-01 3.962656855583190918e-01 3.421448171138763428e-01 1.631669886410236359e-02 2.389199882745742798e-01 7.098895907402038574e-01 5.699151754379272461e-01 4.002786576747894287e-01 3.866048157215118408e-01
5.810947418212890625e-01 1.856194734573364258e-01 5.518758893013000488e-01 2.191153615713119507e-01 2.439633198082447052e-02 2.389199882745742798e-01 3.608814775943756104e-01 5.699151754379272461e-01 2.561503462493419647e-02 8.895373344421386719e-02
5.810947418212890625e-01 3.068774342536926270e-01 3.962656855583190918e-01 2.640202343463897705e-01 2.192291319370269775e-01 5.793211460113525391e-01 6.288620829582214355e-01 5.699151754379272461e-01 4.669042825698852539e-01 1.442205160856246948e-01
4.337267279624938965e-01 5.171743631362915039e-01 4.298775494098663330e-01 2.086713016033172607e-01 3.807992935180664062e-01 2.389199882745742798e-01 3.185815513134002686e-01 3.117710947990417480e-01 7.063210606575012207e-01 2.648252844810485840e-01
6.147570013999938965e-01 6.468482613563537598e-01 3.962656855583190918e-01 1.859058439731597900e-01 4.915534332394599915e-02 6.410002112388610840e-01 5.796337723731994629e-01 8.058258891105651855e-01 7.906469702720642090e-01 3.866048157215118408e-01
6.147570013999938965e-01 7.859545946121215820e-01 3.962656855583190918e-01 3.373505175113677979e-01 1.762651652097702026e-01 2.389199882745742798e-01 7.098895907402038574e-01 5.699151754379272461e-01 1.731717437505722046e-01 1.644140034914016724e-01
2.768813967704772949e-01 3.720875382423400879e-01 4.298775494098663330e-01 5.843864679336547852e-01 1.677013784646987915e-01 2.389199882745742798e-01 4.330342113971710205e-01 5.903413891792297363e-01 4.201654493808746338e-01 2.001753449440002441e-01
6.147570013999938965e-01 9.027944207191467285e-01 3.962656855583190918e-01 3.138497173786163330e-01 3.006060123443603516e-01 2.389199882745742798e-01 4.134832024574279785e-01 7.559905648231506348e-01 3.547068536281585693e-01 4.239093363285064697e-01
5.810947418212890625e-01 1.261047571897506714e-01 7.718945741653442383e-01 8.301219940185546875e-01 2.746120691299438477e-01 2.389199882745742798e-01 5.796337723731994629e-01 5.699151754379272461e-01 4.636576473712921143e-01 1.644140034914016724e-01
4.337267279624938965e-01 6.092259287834167480e-01 4.298775494098663330e-01 5.266430377960205078e-01 1.921856999397277832e-01 2.389199882745742798e-01 5.989407300949096680e-01 3.117710947990417480e-01 2.777600884437561035e-01 1.160112991929054260e-01
6.147570013999938965e-01 6.772953271865844727e-01 5.518758893013000488e-01 2.708230912685394287e-01 8.498600870370864868e-02 2.389199882745742798e-01 7.327066659927368164e-01 5.699151754379272461e-01 1.508191525936126709e-01 2.250338941812515259e-01
2.126414477825164795e-01 4.044662714004516602e-01 5.000000000000000000e-01 6.458539962768554688e-01 1.226736325770616531e-02 2.389199882745742798e-01 4.059183597564697266e-01 6.370130181312561035e-01 3.004095554351806641e-01 2.900826930999755859e-01
2.126414477825164795e-01 3.696293234825134277e-01 5.000000000000000000e-01 6.406145691871643066e-01 5.137250423431396484e-01 2.389199882745742798e-01 4.059183597564697266e-01 6.370130181312561035e-01 3.856615722179412842e-01 8.040492981672286987e-02
6.147570013999938965e-01 6.967870593070983887e-01 5.518758893013000488e-01 4.024234712123870850e-01 1.603756397962570190e-01 2.389199882745742798e-01 4.336873590946197510e-01 5.699151754379272461e-01 2.063127160072326660e-01 3.935592770576477051e-01
5.810947418212890625e-01 2.110694795846939087e-01 5.518758893013000488e-01 2.978138923645019531e-01 2.182476371526718140e-01 2.389199882745742798e-01 5.796337723731994629e-01 5.699151754379272461e-01 6.902530193328857422e-01 3.935592770576477051e-01
6.147570013999938965e-01 4.048123955726623535e-01 3.962656855583190918e-01 3.245916068553924561e-01 5.074355006217956543e-01 2.389199882745742798e-01 7.098895907402038574e-01 5.699151754379272461e-01 5.131517648696899414e-01 6.326206922531127930e-01
6.147570013999938965e-01 3.859605789184570312e-01 3.962656855583190918e-01 2.013801187276840210e-01 1.297112256288528442e-01 2.389199882745742798e-01 4.336873590946197510e-01 5.699151754379272461e-01 3.784872964024543762e-02 4.735607504844665527e-01
6.147570013999938965e-01 7.053210139274597168e-01 5.518758893013000488e-01 1.300157457590103149e-01 5.224842205643653870e-02 2.389199882745742798e-01 7.098895907402038574e-01 5.699151754379272461e-01 3.237083554267883301e-01 2.301725149154663086e-01
6.147570013999938965e-01 1.906532049179077148e-01 5.000000000000000000e-01 4.983985722064971924e-01 1.837727427482604980e-02 2.389199882745742798e-01 3.861257731914520264e-01 7.578527331352233887e-01 1.606605201959609985e-01 3.792923688888549805e-02
3.585176765918731689e-01 5.563266873359680176e-01 7.718945741653442383e-01 3.043048381805419922e-01 1.561725288629531860e-01 2.389199882745742798e-01 2.779922485351562500e-01 3.332321643829345703e-01 6.810965538024902344e-01 3.697490096092224121e-01
6.147570013999938965e-01 5.660367012023925781e-01 3.962656855583190918e-01 7.233750820159912109e-01 6.814339011907577515e-02 2.389199882745742798e-01 6.925538182258605957e-01 8.146483898162841797e-01 8.660382032394409180e-01 1.501932740211486816e-01
3.585176765918731689e-01 7.436566799879074097e-02 4.298775494098663330e-01 3.324442729353904724e-02 7.202818244695663452e-02 2.389199882745742798e-01 4.534551203250885010e-01 3.813222050666809082e-01 5.855488777160644531e-01 3.345437645912170410e-01
5.810947418212890625e-01 4.410512745380401611e-01 5.000000000000000000e-01 7.798708081245422363e-01 7.659023255109786987e-02 2.389199882745742798e-01 4.336873590946197510e-01 5.416747927665710449e-01 7.122694253921508789e-01 3.935592770576477051e-01
5.810947418212890625e-01 5.889885425567626953e-01 4.298775494098663330e-01 6.870412081480026245e-02 1.108559519052505493e-01 2.389199882745742798e-01 4.817158281803131104e-01 2.052066028118133545e-01 3.223284780979156494e-01 8.587650954723358154e-02
5.810947418212890625e-01 1.282201558351516724e-01 6.980606913566589355e-01 4.895143210887908936e-01 9.460117667913436890e-02 2.389199882745742798e-01 3.185815513134002686e-01 3.117710947990417480e-01 4.228801727294921875e-01 6.775584071874618530e-02
6.147570013999938965e-01 8.808374404907226562e-01 3.962656855583190918e-01 8.457644581794738770e-01 2.008297294378280640e-01 2.389199882745742798e-01 7.098895907402038574e-01 5.699151754379272461e-01 5.921805500984191895e-01 2.440829575061798096e-01
5.810947418212890625e-01 3.407082557678222656e-01 5.518758893013000488e-01 4.785588383674621582e-01 2.383989542722702026e-01 2.389199882745742798e-01 4.336873590946197510e-01 5.699151754379272461e-01 3.226577639579772949e-01 4.074670374393463135e-01
5.810947418212890625e-01 6.335151791572570801e-01 5.518758893013000488e-01 8.605168461799621582e-01 5.057410895824432373e-02 2.389199882745742798e-01 2.104937285184860229e-01 3.591203689575195312e-01 8.277430534362792969e-01 4.351874887943267822e-01
6.147570013999938965e-01 3.932797312736511230e-01 3.962656855583190918e-01 2.338269203901290894e-01 5.184274911880493164e-02 2.389199882745742798e-01 5.796337723731994629e-01 5.699151754379272461e-01 7.711575627326965332e-01 1.360349357128143311e-01
6.147570013999938965e-01 2.796600162982940674e-01 3.962656855583190918e-01 7.170878052711486816e-01 2.904006242752075195e-01 2.389199882745742798e-01 4.336873590946197510e-01 5.699151754379272461e-01 7.387221455574035645e-01 3.935592770576477051e-01
6.147570013999938965e-01 5.599222183227539062e-01 7.718945741653442383e-01 3.270890414714813232e-01 2.314136028289794922e-01 2.389199882745742798e-01 2.779922485351562500e-01 3.591203689575195312e-01 9.548141956329345703e-01 2.796231508255004883e-01
3.981347978115081787e-01 4.897167980670928955e-01 5.518758893013000488e-01 4.215438663959503174e-01 4.255632758140563965e-01 2.389199882745742798e-01 4.101122319698333740e-01 5.699151754379272461e-01 6.024968624114990234e-01 2.961390614509582520e-01
6.147570013999938965e-01 5.294165015220642090e-01 3.962656855583190918e-01 9.252491593360900879e-01 7.094326615333557129e-01 2.389199882745742798e-01 4.101122319698333740e-01 5.699151754379272461e-01 8.730406761169433594e-01 1.284911930561065674e-01
6.147570013999938965e-01 8.610240817070007324e-01 7.718945741653442383e-01 8.875347971916198730e-01 5.064482688903808594e-01 2.389199882745742798e-01 5.523267984390258789e-01 5.099353194236755371e-01 9.507744014263153076e-02 3.934577107429504395e-01
5.810947418212890625e-01 5.346113443374633789e-01 5.518758893013000488e-01 7.223276495933532715e-01 5.904203057289123535e-01 2.389199882745742798e-01 7.327066659927368164e-01 5.699151754379272461e-01 3.222256898880004883e-01 1.425236612558364868e-01
6.147570013999938965e-01 3.063464164733886719e-01 5.518758893013000488e-01 4.384351670742034912e-01 2.253913432359695435e-01 2.389199882745742798e-01 5.802079439163208008e-01 7.994245290756225586e-01 6.690684556961059570e-01 1.577578634023666382e-01
6.147570013999938965e-01 5.669889450073242188e-01 5.518758893013000488e-01 2.452533394098281860e-01 7.385423779487609863e-02 2.389199882745742798e-01 5.523267984390258789e-01 5.699151754379272461e-01 2.079096138477325439e-01 5.348328128457069397e-02
4.337267279624938965e-01 2.810426801443099976e-02 4.298775494098663330e-01 7.973241209983825684e-01 7.301472872495651245e-02 2.389199882745742798e-01 7.260416150093078613e-01 3.117710947990417480e-01 1.593793183565139771e-01 1.161645725369453430e-01
6.147570013999938965e-01 5.383589267730712891e-01 7.718945741653442383e-01 8.687095642089843750e-01 4.739705622196197510e-01 2.389199882745742798e-01 7.098895907402038574e-01 7.578527331352233887e-01 4.017961323261260986e-01 4.116176366806030273e-01
5.810947418212890625e-01 1.888788491487503052e-02 4.298775494098663330e-01 6.044996529817581177e-02 1.629908978939056396e-01 2.389199882745742798e-01 4.610959589481353760e-01 2.623846828937530518e-01 2.997197210788726807e-01 4.595616161823272705e-01
6.147570013999938965e-01 8.570761233568191528e-02 5.518758893013000488e-01 9.876314997673034668e-01 6.003835201263427734e-01 2.389199882745742798e-01 4.336873590946197510e-01 5.699151754379272461e-01 4.919155836105346680e-01 1.321538835763931274e-01
3.981347978115081787e-01 5.431287288665771484e-01 5.518758893013000488e-01 2.864115238189697266e-01 8.477492630481719971e-02 2.389199882745742798e-01 7.327066659927368164e-01 5.699151754379272461e-01 6.234392523765563965e-01 1.767409741878509521e-01
3.585176765918731689e-01 7.291316986083984375e-01 5.518758893013000488e-01 3.731866180896759033e-01 3.618551194667816162e-01 2.389199882745742798e-01 3.861257731914520264e-01 3.591203689575195312e-01 5.181459784507751465e-01 6.792597472667694092e-02
4.337267279624938965e-01 6.462565660476684570e-01 4.298775494098663330e-01 9.015471935272216797e-01 1.907129287719726562e-01 2.389199882745742798e-01 4.534551203250885010e-01 3.261393606662750244e-01 9.425428509712219238e-01 4.239093363285064697e-01
6.147570013999938965e-01 5.618217587471008301e-01 7.718945741653442383e-01 5.789510607719421387e-01 1.049347370862960815e-01 2.389199882745742798e-01 4.336873590946197510e-01 5.416747927665710449e-01 5.224099159240722656e-01 4.685273766517639160e-02
6.147570013999938965e-01 1.066357940435409546e-01 3.962656855583190918e-01 9.209060668945312500e-02 4.033791124820709229e-01 2.389199882745742798e-01 2.785643935203552246e-01 5.699151754379272461e-01 3.306115418672561646e-02 1.767714321613311768e-01
6.147570013999938965e-01 4.123636484146118164e-01 5.518758893013000488e-01 4.179707765579223633e-01 3.621234297752380371e-01 2.389199882745742798e-01 7.098895907402038574e-01 5.699151754379272461e-01 3.530699908733367920e-01 2.592551708221435547e-01
3.981347978115081787e-01 6.202436089515686035e-01 7.718945741653442383e-01 6.115812659263610840e-01 1.754553020000457764e-01 2.389199882745742798e-01 7.098895907402038574e-01 5.099353194236755371e-01 3.411468267440795898e-01 5.701592937111854553e-02
6.147570013999938965e-01 9.752131253480911255e-02 3.962656855583190918e-01 1.103642955422401428e-01 1.297112256288528442e-01 2.389199882745742798e-01 5.796337723731994629e-01 5.699151754379272461e-01 2.279024720191955566e-01 2.737731337547302246e-01
4.337267279624938965e-01 2.917006313800811768e-01 4.298775494098663330e-01 9.031671285629272461e-01 9.177255630493164062e-02 2.389199882745742798e-01 3.185815513134002686e-01 3.813222050666809082e-01 2.154709398746490479e-01 1.684693247079849243e-01
2.768813967704772949e-01 1.429207921028137207e-01 4.298775494098663330e-01 3.348907232284545898e-01 3.525141254067420959e-02 2.389199882745742798e-01 3.185815513134002686e-01 3.117710947990417480e-01 4.244209229946136475e-01 2.649081051349639893e-01
6.147570013999938965e-01 5.883502960205078125e-02 7.718945741653442383e-01 3.521622717380523682e-01 4.178299009799957275e-01 2.389199882745742798e-01 7.098895907402038574e-01 8.058258891105651855e-01 4.201334416866302490e-01 1.349355876445770264e-01
3.981347978115081787e-01 5.230455994606018066e-01 5.518758893013000488e-01 4.790706634521484375e-01 9.527393430471420288e-02 2.389199882745742798e-01 5.796337723731994629e-01 4.302802979946136475e-01 5.280687212944030762e-01 2.531830370426177979e-01
3.981347978115081787e-01 3.075425699353218079e-02 4.298775494098663330e-01 4.622261524200439453e-01 5.822004079818725586e-01 2.389199882745742798e-01 2.061336636543273926e-01 3.117710947990417480e-01 6.253265589475631714e-02 1.410373151302337646e-01
6.147570013999938965e-01 1.466940939426422119e-01 5.518758893013000488e-01 1.818244904279708862e-01 1.855282038450241089e-01 2.389199882745742798e-01 5.796337723731994629e-01 5.699151754379272461e-01 1.508191525936126709e-01 1.644140034914016724e-01
3.981347978115081787e-01 1.949073374271392822e-01 4.298775494098663330e-01 1.606725752353668213e-01 4.520456120371818542e-02 2.389199882745742798e-01 4.534551203250885010e-01 3.813222050666809082e-01 6.242559552192687988e-01 3.523892462253570557e-01
6.147570013999938965e-01 2.952318191528320312e-01 5.518758893013000488e-01 8.497622013092041016e-01 2.391783334314823151e-02 2.389199882745742798e-01 7.098895907402038574e-01 5.699151754379272461e-01 8.988369703292846680e-01 3.866048157215118408e-01
3.981347978115081787e-01 5.024592280387878418e-01 7.718945741653442383e-01 3.805214762687683105e-01 4.162428081035614014e-01 2.389199882745742798e-01 7.098895907402038574e-01 5.699151754379272461e-01 1.790505498647689819e-01 2.730128467082977295e-01
6.147570013999938965e-01 5.325879454612731934e-01 5.518758893013000488e-01 6.685703992843627930e-02 3.640065789222717285e-01 2.389199882745742798e-01 4.336873590946197510e-01 5.699151754379272461e-01 8.911609053611755371e-01 3.695760071277618408e-01
6.147570013999938965e-01 1.925651133060455322e-01 5.518758893013000488e-01 1.000796556472778320e-01 4.624693691730499268e-01 2.389199882745742798e-01 5.796337723731994629e-01 5.699151754379272461e-01 4.108103513717651367e-01 5.460563898086547852e-01
5.810947418212890625e-01 4.112311005592346191e-01 5.518758893013000488e-01 7.474768161773681641e-02 7.308737933635711670e-02 2.389199882745742798e-01 5.796337723731994629e-01 7.994245290756225586e-01 3.595694899559020996e-01 5.840958356857299805e-01
