4.611898064613342285e-01 4.454024434089660645e-01 5.089834928512573242e-01 4.899002015590667725e-01 4.711998999118804932e-01 6.039518713951110840e-01 4.513942003250122070e-01 5.720062851905822754e-01 4.620655477046966553e-01 6.377742886543273926e-01
5.070965886116027832e-01 5.051347613334655762e-01 6.327844262123107910e-01 4.493985474109649658e-01 4.922236204147338867e-01 4.793362021446228027e-01 6.156467795372009277e-01 5.868141651153564453e-01 5.006374716758728027e-01 5.651586651802062988e-01
5.070965886116027832e-01 5.077565908432006836e-01 5.687027573585510254e-01 4.716215431690216064e-01 4.711998999118804932e-01 4.527287781238555908e-01 4.057182669639587402e-01 5.066397786140441895e-01 4.620655477046966553e-01 4.968517124652862549e-01
5.070965886116027832e-01 5.077565908432006836e-01 5.687027573585510254e-01 4.716215431690216064e-01 4.711998999118804932e-01 5.114839076995849609e-01 5.666295886039733887e-01 5.564439296722412109e-01 4.620655477046966553e-01 5.903602242469787598e-01
5.070965886116027832e-01 5.077565908432006836e-01 5.687027573585510254e-01 5.303138494491577148e-01 4.711998999118804932e-01 6.459114551544189453e-01 6.022263169288635254e-01 5.980286002159118652e-01 4.620655477046966553e-01 6.307004094123840332e-01
5.070965886116027832e-01 5.051347613334655762e-01 6.327844262123107910e-01 5.079840421676635742e-01 4.922236204147338867e-01 6.570671200752258301e-01 6.670151948928833008e-01 7.070361375808715820e-01 5.006374716758728027e-01 6.811213493347167969e-01
5.070965886116027832e-01 5.077565908432006836e-01 5.687027573585510254e-01 5.303138494491577148e-01 4.711998999118804932e-01 6.185318231582641602e-01 5.256575345993041992e-01 5.491101741790771484e-01 4.620655477046966553e-01 5.392129421234130859e-01
5.632941722869873047e-01 5.807012915611267090e-01 6.172802448272705078e-01 5.784719586372375488e-01 5.317721366882324219e-01 5.687130689620971680e-01 5.322543382644653320e-01 5.628209710121154785e-01 4.620655477046966553e-01 5.186983346939086914e-01
5.632941722869873047e-01 5.807012915611267090e-01 6.172802448272705078e-01 5.784719586372375488e-01 5.184114575386047363e-01 6.323001384735107422e-01 6.963813900947570801e-01 5.025502443313598633e-01 5.479764938354492188e-01 5.939307808876037598e-01
5.632941722869873047e-01 5.807012915611267090e-01 6.172802448272705078e-01 5.784719586372375488e-01 5.184114575386047363e-01 6.323001384735107422e-01 6.963813900947570801e-01 5.025502443313598633e-01 5.479764938354492188e-01 5.939307808876037598e-01
5.632941722869873047e-01 5.807012915611267090e-01 6.172802448272705078e-01 5.784719586372375488e-01 5.184114575386047363e-01 6.601276397705078125e-01 6.874764561653137207e-01 5.637298226356506348e-01 5.479764938354492188e-01 6.189040541648864746e-01
5.632941722869873047e-01 5.807012915611267090e-01 6.172802448272705078e-01 5.784719586372375488e-01 5.184114575386047363e-01 6.601276397705078125e-01 6.874764561653137207e-01 5.637298226356506348e-01 5.479764938354492188e-01 6.189040541648864746e-01
5.070965886116027832e-01 5.077565908432006836e-01 5.687027573585510254e-01 5.303138494491577148e-01 5.243986248970031738e-01 5.573243498802185059e-01 6.620311141014099121e-01 4.886665940284729004e-01 5.479764938354492188e-01 6.136273741722106934e-01
5.632941722869873047e-01 5.807012915611267090e-01 6.172802448272705078e-01 5.784719586372375488e-01 5.317721366882324219e-01 5.687130689620971680e-01 5.322543382644653320e-01 5.628209710121154785e-01 4.620655477046966553e-01 5.186983346939086914e-01
5.070965886116027832e-01 5.077565908432006836e-01 5.687027573585510254e-01 5.303138494491577148e-01 5.243986248970031738e-01 5.573243498802185059e-01 6.620311141014099121e-01 4.886665940284729004e-01 5.479764938354492188e-01 6.136273741722106934e-01
5.070965886116027832e-01 5.077565908432006836e-01 5.687027573585510254e-01 5.303138494491577148e-01 4.711998999118804932e-01 6.459114551544189453e-01 6.022263169288635254e-01 5.980286002159118652e-01 4.620655477046966553e-01 6.307004094123840332e-01
5.070965886116027832e-01 5.077565908432006836e-01 5.687027573585510254e-01 5.303138494491577148e-01 4.711998999118804932e-01 6.459114551544189453e-01 6.022263169288635254e-01 5.980286002159118652e-01 4.620655477046966553e-01 6.307004094123840332e-01
5.070965886116027832e-01 5.077565908432006836e-01 5.687027573585510254e-01 5.303138494491577148e-01 4.711998999118804932e-01 6.459114551544189453e-01 6.022263169288635254e-01 5.980286002159118652e-01 4.620655477046966553e-01 6.307004094123840332e-01
5.070965886116027832e-01 5.077565908432006836e-01 5.687027573585510254e-01 5.303138494491577148e-01 4.711998999118804932e-01 6.459114551544189453e-01 6.022263169288635254e-01 5.980286002159118652e-01 4.620655477046966553e-01 6.307004094123840332e-01
5.070965886116027832e-01 5.077565908432006836e-01 5.687027573585510254e-01 5.303138494491577148e-01 4.711998999118804932e-01 6.459114551544189453e-01 6.022263169288635254e-01 5.980286002159118652e-01 4.620655477046966553e-01 6.307004094123840332e-01
5.070965886116027832e-01 5.077565908432006836e-01 5.687027573585510254e-01 5.303138494491577148e-01 4.711998999118804932e-01 6.459114551544189453e-01 6.022263169288635254e-01 5.980286002159118652e-01 4.620655477046966553e-01 6.307004094123840332e-01
5.070965886116027832e-01 4.451256394386291504e-01 4.933493137359619141e-01 4.762968122959136963e-01 4.711998999118804932e-01 4.215767383575439453e-01 4.243515133857727051e-01 5.215322971343994141e-01 4.620655477046966553e-01 4.010349810123443604e-01
5.070965886116027832e-01 4.451256394386291504e-01 4.933493137359619141e-01 4.382169246673583984e-01 4.711998999118804932e-01 1.895765811204910278e-01 3.017394244670867920e-01 3.788636624813079834e-01 4.620655477046966553e-01 3.373689055442810059e-01
5.070965886116027832e-01 4.451256394386291504e-01 4.933493137359619141e-01 4.382169246673583984e-01 4.711998999118804932e-01 1.895765811204910278e-01 3.017394244670867920e-01 3.788636624813079834e-01 4.620655477046966553e-01 3.373689055442810059e-01
5.070965886116027832e-01 5.077565908432006836e-01 5.687027573585510254e-01 4.517977833747863770e-01 5.243986248970031738e-01 4.936160445213317871e-01 6.284847259521484375e-01 4.462443292140960693e-01 5.479764938354492188e-01 5.726857185363769531e-01
5.070965886116027832e-01 5.077565908432006836e-01 5.687027573585510254e-01 5.850360989570617676e-01 5.243986248970031738e-01 6.478238105773925781e-01 6.328853368759155273e-01 6.877468228340148926e-01 5.479764938354492188e-01 6.498219966888427734e-01
5.070965886116027832e-01 5.077565908432006836e-01 5.687027573585510254e-01 5.850360989570617676e-01 4.711998999118804932e-01 5.356298089027404785e-01 4.955169260501861572e-01 5.485007166862487793e-01 4.620655477046966553e-01 5.518593192100524902e-01
5.070965886116027832e-01 5.077565908432006836e-01 5.687027573585510254e-01 5.850360989570617676e-01 4.711998999118804932e-01 5.356298089027404785e-01 4.955169260501861572e-01 5.485007166862487793e-01 4.620655477046966553e-01 5.518593192100524902e-01
5.070965886116027832e-01 5.077565908432006836e-01 5.687027573585510254e-01 5.850360989570617676e-01 4.711998999118804932e-01 5.062415003776550293e-01 5.000845193862915039e-01 4.986082911491394043e-01 4.620655477046966553e-01 5.392129421234130859e-01
5.070965886116027832e-01 5.077565908432006836e-01 5.687027573585510254e-01 5.850360989570617676e-01 5.243986248970031738e-01 6.750801801681518555e-01 6.691084504127502441e-01 7.380231022834777832e-01 5.479764938354492188e-01 6.381273865699768066e-01
5.070965886116027832e-01 5.077565908432006836e-01 5.687027573585510254e-01 5.850360989570617676e-01 4.711998999118804932e-01 5.356298089027404785e-01 4.955169260501861572e-01 5.485007166862487793e-01 4.620655477046966553e-01 5.518593192100524902e-01
5.070965886116027832e-01 5.077565908432006836e-01 5.687027573585510254e-01 5.303138494491577148e-01 4.711998999118804932e-01 6.185318231582641602e-01 5.256575345993041992e-01 5.491101741790771484e-01 4.620655477046966553e-01 5.392129421234130859e-01
5.632941722869873047e-01 5.807012915611267090e-01 6.172802448272705078e-01 5.784719586372375488e-01 5.184114575386047363e-01 6.601276397705078125e-01 6.874764561653137207e-01 5.637298226356506348e-01 5.479764938354492188e-01 6.189040541648864746e-01
5.070965886116027832e-01 5.077565908432006836e-01 5.687027573585510254e-01 5.303138494491577148e-01 5.243986248970031738e-01 5.573243498802185059e-01 6.620311141014099121e-01 4.886665940284729004e-01 5.479764938354492188e-01 6.136273741722106934e-01
5.070965886116027832e-01 5.077565908432006836e-01 5.687027573585510254e-01 5.303138494491577148e-01 5.243986248970031738e-01 5.573243498802185059e-01 6.620311141014099121e-01 4.886665940284729004e-01 5.479764938354492188e-01 6.136273741722106934e-01
5.070965886116027832e-01 5.077565908432006836e-01 5.687027573585510254e-01 5.303138494491577148e-01 4.711998999118804932e-01 6.459114551544189453e-01 6.022263169288635254e-01 5.980286002159118652e-01 4.620655477046966553e-01 6.307004094123840332e-01
5.070965886116027832e-01 5.077565908432006836e-01 5.687027573585510254e-01 4.716215431690216064e-01 4.711998999118804932e-01 5.114839076995849609e-01 5.666295886039733887e-01 5.564439296722412109e-01 4.620655477046966553e-01 5.903602242469787598e-01
5.070965886116027832e-01 5.077565908432006836e-01 5.687027573585510254e-01 4.716215431690216064e-01 4.711998999118804932e-01 5.114839076995849609e-01 5.666295886039733887e-01 5.564439296722412109e-01 4.620655477046966553e-01 5.903602242469787598e-01
5.070965886116027832e-01 5.077565908432006836e-01 5.687027573585510254e-01 4.716215431690216064e-01 4.711998999118804932e-01 4.603217542171478271e-01 4.608602225780487061e-01 5.060244798660278320e-01 4.620655477046966553e-01 5.096033215522766113e-01
5.070965886116027832e-01 4.451256394386291504e-01 4.933493137359619141e-01 4.605240225791931152e-01 4.711998999118804932e-01 4.944909512996673584e-01 4.456982612609863281e-01 3.853999078273773193e-01 4.620655477046966553e-01 5.024514198303222656e-01
5.070965886116027832e-01 4.451256394386291504e-01 4.933493137359619141e-01 4.382169246673583984e-01 4.711998999118804932e-01 3.590689599514007568e-01 4.058349728584289551e-01 4.484936892986297607e-01 4.620655477046966553e-01 4.108118414878845215e-01
5.070965886116027832e-01 4.451256394386291504e-01 4.933493137359619141e-01 4.605240225791931152e-01 4.711998999118804932e-01 4.944909512996673584e-01 4.456982612609863281e-01 3.853999078273773193e-01 4.620655477046966553e-01 5.024514198303222656e-01
5.070965886116027832e-01 4.451256394386291504e-01 4.933493137359619141e-01 4.382169246673583984e-01 4.711998999118804932e-01 3.590689599514007568e-01 4.058349728584289551e-01 4.484936892986297607e-01 4.620655477046966553e-01 4.108118414878845215e-01
5.070965886116027832e-01 4.451256394386291504e-01 4.933493137359619141e-01 4.382169246673583984e-01 4.711998999118804932e-01 3.590689599514007568e-01 4.058349728584289551e-01 4.484936892986297607e-01 4.620655477046966553e-01 4.108118414878845215e-01
5.070965886116027832e-01 4.451256394386291504e-01 4.933493137359619141e-01 4.605240225791931152e-01 4.711998999118804932e-01 4.944909512996673584e-01 4.456982612609863281e-01 3.853999078273773193e-01 4.620655477046966553e-01 5.024514198303222656e-01
5.070965886116027832e-01 4.451256394386291504e-01 4.933493137359619141e-01 4.382169246673583984e-01 4.711998999118804932e-01 3.590689599514007568e-01 4.058349728584289551e-01 4.484936892986297607e-01 4.620655477046966553e-01 4.108118414878845215e-01
5.070965886116027832e-01 4.451256394386291504e-01 4.933493137359619141e-01 4.382169246673583984e-01 4.711998999118804932e-01 2.680546939373016357e-01 2.770605683326721191e-01 3.996460139751434326e-01 4.620655477046966553e-01 3.373689055442810059e-01
5.070965886116027832e-01 4.451256394386291504e-01 4.933493137359619141e-01 4.382169246673583984e-01 4.711998999118804932e-01 2.680546939373016357e-01 2.770605683326721191e-01 3.996460139751434326e-01 4.620655477046966553e-01 3.373689055442810059e-01
5.070965886116027832e-01 4.451256394386291504e-01 4.933493137359619141e-01 4.382169246673583984e-01 4.711998999118804932e-01 3.590689599514007568e-01 4.058349728584289551e-01 4.484936892986297607e-01 4.620655477046966553e-01 4.108118414878845215e-01
5.070965886116027832e-01 4.451256394386291504e-01 4.933493137359619141e-01 4.762968122959136963e-01 4.711998999118804932e-01 3.630855679512023926e-01 4.557130038738250732e-01 4.715310335159301758e-01 4.620655477046966553e-01 3.283657729625701904e-01
5.070965886116027832e-01 5.077565908432006836e-01 5.687027573585510254e-01 5.303138494491577148e-01 4.711998999118804932e-01 6.185318231582641602e-01 5.256575345993041992e-01 5.491101741790771484e-01 4.620655477046966553e-01 5.392129421234130859e-01
5.070965886116027832e-01 5.077565908432006836e-01 5.687027573585510254e-01 5.850360989570617676e-01 4.711998999118804932e-01 5.356298089027404785e-01 4.955169260501861572e-01 5.485007166862487793e-01 4.620655477046966553e-01 5.518593192100524902e-01
5.070965886116027832e-01 5.077565908432006836e-01 5.687027573585510254e-01 5.850360989570617676e-01 4.711998999118804932e-01 5.356298089027404785e-01 4.955169260501861572e-01 5.485007166862487793e-01 4.620655477046966553e-01 5.518593192100524902e-01
5.070965886116027832e-01 5.077565908432006836e-01 5.687027573585510254e-01 5.850360989570617676e-01 4.711998999118804932e-01 5.356298089027404785e-01 4.955169260501861572e-01 5.485007166862487793e-01 4.620655477046966553e-01 5.518593192100524902e-01
5.070965886116027832e-01 5.077565908432006836e-01 5.687027573585510254e-01 5.850360989570617676e-01 4.711998999118804932e-01 5.356298089027404785e-01 4.955169260501861572e-01 5.485007166862487793e-01 4.620655477046966553e-01 5.518593192100524902e-01
5.070965886116027832e-01 5.077565908432006836e-01 5.687027573585510254e-01 4.716215431690216064e-01 4.711998999118804932e-01 4.603217542171478271e-01 4.608602225780487061e-01 5.060244798660278320e-01 4.620655477046966553e-01 5.096033215522766113e-01
5.070965886116027832e-01 5.077565908432006836e-01 5.687027573585510254e-01 4.716215431690216064e-01 4.711998999118804932e-01 4.603217542171478271e-01 4.608602225780487061e-01 5.060244798660278320e-01 4.620655477046966553e-01 5.096033215522766113e-01
5.070965886116027832e-01 5.077565908432006836e-01 5.687027573585510254e-01 5.850360989570617676e-01 4.711998999118804932e-01 5.356298089027404785e-01 4.955169260501861572e-01 5.485007166862487793e-01 4.620655477046966553e-01 5.518593192100524902e-01
5.070965886116027832e-01 5.077565908432006836e-01 5.687027573585510254e-01 5.850360989570617676e-01 4.711998999118804932e-01 5.356298089027404785e-01 4.955169260501861572e-01 5.485007166862487793e-01 4.620655477046966553e-01 5.518593192100524902e-01
5.070965886116027832e-01 5.077565908432006836e-01 5.687027573585510254e-01 4.716215431690216064e-01 4.711998999118804932e-01 4.603217542171478271e-01 4.608602225780487061e-01 5.060244798660278320e-01 4.620655477046966553e-01 5.096033215522766113e-01
5.070965886116027832e-01 5.077565908432006836e-01 5.687027573585510254e-01 5.850360989570617676e-01 4.711998999118804932e-01 5.356298089027404785e-01 4.955169260501861572e-01 5.485007166862487793e-01 4.620655477046966553e-01 5.518593192100524902e-01
5.070965886116027832e-01 5.077565908432006836e-01 5.687027573585510254e-01 4.716215431690216064e-01 4.711998999118804932e-01 4.527287781238555908e-01 4.057182669639587402e-01 5.066397786140441895e-01 4.620655477046966553e-01 4.968517124652862549e-01
5.070965886116027832e-01 5.077565908432006836e-01 5.687027573585510254e-01 4.517977833747863770e-01 5.243986248970031738e-01 6.472566723823547363e-01 6.000486612319946289e-01 6.500117778778076172e-01 5.479764938354492188e-01 6.102799177169799805e-01
5.070965886116027832e-01 5.077565908432006836e-01 5.687027573585510254e-01 4.716215431690216064e-01 4.711998999118804932e-01 4.603217542171478271e-01 4.608602225780487061e-01 5.060244798660278320e-01 4.620655477046966553e-01 5.096033215522766113e-01
5.070965886116027832e-01 4.889642596244812012e-01 4.912022054195404053e-01 4.864861369132995605e-01 4.711998999118804932e-01 4.361792504787445068e-01 4.399481415748596191e-01 3.761387169361114502e-01 4.620655477046966553e-01 4.743396639823913574e-01
5.070965886116027832e-01 4.889642596244812012e-01 4.912022054195404053e-01 5.090239644050598145e-01 4.711998999118804932e-01 4.608963131904602051e-01 4.482634067535400391e-01 3.423531055450439453e-01 4.620655477046966553e-01 4.743396639823913574e-01
5.070965886116027832e-01 4.889642596244812012e-01 4.912022054195404053e-01 4.864861369132995605e-01 4.711998999118804932e-01 4.361792504787445068e-01 4.399481415748596191e-01 3.761387169361114502e-01 4.620655477046966553e-01 4.743396639823913574e-01
5.070965886116027832e-01 4.889642596244812012e-01 4.912022054195404053e-01 4.864861369132995605e-01 4.711998999118804932e-01 4.361792504787445068e-01 4.399481415748596191e-01 3.761387169361114502e-01 4.620655477046966553e-01 4.743396639823913574e-01
5.070965886116027832e-01 5.480094552040100098e-01 4.912022054195404053e-01 5.303676128387451172e-01 5.243986248970031738e-01 6.246579885482788086e-01 5.796107053756713867e-01 5.885000228881835938e-01 5.479764938354492188e-01 5.762357115745544434e-01
5.070965886116027832e-01 5.480094552040100098e-01 4.912022054195404053e-01 5.303676128387451172e-01 5.243986248970031738e-01 6.255872845649719238e-01 5.926567316055297852e-01 6.465435624122619629e-01 5.479764938354492188e-01 5.637334585189819336e-01
5.632941722869873047e-01 5.807012915611267090e-01 6.172802448272705078e-01 5.784719586372375488e-01 5.317721366882324219e-01 5.687130689620971680e-01 5.322543382644653320e-01 5.628209710121154785e-01 4.620655477046966553e-01 5.186983346939086914e-01
5.632941722869873047e-01 5.807012915611267090e-01 6.172802448272705078e-01 5.784719586372375488e-01 5.184114575386047363e-01 6.601276397705078125e-01 6.874764561653137207e-01 5.637298226356506348e-01 5.479764938354492188e-01 6.189040541648864746e-01
5.070965886116027832e-01 5.077565908432006836e-01 5.687027573585510254e-01 5.850360989570617676e-01 4.711998999118804932e-01 5.356298089027404785e-01 4.955169260501861572e-01 5.485007166862487793e-01 4.620655477046966553e-01 5.518593192100524902e-01
5.070965886116027832e-01 4.451256394386291504e-01 4.933493137359619141e-01 4.762968122959136963e-01 4.711998999118804932e-01 5.197719335556030273e-01 4.646113812923431396e-01 4.566717147827148438e-01 4.620655477046966553e-01 4.923158884048461914e-01
5.070965886116027832e-01 4.451256394386291504e-01 4.933493137359619141e-01 4.762968122959136963e-01 4.711998999118804932e-01 5.240887403488159180e-01 3.893965780735015869e-01 4.051429927349090576e-01 4.620655477046966553e-01 5.010818839073181152e-01
5.070965886116027832e-01 4.451256394386291504e-01 4.933493137359619141e-01 4.762968122959136963e-01 4.711998999118804932e-01 4.215767383575439453e-01 4.243515133857727051e-01 5.215322971343994141e-01 4.620655477046966553e-01 4.010349810123443604e-01
5.070965886116027832e-01 4.451256394386291504e-01 4.933493137359619141e-01 4.762968122959136963e-01 4.711998999118804932e-01 4.215767383575439453e-01 4.243515133857727051e-01 5.215322971343994141e-01 4.620655477046966553e-01 4.010349810123443604e-01
5.070965886116027832e-01 4.451256394386291504e-01 4.933493137359619141e-01 4.762968122959136963e-01 4.711998999118804932e-01 4.215767383575439453e-01 4.243515133857727051e-01 5.215322971343994141e-01 4.620655477046966553e-01 4.010349810123443604e-01
5.070965886116027832e-01 4.451256394386291504e-01 4.933493137359619141e-01 4.762968122959136963e-01 4.711998999118804932e-01 4.215767383575439453e-01 4.243515133857727051e-01 5.215322971343994141e-01 4.620655477046966553e-01 4.010349810123443604e-01
5.070965886116027832e-01 4.451256394386291504e-01 4.933493137359619141e-01 4.382169246673583984e-01 4.711998999118804932e-01 3.590689599514007568e-01 4.058349728584289551e-01 4.484936892986297607e-01 4.620655477046966553e-01 4.108118414878845215e-01
5.070965886116027832e-01 4.451256394386291504e-01 4.933493137359619141e-01 4.382169246673583984e-01 4.711998999118804932e-01 3.590689599514007568e-01 4.058349728584289551e-01 4.484936892986297607e-01 4.620655477046966553e-01 4.108118414878845215e-01
5.070965886116027832e-01 4.451256394386291504e-01 4.933493137359619141e-01 4.382169246673583984e-01 4.711998999118804932e-01 3.590689599514007568e-01 4.058349728584289551e-01 4.484936892986297607e-01 4.620655477046966553e-01 4.108118414878845215e-01
5.070965886116027832e-01 4.451256394386291504e-01 4.933493137359619141e-01 4.382169246673583984e-01 4.711998999118804932e-01 3.590689599514007568e-01 4.058349728584289551e-01 4.484936892986297607e-01 4.620655477046966553e-01 4.108118414878845215e-01
5.070965886116027832e-01 4.451256394386291504e-01 4.933493137359619141e-01 4.382169246673583984e-01 4.711998999118804932e-01 3.590689599514007568e-01 4.058349728584289551e-01 4.484936892986297607e-01 4.620655477046966553e-01 4.108118414878845215e-01
5.070965886116027832e-01 4.451256394386291504e-01 4.933493137359619141e-01 4.382169246673583984e-01 4.711998999118804932e-01 2.680546939373016357e-01 2.770605683326721191e-01 3.996460139751434326e-01 4.620655477046966553e-01 3.373689055442810059e-01
5.070965886116027832e-01 5.077565908432006836e-01 5.687027573585510254e-01 5.303138494491577148e-01 4.711998999118804932e-01 6.185318231582641602e-01 5.256575345993041992e-01 5.491101741790771484e-01 4.620655477046966553e-01 5.392129421234130859e-01
5.632941722869873047e-01 5.807012915611267090e-01 6.172802448272705078e-01 5.784719586372375488e-01 5.184114575386047363e-01 6.601276397705078125e-01 6.874764561653137207e-01 5.637298226356506348e-01 5.479764938354492188e-01 6.189040541648864746e-01
5.070965886116027832e-01 5.077565908432006836e-01 5.687027573585510254e-01 5.850360989570617676e-01 4.711998999118804932e-01 5.356298089027404785e-01 4.955169260501861572e-01 5.485007166862487793e-01 4.620655477046966553e-01 5.518593192100524902e-01
5.070965886116027832e-01 5.077565908432006836e-01 5.687027573585510254e-01 5.850360989570617676e-01 4.711998999118804932e-01 5.356298089027404785e-01 4.955169260501861572e-01 5.485007166862487793e-01 4.620655477046966553e-01 5.518593192100524902e-01
5.070965886116027832e-01 5.077565908432006836e-01 5.687027573585510254e-01 5.303138494491577148e-01 4.711998999118804932e-01 6.459114551544189453e-01 6.022263169288635254e-01 5.980286002159118652e-01 4.620655477046966553e-01 6.307004094123840332e-01
5.070965886116027832e-01 5.077565908432006836e-01 5.687027573585510254e-01 5.303138494491577148e-01 4.711998999118804932e-01 6.185318231582641602e-01 5.256575345993041992e-01 5.491101741790771484e-01 4.620655477046966553e-01 5.392129421234130859e-01
5.070965886116027832e-01 5.051347613334655762e-01 6.327844262123107910e-01 4.493985474109649658e-01 4.922236204147338867e-01 5.237521529197692871e-01 6.336897611618041992e-01 6.705153584480285645e-01 5.006374716758728027e-01 6.431728005409240723e-01
5.070965886116027832e-01 5.077565908432006836e-01 5.687027573585510254e-01 4.941333830356597900e-01 4.711998999118804932e-01 4.852295219898223877e-01 4.692396223545074463e-01 3.955700099468231201e-01 4.620655477046966553e-01 5.096033215522766113e-01
5.070965886116027832e-01 5.077565908432006836e-01 5.687027573585510254e-01 4.716215431690216064e-01 4.711998999118804932e-01 4.603217542171478271e-01 4.608602225780487061e-01 5.060244798660278320e-01 4.620655477046966553e-01 5.096033215522766113e-01
5.070965886116027832e-01 5.077565908432006836e-01 5.687027573585510254e-01 4.716215431690216064e-01 4.711998999118804932e-01 4.603217542171478271e-01 4.608602225780487061e-01 5.060244798660278320e-01 4.620655477046966553e-01 5.096033215522766113e-01
5.070965886116027832e-01 5.077565908432006836e-01 5.687027573585510254e-01 5.850360989570617676e-01 4.711998999118804932e-01 5.356298089027404785e-01 4.955169260501861572e-01 5.485007166862487793e-01 4.620655477046966553e-01 5.518593192100524902e-01
5.070965886116027832e-01 5.077565908432006836e-01 5.687027573585510254e-01 5.850360989570617676e-01 4.711998999118804932e-01 5.356298089027404785e-01 4.955169260501861572e-01 5.485007166862487793e-01 4.620655477046966553e-01 5.518593192100524902e-01
5.070965886116027832e-01 5.077565908432006836e-01 5.687027573585510254e-01 5.850360989570617676e-01 4.711998999118804932e-01 5.356298089027404785e-01 4.955169260501861572e-01 5.485007166862487793e-01 4.620655477046966553e-01 5.518593192100524902e-01
5.070965886116027832e-01 5.077565908432006836e-01 5.687027573585510254e-01 5.850360989570617676e-01 4.711998999118804932e-01 5.356298089027404785e-01 4.955169260501861572e-01 5.485007166862487793e-01 4.620655477046966553e-01 5.518593192100524902e-01
5.070965886116027832e-01 5.077565908432006836e-01 5.687027573585510254e-01 4.716215431690216064e-01 4.711998999118804932e-01 4.603217542171478271e-01 4.608602225780487061e-01 5.060244798660278320e-01 4.620655477046966553e-01 5.096033215522766113e-01
5.070965886116027832e-01 5.077565908432006836e-01 5.687027573585510254e-01 4.716215431690216064e-01 4.711998999118804932e-01 4.603217542171478271e-01 4.608602225780487061e-01 5.060244798660278320e-01 4.620655477046966553e-01 5.096033215522766113e-01
5.070965886116027832e-01 4.889642596244812012e-01 4.912022054195404053e-01 5.090239644050598145e-01 4.711998999118804932e-01 4.608963131904602051e-01 4.482634067535400391e-01 3.423531055450439453e-01 4.620655477046966553e-01 4.743396639823913574e-01
5.070965886116027832e-01 4.889642596244812012e-01 4.912022054195404053e-01 4.864861369132995605e-01 4.711998999118804932e-01 4.361792504787445068e-01 4.399481415748596191e-01 3.761387169361114502e-01 4.620655477046966553e-01 4.743396639823913574e-01
5.070965886116027832e-01 4.889642596244812012e-01 4.912022054195404053e-01 4.864861369132995605e-01 4.711998999118804932e-01 4.361792504787445068e-01 4.399481415748596191e-01 3.761387169361114502e-01 4.620655477046966553e-01 4.743396639823913574e-01
5.070965886116027832e-01 5.077565908432006836e-01 5.687027573585510254e-01 5.850360989570617676e-01 4.711998999118804932e-01 5.356298089027404785e-01 4.955169260501861572e-01 5.485007166862487793e-01 4.620655477046966553e-01 5.518593192100524902e-01
5.070965886116027832e-01 5.077565908432006836e-01 5.687027573585510254e-01 5.850360989570617676e-01 4.711998999118804932e-01 5.062415003776550293e-01 5.000845193862915039e-01 4.986082911491394043e-01 4.620655477046966553e-01 5.392129421234130859e-01
5.070965886116027832e-01 5.077565908432006836e-01 5.687027573585510254e-01 5.850360989570617676e-01 4.711998999118804932e-01 5.356298089027404785e-01 4.955169260501861572e-01 5.485007166862487793e-01 4.620655477046966553e-01 5.518593192100524902e-01
5.070965886116027832e-01 5.077565908432006836e-01 5.687027573585510254e-01 5.850360989570617676e-01 4.711998999118804932e-01 5.356298089027404785e-01 4.955169260501861572e-01 5.485007166862487793e-01 4.620655477046966553e-01 5.518593192100524902e-01
5.070965886116027832e-01 5.077565908432006836e-01 5.687027573585510254e-01 5.850360989570617676e-01 4.711998999118804932e-01 5.356298089027404785e-01 4.955169260501861572e-01 5.485007166862487793e-01 4.620655477046966553e-01 5.518593192100524902e-01
5.070965886116027832e-01 4.451256394386291504e-01 4.933493137359619141e-01 4.762968122959136963e-01 4.711998999118804932e-01 4.215767383575439453e-01 4.243515133857727051e-01 5.215322971343994141e-01 4.620655477046966553e-01 4.010349810123443604e-01
5.070965886116027832e-01 4.451256394386291504e-01 4.933493137359619141e-01 4.762968122959136963e-01 4.711998999118804932e-01 5.197719335556030273e-01 4.646113812923431396e-01 4.566717147827148438e-01 4.620655477046966553e-01 4.923158884048461914e-01
5.070965886116027832e-01 4.451256394386291504e-01 4.933493137359619141e-01 4.382169246673583984e-01 4.711998999118804932e-01 3.590689599514007568e-01 4.058349728584289551e-01 4.484936892986297607e-01 4.620655477046966553e-01 4.108118414878845215e-01
5.070965886116027832e-01 4.451256394386291504e-01 4.933493137359619141e-01 4.382169246673583984e-01 4.711998999118804932e-01 3.590689599514007568e-01 4.058349728584289551e-01 4.484936892986297607e-01 4.620655477046966553e-01 4.108118414878845215e-01
5.070965886116027832e-01 4.451256394386291504e-01 4.933493137359619141e-01 4.382169246673583984e-01 4.711998999118804932e-01 3.590689599514007568e-01 4.058349728584289551e-01 4.484936892986297607e-01 4.620655477046966553e-01 4.108118414878845215e-01
5.070965886116027832e-01 4.451256394386291504e-01 4.933493137359619141e-01 4.382169246673583984e-01 4.711998999118804932e-01 3.590689599514007568e-01 4.058349728584289551e-01 4.484936892986297607e-01 4.620655477046966553e-01 4.108118414878845215e-01
5.070965886116027832e-01 4.451256394386291504e-01 4.933493137359619141e-01 4.382169246673583984e-01 4.711998999118804932e-01 3.590689599514007568e-01 4.058349728584289551e-01 4.484936892986297607e-01 4.620655477046966553e-01 4.108118414878845215e-01
5.070965886116027832e-01 4.451256394386291504e-01 4.933493137359619141e-01 4.382169246673583984e-01 4.711998999118804932e-01 3.590689599514007568e-01 4.058349728584289551e-01 4.484936892986297607e-01 4.620655477046966553e-01 4.108118414878845215e-01
5.070965886116027832e-01 4.266421794891357422e-01 4.561258256435394287e-01 4.343304932117462158e-01 4.711998999118804932e-01 2.493371963500976562e-01 3.308712542057037354e-01 2.836954891681671143e-01 4.620655477046966553e-01 3.077155947685241699e-01
5.070965886116027832e-01 4.266421794891357422e-01 4.561258256435394287e-01 4.343304932117462158e-01 4.711998999118804932e-01 2.493371963500976562e-01 3.308712542057037354e-01 2.836954891681671143e-01 4.620655477046966553e-01 3.077155947685241699e-01
5.070965886116027832e-01 4.266421794891357422e-01 4.561258256435394287e-01 4.343304932117462158e-01 4.711998999118804932e-01 2.493371963500976562e-01 3.308712542057037354e-01 2.836954891681671143e-01 4.620655477046966553e-01 3.077155947685241699e-01
5.070965886116027832e-01 4.266421794891357422e-01 4.561258256435394287e-01 4.343304932117462158e-01 4.711998999118804932e-01 3.369216024875640869e-01 3.261143863201141357e-01 3.065025806427001953e-01 4.620655477046966553e-01 3.077155947685241699e-01
5.070965886116027832e-01 4.266421794891357422e-01 4.561258256435394287e-01 4.343304932117462158e-01 4.711998999118804932e-01 3.369216024875640869e-01 3.261143863201141357e-01 3.065025806427001953e-01 4.620655477046966553e-01 3.077155947685241699e-01
5.070965886116027832e-01 4.266421794891357422e-01 4.561258256435394287e-01 4.566005170345306396e-01 4.711998999118804932e-01 4.701174199581146240e-01 3.307588100433349609e-01 3.153442442417144775e-01 4.620655477046966553e-01 3.916444778442382812e-01
5.070965886116027832e-01 4.266421794891357422e-01 4.561258256435394287e-01 4.343304932117462158e-01 4.711998999118804932e-01 3.369216024875640869e-01 3.261143863201141357e-01 3.065025806427001953e-01 4.620655477046966553e-01 3.077155947685241699e-01
5.070965886116027832e-01 4.266421794891357422e-01 4.561258256435394287e-01 4.566005170345306396e-01 4.711998999118804932e-01 4.701174199581146240e-01 3.307588100433349609e-01 3.153442442417144775e-01 4.620655477046966553e-01 3.916444778442382812e-01
5.070965886116027832e-01 4.432506859302520752e-01 5.995105504989624023e-01 5.124542713165283203e-01 5.986869931221008301e-01 4.890168011188507080e-01 5.105431675910949707e-01 3.366655707359313965e-01 5.000000000000000000e-01 4.335334300994873047e-01
5.070965886116027832e-01 4.432506859302520752e-01 5.995105504989624023e-01 5.124542713165283203e-01 5.986869931221008301e-01 4.890168011188507080e-01 5.105431675910949707e-01 3.366655707359313965e-01 5.000000000000000000e-01 4.335334300994873047e-01
4.930237531661987305e-01 4.863435924053192139e-01 4.561258256435394287e-01 2.852078378200531006e-01 4.922236204147338867e-01 5.863654613494873047e-01 6.242933869361877441e-01 4.335953593254089355e-01 5.006374716758728027e-01 4.416724145412445068e-01
