4.287724494934082031e-01 5.597651600837707520e-01 6.224570274353027344e-01 6.993986368179321289e-01 5.733481645584106445e-01 2.869237363338470459e-01 5.362871289253234863e-01 4.461327791213989258e-01 3.959393501281738281e-01 5.564388036727905273e-01
5.702830553054809570e-01 5.323159098625183105e-01 4.087291359901428223e-01 3.233426511287689209e-01 1.602347195148468018e-01 3.619172573089599609e-01 5.218754410743713379e-01 5.573040843009948730e-01 5.774865746498107910e-01 5.208361744880676270e-01
2.738741934299468994e-01 5.597651600837707520e-01 5.753251910209655762e-01 3.377878665924072266e-01 6.143717765808105469e-01 7.436090707778930664e-01 7.434380650520324707e-01 5.454108715057373047e-01 4.225377440452575684e-01 6.402423977851867676e-01
3.686629235744476318e-01 1.565721482038497925e-01 5.299610495567321777e-01 3.233426511287689209e-01 1.626294255256652832e-01 2.184198945760726929e-01 8.835060596466064453e-01 4.408323764801025391e-01 1.336416602134704590e-01 5.059549808502197266e-01
3.104260265827178955e-01 2.880742549896240234e-01 2.633628249168395996e-01 5.142789483070373535e-01 7.542828470468521118e-02 6.343931704759597778e-02 6.929419040679931641e-01 1.871645599603652954e-01 6.974417567253112793e-01 6.972869634628295898e-01
3.693536520004272461e-01 2.903283238410949707e-01 2.633628249168395996e-01 4.402887225151062012e-01 2.932953536510467529e-01 4.723256453871726990e-02 5.063165426254272461e-01 2.894348204135894775e-01 3.229839503765106201e-01 5.467219948768615723e-01
4.218527674674987793e-01 3.104564845561981201e-01 4.041430354118347168e-01 3.377878665924072266e-01 2.562589347362518311e-01 8.518521189689636230e-01 9.513881206512451172e-01 4.461627900600433350e-01 6.312427520751953125e-01 6.596440672874450684e-01
2.899897694587707520e-01 3.922556340694427490e-01 5.390481352806091309e-01 3.377878665924072266e-01 4.048193693161010742e-01 4.921766817569732666e-01 3.906648159027099609e-01 5.691356062889099121e-01 3.700655996799468994e-01 5.655724406242370605e-01
4.620723724365234375e-01 5.483804345130920410e-01 6.432439088821411133e-01 6.015521883964538574e-01 8.223543167114257812e-01 6.899381875991821289e-01 1.498894244432449341e-01 4.461327791213989258e-01 2.578790783882141113e-01 4.342044591903686523e-01
3.157648146152496338e-01 6.724777221679687500e-01 2.633628249168395996e-01 5.249767303466796875e-01 1.838199347257614136e-01 6.047826409339904785e-01 1.813750416040420532e-01 4.461327791213989258e-01 4.307334423065185547e-01 5.564388036727905273e-01
7.840403318405151367e-01 5.424998402595520020e-01 6.224570274353027344e-01 5.986857414245605469e-01 5.687951445579528809e-01 1.479250937700271606e-01 5.476239919662475586e-01 6.027666330337524414e-01 3.700655996799468994e-01 7.753677964210510254e-01
7.757549881935119629e-01 6.723815798759460449e-01 5.753251910209655762e-01 5.986857414245605469e-01 3.988622725009918213e-01 8.445187211036682129e-01 2.621911168098449707e-01 5.417923927307128906e-01 5.611286759376525879e-01 4.132749140262603760e-01
3.206800818443298340e-01 5.760101079940795898e-01 2.633628249168395996e-01 2.979390025138854980e-01 5.588686093688011169e-02 7.311837673187255859e-01 1.595511138439178467e-01 6.871652007102966309e-01 1.100027933716773987e-01 5.347306728363037109e-01
6.928892135620117188e-01 5.760101079940795898e-01 4.087291359901428223e-01 3.233426511287689209e-01 1.200570389628410339e-01 3.255450725555419922e-01 6.219587922096252441e-01 4.951957464218139648e-01 5.527788996696472168e-01 3.370627760887145996e-01
3.776867389678955078e-01 5.323159098625183105e-01 5.299610495567321777e-01 4.402887225151062012e-01 5.704884231090545654e-02 3.344334065914154053e-01 4.750838577747344971e-01 5.573040843009948730e-01 8.153477907180786133e-01 5.371116995811462402e-01
5.689377188682556152e-01 4.613490402698516846e-01 5.390481352806091309e-01 6.015521883964538574e-01 2.571667134761810303e-01 3.611827492713928223e-01 2.591263353824615479e-01 2.894348204135894775e-01 6.147451996803283691e-01 5.467219948768615723e-01
2.104887813329696655e-01 1.615165770053863525e-01 4.041430354118347168e-01 4.402887225151062012e-01 5.979152768850326538e-02 3.684377968311309814e-01 2.432776987552642822e-01 6.217286586761474609e-01 8.072042465209960938e-01 8.552508354187011719e-01
1.258142441511154175e-01 5.868837237358093262e-01 3.669221401214599609e-01 6.015521883964538574e-01 7.965898513793945312e-01 1.458302140235900879e-01 4.802597165107727051e-01 5.691356062889099121e-01 4.655542671680450439e-01 5.467219948768615723e-01
1.033963710069656372e-01 2.140146195888519287e-01 5.753251910209655762e-01 3.377878665924072266e-01 4.111718535423278809e-01 1.101689562201499939e-01 6.535165011882781982e-02 4.248024523258209229e-01 4.981670379638671875e-01 5.254053473472595215e-01
4.316873848438262939e-01 2.671243846416473389e-01 5.390481352806091309e-01 6.015521883964538574e-01 2.165295183658599854e-01 2.387569546699523926e-01 1.631896048784255981e-01 5.691356062889099121e-01 5.886050462722778320e-01 4.470607340335845947e-01
1.391253620386123657e-01 4.004367887973785400e-01 6.432439088821411133e-01 6.015521883964538574e-01 8.155683279037475586e-01 2.782705128192901611e-01 3.122833967208862305e-01 4.461327791213989258e-01 2.578790783882141113e-01 2.336980998516082764e-01
7.763417363166809082e-01 2.340363562107086182e-01 4.087291359901428223e-01 3.233426511287689209e-01 2.592627704143524170e-01 4.738786220550537109e-01 5.301362872123718262e-01 4.709549546241760254e-01 5.103637576103210449e-01 4.132749140262603760e-01
6.737098693847656250e-01 1.960785686969757080e-01 5.753251910209655762e-01 5.986857414245605469e-01 6.562747955322265625e-01 2.651111483573913574e-01 8.101203441619873047e-01 6.027666330337524414e-01 3.700655996799468994e-01 7.923456430435180664e-01
6.232064366340637207e-01 5.760101079940795898e-01 5.753251910209655762e-01 3.377878665924072266e-01 4.444743096828460693e-01 4.278662204742431641e-01 6.429890990257263184e-01 3.363587260246276855e-01 5.942565202713012695e-01 4.132749140262603760e-01
1.815754473209381104e-01 2.340363562107086182e-01 6.224570274353027344e-01 5.249767303466796875e-01 1.914649009704589844e-01 3.391128778457641602e-01 5.552144050598144531e-01 4.248024523258209229e-01 4.673948287963867188e-01 3.326757848262786865e-01
5.200232863426208496e-01 6.327846050262451172e-01 5.753251910209655762e-01 3.233426511287689209e-01 3.664337992668151855e-01 3.208806216716766357e-01 6.057982444763183594e-01 4.408323764801025391e-01 6.879661083221435547e-01 1.960108876228332520e-01
3.084770441055297852e-01 2.880742549896240234e-01 6.456535458564758301e-01 3.233426511287689209e-01 5.576647818088531494e-02 1.281709969043731689e-01 2.761841714382171631e-01 4.408323764801025391e-01 4.019920527935028076e-01 3.580166995525360107e-01
5.732030272483825684e-01 6.543601751327514648e-01 2.633628249168395996e-01 5.142789483070373535e-01 7.560935616493225098e-01 4.353645741939544678e-01 3.280575275421142578e-01 5.197878479957580566e-01 6.195368766784667969e-01 5.467219948768615723e-01
2.940094172954559326e-01 2.340363562107086182e-01 4.041430354118347168e-01 3.377878665924072266e-01 1.291488558053970337e-01 1.893240362405776978e-01 4.837273359298706055e-01 4.809326529502868652e-01 2.743842899799346924e-01 6.601129770278930664e-01
2.175049483776092529e-01 4.235158860683441162e-01 4.640645086765289307e-01 4.402887225151062012e-01 3.077640235424041748e-01 4.235703647136688232e-01 5.480861663818359375e-01 4.461627900600433350e-01 5.935068726539611816e-01 5.467219948768615723e-01
2.128075063228607178e-01 5.058717727661132812e-01 4.434873759746551514e-01 3.377878665924072266e-01 5.288795828819274902e-01 1.414125561714172363e-01 9.675157815217971802e-02 4.461327791213989258e-01 2.995971739292144775e-01 5.231534242630004883e-01
4.508071243762969971e-01 4.235158860683441162e-01 6.224570274353027344e-01 3.233426511287689209e-01 4.569726288318634033e-01 1.725404411554336548e-01 6.174540519714355469e-01 6.645573973655700684e-01 6.870830655097961426e-01 5.692728161811828613e-01
5.149362087249755859e-01 3.360241949558258057e-01 5.753251910209655762e-01 5.986857414245605469e-01 6.236219406127929688e-01 2.902511954307556152e-01 6.044601202011108398e-01 3.593725860118865967e-01 5.174773931503295898e-01 4.248993694782257080e-01
6.780354976654052734e-01 7.050359845161437988e-01 2.633628249168395996e-01 3.377878665924072266e-01 5.549638867378234863e-01 4.525327086448669434e-01 6.871775984764099121e-01 5.454108715057373047e-01 7.030479311943054199e-01 1.356865763664245605e-01
4.942924678325653076e-01 5.088343024253845215e-01 2.633628249168395996e-01 5.142789483070373535e-01 5.060344338417053223e-01 5.720118284225463867e-01 3.310963213443756104e-01 5.454108715057373047e-01 5.408084392547607422e-01 3.680551350116729736e-01
4.617459475994110107e-01 1.615165770053863525e-01 2.633628249168395996e-01 2.979390025138854980e-01 5.293702483177185059e-01 2.305383384227752686e-01 3.000166714191436768e-01 3.834190964698791504e-01 3.282720744609832764e-01 2.757157385349273682e-01
4.220553338527679443e-01 4.336982965469360352e-01 4.041430354118347168e-01 4.402887225151062012e-01 7.750399112701416016e-01 8.953593373298645020e-01 8.307278752326965332e-01 5.302169919013977051e-01 6.885275840759277344e-01 2.757157385349273682e-01
5.628417730331420898e-01 7.132778763771057129e-01 5.374279618263244629e-01 5.427496433258056641e-01 8.355033397674560547e-01 6.570293903350830078e-01 7.784242630004882812e-01 5.257998108863830566e-01 4.403147995471954346e-01 6.210991740226745605e-01
4.413243234157562256e-01 4.992713928222656250e-01 5.374279618263244629e-01 5.427496433258056641e-01 8.251724243164062500e-01 6.324492096900939941e-01 6.935430169105529785e-01 4.887953996658325195e-01 3.402296304702758789e-01 7.128292322158813477e-01
6.798700690269470215e-01 7.132778763771057129e-01 6.432439088821411133e-01 5.920401215553283691e-01 2.815161943435668945e-01 6.830969452857971191e-01 3.623029887676239014e-01 3.702955842018127441e-01 4.584952592849731445e-01 7.128292322158813477e-01
2.128075063228607178e-01 5.939090847969055176e-01 6.224570274353027344e-01 3.377878665924072266e-01 1.744821369647979736e-01 2.424674630165100098e-01 3.646495342254638672e-01 3.869954645633697510e-01 3.700655996799468994e-01 4.191700816154479980e-01
5.762254595756530762e-01 6.723815798759460449e-01 5.753251910209655762e-01 6.993986368179321289e-01 3.774079084396362305e-01 3.373025953769683838e-01 8.388023972511291504e-01 4.723868668079376221e-01 5.841196775436401367e-01 3.246133327484130859e-01
5.312146544456481934e-01 5.597651600837707520e-01 4.434873759746551514e-01 6.993986368179321289e-01 7.663400769233703613e-01 3.730530142784118652e-01 3.328381776809692383e-01 6.280066370964050293e-01 5.080656409263610840e-01 4.424546658992767334e-01
4.044403135776519775e-01 4.761046469211578369e-01 5.187393426895141602e-01 4.351525604724884033e-01 6.245544552803039551e-01 6.257230043411254883e-01 8.229792118072509766e-02 6.645573973655700684e-01 1.799921840429306030e-01 3.623522818088531494e-01
6.722686886787414551e-01 4.761046469211578369e-01 6.456535458564758301e-01 6.521628499031066895e-01 9.373371601104736328e-01 6.562037467956542969e-01 6.129088997840881348e-01 6.645573973655700684e-01 5.028360486030578613e-01 8.674485087394714355e-01
8.333134055137634277e-01 5.501459836959838867e-01 4.640645086765289307e-01 5.142789483070373535e-01 6.788035035133361816e-01 7.885946035385131836e-01 7.164479494094848633e-01 7.471885085105895996e-01 1.434835344552993774e-01 8.707951307296752930e-01
7.582327723503112793e-01 5.867446064949035645e-01 3.669221401214599609e-01 6.015521883964538574e-01 6.267558336257934570e-01 7.210276722908020020e-01 7.080177664756774902e-01 7.471885085105895996e-01 6.160882115364074707e-01 8.707951307296752930e-01
7.743756175041198730e-01 5.767446756362915039e-01 3.669221401214599609e-01 4.351525604724884033e-01 7.663890123367309570e-01 3.930538296699523926e-01 7.780653238296508789e-01 7.471885085105895996e-01 8.736861944198608398e-01 6.913466453552246094e-01
7.078482508659362793e-01 4.279600679874420166e-01 4.434873759746551514e-01 4.275423288345336914e-01 6.360442042350769043e-01 4.607639610767364502e-01 3.190522789955139160e-01 7.471885085105895996e-01 3.809167444705963135e-01 2.567747235298156738e-01
4.391384124755859375e-01 5.949726700782775879e-01 4.434873759746551514e-01 4.275423288345336914e-01 3.602378666400909424e-01 5.816175341606140137e-01 7.238225340843200684e-01 7.471885085105895996e-01 6.971975564956665039e-01 3.743007779121398926e-01
8.461047410964965820e-01 2.439804524183273315e-01 6.432439088821411133e-01 7.152304649353027344e-01 7.071032524108886719e-01 6.814585328102111816e-01 4.657281935214996338e-01 6.645573973655700684e-01 6.629225611686706543e-01 3.483298122882843018e-01
7.240853905677795410e-01 4.799542129039764404e-01 4.640645086765289307e-01 5.142789483070373535e-01 8.077499270439147949e-01 7.862410545349121094e-01 9.238238930702209473e-01 6.280066370964050293e-01 6.060704588890075684e-01 4.138695299625396729e-01
9.014364480972290039e-01 5.673308372497558594e-01 6.432439088821411133e-01 4.351525604724884033e-01 6.703927516937255859e-01 5.590322017669677734e-01 5.678738951683044434e-01 4.904724955558776855e-01 6.060704588890075684e-01 3.483298122882843018e-01
3.604159057140350342e-01 4.356228411197662354e-01 6.224570274353027344e-01 6.511255502700805664e-01 7.536616921424865723e-01 7.215111255645751953e-01 6.572500467300415039e-01 2.640140950679779053e-01 5.321885943412780762e-01 4.215840995311737061e-01
5.773080587387084961e-01 7.700974345207214355e-01 6.224570274353027344e-01 6.511255502700805664e-01 6.831783652305603027e-01 6.889697909355163574e-01 8.577064871788024902e-01 5.173585414886474609e-01 4.866327345371246338e-01 6.523233652114868164e-01
3.372789025306701660e-01 7.700974345207214355e-01 6.224570274353027344e-01 6.511255502700805664e-01 4.918920397758483887e-01 4.618225693702697754e-01 3.510213792324066162e-01 4.305595159530639648e-01 4.866327345371246338e-01 2.459960281848907471e-01
5.835226774215698242e-01 7.144076228141784668e-01 3.669221401214599609e-01 6.511255502700805664e-01 3.573046028614044189e-01 2.783630490303039551e-01 1.203982606530189514e-01 3.869954645633697510e-01 3.536945581436157227e-01 1.980575174093246460e-01
6.206943392753601074e-01 5.076978802680969238e-01 3.669221401214599609e-01 4.572502970695495605e-01 1.749152541160583496e-01 3.212161660194396973e-01 2.354312837123870850e-01 3.869954645633697510e-01 3.650455474853515625e-01 5.715463161468505859e-01
6.684179902076721191e-01 4.111485481262207031e-01 6.224570274353027344e-01 4.572502970695495605e-01 6.092344224452972412e-02 3.331034258008003235e-02 2.627410590648651123e-01 4.305595159530639648e-01 3.194104433059692383e-01 2.134589701890945435e-01
5.292229652404785156e-01 3.030779957771301270e-01 5.187393426895141602e-01 5.920401215553283691e-01 1.455533653497695923e-01 1.171316653490066528e-01 7.561402916908264160e-01 4.832746684551239014e-01 3.374973833560943604e-01 4.341906309127807617e-01
6.399928927421569824e-01 3.030779957771301270e-01 3.669221401214599609e-01 4.572502970695495605e-01 3.683246076107025146e-01 4.005322456359863281e-01 4.148142635822296143e-01 3.869954645633697510e-01 3.659639954566955566e-01 4.341906309127807617e-01
5.997449755668640137e-01 4.495486319065093994e-01 5.753251910209655762e-01 6.521628499031066895e-01 3.967801332473754883e-01 5.731931924819946289e-01 6.526878476142883301e-01 6.588395833969116211e-01 2.676199078559875488e-01 6.720813512802124023e-01
5.997449755668640137e-01 5.017737150192260742e-01 5.187393426895141602e-01 7.152304649353027344e-01 5.965312719345092773e-01 8.600714802742004395e-01 7.332661747932434082e-01 5.492995381355285645e-01 5.670795440673828125e-01 7.996073365211486816e-01
7.037700414657592773e-01 5.017737150192260742e-01 5.187393426895141602e-01 7.152304649353027344e-01 7.626436948776245117e-01 5.078555941581726074e-01 5.539062023162841797e-01 6.381431221961975098e-01 8.110274672508239746e-01 7.428737282752990723e-01
4.225717186927795410e-01 6.412588953971862793e-01 6.432439088821411133e-01 7.152304649353027344e-01 6.078148484230041504e-01 8.611882925033569336e-01 5.713115334510803223e-01 6.381431221961975098e-01 3.716464638710021973e-01 6.170860528945922852e-01
4.225717186927795410e-01 4.587566256523132324e-01 5.753251910209655762e-01 6.521628499031066895e-01 4.408902823925018311e-01 3.612874150276184082e-01 7.085487246513366699e-01 5.257998108863830566e-01 3.716464638710021973e-01 4.199950397014617920e-01
7.474067807197570801e-01 4.674838185310363770e-01 3.669221401214599609e-01 5.920401215553283691e-01 6.327524185180664062e-01 3.489108383655548096e-01 2.635621726512908936e-01 5.483744144439697266e-01 6.594842076301574707e-01 7.464032173156738281e-01
6.196495294570922852e-01 4.809976816177368164e-01 3.669221401214599609e-01 7.152304649353027344e-01 5.425898432731628418e-01 4.586929976940155029e-01 5.649873018264770508e-01 5.483744144439697266e-01 5.720599889755249023e-01 4.096507728099822998e-01
1.755772680044174194e-01 8.207126855850219727e-01 5.753251910209655762e-01 4.275423288345336914e-01 6.223312020301818848e-01 4.310774207115173340e-01 2.632005512714385986e-01 5.257998108863830566e-01 4.421130120754241943e-01 4.088838994503021240e-01
4.595420956611633301e-01 6.090746521949768066e-01 5.753251910209655762e-01 4.275423288345336914e-01 3.463813960552215576e-01 9.125402569770812988e-02 3.909277915954589844e-01 5.257998108863830566e-01 5.064671039581298828e-01 3.425170779228210449e-01
5.792369246482849121e-01 5.748016834259033203e-01 5.753251910209655762e-01 6.993986368179321289e-01 4.945778548717498779e-01 6.834319233894348145e-01 8.244444727897644043e-01 3.873421251773834229e-01 4.224067926406860352e-01 5.185946226119995117e-01
3.822594881057739258e-01 3.146757483482360840e-01 4.434873759746551514e-01 4.275423288345336914e-01 3.141008317470550537e-01 7.936597466468811035e-01 6.953131556510925293e-01 3.792375922203063965e-01 4.995053410530090332e-01 5.185946226119995117e-01
3.863810300827026367e-01 3.658938705921173096e-01 4.640645086765289307e-01 5.142789483070373535e-01 5.922892689704895020e-01 3.906508386135101318e-01 1.415932774543762207e-01 5.153622627258300781e-01 7.746940255165100098e-01 6.280251145362854004e-01
3.810493946075439453e-01 7.832792997360229492e-01 6.456535458564758301e-01 5.142789483070373535e-01 4.214909076690673828e-01 5.616969466209411621e-01 3.915280103683471680e-01 5.704485774040222168e-01 6.771354079246520996e-01 7.901765704154968262e-01
7.171748876571655273e-01 4.809236526489257812e-01 6.432439088821411133e-01 7.152304649353027344e-01 4.661748707294464111e-01 7.613512277603149414e-01 4.702325463294982910e-01 5.257998108863830566e-01 7.751145958900451660e-01 3.835334479808807373e-01
4.207289814949035645e-01 4.873115420341491699e-01 5.390481352806091309e-01 4.275423288345336914e-01 4.344443678855895996e-01 7.118920087814331055e-01 7.300038933753967285e-01 7.682766318321228027e-01 5.698485970497131348e-01 6.525346636772155762e-01
4.766174256801605225e-01 7.176116704940795898e-01 3.669221401214599609e-01 7.152304649353027344e-01 7.228658199310302734e-01 6.373618245124816895e-01 5.972543954849243164e-01 5.257998108863830566e-01 7.832033634185791016e-01 5.193913578987121582e-01
2.996871471405029297e-01 3.747028708457946777e-01 5.753251910209655762e-01 4.275423288345336914e-01 4.356693625450134277e-01 3.826889693737030029e-01 4.244149923324584961e-01 5.704485774040222168e-01 5.261695981025695801e-01 2.567747235298156738e-01
2.567999660968780518e-01 4.873115420341491699e-01 4.434873759746551514e-01 5.744407176971435547e-01 2.505168914794921875e-01 5.705789923667907715e-01 6.284599304199218750e-01 5.257998108863830566e-01 6.523483395576477051e-01 3.743007779121398926e-01
6.777087450027465820e-01 5.978496670722961426e-01 6.432439088821411133e-01 7.152304649353027344e-01 7.518256902694702148e-01 8.274245262145996094e-01 7.077640295028686523e-01 6.280066370964050293e-01 6.154565215110778809e-01 6.517168283462524414e-01
6.968502402305603027e-01 7.380192875862121582e-01 6.432439088821411133e-01 7.152304649353027344e-01 5.912040472030639648e-01 5.948012471199035645e-01 3.068689703941345215e-01 5.153622627258300781e-01 4.682678282260894775e-01 7.652083039283752441e-01
5.143833160400390625e-01 6.177487969398498535e-01 4.640645086765289307e-01 4.275423288345336914e-01 4.067673981189727783e-01 1.623579710721969604e-01 2.300776243209838867e-01 5.257998108863830566e-01 2.163023352622985840e-01 6.517168283462524414e-01
2.701646387577056885e-01 6.041288971900939941e-01 6.224570274353027344e-01 5.427496433258056641e-01 3.164381682872772217e-01 7.528051733970642090e-01 3.068689703941345215e-01 5.257998108863830566e-01 3.298696577548980713e-01 5.587049126625061035e-01
4.731746017932891846e-01 5.268163681030273438e-01 5.753251910209655762e-01 6.993986368179321289e-01 7.490036487579345703e-01 9.431483149528503418e-01 6.702080965042114258e-01 7.228439450263977051e-01 5.841196775436401367e-01 2.881273329257965088e-01
5.888656377792358398e-01 4.873115420341491699e-01 5.390481352806091309e-01 7.152304649353027344e-01 8.291628956794738770e-01 7.455726861953735352e-01 7.366581559181213379e-01 5.257998108863830566e-01 5.756874680519104004e-01 5.579227805137634277e-01
4.758091270923614502e-01 4.439343214035034180e-01 4.434873759746551514e-01 4.275423288345336914e-01 7.525566220283508301e-01 7.421717047691345215e-01 8.822184801101684570e-01 5.704485774040222168e-01 5.945192575454711914e-01 4.424546658992767334e-01
8.139990568161010742e-01 6.041288971900939941e-01 6.432439088821411133e-01 7.152304649353027344e-01 4.772492349147796631e-01 7.509456276893615723e-01 7.775676846504211426e-01 5.257998108863830566e-01 6.151788234710693359e-01 6.065505743026733398e-01
6.957153677940368652e-01 3.466300368309020996e-01 6.432439088821411133e-01 7.152304649353027344e-01 6.559856534004211426e-01 5.573759078979492188e-01 5.245590209960937500e-01 6.381431221961975098e-01 7.692005634307861328e-01 4.976494610309600830e-01
6.027468442916870117e-01 3.675181865692138672e-01 6.432439088821411133e-01 5.920401215553283691e-01 7.531490325927734375e-01 3.347432315349578857e-01 4.565628767013549805e-01 6.381431221961975098e-01 6.181191205978393555e-01 4.976494610309600830e-01
7.020667791366577148e-01 5.268163681030273438e-01 6.432439088821411133e-01 5.920401215553283691e-01 7.228658199310302734e-01 8.159888982772827148e-01 9.459977746009826660e-01 5.257998108863830566e-01 6.539863348007202148e-01 4.349700212478637695e-01
6.163820028305053711e-01 3.986014723777770996e-01 5.753251910209655762e-01 4.275423288345336914e-01 2.402025759220123291e-01 5.164458155632019043e-01 5.308727622032165527e-01 5.257998108863830566e-01 5.200437903404235840e-01 5.193913578987121582e-01
8.650557994842529297e-01 5.029323101043701172e-01 6.432439088821411133e-01 7.152304649353027344e-01 8.119739294052124023e-01 4.473870694637298584e-01 6.275890469551086426e-01 5.570663213729858398e-01 8.411398530006408691e-01 4.413456916809082031e-01
6.717314720153808594e-01 7.576663494110107422e-01 6.432439088821411133e-01 7.152304649353027344e-01 4.984186887741088867e-01 7.908338308334350586e-01 9.030479788780212402e-01 5.570663213729858398e-01 8.538845777511596680e-01 5.106720924377441406e-01
9.014364480972290039e-01 5.149329304695129395e-01 6.432439088821411133e-01 7.152304649353027344e-01 9.314827919006347656e-01 4.200372695922851562e-01 6.923652887344360352e-01 5.257998108863830566e-01 6.408924460411071777e-01 5.178027153015136719e-01
6.701183319091796875e-01 3.049309253692626953e-01 6.432439088821411133e-01 5.920401215553283691e-01 5.615527629852294922e-01 3.379619121551513672e-01 2.971688508987426758e-01 5.257998108863830566e-01 6.632708311080932617e-01 6.518107056617736816e-01
7.723708152770996094e-01 5.149329304695129395e-01 6.224570274353027344e-01 4.275423288345336914e-01 8.459411859512329102e-01 7.376983165740966797e-01 4.952276647090911865e-01 5.257998108863830566e-01 8.562716245651245117e-01 6.518107056617736816e-01
2.280872613191604614e-01 3.986014723777770996e-01 3.669221401214599609e-01 6.511255502700805664e-01 4.510025680065155029e-01 7.674675583839416504e-01 8.226124048233032227e-01 2.640140950679779053e-01 7.569767236709594727e-01 6.517168283462524414e-01
8.873540759086608887e-01 6.607108116149902344e-01 6.432439088821411133e-01 7.152304649353027344e-01 8.732864260673522949e-01 6.764746904373168945e-01 6.647663116455078125e-01 4.791403412818908691e-01 5.743620395660400391e-01 5.185995697975158691e-01
3.230777084827423096e-01 5.149329304695129395e-01 5.753251910209655762e-01 4.275423288345336914e-01 3.187492787837982178e-01 8.062751889228820801e-01 1.988950520753860474e-01 5.570663213729858398e-01 4.981670379638671875e-01 3.811936974525451660e-01
8.027800917625427246e-01 2.591882944107055664e-01 5.753251910209655762e-01 5.744407176971435547e-01 5.145318508148193359e-01 4.205332100391387939e-01 5.938505530357360840e-01 3.447138071060180664e-01 5.228174328804016113e-01 3.829466998577117920e-01
8.832476139068603516e-01 4.131164252758026123e-01 5.753251910209655762e-01 5.744407176971435547e-01 2.051195353269577026e-01 5.265547633171081543e-01 2.504423856735229492e-01 3.992859423160552979e-01 3.315271437168121338e-01 6.659008264541625977e-01
8.211024999618530273e-01 5.510863661766052246e-01 5.753251910209655762e-01 4.275423288345336914e-01 1.225539520382881165e-01 4.002251625061035156e-01 4.630789756774902344e-01 1.871645599603652954e-01 6.076484918594360352e-01 5.409660935401916504e-01
1.681879013776779175e-01 1.650154143571853638e-01 6.456535458564758301e-01 6.521628499031066895e-01 3.247850015759468079e-02 6.835380792617797852e-01 1.284050196409225464e-01 1.871645599603652954e-01 5.775057077407836914e-01 5.492717623710632324e-01
7.912369370460510254e-01 4.196010529994964600e-01 5.299610495567321777e-01 6.521628499031066895e-01 4.490511715412139893e-01 5.207679867744445801e-01 8.291130661964416504e-01 5.153622627258300781e-01 7.775262594223022461e-01 4.163313210010528564e-01
4.432003796100616455e-01 5.323159098625183105e-01 4.041430354118347168e-01 4.402887225151062012e-01 3.252502679824829102e-01 5.039688944816589355e-01 2.662930786609649658e-01 4.505165815353393555e-01 3.707915544509887695e-01 3.491840064525604248e-01
7.720043063163757324e-01 5.323159098625183105e-01 5.709438323974609375e-01 5.744407176971435547e-01 7.141146659851074219e-01 5.431153178215026855e-01 6.006679534912109375e-01 4.461327791213989258e-01 7.392277717590332031e-01 5.480834245681762695e-01
3.157648146152496338e-01 3.714026808738708496e-01 4.087291359901428223e-01 5.249767303466796875e-01 1.812931001186370850e-01 3.427187800407409668e-01 2.727882564067840576e-01 5.573040843009948730e-01 6.767794489860534668e-01 7.217255830764770508e-01
3.028566241264343262e-01 2.819221317768096924e-01 5.753251910209655762e-01 3.377878665924072266e-01 1.801197379827499390e-01 4.170576035976409912e-01 6.113110184669494629e-01 5.781233906745910645e-01 7.463310956954956055e-01 7.011515498161315918e-01
4.803426563739776611e-01 2.264634370803833008e-01 4.087291359901428223e-01 5.249767303466796875e-01 6.674943119287490845e-02 1.451301127672195435e-01 4.531858563423156738e-01 4.408323764801025391e-01 3.840560317039489746e-01 1.743875145912170410e-01
5.066620111465454102e-01 3.950847983360290527e-01 2.633628249168395996e-01 5.719097256660461426e-01 1.962851136922836304e-01 2.545024156570434570e-01 2.304705232381820679e-01 1.871645599603652954e-01 8.499201536178588867e-01 4.248993694782257080e-01
2.897884547710418701e-01 4.315591454505920410e-01 4.041430354118347168e-01 5.719097256660461426e-01 4.268849194049835205e-01 1.371176093816757202e-01 1.574212908744812012e-01 2.894348204135894775e-01 3.959393501281738281e-01 5.554559230804443359e-01
1.639793664216995239e-01 1.615165770053863525e-01 4.041430354118347168e-01 5.719097256660461426e-01 1.450320929288864136e-01 3.262110948562622070e-01 2.412614971399307251e-01 4.148680865764617920e-01 3.804730176925659180e-01 5.554559230804443359e-01
4.189558625221252441e-01 6.543601751327514648e-01 4.041430354118347168e-01 5.719097256660461426e-01 7.029680013656616211e-01 5.721954703330993652e-01 3.497625887393951416e-01 3.608389496803283691e-01 2.532757222652435303e-01 3.925936520099639893e-01
3.157648146152496338e-01 4.235158860683441162e-01 5.299610495567321777e-01 3.377878665924072266e-01 2.016457021236419678e-01 4.122519493103027344e-01 5.921378731727600098e-02 4.672119915485382080e-01 3.588318824768066406e-01 5.692728161811828613e-01
5.958175063133239746e-01 5.058717727661132812e-01 2.633628249168395996e-01 5.986857414245605469e-01 1.729032248258590698e-01 1.581325531005859375e-01 3.388992547988891602e-01 4.672119915485382080e-01 3.643313348293304443e-01 5.692728161811828613e-01
7.250307798385620117e-01 3.058447539806365967e-01 6.224570274353027344e-01 5.986857414245605469e-01 4.795543849468231201e-01 7.305982708930969238e-02 1.217844039201736450e-01 4.461327791213989258e-01 4.427356421947479248e-01 5.564388036727905273e-01
6.668217182159423828e-01 6.867961287498474121e-01 2.633628249168395996e-01 3.377878665924072266e-01 1.027306616306304932e-01 1.624947786331176758e-01 3.979691863059997559e-01 2.995374798774719238e-01 4.307334423065185547e-01 5.097230076789855957e-01
5.735478997230529785e-01 4.440373480319976807e-01 6.224570274353027344e-01 5.986857414245605469e-01 2.233166545629501343e-01 1.806848496198654175e-01 1.220477893948554993e-01 5.417923927307128906e-01 4.863178133964538574e-01 2.466455996036529541e-01
5.350130200386047363e-01 5.760101079940795898e-01 2.633628249168395996e-01 2.979390025138854980e-01 1.677118986845016479e-02 6.780928969383239746e-01 7.583360671997070312e-01 3.297094702720642090e-01 5.650805830955505371e-01 3.887566328048706055e-01
2.042892724275588989e-01 3.909247815608978271e-01 4.041430354118347168e-01 6.580315828323364258e-01 3.317994773387908936e-01 2.643007040023803711e-01 3.175306916236877441e-01 3.297094702720642090e-01 4.058167934417724609e-01 2.336980998516082764e-01
3.004899024963378906e-01 2.340363562107086182e-01 5.299610495567321777e-01 4.402887225151062012e-01 1.825030893087387085e-01 2.345166206359863281e-01 4.624593853950500488e-01 4.461627900600433350e-01 8.620213270187377930e-01 7.249534130096435547e-01
2.042892724275588989e-01 5.058717727661132812e-01 5.390481352806091309e-01 3.377878665924072266e-01 4.092733860015869141e-01 5.332410931587219238e-01 5.234572291374206543e-01 5.126166343688964844e-01 6.870830655097961426e-01 6.508389115333557129e-01
3.322063088417053223e-01 4.235158860683441162e-01 5.390481352806091309e-01 6.015521883964538574e-01 2.331107556819915771e-01 1.651193201541900635e-01 5.759686827659606934e-01 4.709549546241760254e-01 4.655542671680450439e-01 6.008882522583007812e-01
2.353821992874145508e-01 6.724777221679687500e-01 5.390481352806091309e-01 4.351525604724884033e-01 2.027626633644104004e-01 2.576722502708435059e-01 3.286009430885314941e-01 7.955322265625000000e-01 4.655542671680450439e-01 6.008882522583007812e-01
7.462556362152099609e-01 6.327127218246459961e-01 6.432439088821411133e-01 4.351525604724884033e-01 9.104133844375610352e-01 7.211293578147888184e-01 5.304470062255859375e-01 4.709549546241760254e-01 6.885275840759277344e-01 6.069293618202209473e-01
