4.789564609527587891e-01 4.853566884994506836e-01 5.692661404609680176e-01 5.444118380546569824e-01 4.090453982353210449e-01 5.152126550674438477e-01 3.119941353797912598e-01 4.679172933101654053e-01 5.315778851509094238e-01 4.929400980472564697e-01
4.789564609527587891e-01 4.153294265270233154e-01 5.692661404609680176e-01 5.444118380546569824e-01 4.090453982353210449e-01 5.152126550674438477e-01 2.788238525390625000e-01 4.929823875427246094e-01 5.315778851509094238e-01 4.929400980472564697e-01
4.789564609527587891e-01 4.853566884994506836e-01 5.692661404609680176e-01 5.444118380546569824e-01 5.422500371932983398e-01 5.152126550674438477e-01 4.029597043991088867e-01 6.479106545448303223e-01 5.315778851509094238e-01 4.929400980472564697e-01
4.789564609527587891e-01 4.853566884994506836e-01 5.692661404609680176e-01 5.444118380546569824e-01 5.422500371932983398e-01 5.152126550674438477e-01 6.616902947425842285e-01 6.479106545448303223e-01 6.912274956703186035e-01 6.164427399635314941e-01
4.789564609527587891e-01 5.752835273742675781e-01 8.297524452209472656e-01 4.108061790466308594e-01 4.115163385868072510e-01 4.270160794258117676e-01 6.251025199890136719e-01 6.479106545448303223e-01 5.265858173370361328e-01 3.968267440795898438e-01
4.789564609527587891e-01 4.853566884994506836e-01 5.692661404609680176e-01 5.444118380546569824e-01 4.090453982353210449e-01 5.152126550674438477e-01 2.372232228517532349e-01 2.562626600265502930e-01 5.315778851509094238e-01 4.929400980472564697e-01
3.808421194553375244e-01 4.853566884994506836e-01 5.692661404609680176e-01 5.444118380546569824e-01 4.090453982353210449e-01 5.152126550674438477e-01 2.999825179576873779e-01 2.562626600265502930e-01 5.315778851509094238e-01 4.929400980472564697e-01
4.789564609527587891e-01 4.853566884994506836e-01 5.692661404609680176e-01 4.108061790466308594e-01 4.115163385868072510e-01 4.270160794258117676e-01 7.228561639785766602e-01 6.479106545448303223e-01 5.265858173370361328e-01 3.968267440795898438e-01
3.808421194553375244e-01 4.853566884994506836e-01 5.692661404609680176e-01 5.444118380546569824e-01 2.900754809379577637e-01 5.152126550674438477e-01 2.999825179576873779e-01 2.562626600265502930e-01 4.788639247417449951e-01 4.929400980472564697e-01
3.808421194553375244e-01 4.853566884994506836e-01 5.692661404609680176e-01 5.444118380546569824e-01 4.090453982353210449e-01 5.152126550674438477e-01 3.399066030979156494e-01 2.562626600265502930e-01 4.788639247417449951e-01 4.929400980472564697e-01
4.789564609527587891e-01 4.853566884994506836e-01 5.692661404609680176e-01 4.108061790466308594e-01 2.900754809379577637e-01 4.270160794258117676e-01 2.726445794105529785e-01 4.150352478027343750e-01 3.134552240371704102e-01 3.968267440795898438e-01
3.808421194553375244e-01 4.853566884994506836e-01 5.692661404609680176e-01 4.108061790466308594e-01 2.900754809379577637e-01 4.270160794258117676e-01 2.045009583234786987e-01 2.562626600265502930e-01 3.134552240371704102e-01 3.968267440795898438e-01
3.808421194553375244e-01 4.853566884994506836e-01 5.692661404609680176e-01 4.108061790466308594e-01 3.154992759227752686e-01 4.270160794258117676e-01 3.171900212764739990e-01 4.150352478027343750e-01 3.134552240371704102e-01 3.968267440795898438e-01
3.808421194553375244e-01 4.853566884994506836e-01 5.692661404609680176e-01 4.108061790466308594e-01 3.154992759227752686e-01 4.270160794258117676e-01 1.360656768083572388e-01 2.562626600265502930e-01 3.134552240371704102e-01 3.968267440795898438e-01
3.808421194553375244e-01 4.853566884994506836e-01 5.692661404609680176e-01 5.000000000000000000e-01 3.154992759227752686e-01 4.270160794258117676e-01 9.450723975896835327e-02 4.150352478027343750e-01 3.134552240371704102e-01 3.968267440795898438e-01
4.375500380992889404e-01 4.853566884994506836e-01 5.692661404609680176e-01 5.000000000000000000e-01 4.593333303928375244e-01 4.270160794258117676e-01 1.867590248584747314e-01 3.406312167644500732e-01 5.737731456756591797e-01 3.968267440795898438e-01
3.808421194553375244e-01 6.423722505569458008e-01 5.692661404609680176e-01 5.000000000000000000e-01 4.593333303928375244e-01 5.978859663009643555e-01 1.360656768083572388e-01 4.119132161140441895e-01 4.580606222152709961e-01 3.968267440795898438e-01
3.808421194553375244e-01 6.857487559318542480e-01 5.692661404609680176e-01 5.000000000000000000e-01 3.511618077754974365e-01 5.978859663009643555e-01 2.359670996665954590e-01 3.072691559791564941e-01 2.227988392114639282e-01 3.968267440795898438e-01
6.404200792312622070e-01 7.063358426094055176e-01 5.692661404609680176e-01 5.000000000000000000e-01 5.636568665504455566e-01 5.978859663009643555e-01 2.359670996665954590e-01 3.332001566886901855e-01 3.946972489356994629e-01 3.968267440795898438e-01
3.808421194553375244e-01 6.857487559318542480e-01 5.692661404609680176e-01 5.000000000000000000e-01 4.514304101467132568e-01 5.978859663009643555e-01 2.359670996665954590e-01 2.598299086093902588e-01 2.458173036575317383e-01 3.968267440795898438e-01
4.436686038970947266e-01 7.277155518531799316e-01 5.692661404609680176e-01 5.000000000000000000e-01 4.514304101467132568e-01 4.270160794258117676e-01 4.524967968463897705e-01 4.400352835655212402e-01 3.882851302623748779e-01 3.968267440795898438e-01
4.436686038970947266e-01 5.077665448188781738e-01 5.692661404609680176e-01 5.000000000000000000e-01 4.514304101467132568e-01 4.270160794258117676e-01 2.884422540664672852e-01 6.405186653137207031e-01 3.882851302623748779e-01 3.968267440795898438e-01
3.808421194553375244e-01 4.571861028671264648e-01 5.698526501655578613e-01 5.000000000000000000e-01 4.120517969131469727e-01 4.270160794258117676e-01 3.746969103813171387e-01 6.277148723602294922e-01 3.134552240371704102e-01 3.968267440795898438e-01
3.808421194553375244e-01 4.571861028671264648e-01 5.698526501655578613e-01 5.000000000000000000e-01 4.120517969131469727e-01 4.270160794258117676e-01 2.890927791595458984e-01 1.957729607820510864e-01 2.458173036575317383e-01 3.968267440795898438e-01
3.808421194553375244e-01 3.861191868782043457e-01 5.698526501655578613e-01 5.000000000000000000e-01 3.154992759227752686e-01 4.270160794258117676e-01 3.413117825984954834e-01 1.957729607820510864e-01 2.458173036575317383e-01 3.968267440795898438e-01
3.808421194553375244e-01 3.861191868782043457e-01 5.698526501655578613e-01 5.000000000000000000e-01 4.120517969131469727e-01 4.270160794258117676e-01 2.890927791595458984e-01 1.957729607820510864e-01 2.458173036575317383e-01 3.968267440795898438e-01
3.808421194553375244e-01 4.571861028671264648e-01 5.698526501655578613e-01 5.000000000000000000e-01 4.120517969131469727e-01 4.270160794258117676e-01 2.912604808807373047e-01 2.046085000038146973e-01 2.458173036575317383e-01 3.968267440795898438e-01
3.808421194553375244e-01 2.246559709310531616e-01 5.722892880439758301e-01 5.000000000000000000e-01 4.120517969131469727e-01 4.270160794258117676e-01 2.890927791595458984e-01 1.957729607820510864e-01 2.458173036575317383e-01 3.968267440795898438e-01
3.808421194553375244e-01 4.571861028671264648e-01 5.698526501655578613e-01 5.000000000000000000e-01 4.120517969131469727e-01 4.270160794258117676e-01 2.359670996665954590e-01 2.046085000038146973e-01 3.134552240371704102e-01 3.968267440795898438e-01
3.808421194553375244e-01 3.861191868782043457e-01 5.692661404609680176e-01 5.000000000000000000e-01 4.120517969131469727e-01 4.270160794258117676e-01 3.105032444000244141e-01 1.957729607820510864e-01 3.134552240371704102e-01 3.968267440795898438e-01
3.808421194553375244e-01 2.246559709310531616e-01 5.692661404609680176e-01 5.000000000000000000e-01 4.120517969131469727e-01 4.270160794258117676e-01 2.340750098228454590e-01 1.957729607820510864e-01 2.458173036575317383e-01 3.968267440795898438e-01
4.789564609527587891e-01 4.989279806613922119e-01 5.692661404609680176e-01 5.000000000000000000e-01 4.409725368022918701e-01 4.270160794258117676e-01 5.073161125183105469e-01 5.089179873466491699e-01 2.996532320976257324e-01 3.968267440795898438e-01
4.789564609527587891e-01 4.989279806613922119e-01 8.364877700805664062e-01 4.108061790466308594e-01 6.287270188331604004e-01 4.270160794258117676e-01 4.745256304740905762e-01 3.538132905960083008e-01 6.386151909828186035e-01 3.968267440795898438e-01
4.789564609527587891e-01 4.989279806613922119e-01 6.972485780715942383e-01 4.108061790466308594e-01 3.728274106979370117e-01 4.270160794258117676e-01 6.273127198219299316e-01 5.503334403038024902e-01 6.386151909828186035e-01 3.968267440795898438e-01
4.789564609527587891e-01 4.989279806613922119e-01 3.493245244026184082e-01 4.108061790466308594e-01 4.409725368022918701e-01 4.270160794258117676e-01 5.192676782608032227e-01 5.503334403038024902e-01 6.386151909828186035e-01 3.968267440795898438e-01
4.789564609527587891e-01 4.989279806613922119e-01 4.959045350551605225e-01 4.108061790466308594e-01 4.409725368022918701e-01 4.270160794258117676e-01 3.336652219295501709e-01 5.503334403038024902e-01 3.360061347484588623e-01 3.968267440795898438e-01
3.808421194553375244e-01 3.861191868782043457e-01 4.959045350551605225e-01 4.108061790466308594e-01 3.154992759227752686e-01 4.270160794258117676e-01 5.674390122294425964e-02 1.766454875469207764e-01 2.996532320976257324e-01 3.968267440795898438e-01
4.436686038970947266e-01 4.351399838924407959e-01 4.959045350551605225e-01 4.108061790466308594e-01 4.514304101467132568e-01 4.270160794258117676e-01 1.537789106369018555e-01 3.289799690246582031e-01 3.950752019882202148e-01 3.968267440795898438e-01
4.436686038970947266e-01 4.351399838924407959e-01 4.959045350551605225e-01 4.108061790466308594e-01 3.511618077754974365e-01 4.270160794258117676e-01 2.094715237617492676e-01 3.169136047363281250e-01 3.950752019882202148e-01 3.968267440795898438e-01
3.808421194553375244e-01 3.861191868782043457e-01 4.959045350551605225e-01 4.108061790466308594e-01 4.120517969131469727e-01 4.270160794258117676e-01 1.678826659917831421e-01 3.169136047363281250e-01 2.996532320976257324e-01 3.968267440795898438e-01
3.808421194553375244e-01 3.861191868782043457e-01 4.959045350551605225e-01 4.108061790466308594e-01 4.514304101467132568e-01 4.270160794258117676e-01 1.425599753856658936e-01 3.289799690246582031e-01 2.996532320976257324e-01 3.968267440795898438e-01
3.808421194553375244e-01 3.861191868782043457e-01 4.959045350551605225e-01 4.108061790466308594e-01 4.120517969131469727e-01 4.270160794258117676e-01 2.610247135162353516e-01 3.169136047363281250e-01 2.996532320976257324e-01 3.968267440795898438e-01
4.436686038970947266e-01 4.351399838924407959e-01 4.959045350551605225e-01 4.108061790466308594e-01 4.514304101467132568e-01 4.270160794258117676e-01 1.792268902063369751e-01 5.232411623001098633e-01 3.950752019882202148e-01 3.968267440795898438e-01
4.375500380992889404e-01 4.591972529888153076e-01 4.959045350551605225e-01 4.108061790466308594e-01 5.636568665504455566e-01 4.270160794258117676e-01 2.415054887533187866e-01 4.843567907810211182e-01 5.768612027168273926e-01 3.968267440795898438e-01
4.375500380992889404e-01 4.591972529888153076e-01 4.959045350551605225e-01 4.108061790466308594e-01 4.593333303928375244e-01 4.270160794258117676e-01 3.168999254703521729e-01 2.955816686153411865e-01 5.768612027168273926e-01 3.968267440795898438e-01
3.808421194553375244e-01 4.094307422637939453e-01 4.959045350551605225e-01 4.108061790466308594e-01 3.154992759227752686e-01 4.270160794258117676e-01 2.637643814086914062e-01 2.955816686153411865e-01 2.996532320976257324e-01 3.968267440795898438e-01
3.808421194553375244e-01 4.094307422637939453e-01 5.692661404609680176e-01 4.108061790466308594e-01 4.120517969131469727e-01 4.270160794258117676e-01 2.610247135162353516e-01 2.955816686153411865e-01 2.996532320976257324e-01 3.968267440795898438e-01
4.375500380992889404e-01 4.094307422637939453e-01 5.692661404609680176e-01 4.108061790466308594e-01 5.636568665504455566e-01 4.270160794258117676e-01 2.760386168956756592e-01 3.833029270172119141e-01 6.386151909828186035e-01 3.968267440795898438e-01
4.375500380992889404e-01 3.433283567428588867e-01 5.692661404609680176e-01 4.108061790466308594e-01 5.636568665504455566e-01 4.270160794258117676e-01 1.661476343870162964e-01 5.868327617645263672e-01 6.386151909828186035e-01 3.968267440795898438e-01
3.808421194553375244e-01 3.217300474643707275e-01 5.692661404609680176e-01 5.000000000000000000e-01 4.120517969131469727e-01 4.270160794258117676e-01 2.251280099153518677e-01 4.920094013214111328e-01 6.386151909828186035e-01 3.968267440795898438e-01
4.436686038970947266e-01 3.674695491790771484e-01 5.692661404609680176e-01 5.000000000000000000e-01 5.636568665504455566e-01 4.270160794258117676e-01 2.074138671159744263e-01 5.627480149269104004e-01 6.386151909828186035e-01 3.968267440795898438e-01
4.436686038970947266e-01 3.674695491790771484e-01 5.692661404609680176e-01 5.000000000000000000e-01 4.514304101467132568e-01 4.270160794258117676e-01 2.074138671159744263e-01 6.885807514190673828e-01 6.386151909828186035e-01 3.968267440795898438e-01
4.436686038970947266e-01 7.277155518531799316e-01 5.692661404609680176e-01 5.000000000000000000e-01 4.514304101467132568e-01 5.978859663009643555e-01 2.761911451816558838e-01 2.754804491996765137e-01 4.545185565948486328e-01 3.968267440795898438e-01
4.436686038970947266e-01 6.857487559318542480e-01 5.692661404609680176e-01 5.000000000000000000e-01 4.514304101467132568e-01 5.978859663009643555e-01 2.074138671159744263e-01 1.824030876159667969e-01 3.434753119945526123e-01 3.968267440795898438e-01
4.436686038970947266e-01 3.848715424537658691e-01 5.692661404609680176e-01 5.000000000000000000e-01 4.514304101467132568e-01 5.978859663009643555e-01 2.761911451816558838e-01 2.754804491996765137e-01 3.434753119945526123e-01 3.968267440795898438e-01
4.436686038970947266e-01 3.381239175796508789e-01 3.167660236358642578e-01 5.000000000000000000e-01 4.514304101467132568e-01 2.592262327671051025e-01 1.149479150772094727e-01 2.754804491996765137e-01 3.434753119945526123e-01 3.968267440795898438e-01
3.808421194553375244e-01 3.381239175796508789e-01 5.692661404609680176e-01 5.000000000000000000e-01 4.120517969131469727e-01 2.592262327671051025e-01 2.251280099153518677e-01 2.800792753696441650e-01 2.117574065923690796e-01 3.968267440795898438e-01
2.867204546928405762e-01 3.381239175796508789e-01 3.167660236358642578e-01 5.000000000000000000e-01 3.601078093051910400e-01 2.592262327671051025e-01 6.684836745262145996e-02 1.358292549848556519e-01 2.469315379858016968e-01 3.968267440795898438e-01
1.949440389871597290e-01 3.381239175796508789e-01 3.167660236358642578e-01 5.000000000000000000e-01 3.601078093051910400e-01 2.592262327671051025e-01 1.532795727252960205e-01 2.203372418880462646e-01 2.878358960151672363e-01 3.968267440795898438e-01
1.949440389871597290e-01 1.905025988817214966e-01 3.172840178012847900e-01 5.000000000000000000e-01 3.601078093051910400e-01 2.592262327671051025e-01 6.684836745262145996e-02 1.294803023338317871e-01 2.469315379858016968e-01 3.968267440795898438e-01
4.569303989410400391e-01 1.494747549295425415e-01 3.172840178012847900e-01 5.000000000000000000e-01 4.752506911754608154e-01 2.592262327671051025e-01 8.702663332223892212e-02 1.269182860851287842e-01 2.469315379858016968e-01 3.968267440795898438e-01
4.569303989410400391e-01 1.494747549295425415e-01 3.172840178012847900e-01 5.000000000000000000e-01 4.752506911754608154e-01 2.592262327671051025e-01 8.702663332223892212e-02 1.269182860851287842e-01 2.469315379858016968e-01 3.968267440795898438e-01
4.569303989410400391e-01 4.531177580356597900e-01 3.172840178012847900e-01 5.000000000000000000e-01 3.601078093051910400e-01 2.592262327671051025e-01 8.208239078521728516e-02 1.269182860851287842e-01 2.469315379858016968e-01 3.968267440795898438e-01
5.827632546424865723e-01 4.531177580356597900e-01 3.172840178012847900e-01 5.000000000000000000e-01 3.601078093051910400e-01 2.592262327671051025e-01 8.208239078521728516e-02 2.167092710733413696e-01 2.469315379858016968e-01 3.968267440795898438e-01
4.569303989410400391e-01 3.381239175796508789e-01 3.172840178012847900e-01 5.000000000000000000e-01 5.153748393058776855e-01 2.592262327671051025e-01 8.208239078521728516e-02 1.331608444452285767e-01 2.469315379858016968e-01 3.968267440795898438e-01
6.442403197288513184e-01 3.381239175796508789e-01 3.172840178012847900e-01 5.000000000000000000e-01 5.153748393058776855e-01 2.592262327671051025e-01 8.208239078521728516e-02 1.269182860851287842e-01 2.469315379858016968e-01 3.968267440795898438e-01
7.197594642639160156e-01 3.381239175796508789e-01 3.172840178012847900e-01 5.000000000000000000e-01 5.153748393058776855e-01 2.592262327671051025e-01 3.510428965091705322e-01 2.164244651794433594e-01 3.987652063369750977e-01 3.968267440795898438e-01
7.197594642639160156e-01 4.410704672336578369e-01 2.779126763343811035e-01 5.000000000000000000e-01 5.153748393058776855e-01 2.592262327671051025e-01 4.222878515720367432e-01 1.471215039491653442e-01 3.987652063369750977e-01 3.968267440795898438e-01
3.754917085170745850e-01 3.918450474739074707e-01 2.779126763343811035e-01 5.000000000000000000e-01 5.153748393058776855e-01 2.592262327671051025e-01 5.601519346237182617e-01 1.471215039491653442e-01 3.987652063369750977e-01 3.968267440795898438e-01
4.995263516902923584e-01 3.918450474739074707e-01 2.779126763343811035e-01 5.000000000000000000e-01 5.153748393058776855e-01 2.592262327671051025e-01 3.350894153118133545e-01 8.754163235425949097e-02 3.987652063369750977e-01 3.968267440795898438e-01
3.754917085170745850e-01 4.939383268356323242e-01 2.779126763343811035e-01 5.000000000000000000e-01 5.153748393058776855e-01 2.592262327671051025e-01 5.601519346237182617e-01 1.541822701692581177e-01 3.987652063369750977e-01 3.968267440795898438e-01
3.754917085170745850e-01 4.939383268356323242e-01 2.779126763343811035e-01 5.000000000000000000e-01 5.153748393058776855e-01 3.802786469459533691e-01 5.601519346237182617e-01 1.541822701692581177e-01 3.810679912567138672e-01 3.968267440795898438e-01
3.754917085170745850e-01 5.334867835044860840e-01 2.779126763343811035e-01 5.000000000000000000e-01 5.153748393058776855e-01 3.802786469459533691e-01 4.506608247756958008e-01 3.181261122226715088e-01 4.497982561588287354e-01 3.968267440795898438e-01
7.197594642639160156e-01 4.939383268356323242e-01 2.779126763343811035e-01 5.000000000000000000e-01 5.153748393058776855e-01 3.802786469459533691e-01 4.506608247756958008e-01 1.199796125292778015e-01 3.987652063369750977e-01 3.968267440795898438e-01
3.754917085170745850e-01 4.939383268356323242e-01 2.779126763343811035e-01 5.000000000000000000e-01 5.153748393058776855e-01 3.802786469459533691e-01 4.506608247756958008e-01 1.259301155805587769e-01 3.987652063369750977e-01 3.968267440795898438e-01
3.754917085170745850e-01 4.939383268356323242e-01 2.779126763343811035e-01 5.000000000000000000e-01 3.595884442329406738e-01 3.802786469459533691e-01 4.506608247756958008e-01 1.674753874540328979e-01 3.987652063369750977e-01 3.968267440795898438e-01
3.754917085170745850e-01 3.848715424537658691e-01 2.779126763343811035e-01 5.000000000000000000e-01 3.595884442329406738e-01 3.802786469459533691e-01 4.506608247756958008e-01 1.199796125292778015e-01 3.987652063369750977e-01 3.968267440795898438e-01
3.754917085170745850e-01 3.848715424537658691e-01 3.172840178012847900e-01 5.000000000000000000e-01 3.595884442329406738e-01 3.802786469459533691e-01 3.663137257099151611e-01 1.199796125292778015e-01 3.987652063369750977e-01 3.968267440795898438e-01
3.754917085170745850e-01 3.848715424537658691e-01 3.172840178012847900e-01 5.000000000000000000e-01 3.595884442329406738e-01 3.802786469459533691e-01 5.936247110366821289e-01 1.791832447052001953e-01 3.987652063369750977e-01 3.968267440795898438e-01
3.754917085170745850e-01 3.848715424537658691e-01 3.172840178012847900e-01 5.000000000000000000e-01 3.595884442329406738e-01 3.802786469459533691e-01 6.041182875633239746e-01 4.055843055248260498e-01 3.987652063369750977e-01 3.968267440795898438e-01
6.043193936347961426e-01 3.848715424537658691e-01 6.471375823020935059e-01 5.000000000000000000e-01 5.697730183601379395e-01 5.978859663009643555e-01 6.395367383956909180e-01 2.436209470033645630e-01 5.141429901123046875e-01 3.968267440795898438e-01
9.022464752197265625e-01 7.277155518531799316e-01 6.471375823020935059e-01 5.000000000000000000e-01 5.697730183601379395e-01 5.978859663009643555e-01 6.395367383956909180e-01 1.198392957448959351e-01 5.141429901123046875e-01 3.968267440795898438e-01
6.043193936347961426e-01 7.277155518531799316e-01 6.471375823020935059e-01 5.000000000000000000e-01 5.697730183601379395e-01 5.978859663009643555e-01 7.336329817771911621e-01 2.633416652679443359e-01 5.660403966903686523e-01 3.968267440795898438e-01
6.043193936347961426e-01 7.277155518531799316e-01 6.471375823020935059e-01 5.000000000000000000e-01 5.697730183601379395e-01 5.978859663009643555e-01 7.336329817771911621e-01 2.760038673877716064e-01 5.141429901123046875e-01 3.968267440795898438e-01
6.043193936347961426e-01 3.848715424537658691e-01 5.698526501655578613e-01 5.000000000000000000e-01 5.697730183601379395e-01 5.978859663009643555e-01 7.336329817771911621e-01 2.144718021154403687e-01 5.141429901123046875e-01 3.968267440795898438e-01
6.043193936347961426e-01 2.237399369478225708e-01 5.698526501655578613e-01 5.000000000000000000e-01 5.697730183601379395e-01 3.802786469459533691e-01 7.336329817771911621e-01 2.611520290374755859e-01 5.141429901123046875e-01 3.968267440795898438e-01
3.754917085170745850e-01 3.848715424537658691e-01 3.172840178012847900e-01 5.000000000000000000e-01 3.595884442329406738e-01 3.802786469459533691e-01 3.663137257099151611e-01 1.504749059677124023e-01 3.987652063369750977e-01 3.968267440795898438e-01
4.995263516902923584e-01 3.848715424537658691e-01 2.779126763343811035e-01 5.000000000000000000e-01 3.595884442329406738e-01 3.802786469459533691e-01 3.350894153118133545e-01 1.659033298492431641e-01 3.987652063369750977e-01 3.968267440795898438e-01
3.754917085170745850e-01 4.410704672336578369e-01 2.779126763343811035e-01 5.000000000000000000e-01 3.595884442329406738e-01 3.802786469459533691e-01 3.350894153118133545e-01 1.659033298492431641e-01 3.987652063369750977e-01 3.968267440795898438e-01
3.754917085170745850e-01 4.410704672336578369e-01 2.779126763343811035e-01 5.000000000000000000e-01 5.153748393058776855e-01 3.802786469459533691e-01 3.350894153118133545e-01 9.960570186376571655e-02 3.987652063369750977e-01 3.968267440795898438e-01
4.995263516902923584e-01 2.214188873767852783e-01 2.779126763343811035e-01 5.000000000000000000e-01 5.153748393058776855e-01 3.802786469459533691e-01 3.910640478134155273e-01 9.960570186376571655e-02 3.987652063369750977e-01 3.968267440795898438e-01
3.754917085170745850e-01 3.817009329795837402e-01 2.779126763343811035e-01 5.000000000000000000e-01 5.153748393058776855e-01 3.802786469459533691e-01 3.910640478134155273e-01 6.167840212583541870e-02 3.810679912567138672e-01 3.968267440795898438e-01
7.841834425926208496e-01 4.410704672336578369e-01 2.275846004486083984e-01 5.000000000000000000e-01 5.153748393058776855e-01 3.802786469459533691e-01 7.621663212776184082e-01 1.848035454750061035e-01 3.987652063369750977e-01 3.968267440795898438e-01
7.841834425926208496e-01 4.410704672336578369e-01 2.779126763343811035e-01 5.000000000000000000e-01 5.153748393058776855e-01 3.802786469459533691e-01 6.187373399734497070e-01 1.331796646118164062e-01 3.987652063369750977e-01 3.968267440795898438e-01
7.841834425926208496e-01 5.274800658226013184e-01 2.779126763343811035e-01 5.000000000000000000e-01 5.153748393058776855e-01 3.802786469459533691e-01 6.187373399734497070e-01 2.801149785518646240e-01 3.987652063369750977e-01 3.968267440795898438e-01
7.841834425926208496e-01 3.573716878890991211e-01 2.779126763343811035e-01 5.000000000000000000e-01 5.153748393058776855e-01 3.802786469459533691e-01 6.187373399734497070e-01 1.502808630466461182e-01 4.497982561588287354e-01 3.968267440795898438e-01
7.841834425926208496e-01 5.274800658226013184e-01 2.779126763343811035e-01 5.000000000000000000e-01 5.153748393058776855e-01 3.802786469459533691e-01 7.621663212776184082e-01 2.801149785518646240e-01 3.987652063369750977e-01 3.968267440795898438e-01
6.001310348510742188e-01 5.274800658226013184e-01 2.779126763343811035e-01 5.000000000000000000e-01 3.595884442329406738e-01 3.802786469459533691e-01 8.921092152595520020e-01 4.085537195205688477e-01 5.612022876739501953e-01 3.968267440795898438e-01
6.001310348510742188e-01 6.397970318794250488e-01 2.779126763343811035e-01 5.000000000000000000e-01 3.595884442329406738e-01 3.802786469459533691e-01 8.921092152595520020e-01 4.534832835197448730e-01 5.092279314994812012e-01 3.968267440795898438e-01
7.921995520591735840e-01 4.316806197166442871e-01 6.471375823020935059e-01 5.000000000000000000e-01 5.697730183601379395e-01 5.978859663009643555e-01 9.532186388969421387e-01 4.415407180786132812e-01 6.711173057556152344e-01 6.025768518447875977e-01
7.921995520591735840e-01 6.397970318794250488e-01 6.471375823020935059e-01 5.000000000000000000e-01 5.697730183601379395e-01 5.978859663009643555e-01 9.090941548347473145e-01 6.768822073936462402e-01 6.234260797500610352e-01 6.025768518447875977e-01
7.921995520591735840e-01 6.397970318794250488e-01 6.471375823020935059e-01 5.000000000000000000e-01 5.697730183601379395e-01 5.978859663009643555e-01 7.782586812973022461e-01 2.702806890010833740e-01 5.141429901123046875e-01 3.968267440795898438e-01
9.022464752197265625e-01 5.567296147346496582e-01 6.471375823020935059e-01 5.000000000000000000e-01 5.697730183601379395e-01 5.978859663009643555e-01 7.782586812973022461e-01 3.125366568565368652e-01 5.141429901123046875e-01 3.968267440795898438e-01
4.436686038970947266e-01 4.906173050403594971e-01 5.698526501655578613e-01 5.000000000000000000e-01 4.514304101467132568e-01 5.978859663009643555e-01 6.908167004585266113e-01 2.611520290374755859e-01 4.545185565948486328e-01 3.968267440795898438e-01
4.436686038970947266e-01 4.906173050403594971e-01 5.698526501655578613e-01 5.000000000000000000e-01 4.514304101467132568e-01 4.270160794258117676e-01 6.908167004585266113e-01 2.719404995441436768e-01 4.545185565948486328e-01 3.968267440795898438e-01
4.789564609527587891e-01 6.837966442108154297e-01 5.722892880439758301e-01 4.108061790466308594e-01 4.593333303928375244e-01 4.270160794258117676e-01 4.630496799945831299e-01 6.343737244606018066e-01 2.996532320976257324e-01 3.968267440795898438e-01
4.789564609527587891e-01 6.837966442108154297e-01 5.722892880439758301e-01 4.108061790466308594e-01 3.154992759227752686e-01 4.270160794258117676e-01 3.608922958374023438e-01 6.290405392646789551e-01 2.996532320976257324e-01 3.968267440795898438e-01
4.375500380992889404e-01 6.483942866325378418e-01 5.698526501655578613e-01 4.108061790466308594e-01 5.636568665504455566e-01 4.270160794258117676e-01 7.917047739028930664e-01 4.204784035682678223e-01 5.768612027168273926e-01 3.968267440795898438e-01
5.375890731811523438e-01 6.009066104888916016e-01 3.919445872306823730e-01 4.108061790466308594e-01 5.636568665504455566e-01 4.270160794258117676e-01 5.782032608985900879e-01 1.897446215152740479e-01 5.768612027168273926e-01 3.968267440795898438e-01
4.436686038970947266e-01 4.465925991535186768e-01 4.965026080608367920e-01 4.108061790466308594e-01 4.514304101467132568e-01 4.270160794258117676e-01 2.622562944889068604e-01 3.558754324913024902e-01 3.950752019882202148e-01 3.968267440795898438e-01
4.436686038970947266e-01 4.049957096576690674e-01 5.771880745887756348e-01 4.108061790466308594e-01 4.514304101467132568e-01 4.270160794258117676e-01 4.721638858318328857e-01 3.558754324913024902e-01 3.950752019882202148e-01 3.968267440795898438e-01
4.436686038970947266e-01 3.674695491790771484e-01 6.471375823020935059e-01 4.108061790466308594e-01 4.514304101467132568e-01 4.270160794258117676e-01 4.721638858318328857e-01 2.088805139064788818e-01 3.950752019882202148e-01 3.968267440795898438e-01
4.436686038970947266e-01 3.674695491790771484e-01 4.965026080608367920e-01 4.108061790466308594e-01 4.514304101467132568e-01 4.270160794258117676e-01 2.341459989547729492e-01 1.931793391704559326e-01 3.950752019882202148e-01 3.968267440795898438e-01
4.436686038970947266e-01 4.754162728786468506e-01 6.207892894744873047e-01 4.108061790466308594e-01 4.514304101467132568e-01 4.270160794258117676e-01 2.341459989547729492e-01 2.019272148609161377e-01 3.950752019882202148e-01 3.968267440795898438e-01
4.436686038970947266e-01 4.754162728786468506e-01 6.207892894744873047e-01 4.108061790466308594e-01 4.514304101467132568e-01 4.270160794258117676e-01 2.341459989547729492e-01 1.931793391704559326e-01 3.950752019882202148e-01 3.968267440795898438e-01
4.436686038970947266e-01 4.686276316642761230e-01 6.207892894744873047e-01 4.108061790466308594e-01 4.514304101467132568e-01 4.270160794258117676e-01 2.341459989547729492e-01 3.615925908088684082e-01 3.950752019882202148e-01 3.968267440795898438e-01
4.436686038970947266e-01 4.411360919475555420e-01 6.207892894744873047e-01 4.108061790466308594e-01 4.514304101467132568e-01 4.270160794258117676e-01 5.515884757041931152e-01 4.052650928497314453e-01 5.053749084472656250e-01 6.025768518447875977e-01
4.436686038970947266e-01 5.274800658226013184e-01 6.207892894744873047e-01 4.108061790466308594e-01 4.514304101467132568e-01 4.270160794258117676e-01 5.515884757041931152e-01 3.277937173843383789e-01 5.053749084472656250e-01 6.025768518447875977e-01
4.436686038970947266e-01 6.830276846885681152e-01 4.564930796623229980e-01 4.108061790466308594e-01 4.514304101467132568e-01 4.270160794258117676e-01 3.764494955539703369e-01 3.157503902912139893e-01 5.053749084472656250e-01 6.025768518447875977e-01
4.436686038970947266e-01 6.037554144859313965e-01 4.564930796623229980e-01 4.108061790466308594e-01 4.514304101467132568e-01 4.270160794258117676e-01 3.764494955539703369e-01 5.298483371734619141e-01 5.053749084472656250e-01 6.025768518447875977e-01
4.436686038970947266e-01 6.299577355384826660e-01 4.564930796623229980e-01 4.108061790466308594e-01 4.514304101467132568e-01 4.270160794258117676e-01 3.764494955539703369e-01 4.468312561511993408e-01 5.053749084472656250e-01 6.025768518447875977e-01
4.436686038970947266e-01 6.299577355384826660e-01 4.564930796623229980e-01 4.108061790466308594e-01 4.514304101467132568e-01 4.270160794258117676e-01 3.764494955539703369e-01 4.605094194412231445e-01 5.053749084472656250e-01 6.025768518447875977e-01
4.436686038970947266e-01 6.037554144859313965e-01 4.564930796623229980e-01 4.108061790466308594e-01 4.514304101467132568e-01 4.270160794258117676e-01 3.149432837963104248e-01 5.298483371734619141e-01 5.053749084472656250e-01 6.025768518447875977e-01
4.436686038970947266e-01 6.037554144859313965e-01 4.564930796623229980e-01 5.444118380546569824e-01 5.822974443435668945e-01 5.152126550674438477e-01 4.379993379116058350e-01 5.298483371734619141e-01 4.795135855674743652e-01 5.192211270332336426e-01
4.436686038970947266e-01 6.037554144859313965e-01 4.564930796623229980e-01 5.444118380546569824e-01 5.822974443435668945e-01 5.152126550674438477e-01 4.379993379116058350e-01 5.298483371734619141e-01 4.795135855674743652e-01 5.192211270332336426e-01
4.436686038970947266e-01 6.037554144859313965e-01 6.207892894744873047e-01 5.444118380546569824e-01 5.822974443435668945e-01 5.152126550674438477e-01 3.858428895473480225e-01 4.287907183170318604e-01 4.795135855674743652e-01 5.192211270332336426e-01
4.436686038970947266e-01 6.830276846885681152e-01 6.207892894744873047e-01 5.444118380546569824e-01 5.822974443435668945e-01 5.152126550674438477e-01 4.829374551773071289e-01 6.181107163429260254e-01 5.403138995170593262e-01 5.192211270332336426e-01
5.924779176712036133e-01 6.037554144859313965e-01 4.564930796623229980e-01 5.444118380546569824e-01 6.916894912719726562e-01 5.152126550674438477e-01 4.829374551773071289e-01 6.513879299163818359e-01 5.921066403388977051e-01 5.192211270332336426e-01
