4.804894030094146729e-01 4.470593929290771484e-01 5.259370803833007812e-01 4.247190356254577637e-01 5.164289474487304688e-01 2.842997610569000244e-01 1.251773536205291748e-01 5.021114349365234375e-01 4.518598318099975586e-01 4.506042003631591797e-01
3.693020343780517578e-01 4.470593929290771484e-01 3.761299550533294678e-01 5.919511914253234863e-01 4.789628982543945312e-01 2.806158959865570068e-01 9.251387417316436768e-02 4.777194261550903320e-01 4.518598318099975586e-01 4.506042003631591797e-01
3.865941166877746582e-01 3.345304131507873535e-01 5.904133915901184082e-01 5.919511914253234863e-01 5.573591589927673340e-01 5.565555691719055176e-01 9.251387417316436768e-02 4.777194261550903320e-01 4.982242584228515625e-01 4.506042003631591797e-01
3.865941166877746582e-01 3.345304131507873535e-01 5.904133915901184082e-01 5.919511914253234863e-01 3.980761468410491943e-01 4.365848600864410400e-01 9.251387417316436768e-02 4.777194261550903320e-01 4.839470684528350830e-01 4.506042003631591797e-01
2.759117484092712402e-01 3.345304131507873535e-01 7.304248213768005371e-01 5.919511914253234863e-01 7.386419773101806641e-01 8.735864758491516113e-01 1.892378479242324829e-01 4.777194261550903320e-01 4.839470684528350830e-01 4.506042003631591797e-01
5.614714026451110840e-01 3.345304131507873535e-01 7.304248213768005371e-01 5.919511914253234863e-01 7.386419773101806641e-01 7.223157882690429688e-01 1.892378479242324829e-01 4.777194261550903320e-01 4.839470684528350830e-01 4.506042003631591797e-01
5.614714026451110840e-01 5.709099173545837402e-01 6.877400875091552734e-01 6.046682596206665039e-01 6.845664978027343750e-01 7.223157882690429688e-01 1.892378479242324829e-01 4.777194261550903320e-01 4.839470684528350830e-01 4.506042003631591797e-01
6.269435882568359375e-01 5.709099173545837402e-01 8.764382004737854004e-01 4.864595532417297363e-01 8.132682442665100098e-01 8.436055183410644531e-01 4.895224869251251221e-01 4.777194261550903320e-01 4.831125438213348389e-01 7.256260514259338379e-01
4.363362491130828857e-01 5.709099173545837402e-01 5.264854431152343750e-01 6.046682596206665039e-01 7.068967819213867188e-01 5.481713414192199707e-01 4.658999741077423096e-01 4.777194261550903320e-01 4.831125438213348389e-01 4.506042003631591797e-01
4.363362491130828857e-01 5.709099173545837402e-01 9.053796529769897461e-01 6.046682596206665039e-01 8.355811238288879395e-01 5.481713414192199707e-01 7.094118595123291016e-01 4.777194261550903320e-01 4.831125438213348389e-01 5.871016979217529297e-01
4.363362491130828857e-01 5.709099173545837402e-01 8.923315405845642090e-01 6.046682596206665039e-01 8.792234659194946289e-01 8.474725484848022461e-01 7.094118595123291016e-01 4.777194261550903320e-01 4.982242584228515625e-01 4.506042003631591797e-01
4.363362491130828857e-01 5.709099173545837402e-01 9.651570916175842285e-01 6.046682596206665039e-01 8.792234659194946289e-01 8.474725484848022461e-01 7.094118595123291016e-01 4.777194261550903320e-01 4.839470684528350830e-01 4.506042003631591797e-01
2.759117484092712402e-01 4.470593929290771484e-01 9.339469671249389648e-01 6.046682596206665039e-01 8.440709114074707031e-01 8.474725484848022461e-01 7.094118595123291016e-01 3.601086735725402832e-01 4.518598318099975586e-01 4.506042003631591797e-01
2.759117484092712402e-01 4.470593929290771484e-01 8.056550621986389160e-01 5.919511914253234863e-01 8.990066051483154297e-01 8.474725484848022461e-01 6.157209277153015137e-01 3.601086735725402832e-01 2.709022462368011475e-01 4.506042003631591797e-01
2.759117484092712402e-01 4.470593929290771484e-01 8.056550621986389160e-01 5.357930660247802734e-01 7.788472175598144531e-01 8.474725484848022461e-01 6.157209277153015137e-01 3.601086735725402832e-01 2.709022462368011475e-01 4.506042003631591797e-01
2.759117484092712402e-01 4.470593929290771484e-01 8.056550621986389160e-01 5.357930660247802734e-01 8.481252193450927734e-01 6.237964034080505371e-01 6.157209277153015137e-01 3.601086735725402832e-01 2.709022462368011475e-01 4.506042003631591797e-01
2.815687060356140137e-01 4.470593929290771484e-01 6.962131857872009277e-01 5.052753090858459473e-01 6.378687620162963867e-01 6.244571805000305176e-01 5.309564471244812012e-01 2.798780202865600586e-01 2.709022462368011475e-01 4.506042003631591797e-01
2.815687060356140137e-01 4.470593929290771484e-01 6.016246080398559570e-01 5.052753090858459473e-01 6.378687620162963867e-01 3.581826090812683105e-01 5.309564471244812012e-01 2.787247300148010254e-01 1.705165207386016846e-01 4.506042003631591797e-01
3.187547326087951660e-01 4.470593929290771484e-01 4.984631240367889404e-01 5.052753090858459473e-01 7.487630844116210938e-01 6.244571805000305176e-01 5.309564471244812012e-01 2.798780202865600586e-01 2.709022462368011475e-01 4.506042003631591797e-01
1.587555855512619019e-01 1.983401477336883545e-01 1.374560445547103882e-01 3.023700416088104248e-01 5.648567080497741699e-01 1.411456465721130371e-01 3.309665918350219727e-01 2.787247300148010254e-01 3.671887516975402832e-01 4.506042003631591797e-01
1.587555855512619019e-01 1.983401477336883545e-01 2.725097835063934326e-01 3.023700416088104248e-01 7.860627174377441406e-01 1.411456465721130371e-01 3.309665918350219727e-01 4.379843771457672119e-01 1.746304929256439209e-01 4.506042003631591797e-01
1.587555855512619019e-01 1.983401477336883545e-01 5.292947888374328613e-01 3.023700416088104248e-01 7.860627174377441406e-01 1.411456465721130371e-01 4.799091815948486328e-01 4.379843771457672119e-01 1.746304929256439209e-01 4.506042003631591797e-01
3.824110925197601318e-01 4.757923781871795654e-01 1.756201684474945068e-01 6.717167496681213379e-01 4.671960473060607910e-01 1.975488364696502686e-01 4.799091815948486328e-01 4.379843771457672119e-01 2.413479238748550415e-01 5.566969513893127441e-01
3.824110925197601318e-01 4.757923781871795654e-01 1.322310864925384521e-01 6.717167496681213379e-01 4.419825971126556396e-01 1.975488364696502686e-01 2.933810651302337646e-01 4.379843771457672119e-01 2.413479238748550415e-01 5.566969513893127441e-01
3.824110925197601318e-01 3.421572148799896240e-01 9.410373866558074951e-02 3.618023693561553955e-01 4.559208452701568604e-01 3.673123717308044434e-01 2.933810651302337646e-01 4.379843771457672119e-01 2.413479238748550415e-01 5.566969513893127441e-01
3.979947268962860107e-01 4.359713196754455566e-01 1.803349405527114868e-01 2.543081343173980713e-01 6.544945240020751953e-01 2.998045682907104492e-01 5.396878719329833984e-01 2.654644250869750977e-01 2.413479238748550415e-01 5.566969513893127441e-01
1.801415681838989258e-01 4.359713196754455566e-01 2.398913204669952393e-01 2.543081343173980713e-01 4.734013676643371582e-01 2.998045682907104492e-01 2.952427268028259277e-01 2.654644250869750977e-01 2.413479238748550415e-01 5.566969513893127441e-01
1.801415681838989258e-01 4.359713196754455566e-01 2.752339243888854980e-01 2.543081343173980713e-01 4.734013676643371582e-01 2.998045682907104492e-01 2.952427268028259277e-01 2.654644250869750977e-01 2.413479238748550415e-01 5.566969513893127441e-01
1.801415681838989258e-01 3.421572148799896240e-01 2.963933944702148438e-01 2.543081343173980713e-01 3.857795894145965576e-01 2.998045682907104492e-01 2.952427268028259277e-01 2.654644250869750977e-01 2.413479238748550415e-01 5.566969513893127441e-01
1.801415681838989258e-01 3.421572148799896240e-01 2.963933944702148438e-01 3.042797744274139404e-01 1.777750849723815918e-01 2.436331510543823242e-01 1.291875988245010376e-01 4.379843771457672119e-01 2.413479238748550415e-01 5.566969513893127441e-01
1.291785389184951782e-01 4.757923781871795654e-01 7.207348197698593140e-02 3.440000712871551514e-01 1.777750849723815918e-01 1.474857479333877563e-01 2.085431069135665894e-01 4.379843771457672119e-01 2.413479238748550415e-01 5.566969513893127441e-01
1.801415681838989258e-01 3.421572148799896240e-01 1.444607675075531006e-01 3.618023693561553955e-01 1.777750849723815918e-01 1.168401390314102173e-01 2.085431069135665894e-01 4.379843771457672119e-01 2.413479238748550415e-01 5.566969513893127441e-01
1.801415681838989258e-01 3.421572148799896240e-01 1.444607675075531006e-01 2.543081343173980713e-01 1.424977034330368042e-01 1.131538823246955872e-01 3.496188521385192871e-01 2.654644250869750977e-01 2.413479238748550415e-01 5.566969513893127441e-01
1.801415681838989258e-01 3.421572148799896240e-01 2.963933944702148438e-01 2.543081343173980713e-01 1.424977034330368042e-01 1.131538823246955872e-01 3.496188521385192871e-01 2.654644250869750977e-01 2.413479238748550415e-01 5.566969513893127441e-01
1.801415681838989258e-01 3.421572148799896240e-01 2.752339243888854980e-01 3.288175165653228760e-01 5.849612504243850708e-02 4.132961034774780273e-01 3.496188521385192871e-01 2.654644250869750977e-01 2.413479238748550415e-01 5.566969513893127441e-01
1.291785389184951782e-01 3.421572148799896240e-01 2.752339243888854980e-01 2.198242545127868652e-01 1.424977034330368042e-01 1.470721065998077393e-01 3.496188521385192871e-01 2.654644250869750977e-01 4.659425616264343262e-01 5.566969513893127441e-01
1.291785389184951782e-01 4.834042787551879883e-01 1.632395237684249878e-01 2.198242545127868652e-01 1.025554090738296509e-01 3.164574801921844482e-01 4.266274273395538330e-01 2.654644250869750977e-01 4.659425616264343262e-01 5.566969513893127441e-01
1.291785389184951782e-01 3.421572148799896240e-01 1.632395237684249878e-01 2.198242545127868652e-01 1.025554090738296509e-01 3.164574801921844482e-01 4.266274273395538330e-01 2.654644250869750977e-01 4.659425616264343262e-01 5.566969513893127441e-01
1.291785389184951782e-01 3.421572148799896240e-01 2.752339243888854980e-01 2.198242545127868652e-01 5.849612504243850708e-02 3.164574801921844482e-01 3.496188521385192871e-01 2.654644250869750977e-01 4.659425616264343262e-01 5.566969513893127441e-01
1.291785389184951782e-01 3.421572148799896240e-01 2.752339243888854980e-01 3.288175165653228760e-01 5.849612504243850708e-02 2.078378051519393921e-01 3.496188521385192871e-01 2.654644250869750977e-01 4.659425616264343262e-01 5.566969513893127441e-01
1.788836121559143066e-01 3.421572148799896240e-01 2.752339243888854980e-01 3.288175165653228760e-01 5.849612504243850708e-02 1.671099811792373657e-01 3.496188521385192871e-01 2.654644250869750977e-01 4.659425616264343262e-01 5.566969513893127441e-01
2.439624816179275513e-01 3.421572148799896240e-01 2.752339243888854980e-01 3.288175165653228760e-01 5.849612504243850708e-02 2.078378051519393921e-01 3.496188521385192871e-01 2.654644250869750977e-01 4.659425616264343262e-01 5.566969513893127441e-01
1.788836121559143066e-01 4.834042787551879883e-01 2.752339243888854980e-01 3.288175165653228760e-01 5.849612504243850708e-02 2.078378051519393921e-01 4.266274273395538330e-01 2.654644250869750977e-01 4.659425616264343262e-01 5.566969513893127441e-01
1.801415681838989258e-01 4.834042787551879883e-01 9.443145245313644409e-02 3.288175165653228760e-01 5.079607367515563965e-01 2.078378051519393921e-01 4.266274273395538330e-01 3.714447319507598877e-01 4.659425616264343262e-01 5.566969513893127441e-01
1.801415681838989258e-01 3.909952640533447266e-01 1.932691596448421478e-02 3.288175165653228760e-01 2.819648385047912598e-02 1.842360794544219971e-01 3.078326880931854248e-01 3.717322647571563721e-01 4.351739585399627686e-01 5.566969513893127441e-01
1.801415681838989258e-01 3.909952640533447266e-01 4.049129039049148560e-02 4.209721386432647705e-01 5.355666205286979675e-02 2.373239994049072266e-01 5.701040029525756836e-01 3.717322647571563721e-01 5.058954954147338867e-01 5.566969513893127441e-01
1.291785389184951782e-01 4.834042787551879883e-01 7.440539002418518066e-01 2.357859909534454346e-01 5.343954637646675110e-02 1.131538823246955872e-01 4.266274273395538330e-01 2.654644250869750977e-01 4.792427122592926025e-01 5.566969513893127441e-01
1.801415681838989258e-01 4.834042787551879883e-01 2.391338199377059937e-01 2.543081343173980713e-01 5.849612504243850708e-02 1.131538823246955872e-01 4.266274273395538330e-01 2.654644250869750977e-01 4.659425616264343262e-01 5.566969513893127441e-01
1.801415681838989258e-01 4.834042787551879883e-01 2.391338199377059937e-01 2.543081343173980713e-01 5.849612504243850708e-02 1.131538823246955872e-01 4.266274273395538330e-01 2.654644250869750977e-01 4.659425616264343262e-01 5.566969513893127441e-01
1.801415681838989258e-01 4.834042787551879883e-01 1.594016551971435547e-01 4.455600976943969727e-01 5.849612504243850708e-02 2.202555686235427856e-01 4.416689574718475342e-01 2.654644250869750977e-01 4.659425616264343262e-01 5.566969513893127441e-01
1.801415681838989258e-01 4.834042787551879883e-01 4.950172007083892822e-01 4.209721386432647705e-01 5.849612504243850708e-02 3.674288690090179443e-01 4.416689574718475342e-01 5.990805029869079590e-01 4.860229194164276123e-01 5.566969513893127441e-01
1.801415681838989258e-01 4.834042787551879883e-01 2.355712950229644775e-01 4.209721386432647705e-01 1.611728221178054810e-01 3.674288690090179443e-01 4.416689574718475342e-01 2.654644250869750977e-01 4.659425616264343262e-01 5.566969513893127441e-01
1.788836121559143066e-01 4.834042787551879883e-01 4.171735346317291260e-01 2.856769859790802002e-01 1.611728221178054810e-01 2.762765884399414062e-01 3.496188521385192871e-01 2.654644250869750977e-01 4.659425616264343262e-01 5.566969513893127441e-01
1.709017455577850342e-01 4.834042787551879883e-01 1.825325042009353638e-01 4.209721386432647705e-01 1.611728221178054810e-01 6.093043684959411621e-01 4.416689574718475342e-01 2.654644250869750977e-01 4.659425616264343262e-01 5.566969513893127441e-01
1.709017455577850342e-01 4.834042787551879883e-01 1.815722286701202393e-01 4.878127872943878174e-01 1.611728221178054810e-01 5.061609745025634766e-01 3.496188521385192871e-01 2.654644250869750977e-01 4.659425616264343262e-01 5.566969513893127441e-01
1.709017455577850342e-01 4.834042787551879883e-01 1.825325042009353638e-01 3.282335102558135986e-01 5.886461734771728516e-01 4.394003450870513916e-01 3.496188521385192871e-01 2.654644250869750977e-01 4.659425616264343262e-01 5.566969513893127441e-01
1.709017455577850342e-01 4.834042787551879883e-01 3.016106486320495605e-01 4.593318104743957520e-01 1.611728221178054810e-01 6.093043684959411621e-01 3.543742597103118896e-01 2.654644250869750977e-01 5.369112491607666016e-01 5.566969513893127441e-01
3.555597066879272461e-01 4.834042787551879883e-01 1.815722286701202393e-01 6.069849729537963867e-01 1.611728221178054810e-01 3.476651012897491455e-01 4.416689574718475342e-01 5.990805029869079590e-01 3.222957849502563477e-01 5.566969513893127441e-01
4.497115612030029297e-01 4.834042787551879883e-01 3.016106486320495605e-01 6.069849729537963867e-01 1.611728221178054810e-01 6.093043684959411621e-01 4.416689574718475342e-01 2.654644250869750977e-01 5.369112491607666016e-01 5.566969513893127441e-01
1.788836121559143066e-01 4.834042787551879883e-01 1.703512370586395264e-01 1.869994699954986572e-01 6.479710936546325684e-01 2.259630560874938965e-01 3.496188521385192871e-01 2.654644250869750977e-01 4.792427122592926025e-01 5.566969513893127441e-01
1.788836121559143066e-01 4.834042787551879883e-01 1.072143092751502991e-01 1.869994699954986572e-01 6.875100731849670410e-01 2.259630560874938965e-01 3.496188521385192871e-01 2.654644250869750977e-01 4.659425616264343262e-01 5.566969513893127441e-01
1.788836121559143066e-01 3.421572148799896240e-01 5.205243453383445740e-02 1.869994699954986572e-01 8.546277880668640137e-02 2.259630560874938965e-01 3.496188521385192871e-01 2.654644250869750977e-01 4.659425616264343262e-01 5.566969513893127441e-01
1.788836121559143066e-01 3.421572148799896240e-01 3.680112585425376892e-02 1.341933310031890869e-01 4.780584275722503662e-01 2.259630560874938965e-01 2.051209062337875366e-01 2.654644250869750977e-01 4.659425616264343262e-01 5.566969513893127441e-01
1.788836121559143066e-01 4.132828116416931152e-01 3.680112585425376892e-02 1.341933310031890869e-01 3.951711654663085938e-01 2.259630560874938965e-01 3.496188521385192871e-01 2.654644250869750977e-01 4.659425616264343262e-01 5.566969513893127441e-01
7.760976999998092651e-02 4.132828116416931152e-01 9.785792976617813110e-02 1.341933310031890869e-01 3.663189709186553955e-01 2.259630560874938965e-01 2.051209062337875366e-01 2.654644250869750977e-01 4.659425616264343262e-01 5.566969513893127441e-01
2.355166673660278320e-01 4.132828116416931152e-01 5.231996253132820129e-02 1.341933310031890869e-01 1.754932552576065063e-01 2.259630560874938965e-01 3.496188521385192871e-01 2.654644250869750977e-01 4.659425616264343262e-01 5.566969513893127441e-01
1.788836121559143066e-01 4.132828116416931152e-01 9.647710621356964111e-02 2.609180808067321777e-01 2.650659680366516113e-01 2.259630560874938965e-01 6.130738258361816406e-01 2.654644250869750977e-01 4.659425616264343262e-01 5.566969513893127441e-01
1.788836121559143066e-01 3.421572148799896240e-01 2.541445381939411163e-02 2.609180808067321777e-01 1.591478139162063599e-01 2.259630560874938965e-01 6.130738258361816406e-01 3.714447319507598877e-01 4.659425616264343262e-01 5.566969513893127441e-01
1.788836121559143066e-01 4.132828116416931152e-01 3.916845619678497314e-01 5.267226099967956543e-01 2.650659680366516113e-01 2.259630560874938965e-01 6.130738258361816406e-01 3.714447319507598877e-01 4.659425616264343262e-01 5.566969513893127441e-01
4.726475775241851807e-01 4.132828116416931152e-01 2.097592949867248535e-01 2.609180808067321777e-01 2.699782848358154297e-01 2.259630560874938965e-01 6.130738258361816406e-01 4.854484796524047852e-01 4.659425616264343262e-01 5.566969513893127441e-01
4.726475775241851807e-01 4.834042787551879883e-01 4.468384981155395508e-01 5.267226099967956543e-01 3.594524860382080078e-01 2.259630560874938965e-01 3.543742597103118896e-01 4.854484796524047852e-01 5.369112491607666016e-01 5.566969513893127441e-01
7.692415118217468262e-01 4.834042787551879883e-01 3.147682249546051025e-01 4.593318104743957520e-01 4.694033563137054443e-01 2.594051957130432129e-01 5.261358618736267090e-01 4.854484796524047852e-01 5.369112491607666016e-01 5.566969513893127441e-01
7.692415118217468262e-01 4.834042787551879883e-01 5.011526942253112793e-01 5.267226099967956543e-01 2.706911563873291016e-01 2.594051957130432129e-01 5.261358618736267090e-01 4.854484796524047852e-01 5.369112491607666016e-01 5.566969513893127441e-01
7.692415118217468262e-01 3.421572148799896240e-01 2.821840345859527588e-01 5.267226099967956543e-01 2.706911563873291016e-01 2.112672477960586548e-01 6.898208260536193848e-01 4.854484796524047852e-01 5.369112491607666016e-01 5.566969513893127441e-01
7.567523121833801270e-01 3.421572148799896240e-01 2.670136690139770508e-01 4.593318104743957520e-01 1.905684769153594971e-01 3.476651012897491455e-01 4.351581335067749023e-01 4.854484796524047852e-01 5.369112491607666016e-01 5.566969513893127441e-01
7.567523121833801270e-01 4.834042787551879883e-01 2.670136690139770508e-01 4.593318104743957520e-01 1.905684769153594971e-01 3.476651012897491455e-01 5.261358618736267090e-01 4.854484796524047852e-01 5.369112491607666016e-01 5.566969513893127441e-01
6.774556040763854980e-01 3.421572148799896240e-01 4.170723557472229004e-01 4.593318104743957520e-01 4.213264584541320801e-01 3.476651012897491455e-01 5.261358618736267090e-01 4.854484796524047852e-01 5.369112491607666016e-01 5.566969513893127441e-01
6.774556040763854980e-01 4.834042787551879883e-01 2.670136690139770508e-01 4.593318104743957520e-01 4.213264584541320801e-01 3.476651012897491455e-01 5.261358618736267090e-01 4.854484796524047852e-01 5.369112491607666016e-01 5.566969513893127441e-01
7.567523121833801270e-01 4.834042787551879883e-01 2.670136690139770508e-01 4.593318104743957520e-01 4.213264584541320801e-01 3.476651012897491455e-01 5.261358618736267090e-01 4.854484796524047852e-01 5.369112491607666016e-01 5.566969513893127441e-01
7.567523121833801270e-01 4.834042787551879883e-01 2.670136690139770508e-01 4.593318104743957520e-01 4.213264584541320801e-01 3.476651012897491455e-01 5.261358618736267090e-01 4.854484796524047852e-01 5.369112491607666016e-01 5.566969513893127441e-01
6.774556040763854980e-01 4.132828116416931152e-01 4.170723557472229004e-01 5.267226099967956543e-01 1.606532782316207886e-01 2.112672477960586548e-01 6.898208260536193848e-01 4.854484796524047852e-01 5.369112491607666016e-01 5.566969513893127441e-01
5.181500315666198730e-01 4.132828116416931152e-01 1.607795953750610352e-01 5.267226099967956543e-01 1.861832588911056519e-01 2.590062916278839111e-01 6.898208260536193848e-01 4.854484796524047852e-01 5.369112491607666016e-01 5.566969513893127441e-01
7.999824285507202148e-01 4.132828116416931152e-01 2.687654793262481689e-01 5.267226099967956543e-01 3.586208522319793701e-01 2.590062916278839111e-01 6.898208260536193848e-01 4.854484796524047852e-01 5.369112491607666016e-01 5.566969513893127441e-01
7.999824285507202148e-01 5.514124035835266113e-01 2.687654793262481689e-01 7.080976963043212891e-01 3.586208522319793701e-01 2.590062916278839111e-01 9.103296995162963867e-01 4.854484796524047852e-01 5.369112491607666016e-01 5.566969513893127441e-01
7.999824285507202148e-01 4.757923781871795654e-01 2.687654793262481689e-01 7.080976963043212891e-01 6.344252824783325195e-01 3.136954903602600098e-01 6.505153775215148926e-01 4.854484796524047852e-01 5.369112491607666016e-01 5.566969513893127441e-01
7.999824285507202148e-01 5.514124035835266113e-01 2.687654793262481689e-01 7.080976963043212891e-01 6.374445557594299316e-01 3.136954903602600098e-01 7.786040306091308594e-01 4.854484796524047852e-01 5.369112491607666016e-01 5.566969513893127441e-01
7.999824285507202148e-01 3.421572148799896240e-01 6.609024405479431152e-01 5.267226099967956543e-01 4.213264584541320801e-01 3.136954903602600098e-01 7.786040306091308594e-01 4.854484796524047852e-01 5.369112491607666016e-01 5.566969513893127441e-01
6.294922232627868652e-01 5.514124035835266113e-01 3.443725705146789551e-01 5.157410502433776855e-01 1.606532782316207886e-01 2.590062916278839111e-01 9.103296995162963867e-01 4.854484796524047852e-01 5.369112491607666016e-01 5.566969513893127441e-01
6.294922232627868652e-01 5.514124035835266113e-01 3.443725705146789551e-01 5.157410502433776855e-01 1.861832588911056519e-01 2.590062916278839111e-01 9.103296995162963867e-01 4.854484796524047852e-01 5.369112491607666016e-01 5.566969513893127441e-01
6.294922232627868652e-01 5.514124035835266113e-01 9.012728184461593628e-02 5.157410502433776855e-01 1.861832588911056519e-01 2.590062916278839111e-01 9.103296995162963867e-01 4.854484796524047852e-01 5.369112491607666016e-01 5.566969513893127441e-01
1.019109636545181274e-01 5.514124035835266113e-01 2.674511969089508057e-01 3.390025496482849121e-01 3.808183073997497559e-01 3.215461671352386475e-01 3.617669343948364258e-01 3.787304461002349854e-01 4.792427122592926025e-01 5.566969513893127441e-01
4.891068860888481140e-02 5.514124035835266113e-01 2.645561993122100830e-01 2.058417499065399170e-01 4.283335804939270020e-01 4.810469448566436768e-01 1.507699042558670044e-01 3.787304461002349854e-01 4.659425616264343262e-01 5.566969513893127441e-01
3.135631084442138672e-01 5.514124035835266113e-01 5.550749972462654114e-02 3.022842705249786377e-01 4.093877971172332764e-01 3.215461671352386475e-01 2.699848413467407227e-01 6.604355573654174805e-01 4.659425616264343262e-01 5.566969513893127441e-01
3.135631084442138672e-01 5.514124035835266113e-01 1.528279334306716919e-01 5.773125886917114258e-01 7.169474363327026367e-01 3.215461671352386475e-01 5.414476990699768066e-01 6.604355573654174805e-01 4.659425616264343262e-01 5.566969513893127441e-01
3.135631084442138672e-01 5.514124035835266113e-01 1.532807648181915283e-01 3.390025496482849121e-01 5.991649627685546875e-01 3.215461671352386475e-01 5.414476990699768066e-01 6.604355573654174805e-01 4.659425616264343262e-01 5.566969513893127441e-01
1.709220260381698608e-01 4.331950843334197998e-01 2.599753141403198242e-01 2.058417499065399170e-01 3.077510595321655273e-01 3.215461671352386475e-01 2.699848413467407227e-01 3.787304461002349854e-01 3.272905051708221436e-01 5.566969513893127441e-01
3.993612229824066162e-01 4.331950843334197998e-01 3.313203155994415283e-01 2.058417499065399170e-01 3.469930887222290039e-01 3.215461671352386475e-01 1.507699042558670044e-01 3.787304461002349854e-01 4.302385151386260986e-01 5.566969513893127441e-01
1.709220260381698608e-01 4.331950843334197998e-01 7.612410187721252441e-01 2.058417499065399170e-01 5.893396735191345215e-01 4.029265940189361572e-01 1.507699042558670044e-01 3.787304461002349854e-01 5.012746453285217285e-01 5.566969513893127441e-01
2.662717401981353760e-01 4.331950843334197998e-01 1.089626103639602661e-01 4.643479883670806885e-01 9.406576156616210938e-01 2.831862270832061768e-01 1.122855097055435181e-01 2.763295769691467285e-01 7.172648906707763672e-01 5.566969513893127441e-01
3.521633446216583252e-01 3.345304131507873535e-01 2.330802679061889648e-01 7.177829146385192871e-01 9.200313687324523926e-01 5.606161952018737793e-01 1.122855097055435181e-01 2.763295769691467285e-01 7.172648906707763672e-01 5.566969513893127441e-01
2.202924937009811401e-01 4.331950843334197998e-01 4.292936325073242188e-01 4.643479883670806885e-01 7.747303843498229980e-01 1.739106327295303345e-01 2.085431069135665894e-01 2.763295769691467285e-01 5.012746453285217285e-01 5.566969513893127441e-01
2.757454514503479004e-01 5.514124035835266113e-01 1.803017556667327881e-01 3.022842705249786377e-01 4.061211645603179932e-01 2.815945148468017578e-01 2.580638527870178223e-01 6.604355573654174805e-01 2.413479238748550415e-01 5.566969513893127441e-01
2.757454514503479004e-01 5.514124035835266113e-01 2.119109779596328735e-01 3.022842705249786377e-01 4.737989306449890137e-01 1.232459843158721924e-01 3.280481994152069092e-01 6.604355573654174805e-01 2.413479238748550415e-01 5.566969513893127441e-01
2.757454514503479004e-01 4.331950843334197998e-01 2.712905704975128174e-01 3.022842705249786377e-01 5.900492072105407715e-01 4.232115447521209717e-01 3.280481994152069092e-01 6.604355573654174805e-01 2.413479238748550415e-01 5.566969513893127441e-01
2.757454514503479004e-01 5.514124035835266113e-01 2.119109779596328735e-01 3.022842705249786377e-01 5.900492072105407715e-01 1.232459843158721924e-01 1.723403334617614746e-01 6.604355573654174805e-01 2.413479238748550415e-01 5.566969513893127441e-01
2.757454514503479004e-01 5.514124035835266113e-01 7.361366599798202515e-02 3.022842705249786377e-01 3.451890051364898682e-01 2.339771091938018799e-01 1.723403334617614746e-01 6.604355573654174805e-01 2.413479238748550415e-01 5.566969513893127441e-01
1.934736669063568115e-01 5.514124035835266113e-01 4.901771619915962219e-02 4.296470582485198975e-01 2.480507493019104004e-01 3.172919452190399170e-01 1.723403334617614746e-01 6.604355573654174805e-01 2.413479238748550415e-01 5.566969513893127441e-01
2.621657252311706543e-01 5.514124035835266113e-01 1.528279334306716919e-01 7.036840915679931641e-01 5.465723276138305664e-01 3.172919452190399170e-01 3.993296325206756592e-01 6.604355573654174805e-01 2.413479238748550415e-01 5.566969513893127441e-01
3.135631084442138672e-01 5.514124035835266113e-01 1.394220441579818726e-01 7.036840915679931641e-01 1.464413553476333618e-01 3.172919452190399170e-01 3.993296325206756592e-01 6.604355573654174805e-01 5.369112491607666016e-01 5.566969513893127441e-01
6.294922232627868652e-01 5.514124035835266113e-01 4.621014893054962158e-01 7.036840915679931641e-01 2.119983434677124023e-01 2.169325649738311768e-01 3.993296325206756592e-01 6.604355573654174805e-01 2.413479238748550415e-01 5.566969513893127441e-01
4.511016011238098145e-01 2.509756088256835938e-01 4.621014893054962158e-01 5.424092411994934082e-01 2.230504900217056274e-01 1.135692745447158813e-01 2.627606391906738281e-01 6.604355573654174805e-01 4.353781342506408691e-01 5.566969513893127441e-01
6.294922232627868652e-01 5.514124035835266113e-01 4.621014893054962158e-01 7.036840915679931641e-01 2.552609443664550781e-01 3.172919452190399170e-01 3.993296325206756592e-01 6.604355573654174805e-01 5.369112491607666016e-01 5.566969513893127441e-01
3.135631084442138672e-01 5.514124035835266113e-01 1.394220441579818726e-01 7.036840915679931641e-01 4.144117832183837891e-01 2.994821965694427490e-01 6.091750264167785645e-01 6.604355573654174805e-01 2.413479238748550415e-01 5.566969513893127441e-01
3.135631084442138672e-01 5.514124035835266113e-01 1.394220441579818726e-01 7.036840915679931641e-01 4.144117832183837891e-01 1.690914481878280640e-01 3.993296325206756592e-01 6.604355573654174805e-01 2.413479238748550415e-01 5.566969513893127441e-01
3.135631084442138672e-01 5.514124035835266113e-01 1.394220441579818726e-01 7.036840915679931641e-01 4.144117832183837891e-01 1.690914481878280640e-01 6.091750264167785645e-01 6.604355573654174805e-01 2.413479238748550415e-01 5.566969513893127441e-01
6.294922232627868652e-01 5.514124035835266113e-01 1.394220441579818726e-01 7.036840915679931641e-01 3.495813012123107910e-01 4.480383694171905518e-01 6.091750264167785645e-01 6.604355573654174805e-01 2.413479238748550415e-01 5.566969513893127441e-01
6.294922232627868652e-01 5.514124035835266113e-01 1.394220441579818726e-01 5.773125886917114258e-01 4.144117832183837891e-01 4.480383694171905518e-01 6.091750264167785645e-01 6.604355573654174805e-01 2.413479238748550415e-01 5.566969513893127441e-01
3.135631084442138672e-01 5.514124035835266113e-01 1.394220441579818726e-01 5.773125886917114258e-01 6.863765716552734375e-01 4.687707126140594482e-01 6.091750264167785645e-01 7.660291790962219238e-01 5.369112491607666016e-01 5.566969513893127441e-01
6.294922232627868652e-01 5.514124035835266113e-01 1.394220441579818726e-01 5.773125886917114258e-01 6.863765716552734375e-01 3.446890413761138916e-01 6.091750264167785645e-01 7.660291790962219238e-01 5.369112491607666016e-01 5.566969513893127441e-01
6.294922232627868652e-01 5.514124035835266113e-01 2.620771527290344238e-01 5.773125886917114258e-01 5.145565271377563477e-01 5.357292890548706055e-01 6.091750264167785645e-01 7.660291790962219238e-01 5.369112491607666016e-01 5.566969513893127441e-01
3.135631084442138672e-01 5.514124035835266113e-01 1.394220441579818726e-01 5.773125886917114258e-01 4.555306434631347656e-01 3.446890413761138916e-01 2.419286519289016724e-01 7.660291790962219238e-01 5.369112491607666016e-01 5.566969513893127441e-01
1.809724122285842896e-01 2.509756088256835938e-01 1.528279334306716919e-01 4.614548087120056152e-01 6.727814674377441406e-01 4.131499528884887695e-01 5.600932836532592773e-01 7.660291790962219238e-01 1.746304929256439209e-01 5.566969513893127441e-01
1.809724122285842896e-01 2.509756088256835938e-01 5.301465466618537903e-02 4.614548087120056152e-01 5.729197859764099121e-01 4.131499528884887695e-01 5.600932836532592773e-01 5.094471573829650879e-01 1.746304929256439209e-01 4.506042003631591797e-01
1.809724122285842896e-01 2.509756088256835938e-01 1.528279334306716919e-01 4.053776860237121582e-01 5.729197859764099121e-01 4.131499528884887695e-01 8.343307375907897949e-01 7.660291790962219238e-01 4.353781342506408691e-01 5.566969513893127441e-01
6.294922232627868652e-01 5.514124035835266113e-01 1.528279334306716919e-01 5.773125886917114258e-01 5.596323609352111816e-01 3.538154065608978271e-01 9.037885069847106934e-01 7.660291790962219238e-01 5.369112491607666016e-01 5.566969513893127441e-01
