6.045858263969421387e-01 4.972936511039733887e-01 5.664923787117004395e-01 5.451518297195434570e-01 4.948049187660217285e-01 6.595814824104309082e-01 6.941398382186889648e-01 5.164582133293151855e-01 5.782567858695983887e-01 5.634039640426635742e-01
6.045858263969421387e-01 4.972936511039733887e-01 5.664923787117004395e-01 5.451518297195434570e-01 6.254441738128662109e-01 5.652039647102355957e-01 4.821407198905944824e-01 5.961695909500122070e-01 5.956540107727050781e-01 6.773658990859985352e-01
5.306174755096435547e-01 5.042790174484252930e-01 5.664923787117004395e-01 4.321649074554443359e-01 4.999475479125976562e-01 5.652039647102355957e-01 4.602798819541931152e-01 4.721819460391998291e-01 5.956540107727050781e-01 5.926213264465332031e-01
5.581138134002685547e-01 4.972936511039733887e-01 5.664923787117004395e-01 4.802093505859375000e-01 5.557304024696350098e-01 5.652039647102355957e-01 4.903080463409423828e-01 5.961695909500122070e-01 5.956540107727050781e-01 6.773658990859985352e-01
5.306174755096435547e-01 4.499192833900451660e-01 5.664923787117004395e-01 4.321649074554443359e-01 6.107516288757324219e-01 5.652039647102355957e-01 4.520026147365570068e-01 4.441899359226226807e-01 5.956540107727050781e-01 5.926213264465332031e-01
5.581138134002685547e-01 4.972936511039733887e-01 5.664923787117004395e-01 4.802093505859375000e-01 4.417784214019775391e-01 5.652039647102355957e-01 4.684118926525115967e-01 4.796880483627319336e-01 5.956540107727050781e-01 5.926213264465332031e-01
5.306174755096435547e-01 4.460160434246063232e-01 5.664923787117004395e-01 4.321649074554443359e-01 5.188276171684265137e-01 5.652039647102355957e-01 5.107190608978271484e-01 6.492164731025695801e-01 5.956540107727050781e-01 5.926213264465332031e-01
5.581138134002685547e-01 4.972936511039733887e-01 5.664923787117004395e-01 5.451518297195434570e-01 4.025929272174835205e-01 5.652039647102355957e-01 4.400716125965118408e-01 4.001198112964630127e-01 4.986920654773712158e-01 4.720561802387237549e-01
4.249401688575744629e-01 4.460160434246063232e-01 5.664923787117004395e-01 4.321649074554443359e-01 6.305963397026062012e-01 5.652039647102355957e-01 5.326114296913146973e-01 3.929185271263122559e-01 4.986920654773712158e-01 4.720561802387237549e-01
5.581138134002685547e-01 4.972936511039733887e-01 5.664923787117004395e-01 5.451518297195434570e-01 4.025929272174835205e-01 5.693867206573486328e-01 4.400716125965118408e-01 3.444985747337341309e-01 4.986920654773712158e-01 4.720561802387237549e-01
5.666773319244384766e-01 4.972936511039733887e-01 5.664923787117004395e-01 4.802093505859375000e-01 4.025929272174835205e-01 5.693867206573486328e-01 3.580900728702545166e-01 3.444985747337341309e-01 4.986920654773712158e-01 4.720561802387237549e-01
5.666773319244384766e-01 4.972936511039733887e-01 5.664923787117004395e-01 5.451518297195434570e-01 5.157763957977294922e-01 5.693867206573486328e-01 4.400716125965118408e-01 4.569846689701080322e-01 4.986920654773712158e-01 5.634039640426635742e-01
6.045858263969421387e-01 4.972936511039733887e-01 5.664923787117004395e-01 5.451518297195434570e-01 5.157763957977294922e-01 5.693867206573486328e-01 4.400716125965118408e-01 5.164582133293151855e-01 4.986920654773712158e-01 5.634039640426635742e-01
5.666773319244384766e-01 4.972936511039733887e-01 5.664923787117004395e-01 5.451518297195434570e-01 5.157763957977294922e-01 5.693867206573486328e-01 4.821407198905944824e-01 4.569846689701080322e-01 4.986920654773712158e-01 5.634039640426635742e-01
5.666773319244384766e-01 1.922946870326995850e-01 5.664923787117004395e-01 5.451518297195434570e-01 5.557304024696350098e-01 5.693867206573486328e-01 4.400716125965118408e-01 5.164582133293151855e-01 4.986920654773712158e-01 5.634039640426635742e-01
4.721722304821014404e-01 5.332049131393432617e-01 5.664923787117004395e-01 6.580817103385925293e-01 5.157763957977294922e-01 5.652039647102355957e-01 5.677564740180969238e-01 4.569846689701080322e-01 4.986920654773712158e-01 5.634039640426635742e-01
5.666773319244384766e-01 1.922946870326995850e-01 5.664923787117004395e-01 5.451518297195434570e-01 5.557304024696350098e-01 5.693867206573486328e-01 5.258019566535949707e-01 5.164582133293151855e-01 4.986920654773712158e-01 5.634039640426635742e-01
5.666773319244384766e-01 1.922946870326995850e-01 5.664923787117004395e-01 5.451518297195434570e-01 5.157763957977294922e-01 5.693867206573486328e-01 5.258019566535949707e-01 5.164582133293151855e-01 4.986920654773712158e-01 5.634039640426635742e-01
5.666773319244384766e-01 1.922946870326995850e-01 5.664923787117004395e-01 5.451518297195434570e-01 5.557304024696350098e-01 6.633970141410827637e-01 6.941398382186889648e-01 5.941352248191833496e-01 6.625483036041259766e-01 5.634039640426635742e-01
4.196197688579559326e-01 4.972936511039733887e-01 5.664923787117004395e-01 5.451518297195434570e-01 5.557304024696350098e-01 6.633970141410827637e-01 4.821407198905944824e-01 5.164582133293151855e-01 5.782567858695983887e-01 5.634039640426635742e-01
4.196197688579559326e-01 4.972936511039733887e-01 5.664923787117004395e-01 5.451518297195434570e-01 6.254441738128662109e-01 6.633970141410827637e-01 4.400716125965118408e-01 5.164582133293151855e-01 5.782567858695983887e-01 5.634039640426635742e-01
4.196197688579559326e-01 4.972936511039733887e-01 5.664923787117004395e-01 5.451518297195434570e-01 6.254441738128662109e-01 5.693867206573486328e-01 4.821407198905944824e-01 5.164582133293151855e-01 4.768368899822235107e-01 5.634039640426635742e-01
4.196197688579559326e-01 4.972936511039733887e-01 5.664923787117004395e-01 5.451518297195434570e-01 5.871015191078186035e-01 5.693867206573486328e-01 4.400716125965118408e-01 5.164582133293151855e-01 3.831201195716857910e-01 5.634039640426635742e-01
4.196197688579559326e-01 4.972936511039733887e-01 5.664923787117004395e-01 4.802093505859375000e-01 6.254441738128662109e-01 5.693867206573486328e-01 3.580900728702545166e-01 5.164582133293151855e-01 4.768368899822235107e-01 5.634039640426635742e-01
4.307188391685485840e-01 4.460160434246063232e-01 5.664923787117004395e-01 4.541212618350982666e-01 5.871015191078186035e-01 5.652039647102355957e-01 5.326114296913146973e-01 4.569846689701080322e-01 4.986920654773712158e-01 5.634039640426635742e-01
4.580906033515930176e-01 4.972936511039733887e-01 5.664923787117004395e-01 4.802093505859375000e-01 5.871015191078186035e-01 5.693867206573486328e-01 3.580900728702545166e-01 4.569846689701080322e-01 4.986920654773712158e-01 5.634039640426635742e-01
4.307188391685485840e-01 4.460160434246063232e-01 5.664923787117004395e-01 4.541212618350982666e-01 5.871015191078186035e-01 5.652039647102355957e-01 4.738154709339141846e-01 3.472308516502380371e-01 4.986920654773712158e-01 3.905087113380432129e-01
4.580906033515930176e-01 4.972936511039733887e-01 5.664923787117004395e-01 4.802093505859375000e-01 5.871015191078186035e-01 5.652039647102355957e-01 4.738154709339141846e-01 4.291610121726989746e-01 4.986920654773712158e-01 5.634039640426635742e-01
4.580906033515930176e-01 4.972936511039733887e-01 5.664923787117004395e-01 4.802093505859375000e-01 5.157763957977294922e-01 5.693867206573486328e-01 4.903080463409423828e-01 7.721714377403259277e-01 4.986920654773712158e-01 5.634039640426635742e-01
4.580906033515930176e-01 4.972936511039733887e-01 5.664923787117004395e-01 3.405274152755737305e-01 4.185520410537719727e-01 5.652039647102355957e-01 5.326114296913146973e-01 5.587659478187561035e-01 4.986920654773712158e-01 5.634039640426635742e-01
4.580906033515930176e-01 4.972936511039733887e-01 5.664923787117004395e-01 4.802093505859375000e-01 5.157763957977294922e-01 5.693867206573486328e-01 5.326114296913146973e-01 7.721714377403259277e-01 4.986920654773712158e-01 5.634039640426635742e-01
3.846119046211242676e-01 4.460160434246063232e-01 5.664923787117004395e-01 3.173940479755401611e-01 4.185520410537719727e-01 5.652039647102355957e-01 5.107190608978271484e-01 4.725766479969024658e-01 4.986920654773712158e-01 3.905087113380432129e-01
4.580906033515930176e-01 4.972936511039733887e-01 5.664923787117004395e-01 3.405274152755737305e-01 4.543876349925994873e-01 5.652039647102355957e-01 4.520026147365570068e-01 3.663638532161712646e-01 4.986920654773712158e-01 4.720561802387237549e-01
4.580906033515930176e-01 4.972936511039733887e-01 5.664923787117004395e-01 4.802093505859375000e-01 5.871015191078186035e-01 5.652039647102355957e-01 4.684118926525115967e-01 5.587659478187561035e-01 4.986920654773712158e-01 5.634039640426635742e-01
4.580906033515930176e-01 4.972936511039733887e-01 5.664923787117004395e-01 4.802093505859375000e-01 5.871015191078186035e-01 5.652039647102355957e-01 4.903080463409423828e-01 5.587659478187561035e-01 4.986920654773712158e-01 5.634039640426635742e-01
6.045858263969421387e-01 4.972936511039733887e-01 5.664923787117004395e-01 5.451518297195434570e-01 5.871015191078186035e-01 5.693867206573486328e-01 4.400716125965118408e-01 4.569846689701080322e-01 4.986920654773712158e-01 5.634039640426635742e-01
5.777936577796936035e-01 4.460160434246063232e-01 5.664923787117004395e-01 4.541212618350982666e-01 5.871015191078186035e-01 5.652039647102355957e-01 4.821407198905944824e-01 5.587659478187561035e-01 4.986920654773712158e-01 5.634039640426635742e-01
6.045858263969421387e-01 4.972936511039733887e-01 5.664923787117004395e-01 5.451518297195434570e-01 5.871015191078186035e-01 5.652039647102355957e-01 4.400716125965118408e-01 4.569846689701080322e-01 4.986920654773712158e-01 5.634039640426635742e-01
6.045858263969421387e-01 4.972936511039733887e-01 5.664923787117004395e-01 5.451518297195434570e-01 5.871015191078186035e-01 5.652039647102355957e-01 4.821407198905944824e-01 4.569846689701080322e-01 4.986920654773712158e-01 5.634039640426635742e-01
5.777936577796936035e-01 4.460160434246063232e-01 5.664923787117004395e-01 4.541212618350982666e-01 5.871015191078186035e-01 5.652039647102355957e-01 4.821407198905944824e-01 5.587659478187561035e-01 4.986920654773712158e-01 5.634039640426635742e-01
6.045858263969421387e-01 4.972936511039733887e-01 5.664923787117004395e-01 4.802093505859375000e-01 5.157763957977294922e-01 5.652039647102355957e-01 4.903080463409423828e-01 5.587659478187561035e-01 4.986920654773712158e-01 5.634039640426635742e-01
6.045858263969421387e-01 4.972936511039733887e-01 5.664923787117004395e-01 5.451518297195434570e-01 5.557304024696350098e-01 5.652039647102355957e-01 4.400716125965118408e-01 5.164582133293151855e-01 4.986920654773712158e-01 5.634039640426635742e-01
6.045858263969421387e-01 4.972936511039733887e-01 5.664923787117004395e-01 5.451518297195434570e-01 5.557304024696350098e-01 5.652039647102355957e-01 4.400716125965118408e-01 5.164582133293151855e-01 4.986920654773712158e-01 5.634039640426635742e-01
6.045858263969421387e-01 4.972936511039733887e-01 5.664923787117004395e-01 5.451518297195434570e-01 5.557304024696350098e-01 5.652039647102355957e-01 4.821407198905944824e-01 5.164582133293151855e-01 4.986920654773712158e-01 5.634039640426635742e-01
6.045858263969421387e-01 4.972936511039733887e-01 5.664923787117004395e-01 5.451518297195434570e-01 5.557304024696350098e-01 5.652039647102355957e-01 4.400716125965118408e-01 5.164582133293151855e-01 4.986920654773712158e-01 5.634039640426635742e-01
6.045858263969421387e-01 1.922946870326995850e-01 5.664923787117004395e-01 5.451518297195434570e-01 5.157763957977294922e-01 5.652039647102355957e-01 4.821407198905944824e-01 4.569846689701080322e-01 4.986920654773712158e-01 5.634039640426635742e-01
6.045858263969421387e-01 1.922946870326995850e-01 5.664923787117004395e-01 4.802093505859375000e-01 5.157763957977294922e-01 5.652039647102355957e-01 2.831336259841918945e-01 5.164582133293151855e-01 4.986920654773712158e-01 5.634039640426635742e-01
4.580906033515930176e-01 1.922946870326995850e-01 5.664923787117004395e-01 4.802093505859375000e-01 5.157763957977294922e-01 5.652039647102355957e-01 3.251949548721313477e-01 4.569846689701080322e-01 4.986920654773712158e-01 5.634039640426635742e-01
3.309108912944793701e-01 1.623122096061706543e-01 5.664923787117004395e-01 4.541212618350982666e-01 5.157763957977294922e-01 5.652039647102355957e-01 4.538546502590179443e-01 3.732155561447143555e-01 4.986920654773712158e-01 3.905087113380432129e-01
4.580906033515930176e-01 1.922946870326995850e-01 5.664923787117004395e-01 4.802093505859375000e-01 5.157763957977294922e-01 5.652039647102355957e-01 3.251949548721313477e-01 5.164582133293151855e-01 4.986920654773712158e-01 5.634039640426635742e-01
4.580906033515930176e-01 1.922946870326995850e-01 5.664923787117004395e-01 4.802093505859375000e-01 5.157763957977294922e-01 5.652039647102355957e-01 3.251949548721313477e-01 4.569846689701080322e-01 4.986920654773712158e-01 5.634039640426635742e-01
4.580906033515930176e-01 1.922946870326995850e-01 5.664923787117004395e-01 4.802093505859375000e-01 5.157763957977294922e-01 5.652039647102355957e-01 3.641335666179656982e-01 5.587659478187561035e-01 4.986920654773712158e-01 5.634039640426635742e-01
4.580906033515930176e-01 1.922946870326995850e-01 5.664923787117004395e-01 4.802093505859375000e-01 5.157763957977294922e-01 5.652039647102355957e-01 4.538546502590179443e-01 5.587659478187561035e-01 4.986920654773712158e-01 5.634039640426635742e-01
4.580906033515930176e-01 6.976481080055236816e-01 5.664923787117004395e-01 3.405274152755737305e-01 4.185520410537719727e-01 5.652039647102355957e-01 4.300199449062347412e-01 6.582422852516174316e-01 4.986920654773712158e-01 5.634039640426635742e-01
4.580906033515930176e-01 6.976481080055236816e-01 5.664923787117004395e-01 4.802093505859375000e-01 5.157763957977294922e-01 5.652039647102355957e-01 4.300199449062347412e-01 5.613956451416015625e-01 4.986920654773712158e-01 5.634039640426635742e-01
4.580906033515930176e-01 6.976481080055236816e-01 5.664923787117004395e-01 4.802093505859375000e-01 5.157763957977294922e-01 5.652039647102355957e-01 4.719380438327789307e-01 5.613956451416015625e-01 4.986920654773712158e-01 5.634039640426635742e-01
4.580906033515930176e-01 6.976481080055236816e-01 5.664923787117004395e-01 4.802093505859375000e-01 5.157763957977294922e-01 5.652039647102355957e-01 5.573529601097106934e-01 5.613956451416015625e-01 4.986920654773712158e-01 5.634039640426635742e-01
4.307188391685485840e-01 6.525275111198425293e-01 5.664923787117004395e-01 3.173940479755401611e-01 4.185520410537719727e-01 5.652039647102355957e-01 6.064764261245727539e-01 5.767661333084106445e-01 4.986920654773712158e-01 5.634039640426635742e-01
4.580906033515930176e-01 6.976481080055236816e-01 5.664923787117004395e-01 3.405274152755737305e-01 4.900386035442352295e-01 5.652039647102355957e-01 6.462934017181396484e-01 6.582422852516174316e-01 4.986920654773712158e-01 5.634039640426635742e-01
4.580906033515930176e-01 6.976481080055236816e-01 5.664923787117004395e-01 4.802093505859375000e-01 5.871015191078186035e-01 5.652039647102355957e-01 6.462934017181396484e-01 5.613956451416015625e-01 4.986920654773712158e-01 5.634039640426635742e-01
4.580906033515930176e-01 6.976481080055236816e-01 5.664923787117004395e-01 5.451518297195434570e-01 5.871015191078186035e-01 5.652039647102355957e-01 6.462934017181396484e-01 5.613956451416015625e-01 4.986920654773712158e-01 5.634039640426635742e-01
4.580906033515930176e-01 6.976481080055236816e-01 5.664923787117004395e-01 5.451518297195434570e-01 5.871015191078186035e-01 5.652039647102355957e-01 6.462934017181396484e-01 5.613956451416015625e-01 4.986920654773712158e-01 5.634039640426635742e-01
4.580906033515930176e-01 6.976481080055236816e-01 5.664923787117004395e-01 5.451518297195434570e-01 5.871015191078186035e-01 5.652039647102355957e-01 5.573529601097106934e-01 6.582422852516174316e-01 4.986920654773712158e-01 5.634039640426635742e-01
4.580906033515930176e-01 6.976481080055236816e-01 5.664923787117004395e-01 4.802093505859375000e-01 5.871015191078186035e-01 5.652039647102355957e-01 5.152508020401000977e-01 5.613956451416015625e-01 4.986920654773712158e-01 5.634039640426635742e-01
4.580906033515930176e-01 7.585786581039428711e-01 5.360919833183288574e-01 4.802093505859375000e-01 5.871015191078186035e-01 5.652039647102355957e-01 4.861779808998107910e-01 3.796761035919189453e-01 4.986920654773712158e-01 5.634039640426635742e-01
4.580906033515930176e-01 3.544734716415405273e-01 5.360919833183288574e-01 4.802093505859375000e-01 5.871015191078186035e-01 5.652039647102355957e-01 4.440586566925048828e-01 3.796761035919189453e-01 4.986920654773712158e-01 5.634039640426635742e-01
4.822072088718414307e-01 3.544734716415405273e-01 5.360919833183288574e-01 4.802093505859375000e-01 5.157763957977294922e-01 5.652039647102355957e-01 4.861779808998107910e-01 3.796761035919189453e-01 4.986920654773712158e-01 5.634039640426635742e-01
4.580906033515930176e-01 3.544734716415405273e-01 5.360919833183288574e-01 5.451518297195434570e-01 5.557304024696350098e-01 5.652039647102355957e-01 8.481631875038146973e-01 4.371888339519500732e-01 4.986920654773712158e-01 5.634039640426635742e-01
4.307188391685485840e-01 7.188869714736938477e-01 5.360919833183288574e-01 4.541212618350982666e-01 5.157763957977294922e-01 5.652039647102355957e-01 5.631911158561706543e-01 2.789513468742370605e-01 4.986920654773712158e-01 3.905087113380432129e-01
4.580906033515930176e-01 7.585786581039428711e-01 5.360919833183288574e-01 4.802093505859375000e-01 5.157763957977294922e-01 5.652039647102355957e-01 4.440586566925048828e-01 3.796761035919189453e-01 4.986920654773712158e-01 5.634039640426635742e-01
4.580906033515930176e-01 7.585786581039428711e-01 5.360919833183288574e-01 4.802093505859375000e-01 5.157763957977294922e-01 5.652039647102355957e-01 6.200094819068908691e-01 3.796761035919189453e-01 4.986920654773712158e-01 5.634039640426635742e-01
4.580906033515930176e-01 7.585786581039428711e-01 5.360919833183288574e-01 4.802093505859375000e-01 5.157763957977294922e-01 5.652039647102355957e-01 5.294872522354125977e-01 3.796761035919189453e-01 4.986920654773712158e-01 5.634039640426635742e-01
3.309108912944793701e-01 7.188869714736938477e-01 5.360919833183288574e-01 4.541212618350982666e-01 5.157763957977294922e-01 5.652039647102355957e-01 6.200094819068908691e-01 3.796761035919189453e-01 4.986920654773712158e-01 5.634039640426635742e-01
3.309108912944793701e-01 7.188869714736938477e-01 5.360919833183288574e-01 4.541212618350982666e-01 5.157763957977294922e-01 5.652039647102355957e-01 5.713814496994018555e-01 4.794415235519409180e-01 4.986920654773712158e-01 5.634039640426635742e-01
4.580906033515930176e-01 7.585786581039428711e-01 5.360919833183288574e-01 4.780917763710021973e-01 4.185520410537719727e-01 5.652039647102355957e-01 6.200094819068908691e-01 4.794415235519409180e-01 4.986920654773712158e-01 5.634039640426635742e-01
2.747278809547424316e-01 5.807604789733886719e-01 5.360919833183288574e-01 4.520186483860015869e-01 2.675051093101501465e-01 5.652039647102355957e-01 3.099033534526824951e-01 3.245206177234649658e-01 5.956540107727050781e-01 5.926213264465332031e-01
2.383285462856292725e-01 6.285094618797302246e-01 5.360919833183288574e-01 4.520186483860015869e-01 2.368715852499008179e-01 5.652039647102355957e-01 2.843161523342132568e-01 4.807102978229522705e-01 5.956540107727050781e-01 5.926213264465332031e-01
4.659829735755920410e-01 7.397539615631103516e-01 5.360919833183288574e-01 6.914317011833190918e-01 4.848856925964355469e-01 3.681143224239349365e-01 4.946627616882324219e-01 5.173907279968261719e-01 5.956540107727050781e-01 5.926213264465332031e-01
4.659829735755920410e-01 7.397539615631103516e-01 5.360919833183288574e-01 6.914317011833190918e-01 9.481160044670104980e-01 6.894295811653137207e-01 6.585890650749206543e-01 5.173907279968261719e-01 6.929010748863220215e-01 5.926213264465332031e-01
6.607090830802917480e-01 6.969045400619506836e-01 5.360919833183288574e-01 7.133377194404602051e-01 8.775777816772460938e-01 6.894295811653137207e-01 2.214335948228836060e-01 4.653907716274261475e-01 6.929010748863220215e-01 5.926213264465332031e-01
6.607090830802917480e-01 6.969045400619506836e-01 5.360919833183288574e-01 5.752300620079040527e-01 5.949917435646057129e-01 5.652039647102355957e-01 5.445355176925659180e-01 5.867347121238708496e-01 5.956540107727050781e-01 5.926213264465332031e-01
6.607090830802917480e-01 6.298552751541137695e-01 5.360919833183288574e-01 5.752300620079040527e-01 5.159087181091308594e-01 5.652039647102355957e-01 6.020659804344177246e-01 6.050248742103576660e-01 5.956540107727050781e-01 5.926213264465332031e-01
3.846119046211242676e-01 4.101428687572479248e-01 5.360919833183288574e-01 5.494363307952880859e-01 4.057750105857849121e-01 6.894295811653137207e-01 3.905634582042694092e-01 6.535536646842956543e-01 5.956540107727050781e-01 5.926213264465332031e-01
4.111698865890502930e-01 4.607262611389160156e-01 5.360919833183288574e-01 6.372681856155395508e-01 4.057750105857849121e-01 5.652039647102355957e-01 4.325250983238220215e-01 6.050248742103576660e-01 5.956540107727050781e-01 5.926213264465332031e-01
6.354265809059143066e-01 4.115746617317199707e-01 5.360919833183288574e-01 7.673287987709045410e-01 7.123106122016906738e-01 6.894295811653137207e-01 5.861371755599975586e-01 6.361593008041381836e-01 6.929010748863220215e-01 5.926213264465332031e-01
7.591838240623474121e-01 4.115746617317199707e-01 5.360919833183288574e-01 8.137748837471008301e-01 7.123106122016906738e-01 6.894295811653137207e-01 5.861371755599975586e-01 6.361593008041381836e-01 6.929010748863220215e-01 5.926213264465332031e-01
7.788706421852111816e-01 4.621962606906890869e-01 5.360919833183288574e-01 6.421391367912292480e-01 7.123106122016906738e-01 6.236252784729003906e-01 5.445355176925659180e-01 5.867347121238708496e-01 6.929010748863220215e-01 5.926213264465332031e-01
5.581138134002685547e-01 4.607262611389160156e-01 5.360919833183288574e-01 5.752300620079040527e-01 6.043817996978759766e-01 6.236252784729003906e-01 4.826426804065704346e-01 7.320079803466796875e-01 5.956540107727050781e-01 5.926213264465332031e-01
5.306174755096435547e-01 2.599025964736938477e-01 5.360919833183288574e-01 5.494363307952880859e-01 4.631492793560028076e-01 4.924556612968444824e-01 5.249658823013305664e-01 6.535536646842956543e-01 5.956540107727050781e-01 5.926213264465332031e-01
5.306174755096435547e-01 4.507687389850616455e-01 5.360919833183288574e-01 8.137748837471008301e-01 4.210860133171081543e-01 6.236252784729003906e-01 3.905634582042694092e-01 6.535536646842956543e-01 6.929010748863220215e-01 5.926213264465332031e-01
5.581138134002685547e-01 5.020975470542907715e-01 5.360919833183288574e-01 7.852549552917480469e-01 4.631492793560028076e-01 4.924556612968444824e-01 4.325250983238220215e-01 7.320079803466796875e-01 5.956540107727050781e-01 5.926213264465332031e-01
5.581138134002685547e-01 5.020975470542907715e-01 5.360919833183288574e-01 7.852549552917480469e-01 6.043817996978759766e-01 4.924556612968444824e-01 3.905634582042694092e-01 6.535536646842956543e-01 5.956540107727050781e-01 5.926213264465332031e-01
5.581138134002685547e-01 5.020975470542907715e-01 5.360919833183288574e-01 7.852549552917480469e-01 4.278680980205535889e-01 4.924556612968444824e-01 5.467864274978637695e-01 6.535536646842956543e-01 5.956540107727050781e-01 5.926213264465332031e-01
5.581138134002685547e-01 5.020975470542907715e-01 5.360919833183288574e-01 7.138447165489196777e-01 4.278680980205535889e-01 4.924556612968444824e-01 5.467864274978637695e-01 6.535536646842956543e-01 5.956540107727050781e-01 5.926213264465332031e-01
5.581138134002685547e-01 4.607262611389160156e-01 5.360919833183288574e-01 7.138447165489196777e-01 6.043817996978759766e-01 4.924556612968444824e-01 3.713102936744689941e-01 6.050248742103576660e-01 5.956540107727050781e-01 5.926213264465332031e-01
5.306174755096435547e-01 4.101428687572479248e-01 5.360919833183288574e-01 5.243322253227233887e-01 4.504411518573760986e-01 4.924556612968444824e-01 4.116384983062744141e-01 6.535536646842956543e-01 5.956540107727050781e-01 5.926213264465332031e-01
5.306174755096435547e-01 4.507687389850616455e-01 5.360919833183288574e-01 7.488148212432861328e-01 5.275733470916748047e-01 4.924556612968444824e-01 5.467864274978637695e-01 7.708442211151123047e-01 5.956540107727050781e-01 5.926213264465332031e-01
5.581138134002685547e-01 5.020975470542907715e-01 5.360919833183288574e-01 7.138447165489196777e-01 5.275733470916748047e-01 4.924556612968444824e-01 5.045726299285888672e-01 7.320079803466796875e-01 5.956540107727050781e-01 5.926213264465332031e-01
5.581138134002685547e-01 4.607262611389160156e-01 5.360919833183288574e-01 7.138447165489196777e-01 3.743546605110168457e-01 4.924556612968444824e-01 5.096395015716552734e-01 7.320079803466796875e-01 5.956540107727050781e-01 5.926213264465332031e-01
5.581138134002685547e-01 4.607262611389160156e-01 5.360919833183288574e-01 7.138447165489196777e-01 3.743546605110168457e-01 4.924556612968444824e-01 5.518050789833068848e-01 6.535536646842956543e-01 5.956540107727050781e-01 5.926213264465332031e-01
5.306174755096435547e-01 4.507687389850616455e-01 5.360919833183288574e-01 7.472155094146728516e-01 5.403180122375488281e-01 4.924556612968444824e-01 6.798010468482971191e-01 6.535536646842956543e-01 5.956540107727050781e-01 5.926213264465332031e-01
5.581138134002685547e-01 4.607262611389160156e-01 5.360919833183288574e-01 7.138447165489196777e-01 4.631492793560028076e-01 4.924556612968444824e-01 5.941998958587646484e-01 7.320079803466796875e-01 5.956540107727050781e-01 5.926213264465332031e-01
5.581138134002685547e-01 4.607262611389160156e-01 5.360919833183288574e-01 6.530997753143310547e-01 3.864255547523498535e-01 4.924556612968444824e-01 5.941998958587646484e-01 7.320079803466796875e-01 5.956540107727050781e-01 5.926213264465332031e-01
5.581138134002685547e-01 4.607262611389160156e-01 5.360919833183288574e-01 6.530997753143310547e-01 3.948938250541687012e-01 4.924556612968444824e-01 5.096395015716552734e-01 4.241232275962829590e-01 4.986920654773712158e-01 4.720561802387237549e-01
5.581138134002685547e-01 2.878020107746124268e-01 5.360919833183288574e-01 6.530997753143310547e-01 3.948938250541687012e-01 4.924556612968444824e-01 5.096395015716552734e-01 4.241232275962829590e-01 4.986920654773712158e-01 4.720561802387237549e-01
5.581138134002685547e-01 2.878020107746124268e-01 5.360919833183288574e-01 6.530997753143310547e-01 3.948938250541687012e-01 4.924556612968444824e-01 4.239096343517303467e-01 4.241232275962829590e-01 4.986920654773712158e-01 4.720561802387237549e-01
5.581138134002685547e-01 2.878020107746124268e-01 5.360919833183288574e-01 6.530997753143310547e-01 3.948938250541687012e-01 4.924556612968444824e-01 4.657187461853027344e-01 4.756143987178802490e-01 4.986920654773712158e-01 4.720561802387237549e-01
5.581138134002685547e-01 4.312776029109954834e-01 5.360919833183288574e-01 6.530997753143310547e-01 4.735738039016723633e-01 4.924556612968444824e-01 4.054617583751678467e-01 4.241232275962829590e-01 4.986920654773712158e-01 4.720561802387237549e-01
5.306174755096435547e-01 3.816393017768859863e-01 5.360919833183288574e-01 4.541212618350982666e-01 4.735738039016723633e-01 4.924556612968444824e-01 4.971860051155090332e-01 6.535536646842956543e-01 5.956540107727050781e-01 5.926213264465332031e-01
5.581138134002685547e-01 7.126974463462829590e-01 5.360919833183288574e-01 6.530997753143310547e-01 4.735738039016723633e-01 4.924556612968444824e-01 5.657279491424560547e-01 4.241232275962829590e-01 4.986920654773712158e-01 4.720561802387237549e-01
5.581138134002685547e-01 7.126974463462829590e-01 5.360919833183288574e-01 6.530997753143310547e-01 4.735738039016723633e-01 4.924556612968444824e-01 6.067916154861450195e-01 4.690989851951599121e-01 4.986920654773712158e-01 4.617968499660491943e-01
5.306174755096435547e-01 6.687563657760620117e-01 5.360919833183288574e-01 6.922933459281921387e-01 4.735738039016723633e-01 4.924556612968444824e-01 4.707234501838684082e-01 5.707424879074096680e-01 4.479525089263916016e-01 4.617968499660491943e-01
5.581138134002685547e-01 6.181817054748535156e-01 5.360919833183288574e-01 5.524031519889831543e-01 4.735738039016723633e-01 4.924556612968444824e-01 6.053124666213989258e-01 5.707424879074096680e-01 4.479525089263916016e-01 4.617968499660491943e-01
5.581138134002685547e-01 6.181817054748535156e-01 5.360919833183288574e-01 6.511748433113098145e-01 6.185714602470397949e-01 4.924556612968444824e-01 5.657279491424560547e-01 3.591063618659973145e-01 4.479525089263916016e-01 4.617968499660491943e-01
5.306174755096435547e-01 5.685363411903381348e-01 5.360919833183288574e-01 3.509593009948730469e-01 6.895852088928222656e-01 4.924556612968444824e-01 6.053124666213989258e-01 4.083005487918853760e-01 4.479525089263916016e-01 4.617968499660491943e-01
3.614160120487213135e-01 5.685363411903381348e-01 5.360919833183288574e-01 3.509593009948730469e-01 4.889435470104217529e-01 4.924556612968444824e-01 3.355483412742614746e-01 3.948398530483245850e-01 4.479525089263916016e-01 4.617968499660491943e-01
2.416459023952484131e-01 5.685363411903381348e-01 5.360919833183288574e-01 5.938900709152221680e-01 2.462723553180694580e-01 4.924556612968444824e-01 3.839562535285949707e-01 3.948398530483245850e-01 5.541322231292724609e-01 4.617968499660491943e-01
3.423160314559936523e-01 3.310756087303161621e-01 5.360919833183288574e-01 5.503042340278625488e-01 2.462723553180694580e-01 4.924556612968444824e-01 1.818999648094177246e-01 4.206679165363311768e-01 5.374553799629211426e-01 4.617968499660491943e-01
6.486955881118774414e-01 3.310756087303161621e-01 5.360919833183288574e-01 6.530997753143310547e-01 6.336787939071655273e-01 4.924556612968444824e-01 4.030720293521881104e-01 5.967307090759277344e-01 5.374553799629211426e-01 4.617968499660491943e-01
6.486955881118774414e-01 4.312776029109954834e-01 5.360919833183288574e-01 6.530997753143310547e-01 6.598391532897949219e-01 4.924556612968444824e-01 4.045635759830474854e-01 4.958047568798065186e-01 5.374553799629211426e-01 4.617968499660491943e-01
5.581138134002685547e-01 7.126974463462829590e-01 5.360919833183288574e-01 6.530997753143310547e-01 6.598391532897949219e-01 4.924556612968444824e-01 6.473096609115600586e-01 4.177512526512145996e-01 4.479525089263916016e-01 4.617968499660491943e-01
6.486955881118774414e-01 7.126974463462829590e-01 5.360919833183288574e-01 6.530997753143310547e-01 6.598391532897949219e-01 4.924556612968444824e-01 7.203703522682189941e-01 3.379020094871520996e-01 5.374553799629211426e-01 4.617968499660491943e-01
5.306174755096435547e-01 6.687563657760620117e-01 5.360919833183288574e-01 4.541212618350982666e-01 6.598391532897949219e-01 4.924556612968444824e-01 6.849550604820251465e-01 4.083005487918853760e-01 4.479525089263916016e-01 4.617968499660491943e-01
6.486955881118774414e-01 7.126974463462829590e-01 5.360919833183288574e-01 6.530997753143310547e-01 6.598391532897949219e-01 4.924556612968444824e-01 7.203703522682189941e-01 3.379020094871520996e-01 5.374553799629211426e-01 4.617968499660491943e-01
6.486955881118774414e-01 7.126974463462829590e-01 5.360919833183288574e-01 6.530997753143310547e-01 6.598391532897949219e-01 4.924556612968444824e-01 7.203703522682189941e-01 3.379020094871520996e-01 5.374553799629211426e-01 4.617968499660491943e-01
6.486955881118774414e-01 7.126974463462829590e-01 5.360919833183288574e-01 6.530997753143310547e-01 6.949369907379150391e-01 5.912029147148132324e-01 8.436170220375061035e-01 3.930968344211578369e-01 4.204341471195220947e-01 4.617968499660491943e-01
5.192924141883850098e-01 7.126974463462829590e-01 5.360919833183288574e-01 6.530997753143310547e-01 6.946896314620971680e-01 6.633970141410827637e-01 7.935281991958618164e-01 6.868855357170104980e-01 5.279473662376403809e-01 5.532397627830505371e-01
