5.371999740600585938e-01 5.121585726737976074e-01 6.263767480850219727e-01 4.778981804847717285e-01 5.054088830947875977e-01 4.846359491348266602e-01 4.522734582424163818e-01 3.723181486129760742e-01 4.749328494071960449e-01 4.799596369266510010e-01
4.631461501121520996e-01 4.715920686721801758e-01 4.726701080799102783e-01 4.778981804847717285e-01 3.653840720653533936e-01 6.111283302307128906e-01 4.522734582424163818e-01 4.167603850364685059e-01 4.749328494071960449e-01 4.799596369266510010e-01
3.644314408302307129e-01 4.715920686721801758e-01 5.596210956573486328e-01 4.778981804847717285e-01 4.274086654186248779e-01 4.045512974262237549e-01 4.522734582424163818e-01 4.200084209442138672e-01 4.749328494071960449e-01 4.799596369266510010e-01
2.374097108840942383e-01 4.715920686721801758e-01 4.270866215229034424e-01 4.778981804847717285e-01 3.669824004173278809e-01 3.585825860500335693e-01 4.522734582424163818e-01 3.829002678394317627e-01 4.749328494071960449e-01 4.799596369266510010e-01
5.810115337371826172e-01 4.715920686721801758e-01 4.382716417312622070e-01 4.778981804847717285e-01 5.083072185516357422e-01 4.843326210975646973e-01 4.522734582424163818e-01 4.658361673355102539e-01 5.494870543479919434e-01 5.081217288970947266e-01
5.050914287567138672e-01 4.715920686721801758e-01 5.440180301666259766e-01 4.778981804847717285e-01 5.113027095794677734e-01 4.843326210975646973e-01 4.522734582424163818e-01 4.658361673355102539e-01 5.494870543479919434e-01 5.081217288970947266e-01
5.935695767402648926e-01 4.715920686721801758e-01 5.175712704658508301e-01 4.778981804847717285e-01 5.054088830947875977e-01 5.389760136604309082e-01 4.522734582424163818e-01 5.272983312606811523e-01 4.749328494071960449e-01 4.799596369266510010e-01
4.705565571784973145e-01 4.715920686721801758e-01 2.867112755775451660e-01 4.778981804847717285e-01 4.754818081855773926e-01 5.389760136604309082e-01 4.522734582424163818e-01 5.272983312606811523e-01 4.749328494071960449e-01 4.799596369266510010e-01
4.746133089065551758e-01 4.715920686721801758e-01 4.414425790309906006e-01 4.778981804847717285e-01 4.074255228042602539e-01 5.283878445625305176e-01 4.522734582424163818e-01 4.743331968784332275e-01 4.749328494071960449e-01 4.799596369266510010e-01
5.045123696327209473e-01 4.715920686721801758e-01 4.270866215229034424e-01 4.778981804847717285e-01 4.074255228042602539e-01 5.283878445625305176e-01 4.522734582424163818e-01 4.743331968784332275e-01 4.749328494071960449e-01 4.799596369266510010e-01
4.342757761478424072e-01 4.715920686721801758e-01 4.726701080799102783e-01 4.778981804847717285e-01 3.653840720653533936e-01 4.475861191749572754e-01 4.522734582424163818e-01 5.011391639709472656e-01 4.749328494071960449e-01 4.799596369266510010e-01
4.516617953777313232e-01 4.715920686721801758e-01 3.986175656318664551e-01 4.778981804847717285e-01 4.274086654186248779e-01 4.846359491348266602e-01 4.522734582424163818e-01 4.998304247856140137e-01 4.749328494071960449e-01 4.799596369266510010e-01
3.622379899024963379e-01 4.715920686721801758e-01 4.726701080799102783e-01 4.778981804847717285e-01 3.178792893886566162e-01 2.953248322010040283e-01 4.522734582424163818e-01 4.200084209442138672e-01 4.749328494071960449e-01 4.799596369266510010e-01
5.150804519653320312e-01 4.715920686721801758e-01 4.726701080799102783e-01 4.778981804847717285e-01 5.083072185516357422e-01 4.846359491348266602e-01 4.522734582424163818e-01 5.466836094856262207e-01 5.494870543479919434e-01 5.081217288970947266e-01
4.375742077827453613e-01 4.715920686721801758e-01 5.440180301666259766e-01 4.778981804847717285e-01 4.628034234046936035e-01 4.843326210975646973e-01 4.522734582424163818e-01 5.733306407928466797e-01 5.494870543479919434e-01 5.081217288970947266e-01
5.477628707885742188e-01 4.715920686721801758e-01 5.175712704658508301e-01 4.778981804847717285e-01 4.569458961486816406e-01 4.843326210975646973e-01 4.522734582424163818e-01 4.658361673355102539e-01 5.494870543479919434e-01 5.081217288970947266e-01
8.228886127471923828e-01 4.715920686721801758e-01 7.033936381340026855e-01 4.778981804847717285e-01 4.569458961486816406e-01 4.843326210975646973e-01 4.522734582424163818e-01 5.733306407928466797e-01 7.137854695320129395e-01 5.081217288970947266e-01
3.653361201286315918e-01 4.715920686721801758e-01 3.248288035392761230e-01 4.778981804847717285e-01 4.018150568008422852e-01 4.054014086723327637e-01 4.522734582424163818e-01 4.283471405506134033e-01 5.494870543479919434e-01 5.081217288970947266e-01
5.825559496879577637e-01 4.715920686721801758e-01 3.248288035392761230e-01 4.778981804847717285e-01 3.961286246776580811e-01 4.573692083358764648e-01 4.522734582424163818e-01 5.013539195060729980e-01 4.749328494071960449e-01 4.799596369266510010e-01
2.237804234027862549e-01 4.715920686721801758e-01 2.867112755775451660e-01 4.778981804847717285e-01 4.074255228042602539e-01 4.573692083358764648e-01 4.522734582424163818e-01 3.948653936386108398e-01 4.749328494071960449e-01 4.799596369266510010e-01
3.231609165668487549e-01 4.715920686721801758e-01 4.414425790309906006e-01 4.778981804847717285e-01 4.074255228042602539e-01 5.283878445625305176e-01 4.522734582424163818e-01 3.604200184345245361e-01 4.749328494071960449e-01 4.799596369266510010e-01
3.588629961013793945e-01 4.715920686721801758e-01 4.812032282352447510e-01 4.778981804847717285e-01 3.487604260444641113e-01 3.959198594093322754e-01 4.522734582424163818e-01 3.948653936386108398e-01 4.749328494071960449e-01 4.799596369266510010e-01
5.857285857200622559e-01 4.715920686721801758e-01 5.272471308708190918e-01 4.778981804847717285e-01 6.477084159851074219e-01 5.286362767219543457e-01 4.522734582424163818e-01 6.223775148391723633e-01 5.494870543479919434e-01 5.081217288970947266e-01
7.141971588134765625e-01 4.715920686721801758e-01 5.175712704658508301e-01 4.778981804847717285e-01 5.121911764144897461e-01 6.308369040489196777e-01 4.522734582424163818e-01 6.907922029495239258e-01 5.494870543479919434e-01 5.081217288970947266e-01
4.584217369556427002e-01 4.715920686721801758e-01 4.043765962123870850e-01 4.778981804847717285e-01 4.754818081855773926e-01 4.143315553665161133e-01 4.522734582424163818e-01 4.194999039173126221e-01 4.749328494071960449e-01 4.799596369266510010e-01
7.313134074211120605e-01 4.715920686721801758e-01 5.563082098960876465e-01 7.909112572669982910e-01 8.327246904373168945e-01 7.578450441360473633e-01 5.988103151321411133e-01 7.298776507377624512e-01 7.137854695320129395e-01 6.058945059776306152e-01
6.514093875885009766e-01 5.121585726737976074e-01 5.703166127204895020e-01 5.760920643806457520e-01 5.899898409843444824e-01 6.943737268447875977e-01 5.988103151321411133e-01 7.855277657508850098e-01 5.494870543479919434e-01 6.058945059776306152e-01
5.424470305442810059e-01 5.121585726737976074e-01 4.687429964542388916e-01 4.721134305000305176e-01 3.723330199718475342e-01 4.498351514339447021e-01 5.203226804733276367e-01 4.208139479160308838e-01 4.749328494071960449e-01 4.799596369266510010e-01
2.920201718807220459e-01 4.584611356258392334e-01 2.867112755775451660e-01 4.721134305000305176e-01 4.743533134460449219e-01 6.222913265228271484e-01 5.203226804733276367e-01 5.018056631088256836e-01 4.749328494071960449e-01 4.799596369266510010e-01
4.055930972099304199e-01 4.584611356258392334e-01 5.258271098136901855e-01 4.721134305000305176e-01 4.736356437206268311e-01 5.152278542518615723e-01 5.203226804733276367e-01 4.557610750198364258e-01 4.749328494071960449e-01 4.799596369266510010e-01
6.244695782661437988e-01 4.584611356258392334e-01 4.812032282352447510e-01 5.760920643806457520e-01 5.697524547576904297e-01 6.892193555831909180e-01 5.988103151321411133e-01 7.759337425231933594e-01 5.494870543479919434e-01 6.058945059776306152e-01
7.961914539337158203e-01 5.121585726737976074e-01 6.263767480850219727e-01 5.760920643806457520e-01 6.303209662437438965e-01 6.887830495834350586e-01 5.988103151321411133e-01 7.326025366783142090e-01 5.494870543479919434e-01 6.058945059776306152e-01
6.677649617195129395e-01 5.121585726737976074e-01 5.147777199745178223e-01 5.760920643806457520e-01 3.938011527061462402e-01 6.583687663078308105e-01 5.988103151321411133e-01 7.384497523307800293e-01 5.494870543479919434e-01 6.058945059776306152e-01
8.070149421691894531e-01 5.121585726737976074e-01 5.133548378944396973e-01 5.760920643806457520e-01 6.864270567893981934e-01 6.887830495834350586e-01 5.988103151321411133e-01 7.326025366783142090e-01 5.494870543479919434e-01 6.058945059776306152e-01
7.746655344963073730e-01 5.121585726737976074e-01 5.133548378944396973e-01 5.760920643806457520e-01 5.899898409843444824e-01 6.966418623924255371e-01 5.988103151321411133e-01 7.326025366783142090e-01 5.494870543479919434e-01 6.058945059776306152e-01
7.701444029808044434e-01 5.121585726737976074e-01 4.921211302280426025e-01 5.760920643806457520e-01 5.899898409843444824e-01 7.716427445411682129e-01 5.988103151321411133e-01 8.243785500526428223e-01 5.494870543479919434e-01 6.058945059776306152e-01
6.231075525283813477e-01 5.121585726737976074e-01 4.921211302280426025e-01 4.721134305000305176e-01 3.723330199718475342e-01 6.222913265228271484e-01 5.203226804733276367e-01 5.018056631088256836e-01 4.749328494071960449e-01 4.799596369266510010e-01
4.155262708663940430e-01 4.584611356258392334e-01 3.606139123439788818e-01 4.721134305000305176e-01 4.736356437206268311e-01 5.152278542518615723e-01 5.203226804733276367e-01 4.557610750198364258e-01 4.749328494071960449e-01 4.799596369266510010e-01
5.871503949165344238e-01 4.584611356258392334e-01 5.258271098136901855e-01 5.760920643806457520e-01 6.296499371528625488e-01 5.922555923461914062e-01 5.988103151321411133e-01 6.690061688423156738e-01 5.494870543479919434e-01 6.058945059776306152e-01
7.298611402511596680e-01 5.121585726737976074e-01 5.823395252227783203e-01 4.721134305000305176e-01 3.723330199718475342e-01 6.222913265228271484e-01 5.203226804733276367e-01 5.018056631088256836e-01 4.749328494071960449e-01 4.799596369266510010e-01
5.003477334976196289e-01 4.584611356258392334e-01 3.619283139705657959e-01 4.721134305000305176e-01 3.436391353607177734e-01 5.766302943229675293e-01 5.203226804733276367e-01 6.137472987174987793e-01 4.749328494071960449e-01 4.799596369266510010e-01
6.559560894966125488e-01 4.584611356258392334e-01 5.046124458312988281e-01 4.721134305000305176e-01 5.367329716682434082e-01 5.220746397972106934e-01 5.203226804733276367e-01 4.743331968784332275e-01 4.749328494071960449e-01 4.799596369266510010e-01
1.668440997600555420e-01 4.584611356258392334e-01 4.270866215229034424e-01 4.721134305000305176e-01 3.398230373859405518e-01 3.581422269344329834e-01 3.176259398460388184e-01 3.487895727157592773e-01 4.749328494071960449e-01 4.799596369266510010e-01
3.989828824996948242e-01 4.584611356258392334e-01 4.519726932048797607e-01 4.721134305000305176e-01 2.304723262786865234e-01 4.783153235912322998e-01 3.176259398460388184e-01 4.998304247856140137e-01 4.749328494071960449e-01 4.799596369266510010e-01
2.265368998050689697e-01 4.584611356258392334e-01 4.726701080799102783e-01 4.721134305000305176e-01 3.919568359851837158e-01 3.356125652790069580e-01 3.176259398460388184e-01 3.953643441200256348e-01 4.749328494071960449e-01 4.799596369266510010e-01
4.805060327053070068e-01 4.584611356258392334e-01 4.726701080799102783e-01 4.721134305000305176e-01 4.577126502990722656e-01 4.767708778381347656e-01 3.176259398460388184e-01 3.723181486129760742e-01 4.749328494071960449e-01 4.799596369266510010e-01
3.068871200084686279e-01 4.584611356258392334e-01 4.243323802947998047e-01 4.778981804847717285e-01 4.361839294433593750e-01 5.203105807304382324e-01 5.665573477745056152e-01 4.998304247856140137e-01 4.749328494071960449e-01 4.799596369266510010e-01
4.107885658740997314e-01 4.715920686721801758e-01 4.726701080799102783e-01 4.778981804847717285e-01 4.470509588718414307e-01 3.258757293224334717e-01 5.665573477745056152e-01 4.200084209442138672e-01 4.749328494071960449e-01 4.799596369266510010e-01
4.805060327053070068e-01 4.715920686721801758e-01 4.726701080799102783e-01 4.778981804847717285e-01 4.814159870147705078e-01 5.203105807304382324e-01 5.665573477745056152e-01 5.011391639709472656e-01 4.749328494071960449e-01 4.799596369266510010e-01
3.288480937480926514e-01 4.715920686721801758e-01 4.991966187953948975e-01 4.778981804847717285e-01 4.361839294433593750e-01 4.475861191749572754e-01 5.665573477745056152e-01 4.994743764400482178e-01 4.749328494071960449e-01 4.799596369266510010e-01
4.590017795562744141e-01 4.715920686721801758e-01 3.986175656318664551e-01 4.778981804847717285e-01 4.303934276103973389e-01 4.393565058708190918e-01 5.665573477745056152e-01 4.212841689586639404e-01 4.749328494071960449e-01 4.799596369266510010e-01
3.550938069820404053e-01 4.715920686721801758e-01 4.726701080799102783e-01 4.778981804847717285e-01 4.206281006336212158e-01 4.008709490299224854e-01 4.522734582424163818e-01 5.011391639709472656e-01 4.749328494071960449e-01 4.799596369266510010e-01
4.131444096565246582e-01 4.715920686721801758e-01 4.382716417312622070e-01 4.778981804847717285e-01 5.083072185516357422e-01 4.393565058708190918e-01 5.665573477745056152e-01 4.200084209442138672e-01 4.749328494071960449e-01 4.799596369266510010e-01
4.608879685401916504e-01 4.715920686721801758e-01 4.991966187953948975e-01 4.778981804847717285e-01 4.628034234046936035e-01 4.393565058708190918e-01 5.665573477745056152e-01 4.397309720516204834e-01 5.494870543479919434e-01 5.081217288970947266e-01
4.769124090671539307e-01 4.715920686721801758e-01 4.828974008560180664e-01 4.778981804847717285e-01 4.569458961486816406e-01 4.846359491348266602e-01 5.665573477745056152e-01 4.998304247856140137e-01 4.749328494071960449e-01 4.799596369266510010e-01
3.818804025650024414e-01 4.715920686721801758e-01 4.382716417312622070e-01 4.778981804847717285e-01 4.569458961486816406e-01 4.846359491348266602e-01 5.665573477745056152e-01 4.998304247856140137e-01 4.749328494071960449e-01 4.799596369266510010e-01
3.736976683139801025e-01 4.715920686721801758e-01 3.884494304656982422e-01 4.778981804847717285e-01 4.569458961486816406e-01 4.846359491348266602e-01 4.522734582424163818e-01 4.998304247856140137e-01 4.749328494071960449e-01 4.799596369266510010e-01
3.718624413013458252e-01 4.715920686721801758e-01 3.741649985313415527e-01 4.778981804847717285e-01 3.856328427791595459e-01 4.846359491348266602e-01 4.522734582424163818e-01 3.588027358055114746e-01 4.749328494071960449e-01 4.799596369266510010e-01
3.684350252151489258e-01 4.715920686721801758e-01 4.182234108448028564e-01 4.778981804847717285e-01 3.493582904338836670e-01 4.843326210975646973e-01 4.522734582424163818e-01 4.402427971363067627e-01 5.494870543479919434e-01 5.081217288970947266e-01
4.149152040481567383e-01 4.715920686721801758e-01 4.917834401130676270e-01 4.778981804847717285e-01 3.947041630744934082e-01 4.843326210975646973e-01 4.522734582424163818e-01 4.402427971363067627e-01 5.494870543479919434e-01 5.081217288970947266e-01
3.805040419101715088e-01 4.715920686721801758e-01 4.917834401130676270e-01 4.778981804847717285e-01 3.947041630744934082e-01 4.143315553665161133e-01 4.522734582424163818e-01 3.467514514923095703e-01 4.881319403648376465e-01 3.611516952514648438e-01
4.394480586051940918e-01 4.715920686721801758e-01 3.784479200839996338e-01 4.778981804847717285e-01 4.423300921916961670e-01 4.329121410846710205e-01 4.522734582424163818e-01 3.714791834354400635e-01 4.881319403648376465e-01 3.611516952514648438e-01
5.102064013481140137e-01 4.715920686721801758e-01 3.784479200839996338e-01 4.778981804847717285e-01 4.367271661758422852e-01 6.221978068351745605e-01 4.522734582424163818e-01 4.956241250038146973e-01 4.881319403648376465e-01 4.430661499500274658e-01
4.452593624591827393e-01 4.715920686721801758e-01 3.026202917098999023e-01 4.778981804847717285e-01 4.367271661758422852e-01 5.536649823188781738e-01 4.522734582424163818e-01 4.687963426113128662e-01 4.881319403648376465e-01 4.430661499500274658e-01
4.954401850700378418e-01 4.715920686721801758e-01 3.026202917098999023e-01 4.778981804847717285e-01 4.338739812374114990e-01 5.401638150215148926e-01 4.522734582424163818e-01 5.359489321708679199e-01 4.881319403648376465e-01 4.595267772674560547e-01
4.228973686695098877e-01 4.715920686721801758e-01 3.026202917098999023e-01 4.778981804847717285e-01 3.756207823753356934e-01 4.573692083358764648e-01 4.522734582424163818e-01 3.240045607089996338e-01 4.881319403648376465e-01 4.430661499500274658e-01
3.920741379261016846e-01 4.715920686721801758e-01 4.603956639766693115e-01 4.778981804847717285e-01 3.756207823753356934e-01 4.573692083358764648e-01 4.522734582424163818e-01 3.240045607089996338e-01 4.881319403648376465e-01 4.430661499500274658e-01
4.805735945701599121e-01 4.715920686721801758e-01 4.459153711795806885e-01 4.778981804847717285e-01 4.233992099761962891e-01 4.145534634590148926e-01 4.522734582424163818e-01 3.986051976680755615e-01 4.881319403648376465e-01 4.595267772674560547e-01
3.862968087196350098e-01 4.715920686721801758e-01 5.462811589241027832e-01 4.778981804847717285e-01 4.423300921916961670e-01 3.650813400745391846e-01 4.522734582424163818e-01 3.467514514923095703e-01 4.881319403648376465e-01 3.611516952514648438e-01
5.658532977104187012e-01 4.715920686721801758e-01 5.462811589241027832e-01 4.778981804847717285e-01 5.382952690124511719e-01 4.858301579952239990e-01 4.522734582424163818e-01 3.986051976680755615e-01 4.881319403648376465e-01 4.595267772674560547e-01
5.658532977104187012e-01 4.715920686721801758e-01 4.917834401130676270e-01 4.778981804847717285e-01 5.382952690124511719e-01 4.858301579952239990e-01 4.522734582424163818e-01 3.986051976680755615e-01 4.881319403648376465e-01 4.595267772674560547e-01
4.524390995502471924e-01 4.715920686721801758e-01 5.462811589241027832e-01 4.778981804847717285e-01 5.763375163078308105e-01 3.970628976821899414e-01 4.522734582424163818e-01 4.500032663345336914e-01 4.881319403648376465e-01 4.595267772674560547e-01
6.642221212387084961e-01 4.715920686721801758e-01 4.715240895748138428e-01 4.778981804847717285e-01 3.688641488552093506e-01 4.858301579952239990e-01 4.522734582424163818e-01 4.236098229885101318e-01 4.881319403648376465e-01 4.595267772674560547e-01
2.302418798208236694e-01 4.715920686721801758e-01 5.468057990074157715e-01 4.778981804847717285e-01 3.650927245616912842e-01 2.820758223533630371e-01 4.522734582424163818e-01 3.709943890571594238e-01 4.881319403648376465e-01 4.595267772674560547e-01
2.647187411785125732e-01 4.715920686721801758e-01 4.726701080799102783e-01 4.721134305000305176e-01 5.750034451484680176e-01 4.270046651363372803e-01 5.203226804733276367e-01 4.487079083919525146e-01 4.881319403648376465e-01 4.595267772674560547e-01
2.917729616165161133e-01 4.584611356258392334e-01 4.991966187953948975e-01 4.721134305000305176e-01 5.240861177444458008e-01 4.270046651363372803e-01 5.203226804733276367e-01 4.998304247856140137e-01 4.749328494071960449e-01 4.799596369266510010e-01
3.738783895969390869e-01 4.584611356258392334e-01 4.726701080799102783e-01 4.721134305000305176e-01 5.240861177444458008e-01 4.783153235912322998e-01 5.203226804733276367e-01 4.998304247856140137e-01 4.749328494071960449e-01 4.799596369266510010e-01
4.577945470809936523e-01 4.584611356258392334e-01 4.726701080799102783e-01 5.760920643806457520e-01 5.774161815643310547e-01 5.647062063217163086e-01 5.988103151321411133e-01 6.641023755073547363e-01 5.494870543479919434e-01 6.058945059776306152e-01
6.180769205093383789e-01 5.121585726737976074e-01 6.263767480850219727e-01 5.760920643806457520e-01 6.239753365516662598e-01 5.579530000686645508e-01 5.988103151321411133e-01 6.223405599594116211e-01 5.494870543479919434e-01 6.058945059776306152e-01
6.944642663002014160e-01 5.121585726737976074e-01 6.263767480850219727e-01 5.760920643806457520e-01 6.239753365516662598e-01 5.579530000686645508e-01 5.988103151321411133e-01 6.223405599594116211e-01 5.494870543479919434e-01 6.058945059776306152e-01
6.327691674232482910e-01 5.121585726737976074e-01 6.250427365303039551e-01 5.760920643806457520e-01 5.954803824424743652e-01 5.579530000686645508e-01 5.988103151321411133e-01 6.223405599594116211e-01 5.494870543479919434e-01 6.058945059776306152e-01
5.033262968063354492e-01 5.121585726737976074e-01 4.921211302280426025e-01 4.721134305000305176e-01 4.381600916385650635e-01 5.675922632217407227e-01 5.203226804733276367e-01 4.966284036636352539e-01 4.749328494071960449e-01 4.799596369266510010e-01
6.017411947250366211e-01 4.584611356258392334e-01 5.563082098960876465e-01 7.909112572669982910e-01 7.945069074630737305e-01 7.460714578628540039e-01 5.988103151321411133e-01 6.690061688423156738e-01 7.137854695320129395e-01 6.058945059776306152e-01
5.622766017913818359e-01 5.121585726737976074e-01 8.217759132385253906e-01 7.909112572669982910e-01 7.659384012222290039e-01 8.174113631248474121e-01 5.988103151321411133e-01 7.326025366783142090e-01 7.137854695320129395e-01 6.058945059776306152e-01
6.456576585769653320e-01 5.121585726737976074e-01 4.687429964542388916e-01 7.909112572669982910e-01 7.182188630104064941e-01 8.723703026771545410e-01 5.988103151321411133e-01 8.243785500526428223e-01 7.137854695320129395e-01 6.058945059776306152e-01
8.258193135261535645e-01 5.121585726737976074e-01 7.010546326637268066e-01 7.909112572669982910e-01 8.716239929199218750e-01 8.228574395179748535e-01 5.988103151321411133e-01 7.326025366783142090e-01 7.137854695320129395e-01 6.058945059776306152e-01
5.188741683959960938e-01 5.121585726737976074e-01 4.921211302280426025e-01 5.760920643806457520e-01 5.284815430641174316e-01 7.716427445411682129e-01 5.988103151321411133e-01 8.243785500526428223e-01 5.494870543479919434e-01 6.058945059776306152e-01
7.213268280029296875e-01 5.121585726737976074e-01 4.921211302280426025e-01 4.721134305000305176e-01 3.723330199718475342e-01 6.135748028755187988e-01 5.203226804733276367e-01 5.018056631088256836e-01 4.749328494071960449e-01 4.799596369266510010e-01
3.888727724552154541e-01 4.584611356258392334e-01 3.412675261497497559e-01 4.721134305000305176e-01 4.120664298534393311e-01 4.592900872230529785e-01 5.203226804733276367e-01 6.096615791320800781e-01 4.749328494071960449e-01 4.799596369266510010e-01
3.126976191997528076e-01 4.584611356258392334e-01 5.046124458312988281e-01 4.721134305000305176e-01 3.080292046070098877e-01 2.948559820652008057e-01 5.203226804733276367e-01 6.096615791320800781e-01 4.749328494071960449e-01 4.799596369266510010e-01
3.386117219924926758e-01 4.584611356258392334e-01 3.553629517555236816e-01 4.721134305000305176e-01 3.290999531745910645e-01 3.803030848503112793e-01 5.203226804733276367e-01 2.796044051647186279e-01 4.749328494071960449e-01 4.799596369266510010e-01
2.819308340549468994e-01 4.584611356258392334e-01 4.726701080799102783e-01 4.778981804847717285e-01 1.369089037179946899e-01 2.953248322010040283e-01 4.522734582424163818e-01 3.006203770637512207e-01 4.749328494071960449e-01 4.799596369266510010e-01
3.048946857452392578e-01 4.715920686721801758e-01 3.658691942691802979e-01 4.778981804847717285e-01 4.783745706081390381e-01 4.045512974262237549e-01 4.522734582424163818e-01 4.200084209442138672e-01 4.749328494071960449e-01 4.799596369266510010e-01
3.214339315891265869e-01 4.715920686721801758e-01 4.991966187953948975e-01 4.778981804847717285e-01 3.230144679546356201e-01 2.953248322010040283e-01 4.522734582424163818e-01 4.200084209442138672e-01 4.749328494071960449e-01 4.799596369266510010e-01
5.953328013420104980e-01 4.715920686721801758e-01 4.382716417312622070e-01 4.778981804847717285e-01 5.083072185516357422e-01 4.846359491348266602e-01 4.522734582424163818e-01 4.998304247856140137e-01 4.749328494071960449e-01 4.799596369266510010e-01
2.998560070991516113e-01 4.715920686721801758e-01 4.991966187953948975e-01 4.778981804847717285e-01 4.628034234046936035e-01 4.846359491348266602e-01 4.522734582424163818e-01 5.266733765602111816e-01 4.749328494071960449e-01 4.799596369266510010e-01
4.204132556915283203e-01 4.715920686721801758e-01 4.726701080799102783e-01 4.778981804847717285e-01 4.569458961486816406e-01 4.846359491348266602e-01 4.522734582424163818e-01 5.466836094856262207e-01 5.494870543479919434e-01 5.081217288970947266e-01
5.828998684883117676e-01 4.715920686721801758e-01 5.175712704658508301e-01 5.760920643806457520e-01 5.774161815643310547e-01 5.644076466560363770e-01 5.988103151321411133e-01 5.884306430816650391e-01 5.494870543479919434e-01 6.058945059776306152e-01
6.683275103569030762e-01 5.121585726737976074e-01 5.175712704658508301e-01 5.760920643806457520e-01 6.239753365516662598e-01 6.172710061073303223e-01 5.988103151321411133e-01 6.646614074707031250e-01 5.494870543479919434e-01 6.058945059776306152e-01
5.859693884849548340e-01 5.121585726737976074e-01 5.429682731628417969e-01 5.760920643806457520e-01 6.239753365516662598e-01 6.085114479064941406e-01 5.988103151321411133e-01 6.646614074707031250e-01 5.494870543479919434e-01 6.058945059776306152e-01
4.953913390636444092e-01 5.121585726737976074e-01 5.133548378944396973e-01 5.760920643806457520e-01 4.917817115783691406e-01 5.553098917007446289e-01 5.988103151321411133e-01 4.702610075473785400e-01 5.494870543479919434e-01 6.058945059776306152e-01
6.895999908447265625e-01 5.121585726737976074e-01 6.250427365303039551e-01 4.721134305000305176e-01 4.323309957981109619e-01 5.152278542518615723e-01 5.203226804733276367e-01 4.557610750198364258e-01 4.749328494071960449e-01 4.799596369266510010e-01
4.570176303386688232e-01 4.584611356258392334e-01 4.712505638599395752e-01 5.760920643806457520e-01 5.334289669990539551e-01 5.579530000686645508e-01 5.988103151321411133e-01 5.057289600372314453e-01 5.494870543479919434e-01 6.058945059776306152e-01
3.791369497776031494e-01 5.121585726737976074e-01 6.557887196540832520e-01 4.721134305000305176e-01 4.381600916385650635e-01 5.766302943229675293e-01 5.203226804733276367e-01 4.966284036636352539e-01 4.749328494071960449e-01 4.799596369266510010e-01
5.061951279640197754e-01 4.584611356258392334e-01 3.205329179763793945e-01 4.721134305000305176e-01 4.736356437206268311e-01 6.793621778488159180e-01 5.203226804733276367e-01 5.018056631088256836e-01 4.749328494071960449e-01 4.799596369266510010e-01
5.959531664848327637e-01 4.584611356258392334e-01 5.046124458312988281e-01 4.721134305000305176e-01 4.239149093627929688e-01 3.581422269344329834e-01 5.203226804733276367e-01 6.096615791320800781e-01 4.749328494071960449e-01 4.799596369266510010e-01
2.755208015441894531e-01 4.584611356258392334e-01 4.068452417850494385e-01 4.721134305000305176e-01 2.877085804939270020e-01 2.948559820652008057e-01 5.203226804733276367e-01 3.662945926189422607e-01 4.749328494071960449e-01 4.799596369266510010e-01
5.020849704742431641e-01 4.584611356258392334e-01 3.986175656318664551e-01 4.778981804847717285e-01 2.617054283618927002e-01 2.796760797500610352e-01 4.522734582424163818e-01 3.953643441200256348e-01 4.749328494071960449e-01 4.799596369266510010e-01
5.600232481956481934e-01 4.715920686721801758e-01 4.726701080799102783e-01 4.778981804847717285e-01 3.922483325004577637e-01 3.671181499958038330e-01 4.522734582424163818e-01 4.998304247856140137e-01 4.749328494071960449e-01 4.799596369266510010e-01
5.459227561950683594e-01 4.715920686721801758e-01 4.991966187953948975e-01 4.778981804847717285e-01 5.624458789825439453e-01 4.846359491348266602e-01 4.522734582424163818e-01 4.998304247856140137e-01 4.749328494071960449e-01 4.799596369266510010e-01
5.387417674064636230e-01 4.715920686721801758e-01 4.991966187953948975e-01 4.778981804847717285e-01 5.113027095794677734e-01 4.846359491348266602e-01 4.522734582424163818e-01 4.998304247856140137e-01 4.749328494071960449e-01 4.799596369266510010e-01
4.222150743007659912e-01 4.715920686721801758e-01 4.726701080799102783e-01 4.778981804847717285e-01 4.754818081855773926e-01 4.846359491348266602e-01 4.522734582424163818e-01 5.011391639709472656e-01 4.749328494071960449e-01 4.799596369266510010e-01
4.008520245552062988e-01 4.715920686721801758e-01 4.726701080799102783e-01 4.778981804847717285e-01 4.754818081855773926e-01 4.846359491348266602e-01 4.522734582424163818e-01 4.998304247856140137e-01 4.749328494071960449e-01 4.799596369266510010e-01
4.810794293880462646e-01 4.715920686721801758e-01 4.726701080799102783e-01 4.778981804847717285e-01 4.754818081855773926e-01 4.393565058708190918e-01 4.522734582424163818e-01 4.200084209442138672e-01 4.749328494071960449e-01 4.799596369266510010e-01
4.568960964679718018e-01 4.715920686721801758e-01 4.726701080799102783e-01 4.778981804847717285e-01 4.754818081855773926e-01 4.846359491348266602e-01 4.522734582424163818e-01 4.998304247856140137e-01 4.749328494071960449e-01 4.799596369266510010e-01
5.004382133483886719e-01 4.715920686721801758e-01 4.382716417312622070e-01 4.778981804847717285e-01 4.754818081855773926e-01 4.846359491348266602e-01 5.665573477745056152e-01 4.998304247856140137e-01 4.749328494071960449e-01 4.799596369266510010e-01
4.685571789741516113e-01 4.715920686721801758e-01 4.726701080799102783e-01 4.778981804847717285e-01 4.754818081855773926e-01 4.846359491348266602e-01 4.522734582424163818e-01 4.998304247856140137e-01 4.749328494071960449e-01 4.799596369266510010e-01
4.685571789741516113e-01 4.715920686721801758e-01 4.726701080799102783e-01 4.778981804847717285e-01 4.754818081855773926e-01 4.846359491348266602e-01 4.522734582424163818e-01 4.998304247856140137e-01 4.749328494071960449e-01 4.799596369266510010e-01
4.874245226383209229e-01 4.715920686721801758e-01 4.726701080799102783e-01 4.778981804847717285e-01 4.754818081855773926e-01 4.846359491348266602e-01 4.522734582424163818e-01 5.466836094856262207e-01 5.494870543479919434e-01 5.081217288970947266e-01
5.624301433563232422e-01 4.715920686721801758e-01 5.175712704658508301e-01 4.778981804847717285e-01 4.754818081855773926e-01 4.846359491348266602e-01 4.522734582424163818e-01 4.998304247856140137e-01 4.749328494071960449e-01 4.799596369266510010e-01
5.004434585571289062e-01 4.715920686721801758e-01 4.726701080799102783e-01 4.778981804847717285e-01 4.754818081855773926e-01 5.389760136604309082e-01 4.522734582424163818e-01 5.272983312606811523e-01 4.749328494071960449e-01 4.799596369266510010e-01
3.769967854022979736e-01 4.715920686721801758e-01 3.884494304656982422e-01 4.778981804847717285e-01 4.754818081855773926e-01 4.846359491348266602e-01 4.522734582424163818e-01 3.443555533885955811e-01 4.749328494071960449e-01 4.799596369266510010e-01
2.074872404336929321e-01 4.715920686721801758e-01 4.270866215229034424e-01 4.778981804847717285e-01 3.089946210384368896e-01 3.164380788803100586e-01 4.522734582424163818e-01 3.841379582881927490e-01 4.749328494071960449e-01 4.799596369266510010e-01
4.516617953777313232e-01 4.715920686721801758e-01 3.986175656318664551e-01 4.778981804847717285e-01 4.274086654186248779e-01 4.045512974262237549e-01 4.522734582424163818e-01 4.200084209442138672e-01 4.749328494071960449e-01 4.799596369266510010e-01
2.000322341918945312e-01 4.715920686721801758e-01 4.726701080799102783e-01 4.778981804847717285e-01 3.178792893886566162e-01 2.953248322010040283e-01 4.522734582424163818e-01 4.212841689586639404e-01 4.749328494071960449e-01 4.799596369266510010e-01
5.708743929862976074e-01 4.715920686721801758e-01 3.658691942691802979e-01 4.778981804847717285e-01 4.814159870147705078e-01 4.475861191749572754e-01 4.522734582424163818e-01 4.994743764400482178e-01 4.749328494071960449e-01 4.799596369266510010e-01
3.766855001449584961e-01 4.715920686721801758e-01 4.243323802947998047e-01 4.778981804847717285e-01 4.165568947792053223e-01 3.258757293224334717e-01 4.522734582424163818e-01 3.950705826282501221e-01 4.749328494071960449e-01 4.799596369266510010e-01
4.448211491107940674e-01 4.715920686721801758e-01 5.058476328849792480e-01 4.778981804847717285e-01 4.371089637279510498e-01 4.008709490299224854e-01 4.522734582424163818e-01 4.740267693996429443e-01 4.749328494071960449e-01 4.799596369266510010e-01
4.018949270248413086e-01 4.715920686721801758e-01 5.183283090591430664e-01 4.778981804847717285e-01 4.527979493141174316e-01 5.203105807304382324e-01 4.982001781463623047e-01 4.740267693996429443e-01 4.749328494071960449e-01 4.799596369266510010e-01
