5.288057923316955566e-01 4.763790369033813477e-01 4.630307555198669434e-01 5.118787884712219238e-01 7.898309230804443359e-01 5.625475645065307617e-01 5.915818214416503906e-01 7.221009135246276855e-01 6.849690079689025879e-01 5.765013694763183594e-01
4.966400563716888428e-01 6.265236735343933105e-01 4.630307555198669434e-01 5.118787884712219238e-01 7.605731487274169922e-01 6.341089010238647461e-01 3.975349962711334229e-01 7.912513613700866699e-01 6.849690079689025879e-01 5.765013694763183594e-01
5.288057923316955566e-01 4.763790369033813477e-01 4.630307555198669434e-01 5.118787884712219238e-01 7.898309230804443359e-01 5.625475645065307617e-01 5.915818214416503906e-01 7.221009135246276855e-01 6.849690079689025879e-01 5.765013694763183594e-01
5.478469133377075195e-01 5.981497168540954590e-01 4.630307555198669434e-01 5.118787884712219238e-01 7.326219677925109863e-01 7.445046901702880859e-01 9.092607498168945312e-01 8.506563305854797363e-01 5.945619344711303711e-01 6.512066125869750977e-01
5.976339578628540039e-01 5.842365622520446777e-01 4.630307555198669434e-01 5.118787884712219238e-01 7.779716849327087402e-01 5.545723438262939453e-01 5.698438882827758789e-01 6.287201642990112305e-01 6.508054733276367188e-01 4.555982351303100586e-01
5.976339578628540039e-01 7.744402885437011719e-01 4.630307555198669434e-01 5.118787884712219238e-01 5.947678685188293457e-01 5.545723438262939453e-01 5.698438882827758789e-01 6.287201642990112305e-01 6.508054733276367188e-01 4.555982351303100586e-01
3.899310231208801270e-01 5.867276191711425781e-01 4.630307555198669434e-01 4.474176168441772461e-01 4.464558064937591553e-01 5.523428916931152344e-01 6.751345992088317871e-01 4.972701966762542725e-01 5.346856713294982910e-01 5.765013694763183594e-01
3.677875995635986328e-01 5.572790503501892090e-01 4.630307555198669434e-01 5.919784903526306152e-01 2.944419085979461670e-01 1.828660368919372559e-01 1.449055373668670654e-01 4.778426587581634521e-01 6.096457839012145996e-01 5.277177691459655762e-01
7.237606048583984375e-01 8.281058669090270996e-01 5.720722675323486328e-01 5.919784903526306152e-01 9.612307548522949219e-01 4.714950919151306152e-01 8.262628316879272461e-01 6.682011485099792480e-01 7.484322190284729004e-01 6.968827247619628906e-01
7.515318393707275391e-01 7.839969992637634277e-01 5.720722675323486328e-01 5.118787884712219238e-01 8.314081430435180664e-01 5.415846705436706543e-01 8.371345400810241699e-01 6.682011485099792480e-01 7.121724486351013184e-01 6.326115131378173828e-01
5.976339578628540039e-01 7.744402885437011719e-01 4.630307555198669434e-01 5.118787884712219238e-01 5.947678685188293457e-01 5.545723438262939453e-01 5.698438882827758789e-01 6.287201642990112305e-01 6.508054733276367188e-01 4.555982351303100586e-01
4.171734154224395752e-01 6.846175789833068848e-01 4.630307555198669434e-01 4.474176168441772461e-01 4.717418551445007324e-01 4.048289358615875244e-01 4.901758134365081787e-01 4.629328548908233643e-01 4.049434363842010498e-01 4.555982351303100586e-01
3.825603127479553223e-01 8.045578598976135254e-01 4.630307555198669434e-01 3.525281846523284912e-01 5.100806951522827148e-01 3.020545840263366699e-01 9.148088693618774414e-01 5.590834021568298340e-01 2.648132443428039551e-01 4.199400246143341064e-01
1.450828462839126587e-01 3.729533553123474121e-01 4.630307555198669434e-01 3.525281846523284912e-01 4.856857061386108398e-01 2.460971772670745850e-01 5.056378245353698730e-01 4.600391685962677002e-01 2.648132443428039551e-01 4.199400246143341064e-01
5.781558752059936523e-01 5.610907077789306641e-01 4.630307555198669434e-01 4.474176168441772461e-01 5.262699723243713379e-01 4.679510891437530518e-01 5.963174104690551758e-01 3.653942644596099854e-01 2.704378366470336914e-01 4.401758909225463867e-01
5.883591175079345703e-01 7.055763602256774902e-01 4.630307555198669434e-01 6.838293075561523438e-01 5.262699723243713379e-01 5.915477871894836426e-01 5.769115686416625977e-01 5.502961874008178711e-01 6.182850003242492676e-01 4.401758909225463867e-01
5.356418490409851074e-01 4.848147332668304443e-01 4.630307555198669434e-01 5.118787884712219238e-01 4.051325917243957520e-01 4.181866347789764404e-01 4.236486554145812988e-01 6.736235022544860840e-01 4.049434363842010498e-01 3.342089354991912842e-01
6.340128183364868164e-01 4.407379627227783203e-01 4.630307555198669434e-01 4.474176168441772461e-01 3.425647020339965820e-01 4.181866347789764404e-01 4.116947352886199951e-01 4.629328548908233643e-01 4.049434363842010498e-01 3.342089354991912842e-01
5.206711888313293457e-01 3.608568608760833740e-01 5.782179236412048340e-01 4.474176168441772461e-01 4.654207527637481689e-01 5.789989233016967773e-01 2.744244337081909180e-01 3.780534267425537109e-01 4.375040531158447266e-01 5.286433696746826172e-01
6.352725625038146973e-01 4.459095001220703125e-01 5.782179236412048340e-01 4.474176168441772461e-01 5.853189826011657715e-01 5.448927879333496094e-01 6.023385524749755859e-01 4.764343500137329102e-01 5.881190896034240723e-01 5.286433696746826172e-01
7.013525962829589844e-01 4.900502562522888184e-01 5.782179236412048340e-01 5.118787884712219238e-01 7.041073441505432129e-01 6.600712537765502930e-01 6.104276776313781738e-01 6.854275465011596680e-01 5.881190896034240723e-01 5.286433696746826172e-01
8.895435333251953125e-01 7.425709962844848633e-01 5.782179236412048340e-01 6.838293075561523438e-01 7.191265821456909180e-01 8.283293247222900391e-01 8.124846220016479492e-01 6.770748496055603027e-01 8.033626079559326172e-01 6.690921783447265625e-01
7.013525962829589844e-01 4.900502562522888184e-01 5.782179236412048340e-01 5.118787884712219238e-01 7.041073441505432129e-01 6.600712537765502930e-01 6.104276776313781738e-01 6.854275465011596680e-01 5.881190896034240723e-01 5.286433696746826172e-01
7.147039175033569336e-01 7.251111865043640137e-01 5.782179236412048340e-01 5.118787884712219238e-01 6.945962309837341309e-01 6.147980093955993652e-01 6.384652853012084961e-01 6.854275465011596680e-01 5.881190896034240723e-01 5.286433696746826172e-01
8.833861351013183594e-01 8.218784332275390625e-01 5.782179236412048340e-01 6.838293075561523438e-01 9.112879633903503418e-01 9.025965929031372070e-01 6.372896432876586914e-01 8.733348250389099121e-01 7.726577520370483398e-01 5.958402156829833984e-01
7.147039175033569336e-01 7.251111865043640137e-01 5.782179236412048340e-01 5.118787884712219238e-01 6.945962309837341309e-01 6.147980093955993652e-01 5.386430621147155762e-01 6.854275465011596680e-01 5.881190896034240723e-01 5.286433696746826172e-01
7.013525962829589844e-01 4.900502562522888184e-01 5.782179236412048340e-01 5.118787884712219238e-01 7.041073441505432129e-01 6.600712537765502930e-01 6.104276776313781738e-01 6.854275465011596680e-01 5.881190896034240723e-01 5.286433696746826172e-01
8.489277362823486328e-01 8.403668403625488281e-01 4.787933528423309326e-01 6.838293075561523438e-01 7.580139040946960449e-01 9.016257524490356445e-01 6.973780989646911621e-01 5.312791466712951660e-01 6.491146683692932129e-01 6.244194507598876953e-01
6.123414039611816406e-01 6.031178832054138184e-01 4.525662064552307129e-01 6.838293075561523438e-01 6.099094152450561523e-01 5.491508841514587402e-01 6.986498832702636719e-01 3.811392486095428467e-01 6.491146683692932129e-01 4.749027490615844727e-01
7.433699965476989746e-01 4.014143645763397217e-01 4.787933528423309326e-01 5.118787884712219238e-01 7.055017352104187012e-01 7.005719542503356934e-01 8.599707484245300293e-01 5.872448086738586426e-01 4.373227655887603760e-01 5.584529638290405273e-01
5.658617019653320312e-01 4.708512127399444580e-01 4.787933528423309326e-01 5.118787884712219238e-01 6.213821172714233398e-01 5.480822920799255371e-01 5.246724486351013184e-01 5.408456325531005859e-01 6.260046958923339844e-01 4.797526895999908447e-01
4.915365576744079590e-01 5.079835057258605957e-01 4.787933528423309326e-01 4.474176168441772461e-01 5.566697716712951660e-01 4.978433549404144287e-01 5.124022364616394043e-01 4.269676208496093750e-01 6.260046958923339844e-01 4.797526895999908447e-01
2.466251701116561890e-01 5.639131069183349609e-01 4.525662064552307129e-01 4.501670002937316895e-01 4.931800663471221924e-01 6.215085387229919434e-01 2.043950855731964111e-01 5.277951955795288086e-01 5.078959465026855469e-01 4.749027490615844727e-01
7.308550477027893066e-01 6.191924214363098145e-01 4.787933528423309326e-01 5.118787884712219238e-01 7.543987035751342773e-01 6.598020195960998535e-01 8.466018438339233398e-01 5.872448086738586426e-01 4.373227655887603760e-01 5.584529638290405273e-01
2.166362553834915161e-01 4.977641403675079346e-01 4.525662064552307129e-01 2.959511578083038330e-01 6.397070884704589844e-01 5.389551520347595215e-01 2.159743458032608032e-01 5.277951955795288086e-01 4.941287934780120850e-01 6.070896983146667480e-01
8.871424794197082520e-01 9.463455677032470703e-01 5.720722675323486328e-01 2.959511578083038330e-01 7.839599251747131348e-01 7.322756052017211914e-01 9.650886803865432739e-02 6.171516776084899902e-01 1.735883951187133789e-01 6.963645219802856445e-01
8.502142429351806641e-01 8.962770104408264160e-01 5.720722675323486328e-01 2.959511578083038330e-01 6.429766416549682617e-01 6.822354793548583984e-01 3.997533321380615234e-01 6.171516776084899902e-01 1.735883951187133789e-01 6.963645219802856445e-01
3.845196068286895752e-01 3.697763383388519287e-01 4.630307555198669434e-01 5.118787884712219238e-01 4.526081085205078125e-01 6.471899151802062988e-01 9.336770176887512207e-01 5.917127132415771484e-01 5.330165028572082520e-01 4.650841653347015381e-01
8.538398891687393188e-02 4.983195662498474121e-01 4.525662064552307129e-01 4.501670002937316895e-01 7.336229681968688965e-01 4.542013704776763916e-01 5.281729698181152344e-01 3.527889251708984375e-01 5.091227293014526367e-01 8.707058429718017578e-01
4.220206737518310547e-01 2.237706780433654785e-01 4.525662064552307129e-01 5.118787884712219238e-01 4.291533827781677246e-01 7.375863790512084961e-01 2.859055697917938232e-01 5.608904361724853516e-01 6.155177950859069824e-01 4.887990057468414307e-01
1.120792478322982788e-01 4.649985730648040771e-01 4.525662064552307129e-01 5.919784903526306152e-01 5.657454133033752441e-01 4.917344450950622559e-01 1.716424524784088135e-01 3.527889251708984375e-01 4.407924413681030273e-01 7.480645179748535156e-01
3.074674606323242188e-01 1.675062328577041626e-01 4.525662064552307129e-01 5.118787884712219238e-01 2.326891273260116577e-01 6.054165363311767578e-01 8.405454456806182861e-02 5.608904361724853516e-01 6.155177950859069824e-01 5.791870951652526855e-01
4.380410015583038330e-01 3.262420892715454102e-01 4.630307555198669434e-01 5.118787884712219238e-01 4.526081085205078125e-01 5.056323409080505371e-01 5.945782065391540527e-01 5.258089303970336914e-01 5.330165028572082520e-01 5.765013694763183594e-01
3.853346407413482666e-01 4.849607646465301514e-01 4.630307555198669434e-01 5.118787884712219238e-01 5.267965793609619141e-01 5.523428916931152344e-01 8.553873896598815918e-01 5.258089303970336914e-01 5.346856713294982910e-01 5.765013694763183594e-01
1.640526205301284790e-01 1.861112713813781738e-01 4.630307555198669434e-01 3.525281846523284912e-01 4.691287875175476074e-01 3.704910576343536377e-01 5.146751999855041504e-01 9.467629343271255493e-02 2.378910183906555176e-01 3.175606131553649902e-01
1.484307348728179932e-01 5.610907077789306641e-01 4.630307555198669434e-01 4.474176168441772461e-01 2.161893844604492188e-01 5.943349599838256836e-01 3.694288730621337891e-01 1.899767071008682251e-01 2.755505740642547607e-01 3.924170136451721191e-01
3.341310322284698486e-01 1.244373396039009094e-01 4.630307555198669434e-01 3.525281846523284912e-01 3.533108830451965332e-01 3.074400424957275391e-01 3.232146501541137695e-01 9.467629343271255493e-02 1.961316466331481934e-01 3.175606131553649902e-01
1.353002488613128662e-01 5.610907077789306641e-01 4.630307555198669434e-01 4.474176168441772461e-01 2.161893844604492188e-01 4.748643636703491211e-01 4.107758998870849609e-01 2.046604305505752563e-01 2.755505740642547607e-01 3.924170136451721191e-01
1.323714703321456909e-01 5.610907077789306641e-01 4.630307555198669434e-01 4.474176168441772461e-01 4.088205993175506592e-01 3.559994101524353027e-01 5.488787293434143066e-01 4.705360829830169678e-01 3.273339271545410156e-01 5.765013694763183594e-01
1.484307348728179932e-01 5.610907077789306641e-01 4.630307555198669434e-01 4.474176168441772461e-01 1.766370981931686401e-01 3.679040372371673584e-01 4.083506166934967041e-01 1.899767071008682251e-01 3.273339271545410156e-01 3.497674763202667236e-01
5.024914741516113281e-01 7.055763602256774902e-01 4.630307555198669434e-01 6.838293075561523438e-01 5.008322000503540039e-01 5.982339382171630859e-01 4.678517580032348633e-01 6.524994373321533203e-01 6.243461966514587402e-01 7.431424260139465332e-01
7.298369407653808594e-01 8.548197746276855469e-01 5.720722675323486328e-01 6.838293075561523438e-01 7.597921490669250488e-01 8.064920902252197266e-01 5.595711469650268555e-01 7.969661951065063477e-01 7.583936452865600586e-01 8.346347808837890625e-01
3.086891174316406250e-01 7.394801974296569824e-01 5.720722675323486328e-01 5.919784903526306152e-01 7.756013870239257812e-01 5.571330189704895020e-01 8.238326907157897949e-01 6.868142485618591309e-01 6.779561042785644531e-01 8.346347808837890625e-01
6.354757547378540039e-01 7.640521526336669922e-01 5.720722675323486328e-01 5.919784903526306152e-01 3.012535572052001953e-01 6.817488670349121094e-01 7.708393335342407227e-01 6.868142485618591309e-01 6.779561042785644531e-01 8.399688601493835449e-01
5.823768973350524902e-01 6.515952944755554199e-01 5.720722675323486328e-01 5.118787884712219238e-01 8.074243068695068359e-01 4.068734049797058105e-01 8.486784100532531738e-01 7.325996160507202148e-01 7.811200022697448730e-01 7.908037900924682617e-01
3.081966638565063477e-01 4.849607646465301514e-01 4.630307555198669434e-01 5.118787884712219238e-01 5.267965793609619141e-01 5.523428916931152344e-01 8.463700413703918457e-01 5.258089303970336914e-01 5.346856713294982910e-01 5.765013694763183594e-01
7.892583608627319336e-01 4.788594841957092285e-01 6.965165734291076660e-01 6.714395880699157715e-01 8.669909238815307617e-01 5.327586531639099121e-01 7.999199032783508301e-01 4.335860610008239746e-01 7.747717499732971191e-01 5.771985650062561035e-01
4.112932085990905762e-01 5.886145234107971191e-01 4.630307555198669434e-01 5.390487909317016602e-01 8.495692014694213867e-01 5.223961472511291504e-01 6.770122051239013672e-01 4.676513969898223877e-01 4.813652634620666504e-01 7.049087285995483398e-01
8.027711510658264160e-01 5.858768820762634277e-01 4.560921490192413330e-01 4.474176168441772461e-01 2.977885007858276367e-01 5.399404764175415039e-01 5.113550424575805664e-01 4.925710856914520264e-01 2.766263484954833984e-01 5.286433696746826172e-01
5.165222883224487305e-01 6.339412331581115723e-01 6.775761246681213379e-01 5.390487909317016602e-01 8.544117808341979980e-01 4.014579951763153076e-01 5.713260769844055176e-01 4.755800366401672363e-01 2.766263484954833984e-01 5.286433696746826172e-01
3.604283630847930908e-01 4.775350391864776611e-01 4.560921490192413330e-01 4.474176168441772461e-01 2.977885007858276367e-01 4.400851726531982422e-01 3.023804724216461182e-01 3.550102710723876953e-01 2.755505740642547607e-01 5.286433696746826172e-01
4.999295473098754883e-01 4.079070389270782471e-01 4.560921490192413330e-01 5.971837639808654785e-01 3.618218600749969482e-01 5.803796052932739258e-01 3.150428235530853271e-01 4.337003529071807861e-01 7.729059457778930664e-01 5.958402156829833984e-01
4.999295473098754883e-01 4.079070389270782471e-01 4.560921490192413330e-01 5.971837639808654785e-01 5.217962265014648438e-01 5.803796052932739258e-01 3.964583277702331543e-01 4.337003529071807861e-01 7.729059457778930664e-01 5.958402156829833984e-01
2.767965495586395264e-01 6.540365815162658691e-01 4.560921490192413330e-01 5.316464900970458984e-01 7.395538091659545898e-01 4.538889229297637939e-01 6.129851341247558594e-01 5.259194970130920410e-01 5.085955262184143066e-01 5.286433696746826172e-01
2.767965495586395264e-01 6.540365815162658691e-01 4.560921490192413330e-01 5.316464900970458984e-01 7.095124125480651855e-01 7.742461562156677246e-01 4.329511225223541260e-01 5.259194970130920410e-01 4.472008645534515381e-01 5.286433696746826172e-01
3.985481560230255127e-01 6.185446381568908691e-01 6.775761246681213379e-01 4.719074666500091553e-01 6.505346894264221191e-01 5.147718191146850586e-01 2.479355931282043457e-01 5.689557194709777832e-01 6.588510870933532715e-01 6.515986323356628418e-01
5.705130100250244141e-01 5.523859262466430664e-01 6.775761246681213379e-01 4.719074666500091553e-01 5.337901711463928223e-01 2.080197930335998535e-01 2.901873886585235596e-01 5.689557194709777832e-01 4.617488384246826172e-01 6.515986323356628418e-01
5.705130100250244141e-01 5.523859262466430664e-01 6.775761246681213379e-01 4.719074666500091553e-01 5.337901711463928223e-01 2.080197930335998535e-01 2.901873886585235596e-01 5.689557194709777832e-01 4.617488384246826172e-01 6.515986323356628418e-01
5.705130100250244141e-01 5.523859262466430664e-01 6.775761246681213379e-01 4.719074666500091553e-01 5.337901711463928223e-01 2.080197930335998535e-01 2.901873886585235596e-01 5.689557194709777832e-01 4.617488384246826172e-01 6.515986323356628418e-01
8.316550850868225098e-01 5.523859262466430664e-01 6.775761246681213379e-01 4.719074666500091553e-01 3.170328140258789062e-01 1.357745677232742310e-01 1.903384625911712646e-01 4.140651226043701172e-01 4.617488384246826172e-01 6.515986323356628418e-01
7.056246995925903320e-01 4.502886235713958740e-01 4.560921490192413330e-01 4.719074666500091553e-01 4.474031627178192139e-01 6.133225560188293457e-01 3.969542086124420166e-01 4.789505898952484131e-01 4.617488384246826172e-01 4.225892424583435059e-01
4.644186198711395264e-01 4.502886235713958740e-01 4.560921490192413330e-01 4.719074666500091553e-01 5.367928743362426758e-01 7.225068807601928711e-01 4.529521167278289795e-01 4.789505898952484131e-01 4.617488384246826172e-01 4.225892424583435059e-01
3.169845938682556152e-01 3.411955535411834717e-01 4.614116251468658447e-01 5.716403126716613770e-01 5.934389829635620117e-01 1.400930583477020264e-01 1.616801917552947998e-01 3.734006285667419434e-01 5.158609747886657715e-01 4.752761125564575195e-01
7.612105011940002441e-01 3.411955535411834717e-01 4.614116251468658447e-01 5.716403126716613770e-01 6.529316902160644531e-01 3.083653151988983154e-01 3.981118202209472656e-01 3.885006606578826904e-01 6.639896035194396973e-01 4.225892424583435059e-01
3.366086184978485107e-01 4.995327293872833252e-01 4.614116251468658447e-01 4.156784117221832275e-01 3.872852623462677002e-01 2.540210485458374023e-01 3.757198452949523926e-01 3.084841966629028320e-01 3.828660547733306885e-01 3.674626946449279785e-01
4.992913603782653809e-01 4.283402264118194580e-01 4.614116251468658447e-01 4.156784117221832275e-01 4.289594888687133789e-01 3.938287794589996338e-01 4.077928066253662109e-01 4.989795684814453125e-01 3.828660547733306885e-01 3.674626946449279785e-01
2.234056144952774048e-01 4.995327293872833252e-01 4.614116251468658447e-01 4.156784117221832275e-01 3.755876421928405762e-01 4.830777347087860107e-01 5.024465918540954590e-01 4.545165300369262695e-01 3.828660547733306885e-01 3.674626946449279785e-01
4.979978203773498535e-01 4.174145460128784180e-01 4.614116251468658447e-01 4.156784117221832275e-01 5.997097492218017578e-01 6.754826903343200684e-01 7.389031648635864258e-01 5.655599236488342285e-01 3.828660547733306885e-01 3.674626946449279785e-01
5.470839142799377441e-01 3.800250589847564697e-01 4.614116251468658447e-01 4.156784117221832275e-01 3.071876466274261475e-01 3.573810458183288574e-01 6.188095211982727051e-01 3.775573968887329102e-01 3.828660547733306885e-01 4.582359194755554199e-01
5.933556556701660156e-01 2.483330219984054565e-01 4.614116251468658447e-01 5.716403126716613770e-01 6.760849356651306152e-01 8.113860487937927246e-01 7.320528030395507812e-01 5.283086299896240234e-01 5.281246304512023926e-01 4.549664258956909180e-01
6.409890055656433105e-01 4.283402264118194580e-01 4.614116251468658447e-01 4.156784117221832275e-01 5.566766858100891113e-01 6.754826903343200684e-01 4.827309548854827881e-01 5.655599236488342285e-01 3.828660547733306885e-01 3.674626946449279785e-01
5.964511036872863770e-01 3.016038835048675537e-01 4.614116251468658447e-01 4.156784117221832275e-01 7.224687933921813965e-01 4.347614049911499023e-01 3.735415637493133545e-01 5.655599236488342285e-01 3.828660547733306885e-01 4.582359194755554199e-01
3.496180176734924316e-01 3.497928082942962646e-01 4.614116251468658447e-01 5.716403126716613770e-01 5.860016942024230957e-01 7.748976349830627441e-01 6.445410847663879395e-01 5.283086299896240234e-01 5.281246304512023926e-01 4.549664258956909180e-01
3.496180176734924316e-01 3.497928082942962646e-01 4.614116251468658447e-01 5.716403126716613770e-01 5.554016828536987305e-01 6.568028330802917480e-01 3.898190855979919434e-01 5.283086299896240234e-01 5.281246304512023926e-01 4.549664258956909180e-01
3.496180176734924316e-01 3.497928082942962646e-01 4.614116251468658447e-01 5.716403126716613770e-01 5.554016828536987305e-01 6.568028330802917480e-01 3.898190855979919434e-01 5.283086299896240234e-01 5.281246304512023926e-01 4.549664258956909180e-01
5.556279420852661133e-01 2.793607115745544434e-01 4.614116251468658447e-01 4.156784117221832275e-01 4.363881051540374756e-01 6.160541772842407227e-01 6.030348539352416992e-01 5.655599236488342285e-01 3.828660547733306885e-01 3.674626946449279785e-01
4.714759588241577148e-01 5.087075829505920410e-01 4.787933528423309326e-01 4.156784117221832275e-01 4.515519440174102783e-01 8.402641415596008301e-01 2.617121040821075439e-01 4.118966460227966309e-01 3.313822746276855469e-01 4.881872832775115967e-01
2.282468378543853760e-01 3.768025040626525879e-01 4.525662064552307129e-01 3.514293730258941650e-01 3.935969471931457520e-01 6.645939350128173828e-01 3.446255326271057129e-01 3.793789744377136230e-01 3.528482913970947266e-01 3.416202366352081299e-01
2.073269635438919067e-01 2.151660174131393433e-01 4.525662064552307129e-01 3.514293730258941650e-01 2.799973785877227783e-01 6.645939350128173828e-01 1.135711893439292908e-01 2.884231507778167725e-01 2.915863990783691406e-01 3.416202366352081299e-01
6.484421491622924805e-01 2.150675803422927856e-01 4.787933528423309326e-01 6.691492795944213867e-01 1.546448916196823120e-01 3.643453121185302734e-01 3.335992097854614258e-01 4.814657270908355713e-01 4.708248972892761230e-01 4.101901948451995850e-01
8.006951212882995605e-02 3.051375448703765869e-01 4.525662064552307129e-01 3.514293730258941650e-01 8.596880733966827393e-02 1.442240178585052490e-01 4.694361388683319092e-01 1.598090380430221558e-01 3.528482913970947266e-01 3.416202366352081299e-01
2.500292360782623291e-01 2.150023281574249268e-01 4.525662064552307129e-01 3.514293730258941650e-01 1.805638670921325684e-01 3.743327260017395020e-01 1.136980280280113220e-01 2.964818775653839111e-01 2.915863990783691406e-01 3.416202366352081299e-01
4.822485148906707764e-01 2.611702978610992432e-01 4.525662064552307129e-01 5.000000000000000000e-01 1.544193178415298462e-01 3.957412540912628174e-01 5.091737508773803711e-01 2.629991173744201660e-01 5.181444287300109863e-01 4.075900614261627197e-01
2.380485683679580688e-01 4.010005295276641846e-01 4.525662064552307129e-01 2.470759451389312744e-01 3.693783283233642578e-01 3.940610587596893311e-01 5.615208148956298828e-01 4.332895874977111816e-01 6.204376220703125000e-01 4.749027490615844727e-01
1.958549767732620239e-01 4.818706214427947998e-01 4.525662064552307129e-01 4.863697588443756104e-01 3.400763571262359619e-01 4.773103892803192139e-01 4.993650019168853760e-01 3.364149034023284912e-01 5.858208537101745605e-01 4.749027490615844727e-01
1.958549767732620239e-01 4.818706214427947998e-01 4.525662064552307129e-01 4.863697588443756104e-01 4.132509827613830566e-01 4.773103892803192139e-01 8.242862820625305176e-01 3.364149034023284912e-01 5.858208537101745605e-01 4.749027490615844727e-01
5.838101506233215332e-01 4.509575664997100830e-01 4.787933528423309326e-01 5.000000000000000000e-01 3.237052857875823975e-01 4.605166316032409668e-01 7.576919198036193848e-01 4.672378897666931152e-01 4.125589728355407715e-01 4.797526895999908447e-01
4.492476880550384521e-01 3.914289772510528564e-01 4.525662064552307129e-01 5.000000000000000000e-01 2.135858088731765747e-01 2.219759225845336914e-01 3.013552427291870117e-01 4.941769242286682129e-01 4.000638723373413086e-01 4.797526895999908447e-01
6.185359358787536621e-01 6.113303303718566895e-01 4.525662064552307129e-01 5.000000000000000000e-01 3.989115059375762939e-01 2.557783126831054688e-01 3.841519355773925781e-01 5.609105229377746582e-01 4.000638723373413086e-01 5.008793473243713379e-01
4.188929498195648193e-01 5.648459792137145996e-01 4.787933528423309326e-01 5.000000000000000000e-01 5.807917714118957520e-01 3.514634072780609131e-01 4.017623364925384521e-01 5.634669065475463867e-01 4.000638723373413086e-01 5.008793473243713379e-01
5.223107337951660156e-01 3.536568582057952881e-01 4.787933528423309326e-01 5.000000000000000000e-01 6.060547232627868652e-01 5.675551295280456543e-01 6.921222209930419922e-01 5.276279449462890625e-01 4.660645425319671631e-01 5.008793473243713379e-01
1.458782851696014404e-01 1.532923430204391479e-01 4.614116251468658447e-01 5.000000000000000000e-01 6.708788871765136719e-01 5.703194737434387207e-01 2.927213311195373535e-01 4.102727174758911133e-01 4.000638723373413086e-01 4.897003471851348877e-01
7.403640747070312500e-01 8.099643588066101074e-01 4.614116251468658447e-01 6.838293075561523438e-01 9.380201101303100586e-01 7.633330225944519043e-01 3.587480783462524414e-01 7.492602467536926270e-01 5.382828712463378906e-01 5.688058733940124512e-01
8.818728923797607422e-01 6.752021908760070801e-01 4.787933528423309326e-01 5.919784903526306152e-01 9.164762496948242188e-01 8.298223018646240234e-01 7.410960793495178223e-01 5.052657723426818848e-01 7.173739671707153320e-01 7.072284817695617676e-01
6.801180243492126465e-01 5.829378962516784668e-01 5.432918667793273926e-01 5.755700469017028809e-01 9.360446929931640625e-01 7.181379795074462891e-01 7.807137370109558105e-01 7.107130289077758789e-01 6.508849859237670898e-01 5.765013694763183594e-01
9.554658532142639160e-01 8.432862162590026855e-01 7.621854543685913086e-01 5.919784903526306152e-01 8.891428112983703613e-01 8.284299373626708984e-01 7.683438658714294434e-01 7.477742433547973633e-01 8.561722636222839355e-01 7.136970162391662598e-01
7.711233496665954590e-01 8.600862026214599609e-01 7.621854543685913086e-01 5.919784903526306152e-01 6.883749961853027344e-01 5.119515061378479004e-01 7.729266285896301270e-01 6.562445163726806641e-01 8.561722636222839355e-01 5.261622071266174316e-01
8.010466694831848145e-01 5.114452242851257324e-01 7.621854543685913086e-01 5.755700469017028809e-01 9.269883632659912109e-01 7.986742258071899414e-01 8.436027765274047852e-01 7.620100378990173340e-01 8.547472953796386719e-01 6.512066125869750977e-01
8.352686166763305664e-01 5.829378962516784668e-01 5.432918667793273926e-01 5.755700469017028809e-01 9.360446929931640625e-01 7.181379795074462891e-01 7.926406264305114746e-01 7.107130289077758789e-01 6.508849859237670898e-01 5.765013694763183594e-01
7.395302057266235352e-01 2.333407700061798096e-01 5.432918667793273926e-01 5.755700469017028809e-01 9.542432427406311035e-01 8.484428524971008301e-01 9.127780199050903320e-01 6.161631941795349121e-01 6.508849859237670898e-01 5.407801866531372070e-01
6.341899633407592773e-01 8.668411970138549805e-01 7.621854543685913086e-01 5.919784903526306152e-01 7.052187323570251465e-01 6.907346844673156738e-01 7.640425562858581543e-01 8.082065582275390625e-01 8.203749060630798340e-01 8.346347808837890625e-01
2.859471440315246582e-01 7.014909386634826660e-01 7.621854543685913086e-01 5.919784903526306152e-01 3.792763948440551758e-01 4.793581664562225342e-01 7.822160124778747559e-01 6.262919306755065918e-01 7.574766278266906738e-01 8.346347808837890625e-01
2.859471440315246582e-01 7.014909386634826660e-01 7.621854543685913086e-01 5.919784903526306152e-01 3.792763948440551758e-01 4.793581664562225342e-01 7.822160124778747559e-01 6.262919306755065918e-01 7.574766278266906738e-01 8.346347808837890625e-01
5.659160614013671875e-01 8.245395421981811523e-01 7.621854543685913086e-01 5.919784903526306152e-01 2.835759520530700684e-01 6.817488670349121094e-01 8.569170832633972168e-01 6.868142485618591309e-01 7.664672732353210449e-01 7.047132849693298340e-01
7.405378222465515137e-01 4.421995580196380615e-01 7.621854543685913086e-01 6.714395880699157715e-01 5.555778145790100098e-01 4.408120214939117432e-01 6.769119501113891602e-01 6.868142485618591309e-01 7.643981575965881348e-01 7.908037900924682617e-01
2.431963831186294556e-01 3.930572867393493652e-01 5.720722675323486328e-01 5.118787884712219238e-01 6.121956110000610352e-01 4.126573801040649414e-01 8.141063451766967773e-01 6.868142485618591309e-01 5.330165028572082520e-01 7.908037900924682617e-01
5.175516009330749512e-01 6.990395784378051758e-01 5.720722675323486328e-01 5.919784903526306152e-01 8.450828194618225098e-01 5.052441358566284180e-01 8.731769919395446777e-01 6.171516776084899902e-01 6.096457839012145996e-01 6.968827247619628906e-01
6.844371557235717773e-01 6.410316228866577148e-01 5.720722675323486328e-01 5.919784903526306152e-01 5.946648716926574707e-01 5.571330189704895020e-01 7.941729426383972168e-01 6.171516776084899902e-01 6.524642705917358398e-01 6.968827247619628906e-01
5.554072856903076172e-01 3.697763383388519287e-01 4.630307555198669434e-01 5.118787884712219238e-01 3.819086849689483643e-01 4.837206900119781494e-01 7.472962141036987305e-01 4.067780673503875732e-01 4.945345818996429443e-01 4.555982351303100586e-01
5.554072856903076172e-01 3.697763383388519287e-01 4.630307555198669434e-01 5.118787884712219238e-01 3.819086849689483643e-01 4.837206900119781494e-01 7.472962141036987305e-01 4.067780673503875732e-01 4.945345818996429443e-01 4.555982351303100586e-01
4.590550065040588379e-01 3.262420892715454102e-01 4.787933528423309326e-01 5.118787884712219238e-01 7.238178849220275879e-01 4.423318803310394287e-01 3.380500078201293945e-01 3.935858905315399170e-01 3.990973532199859619e-01 5.008793473243713379e-01
4.590550065040588379e-01 3.262420892715454102e-01 4.787933528423309326e-01 5.118787884712219238e-01 7.238178849220275879e-01 4.423318803310394287e-01 3.380500078201293945e-01 3.935858905315399170e-01 3.990973532199859619e-01 5.008793473243713379e-01
6.362192630767822266e-01 5.085697174072265625e-01 6.965146660804748535e-01 5.118787884712219238e-01 6.754987835884094238e-01 6.800818443298339844e-01 5.167903900146484375e-01 5.872448086738586426e-01 4.439460337162017822e-01 5.791870951652526855e-01
6.941489577293395996e-01 3.055388331413269043e-01 6.965146660804748535e-01 5.919784903526306152e-01 6.421755552291870117e-01 3.810297846794128418e-01 2.875138819217681885e-01 4.397673010826110840e-01 5.603355765342712402e-01 5.183162093162536621e-01
