4.407059252262115479e-01 5.067604184150695801e-01 5.465142130851745605e-01 3.048521578311920166e-01 5.538978576660156250e-01 3.764653801918029785e-01 5.676750540733337402e-01 5.249501466751098633e-01 4.926583468914031982e-01 5.000000000000000000e-01
5.039323568344116211e-01 5.448007583618164062e-01 3.366249799728393555e-01 3.048521578311920166e-01 5.538978576660156250e-01 6.059845685958862305e-01 1.608713716268539429e-01 5.950247645378112793e-01 4.926583468914031982e-01 5.000000000000000000e-01
5.039323568344116211e-01 5.028426051139831543e-01 4.362859725952148438e-01 3.048521578311920166e-01 5.538978576660156250e-01 5.733112692832946777e-01 1.608713716268539429e-01 6.348855495452880859e-01 4.926583468914031982e-01 5.000000000000000000e-01
6.175875663757324219e-01 4.428119361400604248e-01 3.366249799728393555e-01 3.048521578311920166e-01 5.538978576660156250e-01 1.526996791362762451e-01 5.676750540733337402e-01 5.950247645378112793e-01 4.926583468914031982e-01 5.000000000000000000e-01
6.175875663757324219e-01 8.669885993003845215e-01 5.013369321823120117e-01 3.048521578311920166e-01 5.538978576660156250e-01 3.764653801918029785e-01 8.239204287528991699e-01 5.950247645378112793e-01 4.926583468914031982e-01 5.000000000000000000e-01
6.175875663757324219e-01 9.125936031341552734e-01 5.013369321823120117e-01 3.048521578311920166e-01 5.538978576660156250e-01 5.457991361618041992e-01 8.239204287528991699e-01 5.249501466751098633e-01 4.926583468914031982e-01 5.000000000000000000e-01
4.407059252262115479e-01 9.125936031341552734e-01 5.013369321823120117e-01 3.048521578311920166e-01 5.538978576660156250e-01 3.205313384532928467e-01 8.239204287528991699e-01 5.249501466751098633e-01 4.926583468914031982e-01 5.000000000000000000e-01
4.407059252262115479e-01 8.907923698425292969e-01 6.797711253166198730e-01 4.811348915100097656e-01 7.312413454055786133e-01 6.329413056373596191e-01 8.239204287528991699e-01 8.222322463989257812e-01 4.926583468914031982e-01 5.000000000000000000e-01
4.407059252262115479e-01 8.995857238769531250e-01 5.172435045242309570e-01 4.811348915100097656e-01 7.312413454055786133e-01 3.971402645111083984e-01 7.238725423812866211e-01 8.222322463989257812e-01 4.926583468914031982e-01 5.000000000000000000e-01
4.407059252262115479e-01 8.483813405036926270e-01 5.172435045242309570e-01 4.811348915100097656e-01 7.312413454055786133e-01 3.971402645111083984e-01 7.238725423812866211e-01 8.222322463989257812e-01 3.338851928710937500e-01 2.965402305126190186e-01
4.407059252262115479e-01 8.483813405036926270e-01 5.172435045242309570e-01 4.811348915100097656e-01 7.312413454055786133e-01 6.329413056373596191e-01 8.239204287528991699e-01 8.222322463989257812e-01 3.338851928710937500e-01 2.965402305126190186e-01
4.407059252262115479e-01 6.459274291992187500e-01 6.797711253166198730e-01 4.811348915100097656e-01 7.312413454055786133e-01 6.329413056373596191e-01 8.239204287528991699e-01 8.247658014297485352e-01 3.338851928710937500e-01 2.965402305126190186e-01
4.407059252262115479e-01 5.069085955619812012e-01 4.837670624256134033e-01 4.811348915100097656e-01 7.829291224479675293e-01 3.971402645111083984e-01 8.239204287528991699e-01 7.827391624450683594e-01 3.338851928710937500e-01 2.965402305126190186e-01
4.407059252262115479e-01 6.136464476585388184e-01 6.797711253166198730e-01 4.811348915100097656e-01 7.829291224479675293e-01 5.151893496513366699e-01 8.239204287528991699e-01 7.797601819038391113e-01 3.338851928710937500e-01 2.965402305126190186e-01
4.407059252262115479e-01 4.984095096588134766e-01 7.892138957977294922e-01 4.811348915100097656e-01 7.829291224479675293e-01 5.151893496513366699e-01 8.239204287528991699e-01 7.797601819038391113e-01 3.338851928710937500e-01 2.965402305126190186e-01
4.407059252262115479e-01 6.487913131713867188e-01 6.797711253166198730e-01 4.811348915100097656e-01 8.122305274009704590e-01 6.329413056373596191e-01 8.239204287528991699e-01 7.827391624450683594e-01 3.338851928710937500e-01 2.965402305126190186e-01
4.407059252262115479e-01 5.718389153480529785e-01 4.837670624256134033e-01 5.750161409378051758e-01 8.122305274009704590e-01 6.342790126800537109e-01 7.238725423812866211e-01 7.827391624450683594e-01 3.338851928710937500e-01 2.965402305126190186e-01
4.407059252262115479e-01 7.337819933891296387e-01 4.837670624256134033e-01 5.750161409378051758e-01 7.096467614173889160e-01 3.971402645111083984e-01 7.238725423812866211e-01 7.827391624450683594e-01 3.338851928710937500e-01 2.965402305126190186e-01
4.407059252262115479e-01 7.337819933891296387e-01 4.837670624256134033e-01 5.750161409378051758e-01 7.096467614173889160e-01 3.971402645111083984e-01 7.238725423812866211e-01 7.827391624450683594e-01 3.338851928710937500e-01 2.965402305126190186e-01
4.407059252262115479e-01 7.277832627296447754e-01 4.837670624256134033e-01 5.750161409378051758e-01 8.122305274009704590e-01 6.213100552558898926e-01 8.239204287528991699e-01 7.827391624450683594e-01 3.338851928710937500e-01 2.965402305126190186e-01
4.407059252262115479e-01 6.025177836418151855e-01 7.144635915756225586e-01 5.750161409378051758e-01 8.122305274009704590e-01 2.887474894523620605e-01 8.239204287528991699e-01 7.827391624450683594e-01 3.338851928710937500e-01 2.965402305126190186e-01
4.407059252262115479e-01 7.052544355392456055e-01 5.865423679351806641e-01 5.750161409378051758e-01 7.096467614173889160e-01 3.411024212837219238e-01 7.238725423812866211e-01 7.827391624450683594e-01 3.338851928710937500e-01 2.965402305126190186e-01
4.407059252262115479e-01 6.025177836418151855e-01 8.500301241874694824e-01 5.750161409378051758e-01 8.122305274009704590e-01 3.724351227283477783e-01 8.239204287528991699e-01 7.827391624450683594e-01 3.338851928710937500e-01 2.965402305126190186e-01
4.407059252262115479e-01 7.173187136650085449e-01 8.500301241874694824e-01 4.811348915100097656e-01 8.227013945579528809e-01 3.724351227283477783e-01 8.239204287528991699e-01 6.274113655090332031e-01 3.338851928710937500e-01 2.965402305126190186e-01
4.407059252262115479e-01 6.963419914245605469e-01 7.499622702598571777e-01 4.811348915100097656e-01 8.227013945579528809e-01 4.781519472599029541e-01 8.239204287528991699e-01 7.827391624450683594e-01 3.338851928710937500e-01 2.965402305126190186e-01
4.407059252262115479e-01 7.843468785285949707e-01 7.499622702598571777e-01 4.811348915100097656e-01 8.122305274009704590e-01 3.724351227283477783e-01 8.239204287528991699e-01 7.827391624450683594e-01 3.338851928710937500e-01 2.965402305126190186e-01
4.407059252262115479e-01 6.252517700195312500e-01 7.499622702598571777e-01 5.750161409378051758e-01 7.096467614173889160e-01 4.307737946510314941e-01 7.238725423812866211e-01 7.827391624450683594e-01 3.338851928710937500e-01 2.965402305126190186e-01
4.407059252262115479e-01 4.584476351737976074e-01 5.290407538414001465e-01 5.750161409378051758e-01 7.096467614173889160e-01 4.307737946510314941e-01 7.238725423812866211e-01 7.827391624450683594e-01 3.338851928710937500e-01 2.965402305126190186e-01
4.407059252262115479e-01 5.398747920989990234e-01 8.057728409767150879e-01 5.750161409378051758e-01 8.122305274009704590e-01 6.070268154144287109e-01 7.238725423812866211e-01 6.529275178909301758e-01 3.338851928710937500e-01 2.965402305126190186e-01
4.660719931125640869e-01 7.530336380004882812e-01 7.874295115470886230e-01 5.750161409378051758e-01 8.227013945579528809e-01 4.307737946510314941e-01 6.389900445938110352e-01 6.980311870574951172e-01 4.700362384319305420e-01 2.965402305126190186e-01
4.660719931125640869e-01 3.627941012382507324e-01 4.511565864086151123e-01 4.248838722705841064e-01 7.096467614173889160e-01 3.951255977153778076e-01 7.595782279968261719e-01 5.158724188804626465e-01 4.700362384319305420e-01 3.660789430141448975e-01
4.660719931125640869e-01 3.354511857032775879e-01 5.098227262496948242e-01 4.248838722705841064e-01 8.227013945579528809e-01 3.711834251880645752e-01 6.389900445938110352e-01 5.158724188804626465e-01 4.700362384319305420e-01 4.646241664886474609e-01
4.660719931125640869e-01 5.307231545448303223e-01 6.718692779541015625e-01 5.750161409378051758e-01 7.096467614173889160e-01 4.595565795898437500e-01 6.389900445938110352e-01 5.185620188713073730e-01 4.700362384319305420e-01 3.660789430141448975e-01
4.407059252262115479e-01 6.893179416656494141e-01 5.290407538414001465e-01 5.750161409378051758e-01 7.096467614173889160e-01 4.307737946510314941e-01 7.238725423812866211e-01 5.636565089225769043e-01 5.592160820960998535e-01 5.116152167320251465e-01
4.407059252262115479e-01 6.893179416656494141e-01 7.499622702598571777e-01 5.750161409378051758e-01 8.227013945579528809e-01 4.781519472599029541e-01 7.238725423812866211e-01 5.636565089225769043e-01 5.592160820960998535e-01 5.116152167320251465e-01
4.660719931125640869e-01 4.249397516250610352e-01 7.874295115470886230e-01 5.750161409378051758e-01 8.227013945579528809e-01 3.951255977153778076e-01 6.389900445938110352e-01 3.732232749462127686e-01 4.700362384319305420e-01 4.646241664886474609e-01
4.660719931125640869e-01 3.597384989261627197e-01 6.084155440330505371e-01 5.750161409378051758e-01 7.096467614173889160e-01 4.307737946510314941e-01 7.238725423812866211e-01 5.636565089225769043e-01 4.700362384319305420e-01 5.116152167320251465e-01
4.407059252262115479e-01 5.378774404525756836e-01 6.084155440330505371e-01 5.750161409378051758e-01 7.096467614173889160e-01 4.307737946510314941e-01 5.390232205390930176e-01 5.636565089225769043e-01 5.592160820960998535e-01 5.116152167320251465e-01
4.660719931125640869e-01 5.378774404525756836e-01 6.084155440330505371e-01 5.750161409378051758e-01 7.096467614173889160e-01 4.307737946510314941e-01 5.390232205390930176e-01 5.636565089225769043e-01 4.700362384319305420e-01 5.116152167320251465e-01
4.407059252262115479e-01 4.731965959072113037e-01 5.644907951354980469e-01 5.750161409378051758e-01 7.096467614173889160e-01 4.451030194759368896e-01 5.390232205390930176e-01 5.765938758850097656e-01 5.592160820960998535e-01 5.116152167320251465e-01
4.407059252262115479e-01 6.395432949066162109e-01 5.644907951354980469e-01 5.750161409378051758e-01 7.096467614173889160e-01 5.397195816040039062e-01 5.390232205390930176e-01 5.636565089225769043e-01 5.592160820960998535e-01 5.116152167320251465e-01
4.407059252262115479e-01 6.893179416656494141e-01 6.084155440330505371e-01 5.750161409378051758e-01 7.096467614173889160e-01 5.397195816040039062e-01 6.760758757591247559e-01 5.636565089225769043e-01 5.592160820960998535e-01 5.116152167320251465e-01
4.407059252262115479e-01 5.378774404525756836e-01 6.230509877204895020e-01 5.750161409378051758e-01 7.096467614173889160e-01 5.397195816040039062e-01 6.760758757591247559e-01 5.636565089225769043e-01 5.592160820960998535e-01 5.116152167320251465e-01
4.407059252262115479e-01 6.153457164764404297e-01 5.290407538414001465e-01 5.750161409378051758e-01 7.096467614173889160e-01 5.397195816040039062e-01 6.760758757591247559e-01 5.636565089225769043e-01 5.592160820960998535e-01 5.116152167320251465e-01
4.660719931125640869e-01 5.686128735542297363e-01 7.326539754867553711e-01 5.750161409378051758e-01 8.227013945579528809e-01 5.397195816040039062e-01 6.760758757591247559e-01 5.636565089225769043e-01 4.700362384319305420e-01 5.116152167320251465e-01
4.407059252262115479e-01 3.678115904331207275e-01 8.071959018707275391e-01 5.750161409378051758e-01 8.361987471580505371e-01 6.773837208747863770e-01 6.760758757591247559e-01 5.765938758850097656e-01 5.592160820960998535e-01 5.116152167320251465e-01
4.407059252262115479e-01 3.801179826259613037e-01 5.450525283813476562e-01 4.050591588020324707e-01 7.335089445114135742e-01 7.492144703865051270e-01 5.390232205390930176e-01 3.585170507431030273e-01 5.592160820960998535e-01 5.116152167320251465e-01
4.407059252262115479e-01 6.345033645629882812e-01 5.450525283813476562e-01 4.050591588020324707e-01 7.335089445114135742e-01 7.492144703865051270e-01 5.390232205390930176e-01 3.585170507431030273e-01 5.592160820960998535e-01 5.116152167320251465e-01
4.407059252262115479e-01 3.766220211982727051e-01 2.325631380081176758e-01 4.050591588020324707e-01 7.608630061149597168e-01 7.492144703865051270e-01 5.390232205390930176e-01 3.585170507431030273e-01 5.592160820960998535e-01 5.116152167320251465e-01
4.407059252262115479e-01 5.899636149406433105e-01 7.035830020904541016e-01 4.811348915100097656e-01 8.361987471580505371e-01 4.451030194759368896e-01 6.760758757591247559e-01 5.765938758850097656e-01 5.592160820960998535e-01 5.116152167320251465e-01
4.407059252262115479e-01 6.214451193809509277e-01 4.837670624256134033e-01 4.811348915100097656e-01 8.227013945579528809e-01 6.221501827239990234e-01 6.760758757591247559e-01 4.393328726291656494e-01 5.592160820960998535e-01 5.116152167320251465e-01
4.407059252262115479e-01 2.702341973781585693e-01 6.668636798858642578e-01 4.811348915100097656e-01 8.227013945579528809e-01 4.790433049201965332e-01 5.119187831878662109e-01 3.818841278553009033e-01 5.592160820960998535e-01 5.116152167320251465e-01
4.407059252262115479e-01 4.824601411819458008e-01 6.668636798858642578e-01 4.811348915100097656e-01 8.227013945579528809e-01 4.790433049201965332e-01 5.119187831878662109e-01 4.501841068267822266e-01 5.592160820960998535e-01 5.116152167320251465e-01
4.407059252262115479e-01 1.389218419790267944e-01 7.499622702598571777e-01 4.811348915100097656e-01 3.764408528804779053e-01 4.790433049201965332e-01 5.061306357383728027e-01 6.736234426498413086e-01 5.592160820960998535e-01 5.116152167320251465e-01
4.407059252262115479e-01 1.317822635173797607e-01 6.429292559623718262e-01 4.811348915100097656e-01 4.864318072795867920e-01 4.790433049201965332e-01 5.119187831878662109e-01 6.089707016944885254e-01 5.592160820960998535e-01 5.116152167320251465e-01
3.643563389778137207e-01 2.803234755992889404e-01 7.135040760040283203e-01 4.811348915100097656e-01 4.864318072795867920e-01 4.790433049201965332e-01 5.061306357383728027e-01 7.476066350936889648e-01 4.700362384319305420e-01 5.116152167320251465e-01
4.407059252262115479e-01 1.389218419790267944e-01 8.621657490730285645e-01 4.811348915100097656e-01 6.616578698158264160e-01 4.790433049201965332e-01 5.061306357383728027e-01 7.476066350936889648e-01 4.700362384319305420e-01 5.116152167320251465e-01
4.407059252262115479e-01 1.022897064685821533e-01 8.621657490730285645e-01 4.811348915100097656e-01 4.864318072795867920e-01 4.790433049201965332e-01 7.019913196563720703e-01 7.476066350936889648e-01 5.592160820960998535e-01 5.116152167320251465e-01
3.643563389778137207e-01 1.238268613815307617e-01 2.422146946191787720e-01 4.811348915100097656e-01 3.916907906532287598e-01 5.292321443557739258e-01 5.249862074851989746e-01 5.860195755958557129e-01 3.817602694034576416e-01 4.646241664886474609e-01
3.643563389778137207e-01 4.620698094367980957e-02 3.450514674186706543e-01 4.811348915100097656e-01 3.916907906532287598e-01 5.292321443557739258e-01 5.249862074851989746e-01 4.177370071411132812e-01 3.817602694034576416e-01 5.116152167320251465e-01
4.407059252262115479e-01 1.496794819831848145e-01 3.373219370841979980e-01 4.811348915100097656e-01 4.864318072795867920e-01 6.078786253929138184e-01 6.207652091979980469e-01 7.082995772361755371e-01 5.592160820960998535e-01 5.116152167320251465e-01
3.643563389778137207e-01 1.917233616113662720e-01 4.571961760520935059e-01 3.369455933570861816e-01 3.563744127750396729e-01 6.013919115066528320e-01 4.089649915695190430e-01 6.434408426284790039e-01 6.899734139442443848e-01 5.116152167320251465e-01
3.643563389778137207e-01 1.075535342097282410e-01 3.372474610805511475e-01 4.302246570587158203e-01 7.006844282150268555e-01 2.911936342716217041e-01 7.118840217590332031e-01 7.169010043144226074e-01 3.817602694034576416e-01 4.646241664886474609e-01
3.643563389778137207e-01 4.358418583869934082e-01 4.288187325000762939e-01 4.302246570587158203e-01 7.006844282150268555e-01 1.538854390382766724e-01 8.728504776954650879e-01 3.221803307533264160e-01 3.817602694034576416e-01 4.646241664886474609e-01
6.681871414184570312e-01 5.914970040321350098e-01 5.159919261932373047e-01 4.302246570587158203e-01 7.219002246856689453e-01 5.098817944526672363e-01 8.728504776954650879e-01 6.079558134078979492e-01 6.354987621307373047e-01 7.407737374305725098e-01
6.681871414184570312e-01 5.914970040321350098e-01 3.637635409832000732e-01 4.964235126972198486e-01 7.860389351844787598e-01 6.801809668540954590e-01 8.728504776954650879e-01 5.193549990653991699e-01 6.354987621307373047e-01 7.407737374305725098e-01
6.681871414184570312e-01 7.036051750183105469e-01 5.159919261932373047e-01 4.964235126972198486e-01 7.860389351844787598e-01 6.801809668540954590e-01 7.491579651832580566e-01 5.193549990653991699e-01 6.354987621307373047e-01 7.407737374305725098e-01
3.643563389778137207e-01 5.161571502685546875e-01 5.253893733024597168e-01 4.302246570587158203e-01 7.219002246856689453e-01 1.943488568067550659e-01 7.491579651832580566e-01 4.435856938362121582e-01 3.817602694034576416e-01 4.646241664886474609e-01
3.643563389778137207e-01 1.885329186916351318e-01 2.932771742343902588e-01 4.302246570587158203e-01 8.603228330612182617e-01 1.943488568067550659e-01 7.305509448051452637e-01 3.154419958591461182e-01 3.817602694034576416e-01 3.660789430141448975e-01
3.643563389778137207e-01 2.654218673706054688e-01 2.932771742343902588e-01 4.302246570587158203e-01 7.921309471130371094e-01 1.943488568067550659e-01 4.503125548362731934e-01 3.714291751384735107e-01 3.817602694034576416e-01 3.660789430141448975e-01
3.643563389778137207e-01 2.796002030372619629e-01 4.227951765060424805e-01 4.302246570587158203e-01 6.612363457679748535e-01 1.943488568067550659e-01 5.180614590644836426e-01 3.714291751384735107e-01 3.817602694034576416e-01 4.646241664886474609e-01
3.643563389778137207e-01 1.885329186916351318e-01 2.154342979192733765e-01 4.302246570587158203e-01 6.612363457679748535e-01 1.943488568067550659e-01 5.180614590644836426e-01 4.410916268825531006e-01 3.817602694034576416e-01 3.660789430141448975e-01
3.643563389778137207e-01 5.161571502685546875e-01 6.006048917770385742e-01 4.302246570587158203e-01 6.612363457679748535e-01 5.798072814941406250e-01 8.828053474426269531e-01 4.410916268825531006e-01 6.354987621307373047e-01 4.646241664886474609e-01
3.643563389778137207e-01 3.130956292152404785e-01 4.227951765060424805e-01 4.302246570587158203e-01 5.868333578109741211e-01 1.943488568067550659e-01 7.305509448051452637e-01 4.410916268825531006e-01 3.817602694034576416e-01 4.646241664886474609e-01
3.643563389778137207e-01 5.561151504516601562e-01 6.006048917770385742e-01 4.302246570587158203e-01 5.868333578109741211e-01 1.943488568067550659e-01 8.828053474426269531e-01 4.410916268825531006e-01 3.817602694034576416e-01 4.646241664886474609e-01
6.681871414184570312e-01 6.532582640647888184e-01 7.801700234413146973e-01 4.964235126972198486e-01 7.870696783065795898e-01 8.489161133766174316e-01 8.828053474426269531e-01 6.584527492523193359e-01 6.354987621307373047e-01 5.376200079917907715e-01
6.681871414184570312e-01 7.916518449783325195e-01 9.324300885200500488e-01 7.094098329544067383e-01 6.090413331985473633e-01 8.489161133766174316e-01 8.458091020584106445e-01 7.885459661483764648e-01 7.516549825668334961e-01 5.376200079917907715e-01
6.681871414184570312e-01 7.689095735549926758e-01 7.126388549804687500e-01 4.964235126972198486e-01 6.090413331985473633e-01 8.489161133766174316e-01 7.491579651832580566e-01 6.584527492523193359e-01 4.482069313526153564e-01 5.376200079917907715e-01
6.681871414184570312e-01 8.458849191665649414e-01 8.719022274017333984e-01 7.094098329544067383e-01 6.090413331985473633e-01 8.489161133766174316e-01 6.850245594978332520e-01 8.676863908767700195e-01 7.516549825668334961e-01 7.407737374305725098e-01
6.681871414184570312e-01 8.558892011642456055e-01 8.713096976280212402e-01 7.094098329544067383e-01 6.090413331985473633e-01 8.489161133766174316e-01 6.850245594978332520e-01 8.676863908767700195e-01 7.516549825668334961e-01 7.407737374305725098e-01
6.681871414184570312e-01 8.164567947387695312e-01 9.324300885200500488e-01 7.094098329544067383e-01 6.090413331985473633e-01 9.078302979469299316e-01 8.747881650924682617e-01 9.039516448974609375e-01 7.516549825668334961e-01 7.407737374305725098e-01
6.681871414184570312e-01 8.164567947387695312e-01 8.713096976280212402e-01 7.094098329544067383e-01 6.090413331985473633e-01 9.078302979469299316e-01 8.747881650924682617e-01 8.000890612602233887e-01 7.516549825668334961e-01 7.407737374305725098e-01
6.681871414184570312e-01 8.164567947387695312e-01 9.324300885200500488e-01 7.094098329544067383e-01 6.090413331985473633e-01 9.078302979469299316e-01 8.747881650924682617e-01 8.000890612602233887e-01 7.516549825668334961e-01 7.407737374305725098e-01
6.681871414184570312e-01 8.164567947387695312e-01 8.713096976280212402e-01 7.094098329544067383e-01 7.775702476501464844e-01 9.078302979469299316e-01 8.747881650924682617e-01 8.000890612602233887e-01 7.516549825668334961e-01 7.821528911590576172e-01
5.490150451660156250e-01 7.755646705627441406e-01 1.454445123672485352e-01 3.988384604454040527e-01 3.951820433139801025e-01 6.799960732460021973e-01 6.588346362113952637e-01 5.191028118133544922e-01 7.516549825668334961e-01 6.984632611274719238e-01
5.490150451660156250e-01 5.891679525375366211e-01 1.682736724615097046e-01 3.988384604454040527e-01 6.078981757164001465e-01 8.798874020576477051e-01 6.963485479354858398e-01 5.191028118133544922e-01 4.482069313526153564e-01 3.660789430141448975e-01
3.643563389778137207e-01 6.998295783996582031e-01 1.746528893709182739e-01 3.988384604454040527e-01 6.078981757164001465e-01 8.798874020576477051e-01 4.846171140670776367e-01 3.064664602279663086e-01 4.482069313526153564e-01 3.660789430141448975e-01
3.643563389778137207e-01 6.998295783996582031e-01 1.746528893709182739e-01 3.988384604454040527e-01 6.078981757164001465e-01 2.913370728492736816e-01 3.172943890094757080e-01 3.064664602279663086e-01 3.817602694034576416e-01 3.660789430141448975e-01
3.643563389778137207e-01 4.589400887489318848e-01 1.746528893709182739e-01 3.988384604454040527e-01 4.637707173824310303e-01 2.913370728492736816e-01 3.172943890094757080e-01 3.064664602279663086e-01 3.817602694034576416e-01 3.660789430141448975e-01
5.490150451660156250e-01 9.414303898811340332e-01 4.415620267391204834e-01 3.988384604454040527e-01 6.078981757164001465e-01 5.315914750099182129e-01 6.963485479354858398e-01 5.191028118133544922e-01 7.516549825668334961e-01 6.984632611274719238e-01
5.490150451660156250e-01 9.414303898811340332e-01 6.811273694038391113e-01 3.988384604454040527e-01 6.078981757164001465e-01 5.315914750099182129e-01 6.963485479354858398e-01 6.325967907905578613e-01 7.516549825668334961e-01 6.984632611274719238e-01
5.490150451660156250e-01 9.290108084678649902e-01 3.938269913196563721e-01 3.988384604454040527e-01 6.078981757164001465e-01 4.642077982425689697e-01 6.963485479354858398e-01 6.325967907905578613e-01 7.516549825668334961e-01 3.660789430141448975e-01
5.490150451660156250e-01 8.074812889099121094e-01 5.403108596801757812e-01 3.988384604454040527e-01 6.078981757164001465e-01 7.205162644386291504e-01 6.963485479354858398e-01 5.191028118133544922e-01 7.516549825668334961e-01 3.660789430141448975e-01
5.490150451660156250e-01 9.414303898811340332e-01 6.811273694038391113e-01 3.988384604454040527e-01 6.078981757164001465e-01 5.833722949028015137e-01 6.963485479354858398e-01 5.191028118133544922e-01 7.516549825668334961e-01 6.984632611274719238e-01
5.490150451660156250e-01 9.290108084678649902e-01 5.403108596801757812e-01 4.257793724536895752e-01 6.078981757164001465e-01 6.186459660530090332e-01 6.963485479354858398e-01 5.191028118133544922e-01 7.516549825668334961e-01 3.660789430141448975e-01
4.660719931125640869e-01 3.580862283706665039e-01 1.849455833435058594e-01 5.957699418067932129e-01 4.637707173824310303e-01 5.655322670936584473e-01 2.528631687164306641e-01 3.064664602279663086e-01 3.817602694034576416e-01 3.660789430141448975e-01
6.957765817642211914e-01 8.574671745300292969e-01 2.910386323928833008e-01 5.957699418067932129e-01 3.951820433139801025e-01 7.205162644386291504e-01 4.846171140670776367e-01 3.064664602279663086e-01 7.516549825668334961e-01 4.646241664886474609e-01
6.957765817642211914e-01 3.580862283706665039e-01 1.849455833435058594e-01 4.257793724536895752e-01 4.637707173824310303e-01 5.655322670936584473e-01 2.528631687164306641e-01 3.064664602279663086e-01 3.817602694034576416e-01 3.660789430141448975e-01
6.957765817642211914e-01 3.580862283706665039e-01 1.849455833435058594e-01 4.257793724536895752e-01 3.129721879959106445e-01 2.947054803371429443e-01 1.931674480438232422e-01 3.064664602279663086e-01 3.817602694034576416e-01 3.660789430141448975e-01
6.957765817642211914e-01 3.046569228172302246e-01 1.849455833435058594e-01 5.957699418067932129e-01 3.129721879959106445e-01 2.947054803371429443e-01 1.931674480438232422e-01 3.064664602279663086e-01 3.817602694034576416e-01 3.660789430141448975e-01
4.660719931125640869e-01 6.819612979888916016e-01 2.682801783084869385e-01 4.257793724536895752e-01 3.129721879959106445e-01 3.806881010532379150e-01 2.689116001129150391e-01 5.052432417869567871e-01 3.817602694034576416e-01 3.660789430141448975e-01
3.643563389778137207e-01 5.449337959289550781e-01 4.366062283515930176e-01 3.988384604454040527e-01 3.129721879959106445e-01 3.309314548969268799e-01 2.689116001129150391e-01 5.559399127960205078e-01 6.899734139442443848e-01 3.660789430141448975e-01
3.643563389778137207e-01 1.401082724332809448e-01 3.445090651512145996e-01 5.863630175590515137e-01 4.737901985645294189e-01 2.500556409358978271e-01 2.689116001129150391e-01 2.524545192718505859e-01 4.700362384319305420e-01 3.660789430141448975e-01
3.643563389778137207e-01 1.518279165029525757e-01 3.963076770305633545e-01 5.863630175590515137e-01 4.737901985645294189e-01 2.500556409358978271e-01 2.689116001129150391e-01 2.524545192718505859e-01 4.700362384319305420e-01 3.660789430141448975e-01
3.643563389778137207e-01 1.401082724332809448e-01 7.141528725624084473e-01 3.369455933570861816e-01 4.737901985645294189e-01 2.929770350456237793e-01 2.689116001129150391e-01 2.744604647159576416e-01 4.700362384319305420e-01 3.660789430141448975e-01
3.643563389778137207e-01 1.623502224683761597e-01 4.817681014537811279e-01 3.369455933570861816e-01 4.737901985645294189e-01 2.929770350456237793e-01 2.689116001129150391e-01 2.275373786687850952e-01 4.700362384319305420e-01 3.660789430141448975e-01
3.643563389778137207e-01 1.623502224683761597e-01 4.817681014537811279e-01 3.369455933570861816e-01 3.658857345581054688e-01 2.929770350456237793e-01 2.689116001129150391e-01 2.275373786687850952e-01 4.700362384319305420e-01 3.660789430141448975e-01
3.643563389778137207e-01 2.542065978050231934e-01 6.074271798133850098e-01 3.361275792121887207e-01 3.990919291973114014e-01 3.966370820999145508e-01 2.616800665855407715e-01 2.838468551635742188e-01 4.700362384319305420e-01 3.660789430141448975e-01
3.643563389778137207e-01 2.542065978050231934e-01 6.074271798133850098e-01 3.361275792121887207e-01 3.990919291973114014e-01 3.966370820999145508e-01 2.616800665855407715e-01 2.838468551635742188e-01 4.700362384319305420e-01 3.660789430141448975e-01
3.643563389778137207e-01 2.542065978050231934e-01 4.917663931846618652e-01 3.361275792121887207e-01 3.990919291973114014e-01 6.324527859687805176e-01 2.616800665855407715e-01 2.838468551635742188e-01 4.700362384319305420e-01 3.660789430141448975e-01
3.643563389778137207e-01 1.480236947536468506e-01 1.782744526863098145e-01 3.361275792121887207e-01 3.990919291973114014e-01 3.966370820999145508e-01 2.616800665855407715e-01 2.838468551635742188e-01 4.700362384319305420e-01 3.660789430141448975e-01
3.643563389778137207e-01 7.485331296920776367e-01 1.670895963907241821e-01 5.854741334915161133e-01 4.967353343963623047e-01 3.966370820999145508e-01 2.331967353820800781e-01 3.502461910247802734e-01 4.700362384319305420e-01 3.660789430141448975e-01
3.643563389778137207e-01 3.321940898895263672e-01 1.849211901426315308e-01 3.361275792121887207e-01 4.967353343963623047e-01 3.966370820999145508e-01 2.331967353820800781e-01 4.225655794143676758e-01 4.700362384319305420e-01 3.660789430141448975e-01
3.643563389778137207e-01 6.046274900436401367e-01 1.849211901426315308e-01 3.361275792121887207e-01 4.967353343963623047e-01 6.718991994857788086e-01 4.373900592327117920e-01 4.225655794143676758e-01 4.700362384319305420e-01 3.660789430141448975e-01
3.643563389778137207e-01 4.391704201698303223e-01 5.398216247558593750e-01 3.361275792121887207e-01 3.990919291973114014e-01 3.966370820999145508e-01 4.373900592327117920e-01 4.225655794143676758e-01 4.700362384319305420e-01 3.660789430141448975e-01
3.643563389778137207e-01 4.391704201698303223e-01 7.111188173294067383e-01 3.361275792121887207e-01 3.990919291973114014e-01 2.986292839050292969e-01 4.373900592327117920e-01 4.225655794143676758e-01 4.700362384319305420e-01 4.646241664886474609e-01
3.643563389778137207e-01 3.071873486042022705e-01 6.506398916244506836e-01 3.361275792121887207e-01 3.990919291973114014e-01 2.986292839050292969e-01 4.373900592327117920e-01 4.225655794143676758e-01 4.700362384319305420e-01 4.646241664886474609e-01
4.660719931125640869e-01 3.800936043262481689e-01 4.512312710285186768e-01 4.248838722705841064e-01 4.967353343963623047e-01 3.966370820999145508e-01 4.373900592327117920e-01 4.225655794143676758e-01 4.700362384319305420e-01 3.660789430141448975e-01
4.660719931125640869e-01 5.460525751113891602e-01 7.184877395629882812e-01 4.248838722705841064e-01 4.433691501617431641e-01 3.966370820999145508e-01 4.373900592327117920e-01 4.225655794143676758e-01 4.700362384319305420e-01 4.646241664886474609e-01
4.660719931125640869e-01 4.064877629280090332e-01 6.506398916244506836e-01 4.248838722705841064e-01 5.441936254501342773e-01 3.633579015731811523e-01 5.480750203132629395e-01 2.970014512538909912e-01 3.817602694034576416e-01 4.646241664886474609e-01
4.660719931125640869e-01 4.471555650234222412e-01 6.722763776779174805e-01 4.248838722705841064e-01 1.875494569540023804e-01 3.633579015731811523e-01 2.593379318714141846e-01 4.429295957088470459e-01 3.817602694034576416e-01 4.646241664886474609e-01
3.643563389778137207e-01 3.635625839233398438e-01 6.722763776779174805e-01 3.979602754116058350e-01 1.875494569540023804e-01 3.633579015731811523e-01 2.593379318714141846e-01 4.429295957088470459e-01 3.817602694034576416e-01 4.646241664886474609e-01
3.643563389778137207e-01 3.436731398105621338e-01 6.722763776779174805e-01 3.979602754116058350e-01 3.347386419773101807e-01 3.633579015731811523e-01 2.593379318714141846e-01 2.091338336467742920e-01 3.817602694034576416e-01 4.646241664886474609e-01
3.643563389778137207e-01 4.661853909492492676e-01 8.435280323028564453e-01 3.979602754116058350e-01 3.347386419773101807e-01 4.035806953907012939e-01 3.247019648551940918e-01 4.429295957088470459e-01 3.817602694034576416e-01 4.646241664886474609e-01
3.643563389778137207e-01 4.661853909492492676e-01 7.968493103981018066e-01 3.979602754116058350e-01 3.347386419773101807e-01 2.520633637905120850e-01 2.593379318714141846e-01 4.429295957088470459e-01 3.817602694034576416e-01 4.646241664886474609e-01
3.643563389778137207e-01 3.436731398105621338e-01 5.619429945945739746e-01 3.979602754116058350e-01 2.955497503280639648e-01 2.009751349687576294e-01 2.593379318714141846e-01 4.429295957088470459e-01 3.817602694034576416e-01 4.646241664886474609e-01
3.643563389778137207e-01 1.315150260925292969e-01 5.505427122116088867e-01 3.979602754116058350e-01 2.976917922496795654e-01 3.059950470924377441e-01 2.593379318714141846e-01 4.429295957088470459e-01 3.817602694034576416e-01 4.646241664886474609e-01
3.643563389778137207e-01 2.052208185195922852e-01 4.497893452644348145e-01 3.979602754116058350e-01 2.955497503280639648e-01 3.059950470924377441e-01 2.593379318714141846e-01 4.429295957088470459e-01 3.817602694034576416e-01 4.646241664886474609e-01
3.643563389778137207e-01 1.421280503273010254e-01 6.952298283576965332e-01 3.988384604454040527e-01 2.671289145946502686e-01 5.261203646659851074e-01 1.912796646356582642e-01 3.714291751384735107e-01 3.817602694034576416e-01 4.646241664886474609e-01
