5.330876708030700684e-01 6.825390458106994629e-01 5.391352772712707520e-01 6.696010828018188477e-01 3.948581814765930176e-01 2.332139313220977783e-01 6.123660802841186523e-01 4.991378188133239746e-01 1.538541316986083984e-01 3.391393721103668213e-01
4.947237968444824219e-01 2.828253209590911865e-01 7.138751745223999023e-01 6.696010828018188477e-01 3.948581814765930176e-01 9.860091805458068848e-01 4.620271921157836914e-01 5.450803637504577637e-01 8.021467328071594238e-01 9.647568464279174805e-01
7.376314401626586914e-01 1.653598099946975708e-01 4.351502954959869385e-01 4.145463705062866211e-01 3.258826732635498047e-01 3.294808864593505859e-01 4.621452391147613525e-01 4.167046844959259033e-01 8.051311373710632324e-01 9.315968751907348633e-01
6.251751184463500977e-01 7.514522075653076172e-01 7.138751745223999023e-01 6.696010828018188477e-01 5.664232373237609863e-01 4.760670363903045654e-01 5.635993480682373047e-01 4.540802240371704102e-01 3.855575025081634521e-01 7.215114831924438477e-01
3.369834423065185547e-01 4.673826396465301514e-01 5.391352772712707520e-01 4.448412358760833740e-01 3.419956862926483154e-01 5.841314792633056641e-01 3.727487027645111084e-01 3.382894396781921387e-01 6.191621422767639160e-01 7.711675763130187988e-01
4.472898840904235840e-01 9.397082328796386719e-01 5.391352772712707520e-01 4.448412358760833740e-01 5.059847831726074219e-01 9.401302337646484375e-01 6.632280349731445312e-01 4.167046844959259033e-01 7.476997375488281250e-01 9.430209398269653320e-01
5.788077712059020996e-01 8.014460206031799316e-01 4.351502954959869385e-01 4.448412358760833740e-01 5.498505234718322754e-01 2.021326571702957153e-01 4.621452391147613525e-01 3.060375154018402100e-01 6.191621422767639160e-01 7.008384466171264648e-01
4.175424277782440186e-01 5.900779962539672852e-01 5.391352772712707520e-01 6.696010828018188477e-01 5.664232373237609863e-01 2.457863092422485352e-01 6.123660802841186523e-01 5.450803637504577637e-01 2.672326862812042236e-01 8.753542304039001465e-01
6.089804172515869141e-01 1.186069659888744354e-02 4.351502954959869385e-01 5.924713015556335449e-01 3.621850311756134033e-01 5.830852389335632324e-01 4.621452391147613525e-01 3.060375154018402100e-01 3.640168309211730957e-01 2.116909921169281006e-01
5.137667655944824219e-01 7.712932825088500977e-01 5.391352772712707520e-01 4.448412358760833740e-01 6.331092715263366699e-01 7.247707843780517578e-01 3.397097885608673096e-01 4.492055475711822510e-01 7.011372447013854980e-01 5.005483031272888184e-01
5.881583094596862793e-01 7.946233153343200684e-01 7.138751745223999023e-01 6.696010828018188477e-01 5.769056677818298340e-01 7.918995022773742676e-01 5.833876729011535645e-01 5.450803637504577637e-01 6.146926283836364746e-01 9.602344036102294922e-01
1.932059973478317261e-01 6.818135380744934082e-01 6.791770458221435547e-01 4.667181968688964844e-01 4.678071439266204834e-01 2.813713252544403076e-01 7.835865020751953125e-01 5.450803637504577637e-01 4.109067916870117188e-01 8.922932147979736328e-01
5.097603797912597656e-01 3.332634270191192627e-01 5.391352772712707520e-01 4.448412358760833740e-01 4.742925763130187988e-01 3.715130984783172607e-01 4.621452391147613525e-01 4.167046844959259033e-01 3.903609514236450195e-01 3.939975500106811523e-01
4.632739126682281494e-01 6.087606549263000488e-01 4.351502954959869385e-01 4.145463705062866211e-01 6.215545535087585449e-01 4.138675928115844727e-01 4.621452391147613525e-01 4.492055475711822510e-01 6.112677454948425293e-01 2.237810045480728149e-01
4.175424277782440186e-01 2.955334484577178955e-01 5.391352772712707520e-01 3.510041534900665283e-01 5.518338084220886230e-01 3.181495666503906250e-01 6.123660802841186523e-01 5.450803637504577637e-01 6.316577792167663574e-01 9.058880209922790527e-01
7.836088538169860840e-01 9.296610951423645020e-01 6.561411023139953613e-01 6.696010828018188477e-01 6.600329279899597168e-01 1.889332383871078491e-01 4.621452391147613525e-01 2.683576643466949463e-01 2.672326862812042236e-01 9.569612145423889160e-02
5.952010750770568848e-01 5.053569078445434570e-01 6.791770458221435547e-01 4.448412358760833740e-01 4.742925763130187988e-01 7.844673395156860352e-01 4.621452391147613525e-01 4.167046844959259033e-01 6.316577792167663574e-01 3.158675730228424072e-01
4.678086340427398682e-01 7.226576805114746094e-01 5.391352772712707520e-01 2.994339168071746826e-01 4.804182350635528564e-01 9.250780940055847168e-01 6.166942119598388672e-01 3.060375154018402100e-01 3.151946961879730225e-01 4.444672465324401855e-01
4.947237968444824219e-01 4.296585917472839355e-01 4.167837798595428467e-01 6.696010828018188477e-01 5.664232373237609863e-01 8.080295324325561523e-01 6.123660802841186523e-01 7.406156659126281738e-01 6.191621422767639160e-01 3.903844058513641357e-01
4.632739126682281494e-01 8.995392918586730957e-01 5.391352772712707520e-01 4.448412358760833740e-01 4.742925763130187988e-01 3.154785558581352234e-02 3.397097885608673096e-01 4.492055475711822510e-01 5.344469547271728516e-01 2.759980559349060059e-01
4.895215630531311035e-01 8.249444961547851562e-01 4.351502954959869385e-01 4.145463705062866211e-01 5.498505234718322754e-01 4.503258168697357178e-01 7.835865020751953125e-01 7.406156659126281738e-01 6.146926283836364746e-01 5.841764807701110840e-01
4.490661621093750000e-01 4.079993069171905518e-01 6.791770458221435547e-01 6.696010828018188477e-01 3.948581814765930176e-01 1.161031424999237061e-01 4.621452391147613525e-01 3.299878239631652832e-01 6.191621422767639160e-01 3.450363129377365112e-02
4.175424277782440186e-01 6.661778092384338379e-01 5.391352772712707520e-01 6.696010828018188477e-01 6.224587559700012207e-01 4.592847824096679688e-01 2.442679852247238159e-01 4.167046844959259033e-01 3.699372112751007080e-01 4.169351756572723389e-01
3.790382742881774902e-01 5.114015936851501465e-01 4.167837798595428467e-01 4.145463705062866211e-01 4.404154121875762939e-01 5.551086068153381348e-01 5.412244200706481934e-01 7.406156659126281738e-01 3.593491613864898682e-01 7.930391430854797363e-01
8.098976612091064453e-01 6.813185811042785645e-01 5.391352772712707520e-01 6.696010828018188477e-01 7.141798734664916992e-01 5.318761616945266724e-02 4.621452391147613525e-01 4.167046844959259033e-01 3.151946961879730225e-01 4.264065921306610107e-01
3.369834423065185547e-01 1.711626201868057251e-01 4.167837798595428467e-01 4.448412358760833740e-01 4.742925763130187988e-01 3.898293972015380859e-01 7.835865020751953125e-01 5.450803637504577637e-01 5.418301224708557129e-01 6.295578479766845703e-01
7.987911105155944824e-01 7.526598572731018066e-01 7.138751745223999023e-01 6.696010828018188477e-01 6.617546081542968750e-01 5.856528282165527344e-01 5.311939716339111328e-01 7.406156659126281738e-01 4.109067916870117188e-01 8.301520347595214844e-01
5.952010750770568848e-01 7.377590537071228027e-01 7.138751745223999023e-01 4.448412358760833740e-01 3.079019188880920410e-01 8.961831927299499512e-01 4.861012101173400879e-01 7.406156659126281738e-01 3.151946961879730225e-01 5.474389195442199707e-01
5.881583094596862793e-01 6.165512800216674805e-01 4.167837798595428467e-01 3.686709105968475342e-01 7.245626449584960938e-01 7.175422906875610352e-01 7.450097799301147461e-01 7.406156659126281738e-01 6.146926283836364746e-01 8.058043122291564941e-01
7.093020677566528320e-01 4.447627663612365723e-01 4.351502954959869385e-01 6.696010828018188477e-01 8.161219358444213867e-01 9.673594236373901367e-01 2.442679852247238159e-01 5.124095082283020020e-01 5.391051173210144043e-01 8.013787269592285156e-01
4.928550720214843750e-01 3.502917289733886719e-01 5.391352772712707520e-01 5.924713015556335449e-01 5.969298481941223145e-01 9.142032861709594727e-01 4.621452391147613525e-01 3.060375154018402100e-01 4.609191119670867920e-01 1.307698786258697510e-01
6.251751184463500977e-01 7.204774618148803711e-01 5.391352772712707520e-01 6.055304408073425293e-01 3.751898109912872314e-01 7.368661165237426758e-01 2.442679852247238159e-01 4.492055475711822510e-01 5.344469547271728516e-01 3.450967669486999512e-01
5.788077712059020996e-01 8.342567086219787598e-01 5.391352772712707520e-01 5.924713015556335449e-01 3.543422818183898926e-01 5.081286430358886719e-01 4.861012101173400879e-01 5.450803637504577637e-01 6.690663695335388184e-01 4.684721827507019043e-01
4.895215630531311035e-01 9.721990823745727539e-01 5.391352772712707520e-01 2.994339168071746826e-01 3.543422818183898926e-01 4.549565911293029785e-01 4.861012101173400879e-01 5.450803637504577637e-01 4.877314269542694092e-01 8.432047963142395020e-01
4.316717386245727539e-01 6.747294068336486816e-01 7.138751745223999023e-01 6.696010828018188477e-01 5.664232373237609863e-01 7.175335884094238281e-01 7.473480701446533203e-01 5.450803637504577637e-01 2.936839759349822998e-01 7.102512121200561523e-01
7.952938675880432129e-01 4.252176880836486816e-01 5.391352772712707520e-01 6.694891452789306641e-01 2.452033907175064087e-01 3.751109242439270020e-01 6.123660802841186523e-01 5.450803637504577637e-01 2.543941438198089600e-01 4.674705862998962402e-01
6.523073315620422363e-01 1.103025078773498535e-01 5.391352772712707520e-01 6.696010828018188477e-01 5.664232373237609863e-01 7.815148234367370605e-01 6.166942119598388672e-01 3.060375154018402100e-01 3.910860419273376465e-01 6.425980925559997559e-01
7.128128409385681152e-01 7.172108292579650879e-01 5.391352772712707520e-01 6.055304408073425293e-01 6.891358494758605957e-01 5.810452103614807129e-01 4.832347929477691650e-01 6.599803566932678223e-01 3.151946961879730225e-01 6.423118114471435547e-01
4.175424277782440186e-01 9.524217844009399414e-01 5.391352772712707520e-01 6.055304408073425293e-01 8.161219358444213867e-01 8.783456683158874512e-01 4.620271921157836914e-01 6.599803566932678223e-01 3.593491613864898682e-01 7.026311755180358887e-01
5.788077712059020996e-01 1.336200535297393799e-01 4.351502954959869385e-01 4.448412358760833740e-01 4.804182350635528564e-01 5.820151567459106445e-01 6.166942119598388672e-01 4.041646122932434082e-01 6.316577792167663574e-01 2.812266945838928223e-01
3.369834423065185547e-01 7.819385528564453125e-01 4.167837798595428467e-01 4.448412358760833740e-01 5.949507355690002441e-01 5.660988092422485352e-01 5.412244200706481934e-01 6.599803566932678223e-01 8.021467328071594238e-01 7.667301297187805176e-01
4.895215630531311035e-01 8.626493811607360840e-01 7.138751745223999023e-01 2.994339168071746826e-01 6.215545535087585449e-01 5.766905546188354492e-01 5.311939716339111328e-01 7.406156659126281738e-01 4.497016966342926025e-01 6.926090121269226074e-01
6.091986894607543945e-01 4.095392823219299316e-01 5.391352772712707520e-01 6.696010828018188477e-01 8.028430938720703125e-01 6.200694441795349121e-01 7.450097799301147461e-01 7.406156659126281738e-01 5.252912640571594238e-01 6.228760480880737305e-01
4.716707766056060791e-01 5.215227007865905762e-01 5.391352772712707520e-01 4.448412358760833740e-01 3.079019188880920410e-01 4.419071078300476074e-01 5.412244200706481934e-01 5.450803637504577637e-01 8.021467328071594238e-01 7.488610744476318359e-01
5.359025001525878906e-01 6.343194842338562012e-01 4.351502954959869385e-01 6.055304408073425293e-01 5.972803831100463867e-01 9.542549252510070801e-01 7.450097799301147461e-01 7.406156659126281738e-01 5.877070426940917969e-01 8.685911893844604492e-01
7.311326265335083008e-01 8.660153150558471680e-01 4.351502954959869385e-01 5.924713015556335449e-01 7.234351038932800293e-01 2.744507193565368652e-01 6.566417217254638672e-01 3.578036725521087646e-01 7.011372447013854980e-01 2.005151659250259399e-01
6.291953921318054199e-01 7.581118345260620117e-01 5.391352772712707520e-01 6.933845877647399902e-01 2.000482678413391113e-01 6.718608140945434570e-01 7.835865020751953125e-01 5.450803637504577637e-01 3.593491613864898682e-01 5.315939784049987793e-01
7.058326601982116699e-01 8.007629513740539551e-01 7.138751745223999023e-01 6.933845877647399902e-01 6.900721192359924316e-01 8.224081993103027344e-01 7.835865020751953125e-01 7.406156659126281738e-01 4.109067916870117188e-01 9.505172967910766602e-01
3.522557318210601807e-01 4.739658534526824951e-01 5.391352772712707520e-01 4.448412358760833740e-01 7.234351038932800293e-01 1.301023811101913452e-01 3.397097885608673096e-01 4.492055475711822510e-01 6.112677454948425293e-01 3.790715336799621582e-01
3.592598438262939453e-01 5.149908661842346191e-01 4.351502954959869385e-01 4.448412358760833740e-01 6.215545535087585449e-01 8.731511235237121582e-01 7.835865020751953125e-01 6.599803566932678223e-01 7.476997375488281250e-01 8.329197764396667480e-01
7.093020677566528320e-01 7.701845169067382812e-01 4.351502954959869385e-01 6.696010828018188477e-01 5.551653504371643066e-01 7.394525408744812012e-01 4.621452391147613525e-01 5.691816806793212891e-01 6.112677454948425293e-01 8.245614171028137207e-01
5.097603797912597656e-01 3.138108849525451660e-01 5.391352772712707520e-01 4.448412358760833740e-01 3.621850311756134033e-01 7.922266721725463867e-01 7.450097799301147461e-01 7.406156659126281738e-01 6.663551926612854004e-01 5.874739289283752441e-01
3.369834423065185547e-01 1.869786083698272705e-01 6.561411023139953613e-01 4.145463705062866211e-01 3.258826732635498047e-01 4.206612408161163330e-01 3.727487027645111084e-01 7.406156659126281738e-01 6.316577792167663574e-01 4.310036301612854004e-01
5.526751279830932617e-01 6.750318408012390137e-02 5.391352772712707520e-01 6.055304408073425293e-01 5.769056677818298340e-01 7.721148431301116943e-02 5.635993480682373047e-01 4.540802240371704102e-01 6.112677454948425293e-01 4.641884863376617432e-01
3.104704618453979492e-01 5.270217657089233398e-01 5.391352772712707520e-01 6.696010828018188477e-01 3.948581814765930176e-01 6.544836163520812988e-01 7.473480701446533203e-01 7.406156659126281738e-01 1.538541316986083984e-01 8.245837688446044922e-01
7.940002679824829102e-01 3.066902160644531250e-01 4.167837798595428467e-01 4.448412358760833740e-01 8.228948116302490234e-01 3.985961675643920898e-01 7.450097799301147461e-01 6.599803566932678223e-01 8.021467328071594238e-01 9.076747894287109375e-01
7.093020677566528320e-01 6.141520738601684570e-01 4.351502954959869385e-01 6.696010828018188477e-01 5.664232373237609863e-01 8.988450169563293457e-01 7.473480701446533203e-01 6.599803566932678223e-01 7.011372447013854980e-01 3.424971699714660645e-01
3.369834423065185547e-01 3.968681693077087402e-01 4.167837798595428467e-01 4.448412358760833740e-01 6.331092715263366699e-01 8.295720219612121582e-01 5.412244200706481934e-01 7.406156659126281738e-01 6.146926283836364746e-01 8.195539116859436035e-01
7.352458834648132324e-01 5.668282508850097656e-01 4.351502954959869385e-01 2.994339168071746826e-01 7.234351038932800293e-01 4.525726437568664551e-01 6.123660802841186523e-01 7.406156659126281738e-01 3.151946961879730225e-01 5.303015112876892090e-01
5.788077712059020996e-01 4.387938976287841797e-01 7.138751745223999023e-01 4.448412358760833740e-01 3.543422818183898926e-01 9.013875126838684082e-01 4.861012101173400879e-01 7.406156659126281738e-01 3.910860419273376465e-01 1.000518500804901123e-01
2.419869154691696167e-01 4.105522930622100830e-01 4.351502954959869385e-01 5.924713015556335449e-01 5.776335000991821289e-01 5.023645162582397461e-01 6.123660802841186523e-01 5.878708362579345703e-01 3.151946961879730225e-01 4.423561394214630127e-01
3.369834423065185547e-01 4.737809300422668457e-01 4.351502954959869385e-01 5.924713015556335449e-01 2.000482678413391113e-01 8.505126237869262695e-01 4.621452391147613525e-01 4.167046844959259033e-01 6.112677454948425293e-01 5.253978371620178223e-01
5.788077712059020996e-01 7.982351183891296387e-01 5.391352772712707520e-01 4.448412358760833740e-01 5.059847831726074219e-01 5.673596262931823730e-01 2.442679852247238159e-01 3.442633748054504395e-01 4.062875807285308838e-01 6.569765806198120117e-01
7.311326265335083008e-01 5.666692852973937988e-01 5.391352772712707520e-01 4.448412358760833740e-01 5.498505234718322754e-01 7.126495242118835449e-01 3.397097885608673096e-01 5.691816806793212891e-01 5.465213060379028320e-01 3.710184991359710693e-01
8.114901185035705566e-01 6.891276240348815918e-01 7.138751745223999023e-01 6.933845877647399902e-01 4.404154121875762939e-01 9.274289608001708984e-01 6.123660802841186523e-01 5.723100900650024414e-01 4.109067916870117188e-01 8.204995989799499512e-01
6.251751184463500977e-01 5.812379121780395508e-01 4.351502954959869385e-01 6.696010828018188477e-01 3.948581814765930176e-01 3.547433018684387207e-01 6.166942119598388672e-01 3.060375154018402100e-01 6.749826669692993164e-01 3.618037998676300049e-01
4.944947063922882080e-01 2.109758853912353516e-01 5.391352772712707520e-01 2.994339168071746826e-01 4.804182350635528564e-01 7.337294220924377441e-01 4.861012101173400879e-01 5.450803637504577637e-01 4.800192415714263916e-01 1.830641478300094604e-01
6.091986894607543945e-01 4.382684826850891113e-01 4.351502954959869385e-01 3.686709105968475342e-01 5.151089429855346680e-01 6.235083937644958496e-01 4.621452391147613525e-01 3.060375154018402100e-01 5.040239095687866211e-01 9.946430921554565430e-01
3.592598438262939453e-01 8.175150156021118164e-01 5.391352772712707520e-01 4.448412358760833740e-01 4.180706739425659180e-01 4.770734608173370361e-01 3.397097885608673096e-01 3.442633748054504395e-01 3.278778195381164551e-01 6.140530705451965332e-01
2.809879183769226074e-01 3.615068793296813965e-01 5.391352772712707520e-01 4.448412358760833740e-01 5.949507355690002441e-01 2.727586328983306885e-01 4.621452391147613525e-01 4.492055475711822510e-01 5.344469547271728516e-01 8.849812150001525879e-01
6.361302733421325684e-01 1.356170475482940674e-01 7.138751745223999023e-01 6.694891452789306641e-01 6.465906500816345215e-01 5.234222412109375000e-01 5.311939716339111328e-01 5.450803637504577637e-01 5.724363327026367188e-01 6.983963251113891602e-01
4.473578929901123047e-01 2.685131728649139404e-01 3.009983897209167480e-01 2.994339168071746826e-01 6.900721192359924316e-01 7.584828138351440430e-01 3.397097885608673096e-01 6.602654457092285156e-01 7.011372447013854980e-01 8.316343426704406738e-01
3.424272835254669189e-01 8.925837874412536621e-01 5.391352772712707520e-01 4.367067813873291016e-01 3.742092251777648926e-01 1.753084659576416016e-01 4.621452391147613525e-01 4.766641855239868164e-01 6.191621422767639160e-01 5.193033814430236816e-01
5.451628565788269043e-01 1.563862264156341553e-01 4.351502954959869385e-01 6.696010828018188477e-01 5.551653504371643066e-01 6.859352588653564453e-01 6.123660802841186523e-01 7.406156659126281738e-01 6.826610565185546875e-01 8.839187622070312500e-01
6.251751184463500977e-01 6.412571668624877930e-01 4.351502954959869385e-01 4.367067813873291016e-01 5.518338084220886230e-01 2.894451618194580078e-01 6.166942119598388672e-01 3.299878239631652832e-01 6.690663695335388184e-01 8.445934057235717773e-01
4.473578929901123047e-01 6.895800828933715820e-01 4.167837798595428467e-01 4.145463705062866211e-01 3.258826732635498047e-01 6.667511463165283203e-01 7.450097799301147461e-01 5.450803637504577637e-01 7.726135849952697754e-01 1.990685611963272095e-01
4.678086340427398682e-01 2.368574291467666626e-01 4.351502954959869385e-01 2.994339168071746826e-01 5.498505234718322754e-01 1.427566409111022949e-01 4.093109965324401855e-01 3.862718343734741211e-01 2.308059185743331909e-01 6.029572486877441406e-01
7.128691077232360840e-01 3.637813925743103027e-01 5.391352772712707520e-01 6.696010828018188477e-01 3.948581814765930176e-01 4.504737257957458496e-01 4.620271921157836914e-01 5.723100900650024414e-01 7.344611287117004395e-01 6.636981368064880371e-01
4.701808691024780273e-01 1.026691794395446777e-01 4.351502954959869385e-01 4.145463705062866211e-01 4.180706739425659180e-01 3.206030130386352539e-01 4.620271921157836914e-01 3.384702801704406738e-01 3.090658485889434814e-01 4.110357463359832764e-01
4.947237968444824219e-01 7.887002229690551758e-01 5.391352772712707520e-01 6.696010828018188477e-01 4.160791039466857910e-01 1.723334491252899170e-01 6.632280349731445312e-01 4.167046844959259033e-01 6.663551926612854004e-01 6.402261257171630859e-01
7.612887620925903320e-01 8.649430871009826660e-01 4.351502954959869385e-01 6.055304408073425293e-01 5.151089429855346680e-01 6.095076799392700195e-01 4.379107654094696045e-01 5.124095082283020020e-01 3.151946961879730225e-01 7.547070384025573730e-01
3.369834423065185547e-01 5.957992672920227051e-01 7.138751745223999023e-01 5.924713015556335449e-01 5.498505234718322754e-01 3.338491022586822510e-01 4.620271921157836914e-01 7.406156659126281738e-01 6.316577792167663574e-01 4.715707004070281982e-01
4.947237968444824219e-01 2.160794585943222046e-01 5.391352772712707520e-01 6.696010828018188477e-01 6.891358494758605957e-01 7.734484970569610596e-02 5.888788700103759766e-01 6.599803566932678223e-01 3.151946961879730225e-01 3.315994143486022949e-01
5.451628565788269043e-01 9.782806634902954102e-01 5.391352772712707520e-01 6.696010828018188477e-01 4.160791039466857910e-01 2.406390011310577393e-01 7.450097799301147461e-01 6.599803566932678223e-01 8.354052305221557617e-01 8.762074708938598633e-01
3.369834423065185547e-01 9.242166280746459961e-01 5.391352772712707520e-01 4.145463705062866211e-01 3.258826732635498047e-01 4.900602996349334717e-01 4.621452391147613525e-01 4.167046844959259033e-01 4.800192415714263916e-01 5.002650618553161621e-01
5.952010750770568848e-01 9.559260010719299316e-01 4.351502954959869385e-01 5.924713015556335449e-01 3.258826732635498047e-01 4.886794090270996094e-01 5.605603456497192383e-01 4.540802240371704102e-01 3.865916728973388672e-01 5.362911820411682129e-01
6.089804172515869141e-01 5.281466245651245117e-01 4.351502954959869385e-01 5.924713015556335449e-01 4.404154121875762939e-01 3.456141948699951172e-01 4.621452391147613525e-01 4.167046844959259033e-01 4.800192415714263916e-01 7.214064598083496094e-01
4.276656210422515869e-01 1.773250550031661987e-01 4.167837798595428467e-01 5.924713015556335449e-01 2.405249625444412231e-01 4.375543296337127686e-01 3.727487027645111084e-01 3.384702801704406738e-01 1.956389397382736206e-01 8.616976141929626465e-01
7.058326601982116699e-01 8.627802729606628418e-01 4.351502954959869385e-01 4.145463705062866211e-01 6.215545535087585449e-01 6.369064450263977051e-01 4.861012101173400879e-01 5.450803637504577637e-01 7.011372447013854980e-01 4.920229315757751465e-01
4.248321950435638428e-01 8.870004415512084961e-01 5.391352772712707520e-01 6.696010828018188477e-01 8.161219358444213867e-01 1.888964474201202393e-01 3.727487027645111084e-01 4.530061185359954834e-01 5.300048589706420898e-01 5.887214541435241699e-01
5.359025001525878906e-01 3.260024785995483398e-01 4.351502954959869385e-01 6.055304408073425293e-01 6.224587559700012207e-01 1.910243481397628784e-01 4.621452391147613525e-01 5.691816806793212891e-01 6.191621422767639160e-01 5.606718063354492188e-01
6.863307952880859375e-01 5.726258754730224609e-01 5.391352772712707520e-01 4.448412358760833740e-01 4.804182350635528564e-01 6.828060746192932129e-01 4.621452391147613525e-01 5.124095082283020020e-01 3.593491613864898682e-01 6.228031516075134277e-01
3.522557318210601807e-01 5.255833268165588379e-01 4.167837798595428467e-01 4.448412358760833740e-01 3.258826732635498047e-01 4.011020064353942871e-01 3.727487027645111084e-01 6.599803566932678223e-01 4.062875807285308838e-01 4.521448910236358643e-01
7.376314401626586914e-01 6.542857289314270020e-01 5.391352772712707520e-01 4.448412358760833740e-01 6.215545535087585449e-01 5.952717736363410950e-02 6.123660802841186523e-01 6.599803566932678223e-01 6.364995241165161133e-01 6.488083600997924805e-01
3.143855929374694824e-01 1.769150197505950928e-01 5.391352772712707520e-01 4.667181968688964844e-01 6.891358494758605957e-01 8.067734241485595703e-01 4.621452391147613525e-01 4.766641855239868164e-01 5.901839733123779297e-01 6.112773418426513672e-01
3.104704618453979492e-01 3.843621909618377686e-01 4.351502954959869385e-01 6.696010828018188477e-01 5.459184646606445312e-01 5.895239710807800293e-01 4.621452391147613525e-01 2.683576643466949463e-01 5.391051173210144043e-01 4.046720862388610840e-01
4.340754449367523193e-01 7.643566131591796875e-01 5.391352772712707520e-01 6.055304408073425293e-01 3.948581814765930176e-01 4.388946890830993652e-01 4.861012101173400879e-01 5.450803637504577637e-01 5.344469547271728516e-01 2.444988191127777100e-01
2.419869154691696167e-01 5.904274582862854004e-01 5.391352772712707520e-01 4.448412358760833740e-01 5.025383234024047852e-01 4.815829098224639893e-01 7.795880436897277832e-01 5.661159157752990723e-01 6.663551926612854004e-01 1.844333261251449585e-01
2.564850151538848877e-01 1.947246938943862915e-01 7.138751745223999023e-01 4.448412358760833740e-01 3.258826732635498047e-01 4.511154294013977051e-01 6.123660802841186523e-01 7.406156659126281738e-01 5.102762579917907715e-01 3.282432854175567627e-01
4.340754449367523193e-01 2.440398931503295898e-01 5.391352772712707520e-01 6.696010828018188477e-01 3.948581814765930176e-01 1.315066963434219360e-01 3.397097885608673096e-01 5.124095082283020020e-01 3.910860419273376465e-01 2.205277234315872192e-01
3.369834423065185547e-01 5.444306135177612305e-01 5.391352772712707520e-01 4.448412358760833740e-01 6.215545535087585449e-01 3.354963064193725586e-01 5.888788700103759766e-01 7.406156659126281738e-01 2.672326862812042236e-01 5.076351761817932129e-01
4.340754449367523193e-01 9.550511837005615234e-01 5.391352772712707520e-01 6.696010828018188477e-01 5.151089429855346680e-01 4.986086487770080566e-01 4.621452391147613525e-01 5.124095082283020020e-01 6.826610565185546875e-01 8.514552116394042969e-01
3.143855929374694824e-01 7.991211116313934326e-02 5.391352772712707520e-01 3.686709105968475342e-01 5.551653504371643066e-01 6.694611161947250366e-02 3.397097885608673096e-01 3.299878239631652832e-01 7.708033323287963867e-01 5.484108328819274902e-01
2.419869154691696167e-01 3.500041067600250244e-01 4.351502954959869385e-01 4.145463705062866211e-01 4.180706739425659180e-01 3.636775314807891846e-01 3.330693244934082031e-01 3.442633748054504395e-01 4.574152529239654541e-01 4.979372322559356689e-01
5.788077712059020996e-01 8.934580683708190918e-01 5.391352772712707520e-01 4.448412358760833740e-01 5.498505234718322754e-01 9.577256441116333008e-01 4.621452391147613525e-01 4.167046844959259033e-01 4.584320485591888428e-01 6.932333707809448242e-01
6.091986894607543945e-01 1.926425099372863770e-01 5.391352772712707520e-01 6.696010828018188477e-01 4.255390167236328125e-01 3.180081248283386230e-01 3.727487027645111084e-01 7.406156659126281738e-01 4.609191119670867920e-01 4.132749140262603760e-01
2.809879183769226074e-01 2.951839268207550049e-01 5.391352772712707520e-01 6.933845877647399902e-01 3.258826732635498047e-01 4.711404144763946533e-01 4.621452391147613525e-01 3.060375154018402100e-01 4.877314269542694092e-01 4.169351756572723389e-01
3.545111715793609619e-01 8.548386693000793457e-01 5.391352772712707520e-01 4.448412358760833740e-01 7.234351038932800293e-01 3.891316354274749756e-01 4.861012101173400879e-01 5.450803637504577637e-01 5.128260254859924316e-01 6.817482709884643555e-01
5.526751279830932617e-01 6.322538852691650391e-01 5.391352772712707520e-01 6.055304408073425293e-01 3.948581814765930176e-01 3.979213833808898926e-01 4.861012101173400879e-01 5.450803637504577637e-01 2.543941438198089600e-01 1.958415061235427856e-01
6.051442623138427734e-01 6.887890100479125977e-01 5.391352772712707520e-01 6.696010828018188477e-01 3.948581814765930176e-01 5.021362900733947754e-01 5.888788700103759766e-01 5.450803637504577637e-01 6.563102006912231445e-01 3.316830992698669434e-01
6.477119326591491699e-01 8.858149051666259766e-01 7.138751745223999023e-01 6.696010828018188477e-01 4.255390167236328125e-01 4.649737477302551270e-01 4.861012101173400879e-01 7.406156659126281738e-01 5.344469547271728516e-01 5.248548388481140137e-01
6.091986894607543945e-01 8.686771988868713379e-01 5.391352772712707520e-01 6.696010828018188477e-01 6.891358494758605957e-01 7.314424514770507812e-01 4.861012101173400879e-01 5.450803637504577637e-01 3.910860419273376465e-01 1.355817615985870361e-01
6.094906926155090332e-01 1.735256016254425049e-01 4.351502954959869385e-01 6.696010828018188477e-01 7.319017052650451660e-01 7.192376255989074707e-01 3.397097885608673096e-01 5.691816806793212891e-01 6.191621422767639160e-01 4.352471828460693359e-01
6.251751184463500977e-01 8.194983601570129395e-01 6.561411023139953613e-01 4.667181968688964844e-01 4.363938570022583008e-01 6.537199020385742188e-01 3.399621844291687012e-01 5.502710938453674316e-01 8.021467328071594238e-01 7.113752365112304688e-01
3.522557318210601807e-01 4.525162279605865479e-01 6.561411023139953613e-01 4.448412358760833740e-01 3.258826732635498047e-01 5.682724118232727051e-01 7.835865020751953125e-01 7.406156659126281738e-01 3.593491613864898682e-01 4.667437076568603516e-01
4.701808691024780273e-01 4.595879912376403809e-01 5.391352772712707520e-01 2.994339168071746826e-01 3.258826732635498047e-01 5.064914822578430176e-01 6.123660802841186523e-01 7.406156659126281738e-01 6.191621422767639160e-01 4.111222028732299805e-01
4.928550720214843750e-01 6.600484848022460938e-01 7.138751745223999023e-01 4.448412358760833740e-01 3.258826732635498047e-01 9.655693769454956055e-01 7.450097799301147461e-01 7.406156659126281738e-01 6.663551926612854004e-01 6.459985971450805664e-01
7.093020677566528320e-01 5.284851193428039551e-01 4.167837798595428467e-01 6.696010828018188477e-01 7.141798734664916992e-01 8.309243321418762207e-01 3.183939456939697266e-01 6.602654457092285156e-01 4.584320485591888428e-01 9.429328441619873047e-01
3.369834423065185547e-01 6.337279677391052246e-01 5.391352772712707520e-01 4.448412358760833740e-01 4.536335468292236328e-01 8.753098249435424805e-01 7.450097799301147461e-01 5.450803637504577637e-01 6.663551926612854004e-01 3.605280220508575439e-01
6.291953921318054199e-01 5.809770822525024414e-01 4.351502954959869385e-01 4.448412358760833740e-01 5.498505234718322754e-01 7.743209004402160645e-01 4.379107654094696045e-01 5.124095082283020020e-01 4.800192415714263916e-01 6.311243176460266113e-01
3.545111715793609619e-01 6.695085763931274414e-01 5.391352772712707520e-01 4.448412358760833740e-01 4.804182350635528564e-01 6.987493634223937988e-01 5.311939716339111328e-01 6.599803566932678223e-01 6.663551926612854004e-01 9.390972256660461426e-01
2.419869154691696167e-01 2.901648283004760742e-01 4.351502954959869385e-01 4.448412358760833740e-01 6.215545535087585449e-01 8.408563137054443359e-01 5.888788700103759766e-01 7.406156659126281738e-01 8.354052305221557617e-01 3.889397680759429932e-01
3.790382742881774902e-01 3.839415311813354492e-01 5.391352772712707520e-01 4.448412358760833740e-01 4.804182350635528564e-01 1.953640878200531006e-01 3.183939456939697266e-01 5.124095082283020020e-01 4.800192415714263916e-01 5.182000398635864258e-01
3.522557318210601807e-01 9.244436621665954590e-01 4.167837798595428467e-01 6.933845877647399902e-01 7.540069222450256348e-01 4.761350750923156738e-01 5.635993480682373047e-01 5.502710938453674316e-01 3.151946961879730225e-01 1.832324862480163574e-01
4.714537262916564941e-01 4.796189442276954651e-02 5.391352772712707520e-01 4.448412358760833740e-01 6.702319979667663574e-01 7.602528333663940430e-01 6.137715578079223633e-01 3.442633748054504395e-01 3.015959560871124268e-01 2.223761826753616333e-01
