4.893707931041717529e-01 4.798616766929626465e-01 4.348725378513336182e-01 5.491991043090820312e-01 4.742465615272521973e-01 3.745018541812896729e-01 4.769886136054992676e-01 5.103933215141296387e-01 3.663343787193298340e-01 4.348958134651184082e-01
3.627791702747344971e-01 4.798616766929626465e-01 4.348725378513336182e-01 5.015134215354919434e-01 4.742465615272521973e-01 3.745018541812896729e-01 4.769886136054992676e-01 3.433536589145660400e-01 3.663343787193298340e-01 4.172172844409942627e-01
3.627791702747344971e-01 4.798616766929626465e-01 4.348725378513336182e-01 3.524192869663238525e-01 3.974067270755767822e-01 3.745018541812896729e-01 4.769886136054992676e-01 4.666555821895599365e-01 3.663343787193298340e-01 4.021928906440734863e-01
3.627791702747344971e-01 4.798616766929626465e-01 4.348725378513336182e-01 3.524192869663238525e-01 3.974067270755767822e-01 3.745018541812896729e-01 4.769886136054992676e-01 3.884678781032562256e-01 3.663343787193298340e-01 4.353398084640502930e-01
4.187887310981750488e-01 5.682551860809326172e-01 4.348725378513336182e-01 6.059479713439941406e-01 5.684416890144348145e-01 4.726066887378692627e-01 5.697615146636962891e-01 5.161781311035156250e-01 4.937528967857360840e-01 6.336333751678466797e-01
4.187887310981750488e-01 5.682551860809326172e-01 5.618592500686645508e-01 6.283496022224426270e-01 5.684416890144348145e-01 4.726066887378692627e-01 5.697615146636962891e-01 4.231677651405334473e-01 4.186522066593170166e-01 5.855233669281005859e-01
4.187887310981750488e-01 5.682551860809326172e-01 5.618592500686645508e-01 8.063465952873229980e-01 5.684416890144348145e-01 4.726066887378692627e-01 5.697615146636962891e-01 5.560540556907653809e-01 4.186522066593170166e-01 6.592862606048583984e-01
4.187887310981750488e-01 5.682551860809326172e-01 5.618592500686645508e-01 4.164112508296966553e-01 4.932004511356353760e-01 4.726066887378692627e-01 5.697615146636962891e-01 2.837437093257904053e-01 4.186522066593170166e-01 4.709298908710479736e-01
4.187887310981750488e-01 5.682551860809326172e-01 5.618592500686645508e-01 4.164112508296966553e-01 4.932004511356353760e-01 4.726066887378692627e-01 5.697615146636962891e-01 3.189769983291625977e-01 4.186522066593170166e-01 4.709298908710479736e-01
4.187887310981750488e-01 5.682551860809326172e-01 5.618592500686645508e-01 6.631615757942199707e-01 5.684416890144348145e-01 4.726066887378692627e-01 5.697615146636962891e-01 4.525696337223052979e-01 4.186522066593170166e-01 5.525692105293273926e-01
4.187887310981750488e-01 5.682551860809326172e-01 5.618592500686645508e-01 5.022770166397094727e-01 5.684416890144348145e-01 4.726066887378692627e-01 5.697615146636962891e-01 4.556436836719512939e-01 4.937528967857360840e-01 6.757317781448364258e-01
4.187887310981750488e-01 5.682551860809326172e-01 5.618592500686645508e-01 5.734053254127502441e-01 5.684416890144348145e-01 4.726066887378692627e-01 5.697615146636962891e-01 5.161781311035156250e-01 4.937528967857360840e-01 6.757317781448364258e-01
4.187887310981750488e-01 5.682551860809326172e-01 5.618592500686645508e-01 6.283496022224426270e-01 5.684416890144348145e-01 4.726066887378692627e-01 5.697615146636962891e-01 5.161781311035156250e-01 4.937528967857360840e-01 7.044663429260253906e-01
4.187887310981750488e-01 5.682551860809326172e-01 5.618592500686645508e-01 6.591920256614685059e-01 5.684416890144348145e-01 4.726066887378692627e-01 5.697615146636962891e-01 5.161781311035156250e-01 4.937528967857360840e-01 7.044663429260253906e-01
4.187887310981750488e-01 5.682551860809326172e-01 5.618592500686645508e-01 5.776330828666687012e-01 4.932004511356353760e-01 4.726066887378692627e-01 5.697615146636962891e-01 5.097894072532653809e-01 4.937528967857360840e-01 5.563998818397521973e-01
4.187887310981750488e-01 5.682551860809326172e-01 5.618592500686645508e-01 5.776330828666687012e-01 4.932004511356353760e-01 4.726066887378692627e-01 5.697615146636962891e-01 4.169381856918334961e-01 4.186522066593170166e-01 5.045050978660583496e-01
4.187887310981750488e-01 5.682551860809326172e-01 5.618592500686645508e-01 5.687988996505737305e-01 4.932004511356353760e-01 4.726066887378692627e-01 5.697615146636962891e-01 4.021872580051422119e-01 4.186522066593170166e-01 5.045050978660583496e-01
3.627791702747344971e-01 4.798616766929626465e-01 5.618592500686645508e-01 3.442223668098449707e-01 3.974067270755767822e-01 3.745018541812896729e-01 4.769886136054992676e-01 3.314301371574401855e-01 3.663343787193298340e-01 4.299019575119018555e-01
3.362540006637573242e-01 4.798616766929626465e-01 4.754318594932556152e-01 4.181202948093414307e-01 3.974067270755767822e-01 3.356604576110839844e-01 4.769886136054992676e-01 3.695299029350280762e-01 3.663343787193298340e-01 4.561166763305664062e-01
3.362540006637573242e-01 4.798616766929626465e-01 4.754318594932556152e-01 4.971869587898254395e-01 3.974067270755767822e-01 3.356604576110839844e-01 4.769886136054992676e-01 4.786280691623687744e-01 3.663343787193298340e-01 4.561166763305664062e-01
3.362540006637573242e-01 4.798616766929626465e-01 4.754318594932556152e-01 4.412140250205993652e-01 3.600269854068756104e-01 3.356604576110839844e-01 4.769886136054992676e-01 3.490603864192962646e-01 3.663343787193298340e-01 4.377998113632202148e-01
3.362540006637573242e-01 4.798616766929626465e-01 4.754318594932556152e-01 7.575387358665466309e-01 3.600269854068756104e-01 3.356604576110839844e-01 4.769886136054992676e-01 4.779576659202575684e-01 3.663343787193298340e-01 4.377998113632202148e-01
3.362540006637573242e-01 4.798616766929626465e-01 4.754318594932556152e-01 5.867237448692321777e-01 5.086735486984252930e-01 3.356604576110839844e-01 4.769886136054992676e-01 3.476755917072296143e-01 3.663343787193298340e-01 4.561166763305664062e-01
3.362540006637573242e-01 4.798616766929626465e-01 4.348725378513336182e-01 4.243502318859100342e-01 3.600269854068756104e-01 3.356604576110839844e-01 4.769886136054992676e-01 4.288297593593597412e-01 3.663343787193298340e-01 4.103847146034240723e-01
3.362540006637573242e-01 4.798616766929626465e-01 4.348725378513336182e-01 4.530819654464721680e-01 3.600269854068756104e-01 3.356604576110839844e-01 4.769886136054992676e-01 4.351044297218322754e-01 3.663343787193298340e-01 3.275164365768432617e-01
3.362540006637573242e-01 4.798616766929626465e-01 4.348725378513336182e-01 4.412140250205993652e-01 3.600269854068756104e-01 3.356604576110839844e-01 4.769886136054992676e-01 4.351044297218322754e-01 3.663343787193298340e-01 4.432598650455474854e-01
3.362540006637573242e-01 4.798616766929626465e-01 4.348725378513336182e-01 3.370603322982788086e-01 3.600269854068756104e-01 3.356604576110839844e-01 4.769886136054992676e-01 4.056089818477630615e-01 3.663343787193298340e-01 4.455785453319549561e-01
4.602754712104797363e-01 4.798616766929626465e-01 4.348725378513336182e-01 3.047154843807220459e-01 3.600269854068756104e-01 3.356604576110839844e-01 4.135158360004425049e-01 4.288297593593597412e-01 3.158479332923889160e-01 5.212395787239074707e-01
3.362540006637573242e-01 4.798616766929626465e-01 4.754318594932556152e-01 3.885381817817687988e-01 3.600269854068756104e-01 3.356604576110839844e-01 4.135158360004425049e-01 2.825601398944854736e-01 3.158479332923889160e-01 4.066259264945983887e-01
3.362540006637573242e-01 4.798616766929626465e-01 4.754318594932556152e-01 5.665204524993896484e-01 3.600269854068756104e-01 3.356604576110839844e-01 4.769886136054992676e-01 2.484394013881683350e-01 3.663343787193298340e-01 4.066259264945983887e-01
3.362540006637573242e-01 4.798616766929626465e-01 4.754318594932556152e-01 5.779408216476440430e-01 5.086735486984252930e-01 3.356604576110839844e-01 4.769886136054992676e-01 3.476755917072296143e-01 3.663343787193298340e-01 5.341880321502685547e-01
3.362540006637573242e-01 4.798616766929626465e-01 4.754318594932556152e-01 5.867237448692321777e-01 5.086735486984252930e-01 3.356604576110839844e-01 4.769886136054992676e-01 3.883823454380035400e-01 3.663343787193298340e-01 5.341880321502685547e-01
3.362540006637573242e-01 4.798616766929626465e-01 4.754318594932556152e-01 5.502844452857971191e-01 3.600269854068756104e-01 3.356604576110839844e-01 4.769886136054992676e-01 5.217184424400329590e-01 3.663343787193298340e-01 4.896131157875061035e-01
3.362540006637573242e-01 4.798616766929626465e-01 4.754318594932556152e-01 5.706710219383239746e-01 5.086735486984252930e-01 3.356604576110839844e-01 4.769886136054992676e-01 4.351044297218322754e-01 3.663343787193298340e-01 4.896131157875061035e-01
3.362540006637573242e-01 4.798616766929626465e-01 4.754318594932556152e-01 4.243502318859100342e-01 3.600269854068756104e-01 3.356604576110839844e-01 4.769886136054992676e-01 4.288297593593597412e-01 3.663343787193298340e-01 4.896131157875061035e-01
3.362540006637573242e-01 4.798616766929626465e-01 4.754318594932556152e-01 5.665204524993896484e-01 3.600269854068756104e-01 3.356604576110839844e-01 4.769886136054992676e-01 4.288297593593597412e-01 3.663343787193298340e-01 4.896131157875061035e-01
3.627791702747344971e-01 4.798616766929626465e-01 4.754318594932556152e-01 5.181197524070739746e-01 5.086735486984252930e-01 3.745018541812896729e-01 4.769886136054992676e-01 4.288297593593597412e-01 3.663343787193298340e-01 5.151764750480651855e-01
3.627791702747344971e-01 4.798616766929626465e-01 4.348725378513336182e-01 3.582730293273925781e-01 4.686650633811950684e-01 3.745018541812896729e-01 4.769886136054992676e-01 4.288297593593597412e-01 3.663343787193298340e-01 4.686251580715179443e-01
3.627791702747344971e-01 4.798616766929626465e-01 4.348725378513336182e-01 5.470148921012878418e-01 4.742465615272521973e-01 3.745018541812896729e-01 4.769886136054992676e-01 4.722504317760467529e-01 3.663343787193298340e-01 3.209049403667449951e-01
3.627791702747344971e-01 4.798616766929626465e-01 4.348725378513336182e-01 5.015134215354919434e-01 4.742465615272521973e-01 3.745018541812896729e-01 4.769886136054992676e-01 4.722504317760467529e-01 3.663343787193298340e-01 4.358260929584503174e-01
3.627791702747344971e-01 4.798616766929626465e-01 4.348725378513336182e-01 4.096462428569793701e-01 4.742465615272521973e-01 3.745018541812896729e-01 4.769886136054992676e-01 4.485248625278472900e-01 3.663343787193298340e-01 4.709642529487609863e-01
4.893707931041717529e-01 4.798616766929626465e-01 4.348725378513336182e-01 3.742682933807373047e-01 4.742465615272521973e-01 3.745018541812896729e-01 4.135158360004425049e-01 4.722504317760467529e-01 3.158479332923889160e-01 4.160964190959930420e-01
3.627791702747344971e-01 4.798616766929626465e-01 4.348725378513336182e-01 4.644433557987213135e-01 4.742465615272521973e-01 3.745018541812896729e-01 4.135158360004425049e-01 3.613105714321136475e-01 3.158479332923889160e-01 3.144047856330871582e-01
3.627791702747344971e-01 4.798616766929626465e-01 4.348725378513336182e-01 5.015134215354919434e-01 4.742465615272521973e-01 3.745018541812896729e-01 4.769886136054992676e-01 3.613105714321136475e-01 3.663343787193298340e-01 3.620559275150299072e-01
3.627791702747344971e-01 4.798616766929626465e-01 4.348725378513336182e-01 4.903136193752288818e-01 4.742465615272521973e-01 3.745018541812896729e-01 4.769886136054992676e-01 3.412848412990570068e-01 3.663343787193298340e-01 4.358260929584503174e-01
3.627791702747344971e-01 4.798616766929626465e-01 4.348725378513336182e-01 5.358913540840148926e-01 4.742465615272521973e-01 3.745018541812896729e-01 4.769886136054992676e-01 3.412848412990570068e-01 3.663343787193298340e-01 3.209049403667449951e-01
3.627791702747344971e-01 4.798616766929626465e-01 4.348725378513336182e-01 6.407282948493957520e-01 4.742465615272521973e-01 3.745018541812896729e-01 4.769886136054992676e-01 3.412848412990570068e-01 3.663343787193298340e-01 3.209049403667449951e-01
3.627791702747344971e-01 4.798616766929626465e-01 4.348725378513336182e-01 5.534582138061523438e-01 4.381596148014068604e-01 5.389470458030700684e-01 4.135158360004425049e-01 5.104769468307495117e-01 4.425331950187683105e-01 5.472414493560791016e-01
4.893707931041717529e-01 4.632226228713989258e-01 4.348725378513336182e-01 4.577617645263671875e-01 4.381596148014068604e-01 4.592786133289337158e-01 4.135158360004425049e-01 4.247865378856658936e-01 4.425331950187683105e-01 4.307586550712585449e-01
4.893707931041717529e-01 4.632226228713989258e-01 4.348725378513336182e-01 4.530777633190155029e-01 4.742465615272521973e-01 3.745018541812896729e-01 4.135158360004425049e-01 3.338727355003356934e-01 3.158479332923889160e-01 2.719824910163879395e-01
4.893707931041717529e-01 4.798616766929626465e-01 4.348725378513336182e-01 3.597942292690277100e-01 4.742465615272521973e-01 3.745018541812896729e-01 4.135158360004425049e-01 2.835380733013153076e-01 3.158479332923889160e-01 2.719824910163879395e-01
4.893707931041717529e-01 4.798616766929626465e-01 4.348725378513336182e-01 5.015134215354919434e-01 4.742465615272521973e-01 3.745018541812896729e-01 4.769886136054992676e-01 3.145125806331634521e-01 3.663343787193298340e-01 3.789169192314147949e-01
3.627791702747344971e-01 4.798616766929626465e-01 4.348725378513336182e-01 5.015134215354919434e-01 4.742465615272521973e-01 3.745018541812896729e-01 4.769886136054992676e-01 2.552042603492736816e-01 3.663343787193298340e-01 2.080885767936706543e-01
3.627791702747344971e-01 4.798616766929626465e-01 4.348725378513336182e-01 5.015134215354919434e-01 4.742465615272521973e-01 3.745018541812896729e-01 4.769886136054992676e-01 3.066401183605194092e-01 3.663343787193298340e-01 4.686251580715179443e-01
4.187887310981750488e-01 5.682551860809326172e-01 4.754318594932556152e-01 5.209077596664428711e-01 4.932004511356353760e-01 4.726066887378692627e-01 5.697615146636962891e-01 4.648760259151458740e-01 4.186522066593170166e-01 4.709298908710479736e-01
4.187887310981750488e-01 5.682551860809326172e-01 5.618592500686645508e-01 5.445098280906677246e-01 4.932004511356353760e-01 4.726066887378692627e-01 5.697615146636962891e-01 3.462311625480651855e-01 4.937528967857360840e-01 5.563998818397521973e-01
4.187887310981750488e-01 5.682551860809326172e-01 5.618592500686645508e-01 5.734053254127502441e-01 5.684416890144348145e-01 4.726066887378692627e-01 5.697615146636962891e-01 5.161781311035156250e-01 4.937528967857360840e-01 6.757317781448364258e-01
4.187887310981750488e-01 5.682551860809326172e-01 5.618592500686645508e-01 5.445098280906677246e-01 4.932004511356353760e-01 4.726066887378692627e-01 5.697615146636962891e-01 4.272689819335937500e-01 4.937528967857360840e-01 5.563998818397521973e-01
4.187887310981750488e-01 5.682551860809326172e-01 5.618592500686645508e-01 6.591920256614685059e-01 5.684416890144348145e-01 4.726066887378692627e-01 5.697615146636962891e-01 5.161781311035156250e-01 4.937528967857360840e-01 7.044663429260253906e-01
4.187887310981750488e-01 5.682551860809326172e-01 5.618592500686645508e-01 4.441635608673095703e-01 4.932004511356353760e-01 4.726066887378692627e-01 5.697615146636962891e-01 5.097894072532653809e-01 4.937528967857360840e-01 4.769463539123535156e-01
4.187887310981750488e-01 5.682551860809326172e-01 5.618592500686645508e-01 6.214312314987182617e-01 4.932004511356353760e-01 4.726066887378692627e-01 5.697615146636962891e-01 5.097894072532653809e-01 4.937528967857360840e-01 3.890464305877685547e-01
4.187887310981750488e-01 5.682551860809326172e-01 5.618592500686645508e-01 4.853998422622680664e-01 4.932004511356353760e-01 4.726066887378692627e-01 5.697615146636962891e-01 4.199558496475219727e-01 4.937528967857360840e-01 5.100423097610473633e-01
4.187887310981750488e-01 5.682551860809326172e-01 5.618592500686645508e-01 5.673387050628662109e-01 4.932004511356353760e-01 4.726066887378692627e-01 5.697615146636962891e-01 3.939172923564910889e-01 4.186522066593170166e-01 4.536974430084228516e-01
5.481134653091430664e-01 5.682551860809326172e-01 5.618592500686645508e-01 5.687988996505737305e-01 4.932004511356353760e-01 4.726066887378692627e-01 5.697615146636962891e-01 3.655283153057098389e-01 4.937528967857360840e-01 5.563998818397521973e-01
4.187887310981750488e-01 5.682551860809326172e-01 6.894317269325256348e-01 5.209077596664428711e-01 4.932004511356353760e-01 4.726066887378692627e-01 7.205846905708312988e-01 4.679621458053588867e-01 4.937528967857360840e-01 5.230164527893066406e-01
5.574688911437988281e-01 5.682551860809326172e-01 5.618592500686645508e-01 6.175364851951599121e-01 4.932004511356353760e-01 4.726066887378692627e-01 5.697615146636962891e-01 4.272689819335937500e-01 4.937528967857360840e-01 5.140572190284729004e-01
4.187887310981750488e-01 5.682551860809326172e-01 5.618592500686645508e-01 5.496448874473571777e-01 5.324460268020629883e-01 5.597189664840698242e-01 5.883991718292236328e-01 5.651500821113586426e-01 5.736052989959716797e-01 4.507177770137786865e-01
4.187887310981750488e-01 5.682551860809326172e-01 4.764834344387054443e-01 6.767683029174804688e-01 4.932004511356353760e-01 4.726066887378692627e-01 7.205846905708312988e-01 4.859142601490020752e-01 4.208950400352478027e-01 5.587164759635925293e-01
4.622126519680023193e-01 4.995549619197845459e-01 6.894317269325256348e-01 4.877069294452667236e-01 4.932004511356353760e-01 4.726066887378692627e-01 7.205846905708312988e-01 5.097894072532653809e-01 4.937528967857360840e-01 5.033523440361022949e-01
5.574688911437988281e-01 5.682551860809326172e-01 6.894317269325256348e-01 5.655921101570129395e-01 4.689004123210906982e-01 5.597189664840698242e-01 4.887371957302093506e-01 5.588553547859191895e-01 5.736052989959716797e-01 4.507177770137786865e-01
5.574688911437988281e-01 5.682551860809326172e-01 4.764834344387054443e-01 6.097953915596008301e-01 4.689004123210906982e-01 5.597189664840698242e-01 4.887371957302093506e-01 5.588553547859191895e-01 5.006163716316223145e-01 5.251970887184143066e-01
3.627791702747344971e-01 4.632226228713989258e-01 4.764834344387054443e-01 4.585731625556945801e-01 5.561391711235046387e-01 5.389470458030700684e-01 4.769886136054992676e-01 3.869339823722839355e-01 4.436382353305816650e-01 4.073542952537536621e-01
3.627791702747344971e-01 4.632226228713989258e-01 4.348725378513336182e-01 5.625436902046203613e-01 4.381596148014068604e-01 5.389470458030700684e-01 4.769886136054992676e-01 3.645339906215667725e-01 4.436382353305816650e-01 3.084906339645385742e-01
4.893707931041717529e-01 4.632226228713989258e-01 4.348725378513336182e-01 5.763598084449768066e-01 4.381596148014068604e-01 4.592786133289337158e-01 4.769886136054992676e-01 3.132574260234832764e-01 4.985142052173614502e-01 4.396804869174957275e-01
3.627791702747344971e-01 4.632226228713989258e-01 4.348725378513336182e-01 4.130693376064300537e-01 4.500510692596435547e-01 5.389470458030700684e-01 4.135158360004425049e-01 6.306055784225463867e-01 4.425331950187683105e-01 3.084906339645385742e-01
4.893707931041717529e-01 4.632226228713989258e-01 4.348725378513336182e-01 5.426368117332458496e-01 4.381596148014068604e-01 5.389470458030700684e-01 4.135158360004425049e-01 4.922707080841064453e-01 4.425331950187683105e-01 3.832482993602752686e-01
3.627791702747344971e-01 4.632226228713989258e-01 4.348725378513336182e-01 5.763598084449768066e-01 4.381596148014068604e-01 4.592786133289337158e-01 4.769886136054992676e-01 3.912230134010314941e-01 4.985142052173614502e-01 3.268773853778839111e-01
4.893707931041717529e-01 4.632226228713989258e-01 4.348725378513336182e-01 4.239724278450012207e-01 4.500510692596435547e-01 4.592786133289337158e-01 4.135158360004425049e-01 5.525856018066406250e-01 4.425331950187683105e-01 3.406061232089996338e-01
4.893707931041717529e-01 4.632226228713989258e-01 4.348725378513336182e-01 4.309640228748321533e-01 4.500510692596435547e-01 4.592786133289337158e-01 4.135158360004425049e-01 4.168227016925811768e-01 4.425331950187683105e-01 3.411414921283721924e-01
3.627791702747344971e-01 4.632226228713989258e-01 4.348725378513336182e-01 4.697160422801971436e-01 4.500510692596435547e-01 4.592786133289337158e-01 4.769886136054992676e-01 3.585298061370849609e-01 4.436382353305816650e-01 3.905365765094757080e-01
3.627791702747344971e-01 4.632226228713989258e-01 4.348725378513336182e-01 4.697160422801971436e-01 4.500510692596435547e-01 4.592786133289337158e-01 4.769886136054992676e-01 5.178536176681518555e-01 4.436382353305816650e-01 4.575636088848114014e-01
3.627791702747344971e-01 4.632226228713989258e-01 4.348725378513336182e-01 4.697160422801971436e-01 4.500510692596435547e-01 4.592786133289337158e-01 4.769886136054992676e-01 3.909396529197692871e-01 4.436382353305816650e-01 3.891226947307586670e-01
3.627791702747344971e-01 4.632226228713989258e-01 4.348725378513336182e-01 4.363874197006225586e-01 4.500510692596435547e-01 4.592786133289337158e-01 4.769886136054992676e-01 3.136318325996398926e-01 4.436382353305816650e-01 3.174257576465606689e-01
3.379961252212524414e-01 4.995549619197845459e-01 4.348725378513336182e-01 3.228668868541717529e-01 4.689004123210906982e-01 5.597189664840698242e-01 4.887371957302093506e-01 3.921480774879455566e-01 5.006163716316223145e-01 4.202386140823364258e-01
4.422727823257446289e-01 4.995549619197845459e-01 4.764834344387054443e-01 5.840615034103393555e-01 4.932004511356353760e-01 3.981519639492034912e-01 7.205846905708312988e-01 7.245254516601562500e-01 7.210242748260498047e-01 4.965599775314331055e-01
4.472053349018096924e-01 4.995549619197845459e-01 6.894317269325256348e-01 6.483992338180541992e-01 6.400066614151000977e-01 6.363074779510498047e-01 5.883991718292236328e-01 5.651500821113586426e-01 5.736052989959716797e-01 6.515997052192687988e-01
5.574688911437988281e-01 5.682551860809326172e-01 4.764834344387054443e-01 7.122345566749572754e-01 6.400066614151000977e-01 5.733830928802490234e-01 5.883991718292236328e-01 7.560312747955322266e-01 5.555031895637512207e-01 5.612149238586425781e-01
5.568345785140991211e-01 6.484806537628173828e-01 4.764834344387054443e-01 5.676348209381103516e-01 4.689004123210906982e-01 5.636244416236877441e-01 4.887371957302093506e-01 6.056156158447265625e-01 5.006163716316223145e-01 4.513141214847564697e-01
5.568345785140991211e-01 4.995549619197845459e-01 5.507676601409912109e-01 5.726475715637207031e-01 5.677549839019775391e-01 6.490848660469055176e-01 5.883991718292236328e-01 7.291236519813537598e-01 5.555031895637512207e-01 7.290865182876586914e-01
4.472053349018096924e-01 4.995549619197845459e-01 4.764834344387054443e-01 5.530438423156738281e-01 5.677549839019775391e-01 5.733830928802490234e-01 4.887371957302093506e-01 6.466729640960693359e-01 5.555031895637512207e-01 5.302863121032714844e-01
4.472053349018096924e-01 4.995549619197845459e-01 5.507676601409912109e-01 4.662912786006927490e-01 4.689004123210906982e-01 4.841386377811431885e-01 4.887371957302093506e-01 6.222454309463500977e-01 5.555031895637512207e-01 5.640778541564941406e-01
4.472053349018096924e-01 4.995549619197845459e-01 5.507676601409912109e-01 4.754304885864257812e-01 4.689004123210906982e-01 4.841386377811431885e-01 4.887371957302093506e-01 4.654498398303985596e-01 3.631638884544372559e-01 4.073626399040222168e-01
4.472053349018096924e-01 4.995549619197845459e-01 5.507676601409912109e-01 5.125381946563720703e-01 4.689004123210906982e-01 4.841386377811431885e-01 4.887371957302093506e-01 4.576138854026794434e-01 5.006163716316223145e-01 5.117024183273315430e-01
4.472053349018096924e-01 4.995549619197845459e-01 4.764834344387054443e-01 5.086253285408020020e-01 4.689004123210906982e-01 4.841386377811431885e-01 4.887371957302093506e-01 3.873174190521240234e-01 3.631638884544372559e-01 4.063992202281951904e-01
4.472053349018096924e-01 4.995549619197845459e-01 4.764834344387054443e-01 5.125381946563720703e-01 4.689004123210906982e-01 4.841386377811431885e-01 4.887371957302093506e-01 4.200315177440643311e-01 5.006163716316223145e-01 4.910270571708679199e-01
4.472053349018096924e-01 4.995549619197845459e-01 4.764834344387054443e-01 4.924634099006652832e-01 5.444167852401733398e-01 4.841386377811431885e-01 4.887371957302093506e-01 4.359985291957855225e-01 3.631638884544372559e-01 3.332555592060089111e-01
4.472053349018096924e-01 4.995549619197845459e-01 4.764834344387054443e-01 4.488482177257537842e-01 4.689004123210906982e-01 4.841386377811431885e-01 4.887371957302093506e-01 3.286638259887695312e-01 3.631638884544372559e-01 4.391928613185882568e-01
4.472053349018096924e-01 4.995549619197845459e-01 4.764834344387054443e-01 5.662786364555358887e-01 5.444167852401733398e-01 4.841386377811431885e-01 4.887371957302093506e-01 2.998464107513427734e-01 3.631638884544372559e-01 4.063992202281951904e-01
4.742593169212341309e-01 4.632226228713989258e-01 4.764834344387054443e-01 3.148540258407592773e-01 3.743402361869812012e-01 4.592786133289337158e-01 4.769886136054992676e-01 3.451541960239410400e-01 4.436382353305816650e-01 4.438809752464294434e-01
4.742593169212341309e-01 4.632226228713989258e-01 4.754318594932556152e-01 3.876775503158569336e-01 3.743402361869812012e-01 4.592786133289337158e-01 4.769886136054992676e-01 5.035908222198486328e-01 4.436382353305816650e-01 3.211275935173034668e-01
4.742593169212341309e-01 4.632226228713989258e-01 4.754318594932556152e-01 5.893873572349548340e-01 4.500510692596435547e-01 4.592786133289337158e-01 4.769886136054992676e-01 3.919258713722229004e-01 4.436382353305816650e-01 4.772673845291137695e-01
4.742593169212341309e-01 4.632226228713989258e-01 4.754318594932556152e-01 4.497709572315216064e-01 3.743402361869812012e-01 4.592786133289337158e-01 4.769886136054992676e-01 4.542304575443267822e-01 4.436382353305816650e-01 4.438809752464294434e-01
4.742593169212341309e-01 4.632226228713989258e-01 4.754318594932556152e-01 4.697160422801971436e-01 4.500510692596435547e-01 4.592786133289337158e-01 4.769886136054992676e-01 4.875532984733581543e-01 4.436382353305816650e-01 4.772673845291137695e-01
4.742593169212341309e-01 4.632226228713989258e-01 4.754318594932556152e-01 4.536491036415100098e-01 4.500510692596435547e-01 4.592786133289337158e-01 4.769886136054992676e-01 4.959744811058044434e-01 4.436382353305816650e-01 4.772673845291137695e-01
4.742593169212341309e-01 4.632226228713989258e-01 4.348725378513336182e-01 4.697160422801971436e-01 4.500510692596435547e-01 4.592786133289337158e-01 4.769886136054992676e-01 4.875532984733581543e-01 4.436382353305816650e-01 4.798651039600372314e-01
4.742593169212341309e-01 4.632226228713989258e-01 4.348725378513336182e-01 4.697160422801971436e-01 4.500510692596435547e-01 4.592786133289337158e-01 4.769886136054992676e-01 4.875532984733581543e-01 4.436382353305816650e-01 4.798651039600372314e-01
4.742593169212341309e-01 4.632226228713989258e-01 4.348725378513336182e-01 5.153149366378784180e-01 4.500510692596435547e-01 5.389470458030700684e-01 4.769886136054992676e-01 4.875532984733581543e-01 4.436382353305816650e-01 5.067058801651000977e-01
4.742593169212341309e-01 4.632226228713989258e-01 4.348725378513336182e-01 5.920391082763671875e-01 5.490398406982421875e-01 5.389470458030700684e-01 4.769886136054992676e-01 5.753641724586486816e-01 4.436382353305816650e-01 5.067058801651000977e-01
4.742593169212341309e-01 4.632226228713989258e-01 4.348725378513336182e-01 5.402303338050842285e-01 5.490398406982421875e-01 4.592786133289337158e-01 4.769886136054992676e-01 5.518754124641418457e-01 4.436382353305816650e-01 3.620653450489044189e-01
4.742593169212341309e-01 4.632226228713989258e-01 4.754318594932556152e-01 4.259552657604217529e-01 4.500510692596435547e-01 4.592786133289337158e-01 4.135158360004425049e-01 4.694089889526367188e-01 3.890389800071716309e-01 3.121739625930786133e-01
4.742593169212341309e-01 4.632226228713989258e-01 4.754318594932556152e-01 2.837281227111816406e-01 3.743402361869812012e-01 4.592786133289337158e-01 4.135158360004425049e-01 2.992210090160369873e-01 3.890389800071716309e-01 3.288297653198242188e-01
4.742593169212341309e-01 4.632226228713989258e-01 4.754318594932556152e-01 4.031320512294769287e-01 3.743402361869812012e-01 4.592786133289337158e-01 4.769886136054992676e-01 3.371870517730712891e-01 4.436382353305816650e-01 3.774634897708892822e-01
4.452789723873138428e-01 4.632226228713989258e-01 4.754318594932556152e-01 4.536491036415100098e-01 4.500510692596435547e-01 4.175136089324951172e-01 4.769886136054992676e-01 4.959744811058044434e-01 4.436382353305816650e-01 5.298845767974853516e-01
4.452789723873138428e-01 4.632226228713989258e-01 4.754318594932556152e-01 4.536491036415100098e-01 4.500510692596435547e-01 4.175136089324951172e-01 4.769886136054992676e-01 4.959744811058044434e-01 4.436382353305816650e-01 4.518320858478546143e-01
4.452789723873138428e-01 4.632226228713989258e-01 4.754318594932556152e-01 3.783683478832244873e-01 3.379135131835937500e-01 4.175136089324951172e-01 4.769886136054992676e-01 4.439090490341186523e-01 3.770648241043090820e-01 4.518320858478546143e-01
4.452789723873138428e-01 4.632226228713989258e-01 4.754318594932556152e-01 3.783683478832244873e-01 3.379135131835937500e-01 4.175136089324951172e-01 4.769886136054992676e-01 4.439090490341186523e-01 3.770648241043090820e-01 4.518320858478546143e-01
4.452789723873138428e-01 4.632226228713989258e-01 4.754318594932556152e-01 3.783683478832244873e-01 3.379135131835937500e-01 4.175136089324951172e-01 4.769886136054992676e-01 4.439090490341186523e-01 3.770648241043090820e-01 4.518320858478546143e-01
4.452789723873138428e-01 4.632226228713989258e-01 4.754318594932556152e-01 4.221590757369995117e-01 3.379135131835937500e-01 4.175136089324951172e-01 4.769886136054992676e-01 4.439090490341186523e-01 3.770648241043090820e-01 5.263191461563110352e-01
4.452789723873138428e-01 4.632226228713989258e-01 4.754318594932556152e-01 3.783683478832244873e-01 4.386520385742187500e-01 4.175136089324951172e-01 4.769886136054992676e-01 4.439090490341186523e-01 3.770648241043090820e-01 4.518320858478546143e-01
4.452789723873138428e-01 4.632226228713989258e-01 4.754318594932556152e-01 5.412183403968811035e-01 3.379135131835937500e-01 4.175136089324951172e-01 4.769886136054992676e-01 4.693193137645721436e-01 3.770648241043090820e-01 3.364624381065368652e-01
4.452789723873138428e-01 4.632226228713989258e-01 4.754318594932556152e-01 4.642491936683654785e-01 3.379135131835937500e-01 4.175136089324951172e-01 4.769886136054992676e-01 4.012001156806945801e-01 3.770648241043090820e-01 4.518320858478546143e-01
4.452789723873138428e-01 4.632226228713989258e-01 4.754318594932556152e-01 4.181641638278961182e-01 3.478513658046722412e-01 4.175136089324951172e-01 4.769886136054992676e-01 4.514419138431549072e-01 3.770648241043090820e-01 3.690611422061920166e-01
4.452789723873138428e-01 4.632226228713989258e-01 4.754318594932556152e-01 4.642491936683654785e-01 3.379135131835937500e-01 4.175136089324951172e-01 4.769886136054992676e-01 4.495443999767303467e-01 3.770648241043090820e-01 4.736644029617309570e-01
4.452789723873138428e-01 4.632226228713989258e-01 4.754318594932556152e-01 5.380272865295410156e-01 3.478513658046722412e-01 4.175136089324951172e-01 4.769886136054992676e-01 3.214944601058959961e-01 3.770648241043090820e-01 3.089957237243652344e-01
6.185228824615478516e-01 4.632226228713989258e-01 4.754318594932556152e-01 4.266995787620544434e-01 6.136855483055114746e-01 6.464061737060546875e-01 4.769886136054992676e-01 3.521310985088348389e-01 3.663343787193298340e-01 4.152061045169830322e-01
