7.799329161643981934e-01 5.096260309219360352e-01 4.463512599468231201e-01 6.927111744880676270e-02 7.228583097457885742e-01 1.271814256906509399e-01 8.677034378051757812e-01 3.451450765132904053e-01 5.426459312438964844e-01 8.079927563667297363e-01
9.279850125312805176e-01 7.570158839225769043e-01 5.052071213722229004e-01 9.264937639236450195e-01 7.466927170753479004e-01 8.436070084571838379e-01 8.477576971054077148e-01 7.922039628028869629e-01 7.447645068168640137e-01 2.923903763294219971e-01
4.588897824287414551e-01 5.566760897636413574e-01 1.332281380891799927e-01 8.490949273109436035e-01 6.402027010917663574e-01 9.683024287223815918e-01 5.180891156196594238e-01 8.101972341537475586e-01 5.426459312438964844e-01 6.272374391555786133e-01
8.265531063079833984e-01 5.921752452850341797e-01 4.293872117996215820e-01 5.226690173149108887e-01 6.465948224067687988e-01 9.465147256851196289e-01 9.634974598884582520e-02 7.181709259748458862e-02 3.479858934879302979e-01 8.611253499984741211e-01
8.592438101768493652e-01 5.793599486351013184e-01 8.006986975669860840e-01 7.273188829421997070e-01 5.024092793464660645e-01 1.565591543912887573e-01 7.267452478408813477e-01 7.242498397827148438e-01 4.635805487632751465e-01 6.133849024772644043e-01
3.821558356285095215e-01 6.917253732681274414e-01 7.365567684173583984e-01 2.250049561262130737e-01 1.568540930747985840e-01 8.974196910858154297e-01 6.324371099472045898e-01 8.857055902481079102e-01 5.426459312438964844e-01 6.133849024772644043e-01
7.115945219993591309e-01 3.627887368202209473e-01 1.508589684963226318e-01 2.997526153922080994e-02 2.951719760894775391e-01 1.848361082375049591e-02 2.741333544254302979e-01 2.997018992900848389e-01 5.426459312438964844e-01 4.110558032989501953e-01
9.228821396827697754e-01 7.046515941619873047e-01 8.068983554840087891e-01 8.992017507553100586e-01 7.215613722801208496e-01 5.492717027664184570e-01 2.741333544254302979e-01 1.905512213706970215e-01 5.000000000000000000e-01 3.607960045337677002e-01
6.822682619094848633e-01 2.516490221023559570e-01 6.667975187301635742e-01 9.038751721382141113e-01 3.093169033527374268e-01 6.326685547828674316e-01 6.880438327789306641e-01 1.215096339583396912e-01 4.635805487632751465e-01 3.780357837677001953e-01
1.608841419219970703e-01 3.627887368202209473e-01 5.725517272949218750e-01 3.181482851505279541e-01 5.741613507270812988e-01 7.587590813636779785e-01 8.302576541900634766e-01 8.820850849151611328e-01 5.426459312438964844e-01 2.267903834581375122e-01
8.541511297225952148e-01 3.795167803764343262e-01 3.068346679210662842e-01 2.596966922283172607e-01 9.336525797843933105e-01 6.411576271057128906e-01 8.298109769821166992e-01 4.917911887168884277e-01 5.000000000000000000e-01 5.390998125076293945e-01
5.873969197273254395e-01 6.753811240196228027e-01 9.900208711624145508e-01 9.845389127731323242e-01 7.642759084701538086e-01 8.803077340126037598e-01 9.702641367912292480e-01 4.043797254562377930e-01 3.479858934879302979e-01 5.390998125076293945e-01
2.789930105209350586e-01 9.038736224174499512e-01 8.989669680595397949e-01 8.172196149826049805e-01 9.668347239494323730e-01 9.386854767799377441e-01 4.987088441848754883e-01 7.283856868743896484e-01 7.447645068168640137e-01 5.340924263000488281e-01
7.408780455589294434e-01 7.869876623153686523e-01 8.208300471305847168e-01 5.256336927413940430e-01 8.429444432258605957e-01 9.934759736061096191e-01 8.718439936637878418e-01 1.757357865571975708e-01 5.426459312438964844e-01 3.607960045337677002e-01
8.598094582557678223e-01 5.498692393302917480e-01 9.465742111206054688e-01 4.296177625656127930e-01 8.010464906692504883e-01 9.388251900672912598e-01 6.305013298988342285e-01 6.376668810844421387e-01 3.479858934879302979e-01 7.190345525741577148e-01
5.468132495880126953e-01 8.280145525932312012e-01 6.510740518569946289e-01 9.206650257110595703e-01 8.639292716979980469e-01 9.716381430625915527e-01 3.911631405353546143e-01 9.657683372497558594e-01 5.705758333206176758e-01 5.669447779655456543e-01
7.960048317909240723e-01 4.999361038208007812e-01 1.741630434989929199e-01 1.243197768926620483e-01 6.062502861022949219e-01 4.863364994525909424e-01 9.364674687385559082e-01 8.759754300117492676e-01 3.479858934879302979e-01 4.110558032989501953e-01
3.803672194480895996e-01 4.999361038208007812e-01 2.353003025054931641e-01 7.947657108306884766e-01 7.197552919387817383e-01 8.900558352470397949e-01 9.756324887275695801e-01 2.632692158222198486e-01 3.479858934879302979e-01 3.607960045337677002e-01
5.762568712234497070e-01 4.999361038208007812e-01 8.629147410392761230e-01 5.368674993515014648e-01 9.326205849647521973e-01 2.253918796777725220e-01 8.105322122573852539e-01 4.292839169502258301e-01 7.793813943862915039e-01 3.626866340637207031e-01
7.791969776153564453e-01 5.498692393302917480e-01 9.539344906806945801e-01 4.221556782722473145e-01 9.364902973175048828e-01 9.118880033493041992e-01 9.491836428642272949e-01 3.936358392238616943e-01 5.426459312438964844e-01 3.328173756599426270e-01
3.937125802040100098e-01 6.770309209823608398e-01 3.276882767677307129e-01 2.495843470096588135e-01 3.369475305080413818e-01 3.127843141555786133e-01 5.296423435211181641e-01 8.547250032424926758e-01 5.426459312438964844e-01 5.427582859992980957e-01
4.819741547107696533e-01 8.097866177558898926e-01 6.443040966987609863e-01 4.706643819808959961e-01 3.301064074039459229e-01 2.123250812292098999e-01 7.177729010581970215e-01 2.428809851408004761e-01 5.426459312438964844e-01 5.427582859992980957e-01
4.426941573619842529e-01 3.780162930488586426e-01 7.719832658767700195e-01 6.727145910263061523e-01 1.811035126447677612e-01 2.282159328460693359e-01 3.660596907138824463e-01 6.959792971611022949e-01 5.426459312438964844e-01 2.404903173446655273e-01
6.976805925369262695e-01 9.046331644058227539e-01 6.381638646125793457e-01 3.225925266742706299e-01 7.238489985466003418e-01 6.357858180999755859e-01 7.891029715538024902e-01 4.663111865520477295e-01 5.426459312438964844e-01 3.780357837677001953e-01
6.115200519561767578e-01 6.753811240196228027e-01 8.917409777641296387e-01 6.146719455718994141e-01 2.551375925540924072e-01 9.736945033073425293e-01 7.729775905609130859e-01 7.464901804924011230e-01 5.426459312438964844e-01 3.607960045337677002e-01
8.388603925704956055e-01 5.498692393302917480e-01 9.661168456077575684e-01 8.176814317703247070e-01 2.428108602762222290e-01 4.484136998653411865e-01 8.394797444343566895e-01 9.504914879798889160e-01 5.426459312438964844e-01 2.282295227050781250e-01
3.552508056163787842e-01 3.627887368202209473e-01 5.225175619125366211e-01 5.435271859169006348e-01 6.895575523376464844e-01 7.712106108665466309e-01 7.628599405288696289e-01 9.660409688949584961e-01 3.479858934879302979e-01 7.190345525741577148e-01
6.118107438087463379e-01 6.758610606193542480e-01 8.956441879272460938e-01 9.697107672691345215e-01 9.099503159523010254e-01 9.372807145118713379e-01 7.570595145225524902e-01 8.564311861991882324e-01 3.479858934879302979e-01 2.819879651069641113e-01
1.919547170400619507e-01 6.902013421058654785e-01 1.217648983001708984e-01 9.269726276397705078e-01 4.964434802532196045e-01 9.720399975776672363e-01 2.986347973346710205e-01 3.231173157691955566e-01 5.000000000000000000e-01 2.038664370775222778e-01
1.141290590167045593e-01 8.275879621505737305e-01 4.536601603031158447e-01 3.439142704010009766e-01 4.018206894397735596e-01 5.661332011222839355e-01 7.289080619812011719e-01 6.446507573127746582e-01 3.479858934879302979e-01 1.174383759498596191e-01
1.542615890502929688e-01 5.300536155700683594e-01 3.743910044431686401e-02 2.996286153793334961e-01 1.806629896163940430e-01 2.141324579715728760e-01 1.855815574526786804e-02 6.045158505439758301e-01 5.705758333206176758e-01 6.675387024879455566e-01
8.515388369560241699e-01 2.753138244152069092e-01 9.610685706138610840e-01 6.672725081443786621e-01 6.090979576110839844e-01 5.065069198608398438e-01 5.177553296089172363e-01 1.565492451190948486e-01 2.165808379650115967e-01 5.912240743637084961e-01
1.482937037944793701e-01 8.194407224655151367e-01 9.854830503463745117e-01 7.169591784477233887e-01 9.113128185272216797e-01 9.179861545562744141e-01 6.159616708755493164e-01 6.566708683967590332e-01 4.230336248874664307e-01 7.666186690330505371e-01
9.014248251914978027e-01 4.505507051944732666e-01 6.167681813240051270e-01 7.136217355728149414e-01 6.750994920730590820e-01 7.438604235649108887e-01 5.266260504722595215e-01 1.075758785009384155e-01 5.426459312438964844e-01 4.110558032989501953e-01
3.053406476974487305e-01 4.505507051944732666e-01 1.994070857763290405e-01 1.527359485626220703e-01 1.708957105875015259e-01 8.136041164398193359e-01 9.027439951896667480e-01 2.709186449646949768e-02 5.426459312438964844e-01 7.190345525741577148e-01
7.516773343086242676e-01 4.012231230735778809e-01 2.922001779079437256e-01 2.576176226139068604e-01 1.859567314386367798e-01 6.460055112838745117e-01 8.603542447090148926e-01 5.319270491600036621e-01 4.635805487632751465e-01 5.418782234191894531e-01
1.376553922891616821e-01 2.169044166803359985e-01 8.554101586341857910e-01 4.564138054847717285e-01 6.295576691627502441e-01 6.415440887212753296e-02 8.705262839794158936e-02 2.869051694869995117e-01 5.426459312438964844e-01 7.183177471160888672e-01
3.541183471679687500e-01 9.218255430459976196e-02 4.398689866065979004e-01 7.763372659683227539e-01 1.595611423254013062e-01 6.180835962295532227e-01 1.412658095359802246e-01 8.119900226593017578e-01 3.479858934879302979e-01 4.682228863239288330e-01
8.048747181892395020e-01 5.983152389526367188e-01 2.493160367012023926e-01 9.515929818153381348e-01 9.196374416351318359e-01 4.145941734313964844e-01 9.567455053329467773e-01 4.264095425605773926e-02 7.793813943862915039e-01 8.762603998184204102e-01
9.446927309036254883e-01 2.375884652137756348e-01 8.366768956184387207e-01 5.281405895948410034e-02 8.650125265121459961e-01 8.014950752258300781e-01 7.190551757812500000e-01 1.985381394624710083e-01 3.479858934879302979e-01 3.328173756599426270e-01
5.580762624740600586e-01 3.178482055664062500e-01 3.867732286453247070e-01 1.458646506071090698e-01 3.875160813331604004e-01 4.177536964416503906e-01 6.900917887687683105e-01 8.150776624679565430e-01 5.426459312438964844e-01 5.912240743637084961e-01
4.588168859481811523e-01 7.897855639457702637e-01 7.785482406616210938e-01 5.367404222488403320e-02 5.698889493942260742e-01 2.352263182401657104e-01 8.757845759391784668e-01 5.469117760658264160e-01 7.793813943862915039e-01 7.183177471160888672e-01
4.702274799346923828e-01 7.923321425914764404e-02 3.023134469985961914e-01 6.149211525917053223e-01 2.713197171688079834e-01 8.662471771240234375e-01 9.526184201240539551e-01 6.762518882751464844e-01 3.479858934879302979e-01 5.418782234191894531e-01
1.545830070972442627e-01 2.470268160104751587e-01 7.568011283874511719e-01 6.338478624820709229e-02 5.317744612693786621e-01 2.999152541160583496e-01 6.271275281906127930e-01 2.858234941959381104e-01 4.230336248874664307e-01 3.607960045337677002e-01
6.411487460136413574e-01 1.638892889022827148e-01 4.976443052291870117e-01 5.106997489929199219e-01 4.131425023078918457e-01 6.350581347942352295e-02 6.309407949447631836e-01 2.167895138263702393e-01 7.447645068168640137e-01 4.110558032989501953e-01
8.901391625404357910e-01 5.863839983940124512e-01 8.222754001617431641e-01 8.601270318031311035e-01 3.413626551628112793e-01 9.716524481773376465e-01 7.175837755203247070e-01 8.813610672950744629e-02 5.426459312438964844e-01 2.267903834581375122e-01
8.089333176612854004e-01 7.570158839225769043e-01 7.818185091018676758e-01 5.432794094085693359e-01 1.611866950988769531e-01 6.453894376754760742e-01 4.558705985546112061e-01 9.844514727592468262e-02 7.793813943862915039e-01 4.766639769077301025e-01
6.442108750343322754e-01 7.570158839225769043e-01 8.427639603614807129e-01 6.806821376085281372e-02 5.806435346603393555e-01 5.867251008749008179e-02 9.067114591598510742e-01 4.897050261497497559e-01 7.793813943862915039e-01 6.133849024772644043e-01
8.618751168251037598e-01 7.417845129966735840e-01 4.678146839141845703e-01 7.547586560249328613e-01 8.466641902923583984e-01 3.353718221187591553e-01 2.369254678487777710e-01 3.315982967615127563e-02 5.426459312438964844e-01 6.133849024772644043e-01
7.951684594154357910e-01 7.283158302307128906e-01 4.056076109409332275e-01 5.733292698860168457e-01 7.452301383018493652e-01 9.087058305740356445e-01 8.070913553237915039e-01 7.698513269424438477e-01 7.793813943862915039e-01 6.722655296325683594e-01
8.348277211189270020e-01 8.194407224655151367e-01 7.593669891357421875e-01 8.864348530769348145e-01 9.501879811286926270e-01 2.515240311622619629e-01 2.394739836454391479e-01 5.485336780548095703e-01 5.426459312438964844e-01 7.241246700286865234e-01
4.433733522891998291e-01 8.194407224655151367e-01 7.110061049461364746e-01 2.581035494804382324e-01 3.357700109481811523e-01 6.519629955291748047e-01 5.180891156196594238e-01 3.068102598190307617e-01 7.793813943862915039e-01 4.766639769077301025e-01
8.487920165061950684e-01 5.498692393302917480e-01 1.561276018619537354e-01 5.254220962524414062e-01 9.220682382583618164e-01 2.239540219306945801e-01 8.077887892723083496e-01 2.486939430236816406e-01 3.479858934879302979e-01 3.271488249301910400e-01
8.420047760009765625e-01 8.893357515335083008e-01 7.500999569892883301e-01 9.187263250350952148e-01 7.356898784637451172e-01 9.882419705390930176e-01 4.938713312149047852e-01 5.712430477142333984e-01 5.426459312438964844e-01 8.818930983543395996e-01
8.456836342811584473e-01 7.417845129966735840e-01 2.983087599277496338e-01 7.862316370010375977e-01 8.997946977615356445e-01 8.190551400184631348e-01 8.077887892723083496e-01 4.718819558620452881e-01 4.230336248874664307e-01 6.272374391555786133e-01
9.316508173942565918e-01 8.893357515335083008e-01 7.284326553344726562e-01 9.537178277969360352e-02 7.272952198982238770e-01 3.506813645362854004e-01 4.433202743530273438e-01 5.766003578901290894e-02 5.426459312438964844e-01 3.271488249301910400e-01
9.064999222755432129e-01 7.570158839225769043e-01 7.340289354324340820e-01 9.512654542922973633e-01 8.675296902656555176e-01 9.080631136894226074e-01 6.310108900070190430e-01 2.931144833564758301e-01 7.447645068168640137e-01 3.271488249301910400e-01
6.814293861389160156e-01 8.893357515335083008e-01 8.804022073745727539e-01 5.344033241271972656e-01 5.629352927207946777e-01 5.683711767196655273e-01 3.054590821266174316e-01 5.719900131225585938e-01 5.426459312438964844e-01 5.018802881240844727e-01
5.349418520927429199e-01 7.570158839225769043e-01 9.035437107086181641e-01 7.350836992263793945e-01 4.121678471565246582e-01 5.988419651985168457e-01 3.691758215427398682e-01 3.591119050979614258e-01 7.793813943862915039e-01 3.148651719093322754e-01
9.441300630569458008e-01 8.194407224655151367e-01 6.213496327400207520e-01 2.744737863540649414e-01 5.297358632087707520e-01 1.861996948719024658e-01 9.693449139595031738e-01 7.538171410560607910e-01 7.793813943862915039e-01 3.148651719093322754e-01
5.150327086448669434e-01 8.280145525932312012e-01 8.851751089096069336e-01 7.728643417358398438e-01 9.200009107589721680e-01 9.411013126373291016e-01 9.392509460449218750e-01 9.715861678123474121e-01 5.426459312438964844e-01 3.388481438159942627e-01
9.085015058517456055e-01 4.999361038208007812e-01 7.663225531578063965e-01 3.993489742279052734e-01 7.847223281860351562e-01 7.669913172721862793e-01 1.512796133756637573e-01 5.025619268417358398e-01 7.793813943862915039e-01 6.722655296325683594e-01
9.316508173942565918e-01 9.046331644058227539e-01 7.569067478179931641e-01 5.554820299148559570e-01 4.067389369010925293e-01 4.248865842819213867e-01 2.263926714658737183e-01 5.162935256958007812e-01 5.426459312438964844e-01 6.272374391555786133e-01
9.316508173942565918e-01 8.280145525932312012e-01 4.339104294776916504e-01 1.065509915351867676e-01 9.462649822235107422e-01 8.460589647293090820e-01 9.415335059165954590e-01 6.404360532760620117e-01 5.426459312438964844e-01 5.503284931182861328e-01
8.420047760009765625e-01 7.570158839225769043e-01 9.313464760780334473e-01 5.614457130432128906e-01 8.762476444244384766e-01 7.634291648864746094e-01 9.722880721092224121e-01 9.604657292366027832e-01 4.230336248874664307e-01 7.667756080627441406e-01
9.316508173942565918e-01 7.570158839225769043e-01 9.466392993927001953e-01 7.048036456108093262e-01 9.608252644538879395e-01 7.633548974990844727e-01 7.213249206542968750e-01 9.496055245399475098e-01 5.426459312438964844e-01 6.272374391555786133e-01
6.312049031257629395e-01 6.376033425331115723e-01 7.087075114250183105e-01 5.991171598434448242e-01 5.992159843444824219e-01 8.526854515075683594e-01 8.002467155456542969e-01 9.652731418609619141e-01 3.479858934879302979e-01 8.482600450515747070e-01
8.456836342811584473e-01 5.498692393302917480e-01 7.841364145278930664e-01 4.233003854751586914e-01 6.259995698928833008e-01 7.121493220329284668e-01 8.132153749465942383e-01 9.006606936454772949e-01 3.479858934879302979e-01 7.295594811439514160e-01
5.185329914093017578e-01 8.280145525932312012e-01 9.230086207389831543e-01 1.318424940109252930e-01 4.543951153755187988e-01 9.389875531196594238e-01 9.302744269371032715e-01 8.310207724571228027e-01 3.479858934879302979e-01 7.571750879287719727e-01
5.187999010086059570e-01 8.280145525932312012e-01 1.934458315372467041e-01 1.891156136989593506e-01 3.620548546314239502e-01 1.163638979196548462e-01 4.225254952907562256e-01 5.813164710998535156e-01 7.447645068168640137e-01 6.272374391555786133e-01
4.717454016208648682e-01 8.280145525932312012e-01 2.686262428760528564e-01 8.635377883911132812e-01 3.201245963573455811e-01 4.041416347026824951e-01 7.190613150596618652e-01 7.408136725425720215e-01 5.426459312438964844e-01 1.725214272737503052e-01
1.366022229194641113e-01 5.498692393302917480e-01 1.648946553468704224e-01 3.661943078041076660e-01 5.642465353012084961e-01 4.098763465881347656e-01 5.566587448120117188e-01 9.615091681480407715e-01 5.426459312438964844e-01 6.007577776908874512e-01
4.517448842525482178e-01 9.200946688652038574e-01 9.567790031433105469e-01 4.083618819713592529e-01 6.585084199905395508e-01 8.134875297546386719e-01 9.452375769615173340e-01 8.472243547439575195e-01 7.793813943862915039e-01 8.704049587249755859e-01
9.030745625495910645e-01 7.590956091880798340e-01 9.121621251106262207e-01 9.345781207084655762e-01 9.798220396041870117e-01 9.733628034591674805e-01 7.219964265823364258e-01 4.611699581146240234e-01 7.793813943862915039e-01 7.570030093193054199e-01
8.097794055938720703e-01 9.200946688652038574e-01 5.906365513801574707e-01 6.993163824081420898e-01 8.670135140419006348e-01 8.764346241950988770e-01 4.826462566852569580e-01 2.120002806186676025e-01 5.426459312438964844e-01 4.057007431983947754e-01
6.064099073410034180e-01 3.767220675945281982e-01 9.098680019378662109e-01 1.896034777164459229e-01 4.191954135894775391e-01 5.310248732566833496e-01 8.780537843704223633e-01 8.757676482200622559e-01 5.705758333206176758e-01 4.378327727317810059e-01
7.197892665863037109e-01 7.590956091880798340e-01 8.969352245330810547e-01 9.553812146186828613e-01 9.365215301513671875e-01 6.174430847167968750e-01 5.179882645606994629e-01 4.864579737186431885e-01 5.426459312438964844e-01 6.291500329971313477e-01
9.495471119880676270e-01 7.590956091880798340e-01 7.360466122627258301e-01 9.261259436607360840e-01 8.388945460319519043e-01 5.370666384696960449e-01 7.752256393432617188e-01 6.730557680130004883e-01 5.426459312438964844e-01 4.517505168914794922e-01
8.043180108070373535e-01 5.498692393302917480e-01 3.934682905673980713e-01 9.072514772415161133e-01 8.405062556266784668e-01 2.100200206041336060e-01 5.240297913551330566e-01 6.180048584938049316e-01 7.447645068168640137e-01 4.766639769077301025e-01
8.400751948356628418e-01 7.590956091880798340e-01 9.666948914527893066e-01 3.834347128868103027e-01 4.871471822261810303e-01 2.778365314006805420e-01 8.930437564849853516e-01 5.416591186076402664e-03 3.479858934879302979e-01 4.175497591495513916e-01
5.187999010086059570e-01 6.917253732681274414e-01 6.296547502279281616e-02 9.458502531051635742e-01 7.642759084701538086e-01 5.715493559837341309e-01 9.006745219230651855e-01 8.514020442962646484e-01 5.426459312438964844e-01 4.766639769077301025e-01
8.515388369560241699e-01 3.627887368202209473e-01 9.708912372589111328e-01 8.128244876861572266e-01 9.229615926742553711e-01 7.173800468444824219e-01 9.478437900543212891e-01 8.785726428031921387e-01 5.426459312438964844e-01 4.329053163528442383e-01
6.465219855308532715e-01 6.770309209823608398e-01 9.531620740890502930e-01 4.886526465415954590e-01 9.498925209045410156e-01 6.739264130592346191e-01 9.428619742393493652e-01 9.684431552886962891e-01 5.705758333206176758e-01 4.185258746147155762e-01
9.718731045722961426e-01 8.169843554496765137e-01 8.353199362754821777e-01 9.311906695365905762e-01 5.397860407829284668e-01 8.321451544761657715e-01 9.479085803031921387e-01 1.615592092275619507e-01 1.843797564506530762e-01 7.295594811439514160e-01
9.316508173942565918e-01 6.908949017524719238e-01 8.437811136245727539e-01 4.347772896289825439e-01 9.671154022216796875e-01 3.605942726135253906e-01 9.494218230247497559e-01 9.873917698860168457e-01 7.447645068168640137e-01 3.271488249301910400e-01
3.303759396076202393e-01 8.124561309814453125e-01 4.101179242134094238e-01 9.343479871749877930e-01 6.433148980140686035e-01 9.795022606849670410e-01 6.472593545913696289e-01 6.563505530357360840e-01 7.447645068168640137e-01 3.148651719093322754e-01
6.035546585917472839e-02 6.818475127220153809e-01 3.880654871463775635e-01 8.313552141189575195e-01 6.793417334556579590e-01 6.502566933631896973e-01 7.749332189559936523e-01 7.533311843872070312e-01 4.230336248874664307e-01 3.148651719093322754e-01
3.167787790298461914e-01 4.505507051944732666e-01 9.692650437355041504e-01 4.796158075332641602e-01 7.642759084701538086e-01 2.253974229097366333e-01 1.040097847580909729e-01 4.142160117626190186e-01 5.426459312438964844e-01 8.763027787208557129e-01
8.033066987991333008e-01 7.496405243873596191e-01 8.746522068977355957e-01 7.887182831764221191e-01 9.525856375694274902e-01 1.045258939266204834e-01 5.001244544982910156e-01 9.419617056846618652e-01 7.793813943862915039e-01 6.838338971138000488e-01
8.515388369560241699e-01 1.543019860982894897e-01 3.988672792911529541e-01 3.954954445362091064e-01 8.086031079292297363e-01 9.177983738481998444e-03 3.880555629730224609e-01 9.395015239715576172e-01 5.426459312438964844e-01 3.148651719093322754e-01
6.916007995605468750e-01 4.505507051944732666e-01 6.876740455627441406e-01 9.173973798751831055e-01 8.627405762672424316e-01 2.321976609528064728e-02 8.840606212615966797e-01 5.393908023834228516e-01 5.426459312438964844e-01 4.766639769077301025e-01
4.307135343551635742e-01 7.570158839225769043e-01 8.575756549835205078e-01 7.514975666999816895e-01 7.285721898078918457e-01 7.264337539672851562e-01 3.304146230220794678e-01 4.142160117626190186e-01 5.426459312438964844e-01 6.272374391555786133e-01
9.316508173942565918e-01 5.863839983940124512e-01 4.762289822101593018e-01 2.812183499336242676e-01 8.503248691558837891e-01 3.348264098167419434e-01 5.704342722892761230e-01 2.118662297725677490e-01 7.447645068168640137e-01 7.295594811439514160e-01
6.074933409690856934e-01 7.417845129966735840e-01 3.250854611396789551e-01 9.171444773674011230e-01 3.976905047893524170e-01 2.160447090864181519e-01 6.536043286323547363e-01 9.685826897621154785e-01 4.230336248874664307e-01 7.295594811439514160e-01
9.228821396827697754e-01 8.588526844978332520e-01 4.829912185668945312e-01 4.636105298995971680e-01 2.915926575660705566e-01 9.458594322204589844e-01 5.831431150436401367e-01 4.647773206233978271e-01 7.447645068168640137e-01 7.295594811439514160e-01
6.465219855308532715e-01 5.194101333618164062e-01 7.068343162536621094e-01 8.959754705429077148e-01 3.482975959777832031e-01 2.105692923069000244e-01 7.927034497261047363e-01 5.223048329353332520e-01 7.447645068168640137e-01 7.771291136741638184e-01
7.332205772399902344e-01 5.566760897636413574e-01 2.118221968412399292e-01 3.657373189926147461e-01 5.614467859268188477e-01 8.940068632364273071e-02 4.821041226387023926e-01 3.678070604801177979e-01 3.479858934879302979e-01 3.271488249301910400e-01
8.515388369560241699e-01 5.921752452850341797e-01 8.952519297599792480e-01 6.899048089981079102e-01 4.445712566375732422e-01 3.655020296573638916e-01 1.948401778936386108e-01 5.256724357604980469e-01 5.426459312438964844e-01 7.295594811439514160e-01
6.417506933212280273e-01 7.514553070068359375e-01 8.619824647903442383e-01 8.237685561180114746e-01 3.291564583778381348e-01 3.802644610404968262e-01 2.324759662151336670e-01 8.765797019004821777e-01 5.000000000000000000e-01 6.272374391555786133e-01
5.969390869140625000e-01 5.921752452850341797e-01 5.601157546043395996e-01 9.068533182144165039e-01 9.189242720603942871e-01 8.994653224945068359e-01 6.532565951347351074e-01 7.528750896453857422e-01 5.426459312438964844e-01 7.295594811439514160e-01
9.419113397598266602e-01 7.787384390830993652e-01 9.445193409919738770e-01 9.691514968872070312e-01 9.659075736999511719e-01 9.602972269058227539e-01 8.352034687995910645e-01 9.819853901863098145e-01 7.793813943862915039e-01 6.722655296325683594e-01
6.975236535072326660e-01 2.788835167884826660e-01 5.960502028465270996e-01 8.506059646606445312e-01 5.252681374549865723e-01 9.803905338048934937e-02 2.194941490888595581e-01 6.529401540756225586e-01 3.479858934879302979e-01 6.272374391555786133e-01
7.197892665863037109e-01 7.283158302307128906e-01 7.617733478546142578e-01 9.122176766395568848e-01 9.651744365692138672e-01 9.246353507041931152e-01 2.324759662151336670e-01 3.272750079631805420e-01 5.426459312438964844e-01 3.148651719093322754e-01
6.559443473815917969e-01 5.024394392967224121e-01 9.121596813201904297e-01 5.119389891624450684e-01 7.452301383018493652e-01 8.275134861469268799e-02 2.073816955089569092e-01 4.634421169757843018e-01 5.426459312438964844e-01 6.133849024772644043e-01
9.085015058517456055e-01 6.818475127220153809e-01 2.478809058666229248e-01 6.831040382385253906e-01 2.778787612915039062e-01 9.030938148498535156e-01 8.006190061569213867e-01 7.512133121490478516e-01 7.793813943862915039e-01 8.762603998184204102e-01
7.139680385589599609e-01 5.921752452850341797e-01 6.100167632102966309e-01 8.559953570365905762e-01 5.206649899482727051e-01 6.717330217361450195e-02 2.073816955089569092e-01 3.206484317779541016e-01 5.426459312438964844e-01 6.272374391555786133e-01
8.515388369560241699e-01 7.590956091880798340e-01 9.447973370552062988e-01 1.994714587926864624e-01 7.817221283912658691e-01 8.463021516799926758e-01 7.551891356706619263e-02 8.174524307250976562e-01 3.479858934879302979e-01 6.133849024772644043e-01
4.100190997123718262e-01 7.570158839225769043e-01 3.045973777770996094e-01 2.440600693225860596e-01 1.849771738052368164e-01 8.180611133575439453e-01 8.893983960151672363e-01 7.574833035469055176e-01 3.479858934879302979e-01 8.210449218750000000e-01
8.465367555618286133e-01 5.096260309219360352e-01 8.090900182723999023e-01 7.942646741867065430e-01 5.806435346603393555e-01 9.654763340950012207e-01 9.404135346412658691e-01 6.105027198791503906e-01 7.793813943862915039e-01 6.722655296325683594e-01
9.895929098129272461e-01 7.417845129966735840e-01 5.855821967124938965e-01 9.354011416435241699e-01 8.788840174674987793e-01 9.808304309844970703e-01 9.220029711723327637e-01 9.633745551109313965e-01 5.705758333206176758e-01 8.025817275047302246e-01
8.564102053642272949e-01 9.198557734489440918e-01 7.658228874206542969e-01 8.382426202297210693e-02 6.609748005867004395e-01 9.011023044586181641e-01 8.898134827613830566e-01 5.188189744949340820e-01 5.426459312438964844e-01 2.054634690284729004e-01
9.059544205665588379e-01 8.097866177558898926e-01 8.223700523376464844e-01 4.850003123283386230e-01 9.819019436836242676e-01 1.316719353199005127e-01 4.153468012809753418e-01 9.365661740303039551e-01 5.426459312438964844e-01 6.028535366058349609e-01
4.968657195568084717e-01 5.974106788635253906e-01 3.446182608604431152e-01 2.147736400365829468e-01 6.198452115058898926e-01 6.510622501373291016e-01 5.963227152824401855e-01 9.646790623664855957e-01 3.479858934879302979e-01 5.503284931182861328e-01
2.000662982463836670e-01 9.607356786727905273e-01 7.236973196268081665e-02 7.769753336906433105e-01 9.381293058395385742e-01 2.143912911415100098e-01 4.417612552642822266e-01 5.586630105972290039e-01 7.447645068168640137e-01 3.271488249301910400e-01
8.977155685424804688e-01 6.376033425331115723e-01 2.715478539466857910e-01 7.985258102416992188e-01 2.557362020015716553e-01 4.182873070240020752e-01 6.357402801513671875e-01 8.054909110069274902e-01 5.426459312438964844e-01 8.205234408378601074e-01
8.543018698692321777e-01 8.194407224655151367e-01 8.586402535438537598e-01 1.212008595466613770e-01 6.365997791290283203e-01 1.367423236370086670e-01 1.397944986820220947e-01 1.113601401448249817e-01 7.447645068168640137e-01 7.403699755668640137e-01
7.573227882385253906e-01 6.376033425331115723e-01 7.657243013381958008e-01 8.845736980438232422e-01 9.664806127548217773e-01 5.104491710662841797e-01 9.362629652023315430e-01 7.969822287559509277e-01 3.479858934879302979e-01 4.313174188137054443e-01
2.508471906185150146e-01 8.893357515335083008e-01 6.305816173553466797e-01 4.925661981105804443e-01 4.942767620086669922e-01 5.486088395118713379e-01 5.006549954414367676e-01 3.794952034950256348e-01 5.426459312438964844e-01 1.807166188955307007e-01
8.129650950431823730e-01 5.498692393302917480e-01 8.303771615028381348e-01 4.659708142280578613e-01 9.548680186271667480e-01 1.838504672050476074e-01 6.318805813789367676e-01 6.169772148132324219e-02 5.426459312438964844e-01 3.148651719093322754e-01
6.857590675354003906e-01 4.999361038208007812e-01 1.741630434989929199e-01 5.049905776977539062e-01 3.978004753589630127e-01 2.130989544093608856e-02 2.077385932207107544e-01 9.568679928779602051e-01 5.426459312438964844e-01 6.133849024772644043e-01
9.745094180107116699e-01 5.863839983940124512e-01 9.555780887603759766e-01 9.892606735229492188e-01 8.409368991851806641e-01 8.248926401138305664e-01 9.130042195320129395e-01 5.942166447639465332e-01 3.479858934879302979e-01 6.028535366058349609e-01
4.968657195568084717e-01 1.771594882011413574e-01 5.886381268501281738e-01 9.106742739677429199e-01 8.401019573211669922e-01 9.327206611633300781e-01 4.066233932971954346e-01 6.148486733436584473e-01 5.426459312438964844e-01 3.148651719093322754e-01
6.975236535072326660e-01 7.230857610702514648e-01 8.236474394798278809e-01 4.873179271817207336e-02 3.973910212516784668e-01 1.853913515806198120e-01 2.676857411861419678e-01 6.735444068908691406e-01 7.447645068168640137e-01 4.766639769077301025e-01
7.369996905326843262e-01 2.375884652137756348e-01 2.257930189371109009e-01 4.888854920864105225e-01 6.231065392494201660e-01 1.460843533277511597e-01 6.997600793838500977e-01 1.212980449199676514e-01 3.479858934879302979e-01 5.503284931182861328e-01
1.542615890502929688e-01 2.807101011276245117e-01 4.680082499980926514e-01 6.657274961471557617e-01 2.086154222488403320e-01 8.760588765144348145e-01 5.369755625724792480e-01 7.879943251609802246e-01 5.000000000000000000e-01 8.878834247589111328e-01
