4.792614579200744629e-01 7.954891324043273926e-01 4.654055833816528320e-01 2.319306582212448120e-01 3.880589306354522705e-01 2.712624073028564453e-01 8.606363534927368164e-01 4.071878492832183838e-01 1.796704381704330444e-01 3.979626893997192383e-01
1.361600309610366821e-01 7.482733726501464844e-01 1.917225718498229980e-01 2.319306582212448120e-01 3.880589306354522705e-01 2.712624073028564453e-01 7.740817666053771973e-01 4.071878492832183838e-01 1.796704381704330444e-01 3.979626893997192383e-01
7.209354639053344727e-01 8.245363831520080566e-01 4.413303732872009277e-01 3.549284636974334717e-01 2.368807792663574219e-01 4.133852124214172363e-01 8.418270349502563477e-01 4.071878492832183838e-01 1.796704381704330444e-01 9.425977468490600586e-01
8.890519738197326660e-01 8.235348463058471680e-01 6.731166243553161621e-01 8.163968324661254883e-01 6.884045004844665527e-01 6.984639167785644531e-01 9.402264356613159180e-01 7.777537703514099121e-01 8.026692271232604980e-01 9.425977468490600586e-01
7.564378976821899414e-01 8.928849101066589355e-01 6.731166243553161621e-01 6.405736804008483887e-01 6.884045004844665527e-01 4.133852124214172363e-01 5.704800486564636230e-01 7.777537703514099121e-01 5.857288837432861328e-01 9.425977468490600586e-01
6.137298345565795898e-01 6.837661266326904297e-01 7.133777737617492676e-01 8.691413402557373047e-01 7.208653688430786133e-01 3.581686317920684814e-01 9.277641773223876953e-01 7.777537703514099121e-01 6.558384299278259277e-01 9.843313694000244141e-01
6.137298345565795898e-01 7.692586779594421387e-01 7.133777737617492676e-01 8.691413402557373047e-01 7.208653688430786133e-01 3.581686317920684814e-01 9.842394590377807617e-01 7.777537703514099121e-01 7.718350887298583984e-01 9.843313694000244141e-01
1.982210427522659302e-01 3.309842944145202637e-01 3.595481216907501221e-01 5.220196247100830078e-01 5.166784524917602539e-01 3.581686317920684814e-01 3.216789662837982178e-01 5.580672025680541992e-01 3.984513878822326660e-01 5.549862384796142578e-01
1.268583834171295166e-01 6.020147204399108887e-01 3.595481216907501221e-01 3.761377036571502686e-01 5.166784524917602539e-01 3.581686317920684814e-01 5.334898829460144043e-01 5.580672025680541992e-01 3.984513878822326660e-01 5.549862384796142578e-01
1.854404807090759277e-01 5.636199712753295898e-01 3.595481216907501221e-01 5.220196247100830078e-01 5.166784524917602539e-01 3.581686317920684814e-01 5.753330588340759277e-01 5.580672025680541992e-01 6.558384299278259277e-01 8.746253848075866699e-01
1.736410409212112427e-01 6.020147204399108887e-01 3.595481216907501221e-01 5.220196247100830078e-01 5.166784524917602539e-01 3.581686317920684814e-01 2.259433865547180176e-01 5.580672025680541992e-01 6.558384299278259277e-01 5.549862384796142578e-01
7.530730962753295898e-02 6.020147204399108887e-01 3.595481216907501221e-01 3.761377036571502686e-01 5.166784524917602539e-01 5.000000000000000000e-01 6.744005680084228516e-01 5.580672025680541992e-01 6.558384299278259277e-01 5.549862384796142578e-01
1.297190189361572266e-01 8.693977594375610352e-01 3.595481216907501221e-01 5.220196247100830078e-01 5.166784524917602539e-01 6.984639167785644531e-01 7.482850551605224609e-01 5.580672025680541992e-01 4.959977865219116211e-01 5.549862384796142578e-01
6.198182702064514160e-01 7.953863143920898438e-01 4.526996016502380371e-01 7.117168307304382324e-01 4.776775836944580078e-01 6.984639167785644531e-01 8.432668447494506836e-01 5.580672025680541992e-01 8.026692271232604980e-01 8.014486432075500488e-01
7.748675346374511719e-01 7.953863143920898438e-01 4.526996016502380371e-01 7.117168307304382324e-01 4.776775836944580078e-01 5.000000000000000000e-01 9.214139580726623535e-01 5.580672025680541992e-01 8.026692271232604980e-01 6.913200020790100098e-01
7.681369781494140625e-01 7.482733726501464844e-01 7.800945043563842773e-01 7.117168307304382324e-01 4.776775836944580078e-01 5.000000000000000000e-01 9.615041017532348633e-01 5.580672025680541992e-01 8.026692271232604980e-01 8.243665695190429688e-01
4.258385896682739258e-01 3.236914277076721191e-01 4.878212809562683105e-01 2.319306582212448120e-01 1.470370441675186157e-01 2.712624073028564453e-01 8.489744067192077637e-01 4.071878492832183838e-01 4.576667398214340210e-02 1.883745342493057251e-01
1.725878715515136719e-01 6.507008671760559082e-01 6.514301300048828125e-01 4.837699234485626221e-01 2.411424517631530762e-01 2.712624073028564453e-01 7.375766038894653320e-01 4.071878492832183838e-01 4.576667398214340210e-02 1.883745342493057251e-01
1.361600309610366821e-01 2.113295048475265503e-01 7.938843965530395508e-01 2.319306582212448120e-01 2.411424517631530762e-01 2.712624073028564453e-01 7.375766038894653320e-01 4.071878492832183838e-01 4.576667398214340210e-02 4.411878287792205811e-01
1.725878715515136719e-01 6.520245671272277832e-01 5.120585560798645020e-01 4.837699234485626221e-01 2.411424517631530762e-01 2.712624073028564453e-01 7.375766038894653320e-01 4.071878492832183838e-01 4.576667398214340210e-02 1.883745342493057251e-01
1.725878715515136719e-01 6.520245671272277832e-01 5.120585560798645020e-01 4.995787143707275391e-01 2.411424517631530762e-01 2.712624073028564453e-01 9.018877744674682617e-01 4.071878492832183838e-01 4.576667398214340210e-02 1.531047672033309937e-01
1.725878715515136719e-01 6.520245671272277832e-01 6.926223039627075195e-01 4.995787143707275391e-01 6.754946112632751465e-01 7.657756805419921875e-01 3.510339558124542236e-01 4.071878492832183838e-01 1.588868200778961182e-01 1.531047672033309937e-01
4.556663334369659424e-02 6.520245671272277832e-01 6.926223039627075195e-01 4.995787143707275391e-01 6.754946112632751465e-01 7.657756805419921875e-01 3.510339558124542236e-01 4.071878492832183838e-01 5.320720076560974121e-01 1.531047672033309937e-01
2.862535044550895691e-02 4.862784147262573242e-01 4.017906785011291504e-01 6.570469141006469727e-01 6.754946112632751465e-01 7.657756805419921875e-01 3.510339558124542236e-01 7.372205257415771484e-01 5.320720076560974121e-01 8.270083069801330566e-01
7.020477205514907837e-02 5.119675397872924805e-01 6.926223039627075195e-01 4.995787143707275391e-01 6.754946112632751465e-01 7.657756805419921875e-01 3.510339558124542236e-01 4.071878492832183838e-01 5.320720076560974121e-01 1.531047672033309937e-01
2.507559768855571747e-02 4.862784147262573242e-01 4.017906785011291504e-01 6.570469141006469727e-01 6.754946112632751465e-01 7.657756805419921875e-01 3.510339558124542236e-01 7.372205257415771484e-01 5.320720076560974121e-01 7.112364172935485840e-01
1.598503142595291138e-01 5.119675397872924805e-01 6.926223039627075195e-01 6.570469141006469727e-01 6.754946112632751465e-01 7.657756805419921875e-01 3.510339558124542236e-01 7.372205257415771484e-01 5.320720076560974121e-01 7.112364172935485840e-01
1.353983730077743530e-01 4.862784147262573242e-01 6.926223039627075195e-01 6.570469141006469727e-01 6.754946112632751465e-01 7.657756805419921875e-01 3.510339558124542236e-01 7.372205257415771484e-01 5.320720076560974121e-01 7.112364172935485840e-01
1.598503142595291138e-01 4.862784147262573242e-01 6.926223039627075195e-01 6.570469141006469727e-01 6.754946112632751465e-01 7.657756805419921875e-01 2.622128129005432129e-01 4.449626207351684570e-01 5.320720076560974121e-01 7.112364172935485840e-01
1.598503142595291138e-01 4.862784147262573242e-01 4.017906785011291504e-01 6.570469141006469727e-01 6.754946112632751465e-01 6.314519643783569336e-01 2.622128129005432129e-01 4.449626207351684570e-01 5.320720076560974121e-01 7.112364172935485840e-01
2.508913874626159668e-01 4.862784147262573242e-01 4.017906785011291504e-01 4.512270987033843994e-01 6.754946112632751465e-01 6.314519643783569336e-01 1.659231483936309814e-01 4.449626207351684570e-01 5.320720076560974121e-01 8.933722972869873047e-01
3.882705867290496826e-01 1.200125142931938171e-01 1.318031251430511475e-01 6.074161529541015625e-01 5.303470492362976074e-01 6.314519643783569336e-01 9.789763391017913818e-02 4.449626207351684570e-01 7.076119184494018555e-01 8.238310217857360840e-01
1.821530759334564209e-01 1.493941098451614380e-01 2.409155517816543579e-01 6.074161529541015625e-01 7.038708925247192383e-01 6.314519643783569336e-01 2.774117290973663330e-01 4.449626207351684570e-01 4.029984176158905029e-01 3.311143517494201660e-01
3.428856283426284790e-02 4.216784536838531494e-01 1.318031251430511475e-01 2.371058017015457153e-01 6.754946112632751465e-01 6.314519643783569336e-01 9.789763391017913818e-02 4.449626207351684570e-01 7.076119184494018555e-01 8.933722972869873047e-01
3.057491220533847809e-02 4.862784147262573242e-01 4.017906785011291504e-01 4.512270987033843994e-01 6.754946112632751465e-01 6.314519643783569336e-01 1.132400482892990112e-01 4.449626207351684570e-01 5.682882070541381836e-01 7.112364172935485840e-01
3.057491220533847809e-02 4.862784147262573242e-01 4.017906785011291504e-01 4.512270987033843994e-01 6.754946112632751465e-01 6.314519643783569336e-01 1.852549314498901367e-01 4.449626207351684570e-01 5.682882070541381836e-01 5.163380503654479980e-01
3.030232898890972137e-02 5.119675397872924805e-01 4.017906785011291504e-01 4.512270987033843994e-01 6.754946112632751465e-01 6.314519643783569336e-01 1.132400482892990112e-01 4.449626207351684570e-01 7.545664906501770020e-01 8.933722972869873047e-01
2.507559768855571747e-02 4.862784147262573242e-01 5.840527415275573730e-01 4.512270987033843994e-01 6.754946112632751465e-01 6.314519643783569336e-01 6.670966744422912598e-02 4.449626207351684570e-01 5.682882070541381836e-01 8.933722972869873047e-01
1.800402998924255371e-01 5.119675397872924805e-01 5.840527415275573730e-01 4.512270987033843994e-01 6.754946112632751465e-01 6.314519643783569336e-01 2.018297463655471802e-01 4.449626207351684570e-01 7.076119184494018555e-01 8.933722972869873047e-01
2.507559768855571747e-02 4.862784147262573242e-01 5.840527415275573730e-01 4.512270987033843994e-01 6.754946112632751465e-01 6.314519643783569336e-01 1.132400482892990112e-01 4.449626207351684570e-01 7.076119184494018555e-01 8.933722972869873047e-01
3.030232898890972137e-02 4.862784147262573242e-01 4.017906785011291504e-01 4.512270987033843994e-01 6.754946112632751465e-01 6.314519643783569336e-01 3.126038610935211182e-01 4.449626207351684570e-01 7.076119184494018555e-01 8.933722972869873047e-01
2.507559768855571747e-02 4.862784147262573242e-01 1.318031251430511475e-01 6.570469141006469727e-01 6.754946112632751465e-01 6.314519643783569336e-01 1.852549314498901367e-01 4.449626207351684570e-01 3.224476873874664307e-01 7.112364172935485840e-01
3.057491220533847809e-02 2.630266249179840088e-01 4.017906785011291504e-01 3.900305330753326416e-01 6.754946112632751465e-01 6.314519643783569336e-01 5.615721270442008972e-02 4.449626207351684570e-01 2.056269645690917969e-01 5.163380503654479980e-01
3.057491220533847809e-02 2.630266249179840088e-01 4.017906785011291504e-01 3.900305330753326416e-01 6.754946112632751465e-01 6.314519643783569336e-01 5.615721270442008972e-02 2.562278807163238525e-01 2.056269645690917969e-01 5.163380503654479980e-01
3.421368822455406189e-02 2.630266249179840088e-01 4.017906785011291504e-01 3.900305330753326416e-01 6.754946112632751465e-01 6.314519643783569336e-01 8.717367053031921387e-02 2.562278807163238525e-01 2.056269645690917969e-01 2.705770730972290039e-01
1.004048902541399002e-02 2.834287583827972412e-01 4.017906785011291504e-01 2.153353840112686157e-01 6.754946112632751465e-01 6.314519643783569336e-01 3.222969546914100647e-02 2.562278807163238525e-01 1.656623333692550659e-01 7.840861678123474121e-01
9.440442174673080444e-02 1.200125142931938171e-01 1.318031251430511475e-01 4.512270987033843994e-01 5.303470492362976074e-01 6.314519643783569336e-01 6.670966744422912598e-02 2.562278807163238525e-01 3.224476873874664307e-01 8.238310217857360840e-01
4.839378967881202698e-02 2.630266249179840088e-01 1.318031251430511475e-01 4.512270987033843994e-01 6.754946112632751465e-01 6.314519643783569336e-01 5.615721270442008972e-02 2.562278807163238525e-01 3.224476873874664307e-01 7.840861678123474121e-01
2.651209831237792969e-01 1.200125142931938171e-01 1.318031251430511475e-01 4.512270987033843994e-01 5.303470492362976074e-01 6.314519643783569336e-01 6.670966744422912598e-02 2.562278807163238525e-01 3.224476873874664307e-01 8.238310217857360840e-01
4.839378967881202698e-02 2.630266249179840088e-01 1.318031251430511475e-01 4.512270987033843994e-01 6.754946112632751465e-01 6.314519643783569336e-01 5.615721270442008972e-02 2.562278807163238525e-01 3.224476873874664307e-01 7.840861678123474121e-01
9.440442174673080444e-02 2.630266249179840088e-01 1.318031251430511475e-01 4.512270987033843994e-01 5.303470492362976074e-01 6.314519643783569336e-01 1.053978055715560913e-01 2.562278807163238525e-01 3.224476873874664307e-01 7.005092501640319824e-01
6.651868671178817749e-02 1.200125142931938171e-01 1.318031251430511475e-01 4.793201088905334473e-01 6.281690597534179688e-01 6.314519643783569336e-01 1.212226897478103638e-01 2.562278807163238525e-01 3.224476873874664307e-01 4.479120075702667236e-01
4.672602191567420959e-02 8.658388257026672363e-02 2.381449490785598755e-01 3.471944332122802734e-01 6.281690597534179688e-01 6.314519643783569336e-01 1.797054260969161987e-01 3.453589677810668945e-01 1.171865388751029968e-01 2.184338569641113281e-01
5.950490944087505341e-03 2.630266249179840088e-01 4.017906785011291504e-01 2.153353840112686157e-01 6.754946112632751465e-01 6.314519643783569336e-01 7.134956866502761841e-02 2.562278807163238525e-01 1.656623333692550659e-01 7.840861678123474121e-01
5.950490944087505341e-03 2.380095124244689941e-01 4.017906785011291504e-01 2.153353840112686157e-01 6.754946112632751465e-01 6.314519643783569336e-01 8.417090028524398804e-02 2.562278807163238525e-01 3.224476873874664307e-01 7.840861678123474121e-01
3.057491220533847809e-02 2.380095124244689941e-01 4.017906785011291504e-01 2.092574238777160645e-01 6.754946112632751465e-01 6.314519643783569336e-01 3.394766524434089661e-02 2.562278807163238525e-01 1.656623333692550659e-01 2.705770730972290039e-01
3.307013213634490967e-02 2.630266249179840088e-01 4.017906785011291504e-01 3.900305330753326416e-01 6.754946112632751465e-01 6.314519643783569336e-01 2.853819727897644043e-02 2.562278807163238525e-01 1.656623333692550659e-01 2.705770730972290039e-01
5.678526312112808228e-02 2.834287583827972412e-01 4.017906785011291504e-01 2.153353840112686157e-01 6.754946112632751465e-01 6.314519643783569336e-01 2.137156724929809570e-01 2.562278807163238525e-01 1.656623333692550659e-01 7.840861678123474121e-01
6.174942255020141602e-01 1.200125142931938171e-01 1.318031251430511475e-01 4.384231567382812500e-01 8.059788942337036133e-01 6.314519643783569336e-01 4.724107980728149414e-01 2.562278807163238525e-01 3.224476873874664307e-01 7.252897620201110840e-01
7.284653782844543457e-01 8.658388257026672363e-02 4.062439501285552979e-01 3.562169969081878662e-01 8.059788942337036133e-01 6.314519643783569336e-01 4.673998951911926270e-01 5.623053312301635742e-01 3.224476873874664307e-01 7.252897620201110840e-01
2.084085196256637573e-01 1.958809345960617065e-01 4.062439501285552979e-01 6.620466709136962891e-01 8.059788942337036133e-01 6.314519643783569336e-01 4.793178141117095947e-01 2.562278807163238525e-01 3.224476873874664307e-01 7.252897620201110840e-01
1.537483036518096924e-01 6.520245671272277832e-01 1.917225718498229980e-01 4.512270987033843994e-01 5.303470492362976074e-01 6.314519643783569336e-01 1.132400482892990112e-01 2.562278807163238525e-01 3.224476873874664307e-01 7.252897620201110840e-01
8.252169936895370483e-02 4.140019714832305908e-01 6.926223039627075195e-01 3.900305330753326416e-01 6.754946112632751465e-01 6.314519643783569336e-01 2.853819727897644043e-02 2.562278807163238525e-01 2.030612528324127197e-01 5.578811168670654297e-01
3.797080367803573608e-02 4.140019714832305908e-01 6.926223039627075195e-01 2.153353840112686157e-01 6.754946112632751465e-01 6.314519643783569336e-01 7.134956866502761841e-02 2.562278807163238525e-01 1.656623333692550659e-01 9.149404764175415039e-01
7.752861827611923218e-02 1.200125142931938171e-01 2.409155517816543579e-01 3.562169969081878662e-01 8.059788942337036133e-01 6.314519643783569336e-01 3.206049501895904541e-01 2.562278807163238525e-01 3.224476873874664307e-01 7.252897620201110840e-01
4.672602191567420959e-02 8.658388257026672363e-02 2.381449490785598755e-01 3.471944332122802734e-01 6.281690597534179688e-01 6.314519643783569336e-01 4.283869564533233643e-01 3.453589677810668945e-01 3.904211819171905518e-01 4.208438098430633545e-01
4.352590739727020264e-01 2.721216678619384766e-01 2.381449490785598755e-01 1.463034451007843018e-01 6.281690597534179688e-01 6.314519643783569336e-01 1.383334696292877197e-01 3.453589677810668945e-01 3.904211819171905518e-01 2.184338569641113281e-01
2.418364435434341431e-01 3.031412065029144287e-01 3.072728216648101807e-01 2.202706187963485718e-01 4.066465795040130615e-01 6.314519643783569336e-01 2.925231158733367920e-01 3.453589677810668945e-01 3.904211819171905518e-01 2.184338569641113281e-01
6.542109847068786621e-01 4.842462837696075439e-01 5.650421380996704102e-01 4.653876721858978271e-01 6.275860071182250977e-01 6.314519643783569336e-01 4.470511972904205322e-01 5.623053312301635742e-01 6.966210007667541504e-01 7.365952730178833008e-01
4.703205451369285583e-02 6.520245671272277832e-01 2.409155517816543579e-01 4.512270987033843994e-01 5.303470492362976074e-01 6.314519643783569336e-01 4.663044512271881104e-01 4.449626207351684570e-01 6.966210007667541504e-01 5.690698027610778809e-01
8.252169936895370483e-02 4.140019714832305908e-01 5.840527415275573730e-01 3.900305330753326416e-01 6.754946112632751465e-01 6.314519643783569336e-01 8.014001697301864624e-02 4.449626207351684570e-01 4.892811477184295654e-01 2.705770730972290039e-01
5.678526312112808228e-02 2.834287583827972412e-01 4.017906785011291504e-01 2.153353840112686157e-01 6.754946112632751465e-01 6.314519643783569336e-01 2.849686145782470703e-01 4.449626207351684570e-01 4.892811477184295654e-01 6.627452373504638672e-01
1.916543021798133850e-02 4.140019714832305908e-01 4.017906785011291504e-01 2.153353840112686157e-01 6.754946112632751465e-01 6.314519643783569336e-01 2.829351425170898438e-01 4.449626207351684570e-01 4.892811477184295654e-01 6.627452373504638672e-01
3.255838528275489807e-02 4.140019714832305908e-01 5.840527415275573730e-01 2.153353840112686157e-01 6.754946112632751465e-01 6.314519643783569336e-01 2.380151860415935516e-02 4.449626207351684570e-01 5.798714160919189453e-01 6.627452373504638672e-01
4.861224815249443054e-02 6.642069220542907715e-01 5.840527415275573730e-01 3.900305330753326416e-01 6.754946112632751465e-01 6.314519643783569336e-01 1.257334090769290924e-02 4.449626207351684570e-01 5.798714160919189453e-01 2.705770730972290039e-01
3.307013213634490967e-02 6.642069220542907715e-01 5.840527415275573730e-01 3.900305330753326416e-01 6.754946112632751465e-01 6.314519643783569336e-01 2.853819727897644043e-02 4.449626207351684570e-01 5.798714160919189453e-01 5.596436262130737305e-01
5.678526312112808228e-02 2.834287583827972412e-01 5.840527415275573730e-01 3.900305330753326416e-01 6.754946112632751465e-01 6.314519643783569336e-01 1.257334090769290924e-02 2.562278807163238525e-01 5.798714160919189453e-01 5.578811168670654297e-01
1.084232181310653687e-01 4.140019714832305908e-01 5.840527415275573730e-01 3.900305330753326416e-01 6.754946112632751465e-01 6.314519643783569336e-01 2.483493834733963013e-02 2.562278807163238525e-01 6.391465663909912109e-01 7.889213562011718750e-01
1.091775223612785339e-01 2.834287583827972412e-01 2.409155517816543579e-01 3.900305330753326416e-01 6.754946112632751465e-01 6.314519643783569336e-01 5.276299640536308289e-02 2.562278807163238525e-01 6.391465663909912109e-01 8.477241992950439453e-01
1.537483036518096924e-01 4.140019714832305908e-01 2.409155517816543579e-01 2.153353840112686157e-01 6.754946112632751465e-01 6.314519643783569336e-01 2.709578163921833038e-02 2.562278807163238525e-01 6.391465663909912109e-01 2.993842065334320068e-01
1.550907082855701447e-02 4.140019714832305908e-01 2.409155517816543579e-01 2.153353840112686157e-01 6.754946112632751465e-01 6.314519643783569336e-01 1.534942071884870529e-02 2.562278807163238525e-01 6.391465663909912109e-01 4.607224762439727783e-01
6.365224719047546387e-02 4.140019714832305908e-01 5.840527415275573730e-01 2.153353840112686157e-01 6.754946112632751465e-01 6.314519643783569336e-01 1.184637024998664856e-01 2.562278807163238525e-01 6.391465663909912109e-01 6.627452373504638672e-01
1.537483036518096924e-01 6.338505744934082031e-01 5.840527415275573730e-01 3.366800248622894287e-01 6.754946112632751465e-01 6.314519643783569336e-01 3.394766524434089661e-02 2.562278807163238525e-01 6.391465663909912109e-01 9.275633096694946289e-01
3.825598955154418945e-02 2.571482062339782715e-01 3.374470472335815430e-01 2.153353840112686157e-01 6.754946112632751465e-01 6.314519643783569336e-01 4.124587401747703552e-02 2.562278807163238525e-01 6.391465663909912109e-01 4.607224762439727783e-01
5.246899649500846863e-02 2.973354458808898926e-01 1.917225718498229980e-01 3.562169969081878662e-01 5.641889572143554688e-01 2.565465271472930908e-01 5.062778666615486145e-02 2.562278807163238525e-01 3.701963722705841064e-01 1.805917322635650635e-01
2.433754876255989075e-02 1.734964549541473389e-01 9.777297079563140869e-02 3.471944332122802734e-01 5.641889572143554688e-01 2.565465271472930908e-01 1.890299655497074127e-02 2.562278807163238525e-01 3.904211819171905518e-01 1.497195065021514893e-01
2.175213210284709930e-02 4.955127537250518799e-01 2.409155517816543579e-01 5.057780742645263672e-01 3.141736984252929688e-01 2.565465271472930908e-01 1.166952848434448242e-01 2.562278807163238525e-01 5.514508485794067383e-01 1.805917322635650635e-01
2.108457982540130615e-01 5.531708002090454102e-01 3.072728216648101807e-01 4.671495258808135986e-01 5.641889572143554688e-01 6.763033270835876465e-01 4.383517429232597351e-02 3.453589677810668945e-01 3.904211819171905518e-01 1.621668189764022827e-01
7.435966283082962036e-02 2.939654290676116943e-01 4.779330492019653320e-01 6.210540533065795898e-01 6.275860071182250977e-01 2.565465271472930908e-01 8.222766965627670288e-02 5.623053312301635742e-01 6.966210007667541504e-01 6.692419648170471191e-01
8.729297667741775513e-03 7.162402868270874023e-01 2.409155517816543579e-01 6.032968759536743164e-01 3.141736984252929688e-01 3.772514164447784424e-01 1.949597299098968506e-01 4.449626207351684570e-01 5.514508485794067383e-01 9.928974509239196777e-02
4.249694198369979858e-02 4.786510765552520752e-01 2.409155517816543579e-01 7.837005853652954102e-01 8.059788942337036133e-01 6.314519643783569336e-01 4.741050601005554199e-01 4.449626207351684570e-01 5.514508485794067383e-01 3.253918886184692383e-01
8.729297667741775513e-03 3.895476460456848145e-01 2.409155517816543579e-01 5.057780742645263672e-01 8.059788942337036133e-01 6.314519643783569336e-01 1.166952848434448242e-01 4.449626207351684570e-01 5.514508485794067383e-01 3.253918886184692383e-01
8.729297667741775513e-03 3.895476460456848145e-01 2.409155517816543579e-01 3.479257524013519287e-01 5.303470492362976074e-01 6.314519643783569336e-01 4.434031620621681213e-02 2.562278807163238525e-01 4.892811477184295654e-01 3.253918886184692383e-01
1.550907082855701447e-02 6.211950182914733887e-01 2.409155517816543579e-01 4.422436356544494629e-01 5.303470492362976074e-01 6.314519643783569336e-01 7.838445156812667847e-02 2.562278807163238525e-01 4.892811477184295654e-01 3.253918886184692383e-01
2.777116894721984863e-01 6.211950182914733887e-01 4.779330492019653320e-01 6.538669466972351074e-01 8.059788942337036133e-01 6.314519643783569336e-01 4.685471653938293457e-01 2.562278807163238525e-01 5.514508485794067383e-01 3.253918886184692383e-01
2.777116894721984863e-01 1.066297516226768494e-01 4.779330492019653320e-01 5.908235907554626465e-01 8.059788942337036133e-01 6.314519643783569336e-01 1.588588058948516846e-01 5.623053312301635742e-01 5.514508485794067383e-01 3.253918886184692383e-01
6.416592597961425781e-01 3.895476460456848145e-01 4.779330492019653320e-01 5.057780742645263672e-01 8.059788942337036133e-01 6.314519643783569336e-01 3.247597813606262207e-01 5.623053312301635742e-01 5.514508485794067383e-01 3.253918886184692383e-01
9.009977579116821289e-01 3.746227324008941650e-01 4.779330492019653320e-01 3.175340890884399414e-01 6.275860071182250977e-01 2.565465271472930908e-01 7.435567975044250488e-01 5.623053312301635742e-01 6.966210007667541504e-01 6.692419648170471191e-01
6.734336018562316895e-01 6.750397682189941406e-01 3.832756876945495605e-01 3.709379732608795166e-01 6.275860071182250977e-01 6.763033270835876465e-01 8.526537418365478516e-01 7.777537703514099121e-01 8.457336425781250000e-01 6.692419648170471191e-01
3.772782683372497559e-01 2.939654290676116943e-01 1.750546246767044067e-01 3.709379732608795166e-01 5.641889572143554688e-01 2.565465271472930908e-01 4.337112903594970703e-01 7.777537703514099121e-01 4.173806309700012207e-01 3.710035979747772217e-01
1.603351533412933350e-01 7.162402868270874023e-01 4.779330492019653320e-01 6.032968759536743164e-01 6.275860071182250977e-01 6.426966786384582520e-01 8.539707064628601074e-01 5.249767303466796875e-01 5.514508485794067383e-01 2.322811782360076904e-01
3.595258668065071106e-02 7.162402868270874023e-01 2.409155517816543579e-01 6.032968759536743164e-01 3.141736984252929688e-01 3.772514164447784424e-01 4.901062250137329102e-01 5.249767303466796875e-01 5.514508485794067383e-01 3.880404829978942871e-01
2.641572989523410797e-02 8.211513757705688477e-01 2.409155517816543579e-01 6.032968759536743164e-01 6.754946112632751465e-01 7.657756805419921875e-01 5.319568514823913574e-01 7.372205257415771484e-01 4.892811477184295654e-01 6.627452373504638672e-01
1.537483036518096924e-01 6.338505744934082031e-01 5.840527415275573730e-01 6.032968759536743164e-01 6.754946112632751465e-01 7.657756805419921875e-01 1.713719069957733154e-01 7.372205257415771484e-01 4.892811477184295654e-01 5.663438439369201660e-01
8.252169936895370483e-02 6.338505744934082031e-01 6.926223039627075195e-01 3.366800248622894287e-01 6.754946112632751465e-01 7.657756805419921875e-01 4.952641949057579041e-02 4.449626207351684570e-01 7.142935991287231445e-01 5.235255956649780273e-01
4.861224815249443054e-02 6.338505744934082031e-01 6.926223039627075195e-01 3.366800248622894287e-01 6.754946112632751465e-01 6.314519643783569336e-01 3.394766524434089661e-02 2.562278807163238525e-01 6.427781581878662109e-01 4.611594378948211670e-01
4.861224815249443054e-02 6.338505744934082031e-01 4.017906785011291504e-01 2.092574238777160645e-01 6.754946112632751465e-01 6.314519643783569336e-01 3.394766524434089661e-02 2.562278807163238525e-01 6.427781581878662109e-01 6.242198944091796875e-01
5.678526312112808228e-02 4.921757578849792480e-01 4.017906785011291504e-01 3.366800248622894287e-01 6.754946112632751465e-01 6.314519643783569336e-01 3.394766524434089661e-02 2.562278807163238525e-01 6.427781581878662109e-01 6.242198944091796875e-01
3.057491220533847809e-02 4.665303826332092285e-01 4.017906785011291504e-01 2.092574238777160645e-01 6.754946112632751465e-01 6.314519643783569336e-01 3.394766524434089661e-02 2.562278807163238525e-01 6.427781581878662109e-01 6.242198944091796875e-01
3.057491220533847809e-02 4.665303826332092285e-01 4.017906785011291504e-01 2.092574238777160645e-01 6.754946112632751465e-01 6.314519643783569336e-01 3.394766524434089661e-02 2.562278807163238525e-01 6.427781581878662109e-01 6.242198944091796875e-01
1.036897860467433929e-02 1.688794791698455811e-01 6.926223039627075195e-01 2.092574238777160645e-01 4.578321576118469238e-01 3.772514164447784424e-01 3.394766524434089661e-02 2.562278807163238525e-01 3.738831281661987305e-01 9.769760072231292725e-02
3.307013213634490967e-02 3.753457963466644287e-01 6.926223039627075195e-01 2.092574238777160645e-01 4.578321576118469238e-01 3.772514164447784424e-01 3.394766524434089661e-02 2.562278807163238525e-01 3.738831281661987305e-01 9.769760072231292725e-02
1.084232181310653687e-01 5.672922134399414062e-01 6.926223039627075195e-01 2.092574238777160645e-01 4.578321576118469238e-01 3.772514164447784424e-01 7.137339562177658081e-02 2.562278807163238525e-01 3.738831281661987305e-01 2.951531708240509033e-01
3.591697290539741516e-02 3.942942917346954346e-01 6.926223039627075195e-01 2.092574238777160645e-01 4.578321576118469238e-01 3.772514164447784424e-01 3.394766524434089661e-02 2.562278807163238525e-01 6.445536613464355469e-01 1.461370587348937988e-01
7.681787759065628052e-02 3.113141655921936035e-01 3.374470472335815430e-01 2.092574238777160645e-01 2.551574409008026123e-01 2.565465271472930908e-01 4.249408096075057983e-02 2.562278807163238525e-01 6.409299373626708984e-01 1.805917322635650635e-01
7.681787759065628052e-02 5.860521793365478516e-01 6.758195757865905762e-01 5.908235907554626465e-01 6.275860071182250977e-01 2.565465271472930908e-01 1.448881328105926514e-01 2.562278807163238525e-01 6.409299373626708984e-01 1.805917322635650635e-01
1.194712612777948380e-02 4.767781198024749756e-01 3.374470472335815430e-01 1.511621624231338501e-01 1.567121744155883789e-01 2.565465271472930908e-01 3.917246684432029724e-02 2.562278807163238525e-01 6.409299373626708984e-01 9.928974509239196777e-02
1.194712612777948380e-02 5.419095754623413086e-01 3.374470472335815430e-01 2.092574238777160645e-01 2.551574409008026123e-01 2.565465271472930908e-01 3.917246684432029724e-02 2.562278807163238525e-01 6.409299373626708984e-01 9.928974509239196777e-02
5.950490944087505341e-03 5.419095754623413086e-01 3.374470472335815430e-01 2.092574238777160645e-01 2.551574409008026123e-01 3.772514164447784424e-01 1.829906180500984192e-02 2.562278807163238525e-01 6.409299373626708984e-01 3.364048302173614502e-01
5.208361521363258362e-02 3.110289871692657471e-01 3.374470472335815430e-01 1.511621624231338501e-01 2.551574409008026123e-01 6.426966786384582520e-01 2.250701189041137695e-01 2.562278807163238525e-01 5.817560553550720215e-01 3.364048302173614502e-01
1.218351870775222778e-01 3.937570452690124512e-01 1.917225718498229980e-01 3.479257524013519287e-01 3.443341851234436035e-01 2.565465271472930908e-01 1.159742921590805054e-01 2.562278807163238525e-01 4.818395078182220459e-01 1.497195065021514893e-01
1.437580771744251251e-02 3.113141655921936035e-01 9.777297079563140869e-02 3.479257524013519287e-01 3.443341851234436035e-01 2.565465271472930908e-01 1.089435145258903503e-01 2.562278807163238525e-01 4.818395078182220459e-01 1.497195065021514893e-01
3.591697290539741516e-02 3.515734970569610596e-01 3.374470472335815430e-01 2.092574238777160645e-01 4.578321576118469238e-01 3.772514164447784424e-01 3.394766524434089661e-02 2.562278807163238525e-01 5.817560553550720215e-01 2.830860614776611328e-01
5.259801447391510010e-02 3.515734970569610596e-01 6.926223039627075195e-01 2.092574238777160645e-01 4.578321576118469238e-01 3.772514164447784424e-01 3.394766524434089661e-02 2.562278807163238525e-01 6.409299373626708984e-01 1.461370587348937988e-01
3.057491220533847809e-02 3.515734970569610596e-01 6.926223039627075195e-01 2.092574238777160645e-01 4.578321576118469238e-01 3.772514164447784424e-01 3.394766524434089661e-02 2.562278807163238525e-01 6.445536613464355469e-01 1.594959646463394165e-01
