3.577570319175720215e-01 1.600344628095626831e-01 5.208890438079833984e-01 3.493500947952270508e-01 4.332022964954376221e-01 4.575196504592895508e-01 4.184950590133666992e-01 5.363847017288208008e-01 5.271745324134826660e-01 4.835143387317657471e-01
5.114010572433471680e-01 3.609405457973480225e-01 3.371546566486358643e-01 5.086171627044677734e-01 3.509915173053741455e-01 4.575196504592895508e-01 4.053244590759277344e-01 5.363847017288208008e-01 4.339168965816497803e-01 4.835143387317657471e-01
4.936262369155883789e-01 2.175814658403396606e-01 3.371546566486358643e-01 7.780580967664718628e-02 2.962093651294708252e-01 4.575196504592895508e-01 3.711000084877014160e-01 6.392107605934143066e-01 4.339168965816497803e-01 4.835143387317657471e-01
3.967764377593994141e-01 4.139977693557739258e-01 3.009969890117645264e-01 1.462035477161407471e-01 2.962093651294708252e-01 3.709837794303894043e-01 4.713619053363800049e-01 4.398702085018157959e-01 3.517881035804748535e-01 4.835143387317657471e-01
4.752750396728515625e-01 7.725558876991271973e-01 3.009969890117645264e-01 1.616765856742858887e-01 3.558703362941741943e-01 3.709837794303894043e-01 5.684313178062438965e-01 5.866808295249938965e-01 3.945460617542266846e-01 4.835143387317657471e-01
3.468197882175445557e-01 2.390759289264678955e-01 3.264211416244506836e-01 1.279543936252593994e-01 3.771286904811859131e-01 3.709837794303894043e-01 4.491082727909088135e-01 4.684459567070007324e-01 3.694036304950714111e-01 3.531053960323333740e-01
3.275756239891052246e-01 4.143375158309936523e-01 3.264211416244506836e-01 3.615846633911132812e-01 3.771286904811859131e-01 3.709837794303894043e-01 3.203896582126617432e-01 4.684459567070007324e-01 3.694036304950714111e-01 3.531053960323333740e-01
4.642293751239776611e-01 4.035417437553405762e-01 4.346210956573486328e-01 4.487441778182983398e-01 4.662111401557922363e-01 3.709837794303894043e-01 6.225671768188476562e-01 4.644005894660949707e-01 4.460629820823669434e-01 4.051320850849151611e-01
4.642293751239776611e-01 3.199629187583923340e-01 2.915369272232055664e-01 3.134948611259460449e-01 4.334109425544738770e-01 4.503488242626190186e-01 4.043293595314025879e-01 4.305079281330108643e-01 4.416172504425048828e-01 4.610297977924346924e-01
6.081195473670959473e-01 3.209480643272399902e-01 4.245513379573822021e-01 4.867792129516601562e-01 4.142551422119140625e-01 4.503488242626190186e-01 6.744688153266906738e-01 5.280638337135314941e-01 4.416172504425048828e-01 4.610297977924346924e-01
5.874155759811401367e-01 3.426522910594940186e-01 2.915369272232055664e-01 3.134948611259460449e-01 4.142551422119140625e-01 4.503488242626190186e-01 3.918448984622955322e-01 4.305079281330108643e-01 4.416172504425048828e-01 4.610297977924346924e-01
5.734820961952209473e-01 3.718906044960021973e-01 4.346210956573486328e-01 4.395655691623687744e-01 4.242536425590515137e-01 3.709837794303894043e-01 6.102476119995117188e-01 4.644005894660949707e-01 4.460629820823669434e-01 4.051320850849151611e-01
6.620634198188781738e-01 5.789921283721923828e-01 4.785871207714080811e-01 6.105453968048095703e-01 4.242536425590515137e-01 3.709837794303894043e-01 6.667976379394531250e-01 4.644005894660949707e-01 4.460629820823669434e-01 4.051320850849151611e-01
3.243394196033477783e-01 3.361737132072448730e-01 2.713356912136077881e-01 2.045322358608245850e-01 3.595283329486846924e-01 4.575196504592895508e-01 4.987662434577941895e-01 2.514480352401733398e-01 3.898823261260986328e-01 4.051320850849151611e-01
4.115721583366394043e-01 6.985477805137634277e-01 2.713356912136077881e-01 6.987020969390869141e-01 5.273250341415405273e-01 4.575196504592895508e-01 5.760112404823303223e-01 3.777863979339599609e-01 4.460629820823669434e-01 4.051320850849151611e-01
6.620634198188781738e-01 6.286864876747131348e-01 5.262579321861267090e-01 6.352824568748474121e-01 5.718301534652709961e-01 5.218703746795654297e-01 6.371411681175231934e-01 5.572443604469299316e-01 5.636904835700988770e-01 5.349522233009338379e-01
4.257678687572479248e-01 4.183715879917144775e-01 4.562897980213165283e-01 3.015063405036926270e-01 6.216844916343688965e-01 5.218703746795654297e-01 4.243273138999938965e-01 5.572443604469299316e-01 3.728308677673339844e-01 3.616017699241638184e-01
3.825854063034057617e-01 5.368893742561340332e-01 6.167172789573669434e-01 6.751987934112548828e-01 6.736820936203002930e-01 4.185588061809539795e-01 8.244689702987670898e-01 4.684594571590423584e-01 3.728308677673339844e-01 3.616017699241638184e-01
3.825854063034057617e-01 5.368893742561340332e-01 6.167172789573669434e-01 6.751987934112548828e-01 6.736820936203002930e-01 4.185588061809539795e-01 8.244689702987670898e-01 4.684594571590423584e-01 3.728308677673339844e-01 3.616017699241638184e-01
6.547561883926391602e-01 7.548490166664123535e-01 6.590895056724548340e-01 3.757826387882232666e-01 7.577896118164062500e-01 4.185588061809539795e-01 8.126982450485229492e-01 5.846578478813171387e-01 5.817267298698425293e-01 2.768805921077728271e-01
6.287636160850524902e-01 6.229751110076904297e-01 6.590895056724548340e-01 6.235052347183227539e-01 7.577896118164062500e-01 4.185588061809539795e-01 8.126982450485229492e-01 5.846578478813171387e-01 4.821639358997344971e-01 2.768805921077728271e-01
8.400627374649047852e-01 7.638594508171081543e-01 2.717893719673156738e-01 6.235052347183227539e-01 8.724271059036254883e-01 6.599650979042053223e-01 7.670647501945495605e-01 3.497051298618316650e-01 6.048280596733093262e-01 8.055004477500915527e-01
8.245409131050109863e-01 9.078349471092224121e-01 2.717893719673156738e-01 8.534038066864013672e-01 9.157283902168273926e-01 6.599650979042053223e-01 6.996038556098937988e-01 3.497051298618316650e-01 6.048280596733093262e-01 8.055004477500915527e-01
4.612197577953338623e-01 3.829993009567260742e-01 1.899185329675674438e-01 6.331129074096679688e-01 4.367201030254364014e-01 6.599650979042053223e-01 4.648335874080657959e-01 3.497051298618316650e-01 6.048280596733093262e-01 3.308524489402770996e-01
6.402239799499511719e-01 5.916565060615539551e-01 4.283702373504638672e-01 7.806326746940612793e-01 5.074146986007690430e-01 6.599650979042053223e-01 3.674386441707611084e-01 3.497051298618316650e-01 3.461872041225433350e-01 4.610297977924346924e-01
5.473085641860961914e-01 6.749906539916992188e-01 3.158714175224304199e-01 7.708398103713989258e-01 7.106803059577941895e-01 4.575196504592895508e-01 5.788223743438720703e-01 4.685192108154296875e-01 5.959028005599975586e-01 5.238590240478515625e-01
4.270326197147369385e-01 6.525339484214782715e-01 3.031622171401977539e-01 5.947417020797729492e-01 7.030109167098999023e-01 4.610621929168701172e-01 6.282617449760437012e-01 5.636416077613830566e-01 4.967955350875854492e-01 5.238590240478515625e-01
4.927081167697906494e-01 7.083526253700256348e-01 1.972690224647521973e-01 5.233557224273681641e-01 7.779347300529479980e-01 3.009977340698242188e-01 4.132015407085418701e-01 5.636416077613830566e-01 4.967955350875854492e-01 5.238590240478515625e-01
5.473085641860961914e-01 6.327376961708068848e-01 1.972690224647521973e-01 3.739104568958282471e-01 6.806722283363342285e-01 3.009977340698242188e-01 5.158078074455261230e-01 4.685192108154296875e-01 5.959028005599975586e-01 5.238590240478515625e-01
2.022307217121124268e-01 6.115038990974426270e-01 1.825929731130599976e-01 3.539141714572906494e-01 5.902184247970581055e-01 4.610621929168701172e-01 4.852952659130096436e-01 4.685192108154296875e-01 4.967955350875854492e-01 5.238590240478515625e-01
2.998179793357849121e-01 7.679789662361145020e-01 2.989685237407684326e-01 5.484020709991455078e-01 6.079799532890319824e-01 4.610621929168701172e-01 6.010512709617614746e-01 5.679369568824768066e-01 4.777418375015258789e-01 3.531053960323333740e-01
3.119421601295471191e-01 3.426080346107482910e-01 2.989685237407684326e-01 5.302774906158447266e-01 6.019524335861206055e-01 3.009977340698242188e-01 3.972891867160797119e-01 4.355383813381195068e-01 4.034045934677124023e-01 3.531053960323333740e-01
2.686479985713958740e-01 6.218477487564086914e-01 2.989685237407684326e-01 3.315888643264770508e-01 4.300382435321807861e-01 3.009977340698242188e-01 2.671664655208587646e-01 2.548483908176422119e-01 3.173466622829437256e-01 3.531053960323333740e-01
3.303637802600860596e-01 2.854695022106170654e-01 3.349061608314514160e-01 2.891398966312408447e-01 4.190715849399566650e-01 4.575196504592895508e-01 7.159351110458374023e-01 4.398702085018157959e-01 4.339168965816497803e-01 4.835143387317657471e-01
5.179678797721862793e-01 3.874602019786834717e-01 5.208890438079833984e-01 1.636637747287750244e-01 4.349424839019775391e-01 4.575196504592895508e-01 4.729996919631958008e-01 4.398702085018157959e-01 4.339168965816497803e-01 4.835143387317657471e-01
3.864724934101104736e-01 2.808071970939636230e-01 3.020418286323547363e-01 1.734790802001953125e-01 3.963011503219604492e-01 4.575196504592895508e-01 2.462110072374343872e-01 2.548483908176422119e-01 3.173466622829437256e-01 3.531053960323333740e-01
3.027559816837310791e-01 1.701697856187820435e-01 3.020418286323547363e-01 1.137164309620857239e-01 3.456345796585083008e-01 3.709837794303894043e-01 2.319959253072738647e-01 2.548483908176422119e-01 2.476298511028289795e-01 3.531053960323333740e-01
3.027559816837310791e-01 5.216745659708976746e-02 3.020418286323547363e-01 1.137164309620857239e-01 3.456345796585083008e-01 3.709837794303894043e-01 2.444071918725967407e-01 2.548483908176422119e-01 2.476298511028289795e-01 3.531053960323333740e-01
3.027559816837310791e-01 3.413395956158638000e-02 3.020418286323547363e-01 4.099336266517639160e-01 3.456345796585083008e-01 3.709837794303894043e-01 3.362948298454284668e-01 4.684459567070007324e-01 3.694036304950714111e-01 3.531053960323333740e-01
4.552470147609710693e-01 4.671296775341033936e-01 3.020418286323547363e-01 3.380370438098907471e-01 3.252378702163696289e-01 4.575196504592895508e-01 3.035656809806823730e-01 2.548483908176422119e-01 3.173466622829437256e-01 3.531053960323333740e-01
4.944350719451904297e-01 4.576227366924285889e-01 3.020418286323547363e-01 2.693336308002471924e-01 3.746262192726135254e-01 4.575196504592895508e-01 3.056295216083526611e-01 2.548483908176422119e-01 3.173466622829437256e-01 3.531053960323333740e-01
3.160194158554077148e-01 4.246505498886108398e-01 3.158714175224304199e-01 3.821713030338287354e-01 5.974182486534118652e-01 4.575196504592895508e-01 4.854531884193420410e-01 3.389822542667388916e-01 5.271745324134826660e-01 4.835143387317657471e-01
2.541511058807373047e-01 6.125998497009277344e-01 3.158714175224304199e-01 2.530634105205535889e-01 4.645428955554962158e-01 4.575196504592895508e-01 3.471213579177856445e-01 5.524988770484924316e-01 5.271745324134826660e-01 5.238590240478515625e-01
3.869162797927856445e-01 5.656185746192932129e-01 3.158714175224304199e-01 2.781222462654113770e-01 4.645428955554962158e-01 4.575196504592895508e-01 3.471213579177856445e-01 5.524988770484924316e-01 5.271745324134826660e-01 5.238590240478515625e-01
2.737481594085693359e-01 5.322756171226501465e-01 3.158714175224304199e-01 2.959155142307281494e-01 6.646794080734252930e-01 5.364194512367248535e-01 6.208413839340209961e-01 4.572862982749938965e-01 5.271745324134826660e-01 5.238590240478515625e-01
2.737481594085693359e-01 3.881468474864959717e-01 5.976269841194152832e-01 2.959155142307281494e-01 3.434638679027557373e-01 5.364194512367248535e-01 2.304015755653381348e-01 3.395011723041534424e-01 7.327818870544433594e-01 3.308524489402770996e-01
3.577570319175720215e-01 3.338396847248077393e-01 4.283702373504638672e-01 2.086253017187118530e-01 2.326942235231399536e-01 5.364194512367248535e-01 2.626146376132965088e-01 3.395011723041534424e-01 4.868325591087341309e-01 4.610297977924346924e-01
7.404574751853942871e-01 2.439715862274169922e-01 4.283702373504638672e-01 1.573085486888885498e-01 2.326942235231399536e-01 4.503488242626190186e-01 2.761164009571075439e-01 3.395011723041534424e-01 4.868325591087341309e-01 4.610297977924346924e-01
3.426207005977630615e-01 2.109133601188659668e-01 4.283702373504638672e-01 1.117894649505615234e-01 1.086340919137001038e-01 4.503488242626190186e-01 6.157231330871582031e-02 6.306856870651245117e-01 4.416172504425048828e-01 4.610297977924346924e-01
7.066094279289245605e-01 7.786858081817626953e-01 4.283702373504638672e-01 2.971310317516326904e-01 3.415317535400390625e-01 4.503488242626190186e-01 2.411837726831436157e-01 3.497051298618316650e-01 4.416172504425048828e-01 4.610297977924346924e-01
4.287520647048950195e-01 8.671321868896484375e-01 4.283702373504638672e-01 3.730535805225372314e-01 1.292821764945983887e-01 4.503488242626190186e-01 2.411837726831436157e-01 3.497051298618316650e-01 4.416172504425048828e-01 4.610297977924346924e-01
4.102611541748046875e-01 3.038964569568634033e-01 4.283702373504638672e-01 2.730569541454315186e-01 2.915970385074615479e-01 4.503488242626190186e-01 2.411837726831436157e-01 6.306856870651245117e-01 4.416172504425048828e-01 4.610297977924346924e-01
4.735483527183532715e-01 1.831534653902053833e-01 3.971644341945648193e-01 3.575107753276824951e-01 4.669488966464996338e-01 4.503488242626190186e-01 2.688057720661163330e-01 5.765454173088073730e-01 4.416172504425048828e-01 4.610297977924346924e-01
3.250319659709930420e-01 1.601983606815338135e-01 4.070441424846649170e-01 1.533439457416534424e-01 3.462671935558319092e-01 4.575196504592895508e-01 3.485094904899597168e-01 3.491789102554321289e-01 3.898823261260986328e-01 4.051320850849151611e-01
3.925431966781616211e-01 1.995484530925750732e-01 4.070441424846649170e-01 2.096857428550720215e-01 3.462671935558319092e-01 4.575196504592895508e-01 3.485094904899597168e-01 3.491789102554321289e-01 3.898823261260986328e-01 4.051320850849151611e-01
3.925431966781616211e-01 1.995484530925750732e-01 4.070441424846649170e-01 1.264157891273498535e-01 3.462671935558319092e-01 4.575196504592895508e-01 3.485094904899597168e-01 3.491789102554321289e-01 3.898823261260986328e-01 4.051320850849151611e-01
2.864326536655426025e-01 1.713649481534957886e-01 1.972690224647521973e-01 2.004349082708358765e-01 4.077644348144531250e-01 3.009977340698242188e-01 3.926517963409423828e-01 3.491789102554321289e-01 3.898823261260986328e-01 4.051320850849151611e-01
4.965543150901794434e-01 5.475855469703674316e-01 1.972690224647521973e-01 2.603702247142791748e-01 4.077644348144531250e-01 3.009977340698242188e-01 4.781072735786437988e-01 3.491789102554321289e-01 3.898823261260986328e-01 4.051320850849151611e-01
4.787898063659667969e-01 4.014195799827575684e-01 3.391002714633941650e-01 5.797571539878845215e-01 3.785517215728759766e-01 3.009977340698242188e-01 5.428470373153686523e-01 3.241885304450988770e-01 3.115017414093017578e-01 4.051320850849151611e-01
5.769467949867248535e-01 4.804186820983886719e-01 3.625745773315429688e-01 4.729402959346771240e-01 3.785517215728759766e-01 3.009977340698242188e-01 5.428470373153686523e-01 3.241885304450988770e-01 3.115017414093017578e-01 4.051320850849151611e-01
5.421308279037475586e-01 4.468233585357666016e-01 3.632029294967651367e-01 7.754091024398803711e-01 4.975952506065368652e-01 3.009977340698242188e-01 5.366315841674804688e-01 4.923254847526550293e-01 4.460629820823669434e-01 4.051320850849151611e-01
5.421308279037475586e-01 4.468233585357666016e-01 3.632029294967651367e-01 7.754091024398803711e-01 4.975952506065368652e-01 3.009977340698242188e-01 5.366315841674804688e-01 4.923254847526550293e-01 4.460629820823669434e-01 4.051320850849151611e-01
4.182282984256744385e-01 1.902102231979370117e-01 2.989685237407684326e-01 6.047286391258239746e-01 4.077644348144531250e-01 3.009977340698242188e-01 4.179574251174926758e-01 2.548483908176422119e-01 2.476298511028289795e-01 3.531053960323333740e-01
5.555290579795837402e-01 5.230636596679687500e-01 3.020418286323547363e-01 7.527081370353698730e-01 4.324426054954528809e-01 3.709837794303894043e-01 4.074474573135375977e-01 4.684459567070007324e-01 3.694036304950714111e-01 3.531053960323333740e-01
3.556373715400695801e-01 5.166970491409301758e-01 3.971644341945648193e-01 2.224599719047546387e-01 3.668093979358673096e-01 4.503488242626190186e-01 3.726036548614501953e-01 3.307722806930541992e-01 3.652181625366210938e-01 4.610297977924346924e-01
3.361557424068450928e-01 4.534234702587127686e-01 2.687236070632934570e-01 6.520398259162902832e-01 3.668093979358673096e-01 4.503488242626190186e-01 6.674184799194335938e-01 4.344975650310516357e-01 3.652181625366210938e-01 4.610297977924346924e-01
3.720946013927459717e-01 5.324793457984924316e-01 2.687236070632934570e-01 6.520398259162902832e-01 3.668093979358673096e-01 4.503488242626190186e-01 6.674184799194335938e-01 4.344975650310516357e-01 3.652181625366210938e-01 4.610297977924346924e-01
1.812908202409744263e-01 3.269621431827545166e-01 4.283702373504638672e-01 5.709556341171264648e-01 2.809542417526245117e-01 4.503488242626190186e-01 4.096011221408843994e-01 4.344975650310516357e-01 3.652181625366210938e-01 4.610297977924346924e-01
3.368508219718933105e-01 2.386387884616851807e-01 4.283702373504638672e-01 1.130651310086250305e-01 2.809542417526245117e-01 4.503488242626190186e-01 2.093542665243148804e-01 4.581381380558013916e-01 4.416172504425048828e-01 4.610297977924346924e-01
4.560191929340362549e-01 2.863525748252868652e-01 4.283702373504638672e-01 1.130651310086250305e-01 3.971288502216339111e-01 4.503488242626190186e-01 1.483249217271804810e-01 4.581381380558013916e-01 4.223563075065612793e-01 5.000000000000000000e-01
4.894153773784637451e-01 3.704771101474761963e-01 3.299572765827178955e-01 1.540638953447341919e-01 3.302189409732818604e-01 3.124350011348724365e-01 2.302101105451583862e-01 3.243703246116638184e-01 4.672497808933258057e-01 5.000000000000000000e-01
6.406933665275573730e-01 3.595419228076934814e-01 4.283702373504638672e-01 5.064469575881958008e-01 7.627338767051696777e-01 4.503488242626190186e-01 1.956696659326553345e-01 4.301438331604003906e-01 4.868325591087341309e-01 4.610297977924346924e-01
5.562976598739624023e-01 4.451481103897094727e-01 4.283702373504638672e-01 3.274342715740203857e-01 5.357378125190734863e-01 4.503488242626190186e-01 4.208918213844299316e-01 4.301438331604003906e-01 4.868325591087341309e-01 4.610297977924346924e-01
5.562976598739624023e-01 3.807681202888488770e-01 4.826391339302062988e-01 3.274342715740203857e-01 5.420277714729309082e-01 5.218703746795654297e-01 3.591067790985107422e-01 4.620251357555389404e-01 4.390334188938140869e-01 5.349522233009338379e-01
3.283505737781524658e-01 2.002881914377212524e-01 2.867066562175750732e-01 2.058251798152923584e-01 4.852849841117858887e-01 5.218703746795654297e-01 1.309514194726943970e-01 3.202914297580718994e-01 4.077068567276000977e-01 5.000000000000000000e-01
2.774874866008758545e-01 2.369598150253295898e-01 3.700961172580718994e-01 1.458359211683273315e-01 2.104140669107437134e-01 4.185588061809539795e-01 2.366659045219421387e-01 3.202914297580718994e-01 4.077068567276000977e-01 5.000000000000000000e-01
2.774874866008758545e-01 2.369598150253295898e-01 3.700961172580718994e-01 2.184270769357681274e-01 3.553824126720428467e-01 4.185588061809539795e-01 1.571477204561233521e-01 3.202914297580718994e-01 4.077068567276000977e-01 5.000000000000000000e-01
3.049648106098175049e-01 2.883309125900268555e-01 3.700961172580718994e-01 5.257759094238281250e-01 3.553824126720428467e-01 5.218703746795654297e-01 9.203726053237915039e-02 3.353264331817626953e-01 4.077068567276000977e-01 5.000000000000000000e-01
4.512231349945068359e-01 1.458095908164978027e-01 3.700961172580718994e-01 2.957839965820312500e-01 5.489773750305175781e-01 5.218703746795654297e-01 3.591067790985107422e-01 4.620251357555389404e-01 4.390334188938140869e-01 5.349522233009338379e-01
6.368771195411682129e-01 2.577076256275177002e-01 2.867066562175750732e-01 3.034325540065765381e-01 7.729549407958984375e-01 5.218703746795654297e-01 3.138129413127899170e-01 6.306856870651245117e-01 5.636904835700988770e-01 5.349522233009338379e-01
6.493726968765258789e-01 2.446190118789672852e-01 5.262579321861267090e-01 8.247198462486267090e-01 7.729549407958984375e-01 5.218703746795654297e-01 3.138129413127899170e-01 5.763019323348999023e-01 5.636904835700988770e-01 5.349522233009338379e-01
4.877940118312835693e-01 3.728181123733520508e-01 4.562897980213165283e-01 4.884410202503204346e-01 5.420277714729309082e-01 5.218703746795654297e-01 3.138129413127899170e-01 5.572443604469299316e-01 5.636904835700988770e-01 5.349522233009338379e-01
5.473085641860961914e-01 8.498260378837585449e-01 3.158714175224304199e-01 6.330501437187194824e-01 6.832404136657714844e-01 4.575196504592895508e-01 5.788223743438720703e-01 4.685192108154296875e-01 3.898823261260986328e-01 5.238590240478515625e-01
6.044476628303527832e-01 6.390250325202941895e-01 4.094787538051605225e-01 4.201691448688507080e-01 5.380558371543884277e-01 4.575196504592895508e-01 5.748535394668579102e-01 5.197498798370361328e-01 4.273614883422851562e-01 5.000000000000000000e-01
6.044476628303527832e-01 4.883326888084411621e-01 4.094787538051605225e-01 3.035634160041809082e-01 4.653855860233306885e-01 4.575196504592895508e-01 5.748535394668579102e-01 5.197498798370361328e-01 3.898823261260986328e-01 5.000000000000000000e-01
6.415622234344482422e-01 4.875279068946838379e-01 4.785871207714080811e-01 2.056066244840621948e-01 3.777846097946166992e-01 4.575196504592895508e-01 3.488114774227142334e-01 4.644005894660949707e-01 4.460629820823669434e-01 4.051320850849151611e-01
4.390661418437957764e-01 3.982072174549102783e-01 4.094787538051605225e-01 2.004148364067077637e-01 3.162545263767242432e-01 4.575196504592895508e-01 5.998834967613220215e-01 3.241885304450988770e-01 3.898823261260986328e-01 4.051320850849151611e-01
7.837945222854614258e-01 5.001639723777770996e-01 4.785871207714080811e-01 8.055265545845031738e-01 4.344716370105743408e-01 4.575196504592895508e-01 7.037793397903442383e-01 4.644005894660949707e-01 4.460629820823669434e-01 4.051320850849151611e-01
4.390661418437957764e-01 4.896396398544311523e-01 4.785871207714080811e-01 2.826943695545196533e-01 3.208801746368408203e-01 4.575196504592895508e-01 5.585553646087646484e-01 4.640311598777770996e-01 3.945460617542266846e-01 4.051320850849151611e-01
1.429425925016403198e-01 2.707921266555786133e-01 4.094787538051605225e-01 1.804516911506652832e-01 2.646757364273071289e-01 4.575196504592895508e-01 4.831410646438598633e-01 3.238632082939147949e-01 4.339168965816497803e-01 4.051320850849151611e-01
7.837945222854614258e-01 2.401085197925567627e-01 4.785871207714080811e-01 3.626872599124908447e-01 4.861542880535125732e-01 4.575196504592895508e-01 4.232285320758819580e-01 4.640311598777770996e-01 4.723519682884216309e-01 4.051320850849151611e-01
4.216358959674835205e-01 4.688839614391326904e-01 3.698931336402893066e-01 4.977855384349822998e-01 3.411417603492736816e-01 3.709837794303894043e-01 4.113364517688751221e-01 4.640311598777770996e-01 3.945460617542266846e-01 4.051320850849151611e-01
5.187451243400573730e-01 3.829288482666015625e-01 4.070441424846649170e-01 1.480440199375152588e-01 2.453315258026123047e-01 4.575196504592895508e-01 4.796371459960937500e-01 4.640311598777770996e-01 3.945460617542266846e-01 4.051320850849151611e-01
4.139145314693450928e-01 6.038773059844970703e-01 5.924491882324218750e-01 5.849166512489318848e-01 2.774924635887145996e-01 4.575196504592895508e-01 4.684815406799316406e-01 5.866808295249938965e-01 3.945460617542266846e-01 4.835143387317657471e-01
4.752750396728515625e-01 7.285628318786621094e-01 4.023739397525787354e-01 3.374020755290985107e-01 3.894746899604797363e-01 3.709837794303894043e-01 3.645246624946594238e-01 5.866808295249938965e-01 3.945460617542266846e-01 4.835143387317657471e-01
2.837096452713012695e-01 4.415831267833709717e-01 3.009969890117645264e-01 1.612387448549270630e-01 3.558703362941741943e-01 3.709837794303894043e-01 2.771738469600677490e-01 5.866808295249938965e-01 2.250272184610366821e-01 4.835143387317657471e-01
2.714632749557495117e-01 3.760973513126373291e-01 3.603671491146087646e-01 2.847506701946258545e-01 3.158175945281982422e-01 4.503488242626190186e-01 3.519580960273742676e-01 6.468618512153625488e-01 2.971209287643432617e-01 4.610297977924346924e-01
2.714632749557495117e-01 3.760973513126373291e-01 3.603671491146087646e-01 4.951116740703582764e-01 3.235137462615966797e-01 4.503488242626190186e-01 2.187085449695587158e-01 4.067549705505371094e-01 4.205569028854370117e-01 4.610297977924346924e-01
2.714632749557495117e-01 3.760973513126373291e-01 3.603671491146087646e-01 4.951116740703582764e-01 3.235137462615966797e-01 4.503488242626190186e-01 2.187085449695587158e-01 4.067549705505371094e-01 4.205569028854370117e-01 4.610297977924346924e-01
2.714632749557495117e-01 3.760973513126373291e-01 3.603671491146087646e-01 4.951116740703582764e-01 3.235137462615966797e-01 4.503488242626190186e-01 2.187085449695587158e-01 4.067549705505371094e-01 4.205569028854370117e-01 4.610297977924346924e-01
4.642293751239776611e-01 3.767432868480682373e-01 3.905548155307769775e-01 4.263436794281005859e-01 3.520055711269378662e-01 4.503488242626190186e-01 4.043293595314025879e-01 4.301438331604003906e-01 4.868325591087341309e-01 4.610297977924346924e-01
2.455391436815261841e-01 5.597309470176696777e-01 5.004976987838745117e-01 3.452540934085845947e-01 4.107124507427215576e-01 4.503488242626190186e-01 4.160260558128356934e-01 4.301438331604003906e-01 4.162535667419433594e-01 3.616017699241638184e-01
2.455391436815261841e-01 4.148824214935302734e-01 3.785755038261413574e-01 2.468541562557220459e-01 4.107124507427215576e-01 3.124350011348724365e-01 4.160260558128356934e-01 4.301438331604003906e-01 4.162535667419433594e-01 3.616017699241638184e-01
2.455391436815261841e-01 4.148824214935302734e-01 3.785755038261413574e-01 2.468541562557220459e-01 4.107124507427215576e-01 3.124350011348724365e-01 4.160260558128356934e-01 4.301438331604003906e-01 4.162535667419433594e-01 3.616017699241638184e-01
1.930963993072509766e-01 2.024529725313186646e-01 4.778212010860443115e-01 2.603724300861358643e-01 3.085960149765014648e-01 4.185588061809539795e-01 3.077573180198669434e-01 3.202914297580718994e-01 3.588321208953857422e-01 3.616017699241638184e-01
2.641581594944000244e-01 2.024529725313186646e-01 4.778212010860443115e-01 2.257769256830215454e-01 2.104140669107437134e-01 4.185588061809539795e-01 4.971141219139099121e-01 3.202914297580718994e-01 3.588321208953857422e-01 3.616017699241638184e-01
3.507760763168334961e-01 2.024529725313186646e-01 4.778212010860443115e-01 2.637324333190917969e-01 3.553824126720428467e-01 4.185588061809539795e-01 4.811526536941528320e-01 4.684594571590423584e-01 3.728308677673339844e-01 3.616017699241638184e-01
6.493726968765258789e-01 5.050802826881408691e-01 5.509080886840820312e-01 5.576845407485961914e-01 7.707020640373229980e-01 5.218703746795654297e-01 5.149669647216796875e-01 5.572443604469299316e-01 5.636904835700988770e-01 5.349522233009338379e-01
6.421177983283996582e-01 3.473456203937530518e-01 2.258101403713226318e-01 1.777982115745544434e-01 3.696174919605255127e-01 4.185588061809539795e-01 2.779105305671691895e-01 4.684594571590423584e-01 5.636904835700988770e-01 5.349522233009338379e-01
6.744194626808166504e-01 7.561475038528442383e-01 6.167172789573669434e-01 8.741915225982666016e-01 7.749430537223815918e-01 4.185588061809539795e-01 6.057487130165100098e-01 4.878261685371398926e-01 5.636904835700988770e-01 5.349522233009338379e-01
8.586943149566650391e-01 8.101999759674072266e-01 5.262579321861267090e-01 8.935711383819580078e-01 6.282355189323425293e-01 5.218703746795654297e-01 6.553802490234375000e-01 5.763019323348999023e-01 5.636904835700988770e-01 5.349522233009338379e-01
7.533017396926879883e-01 6.341218352317810059e-01 4.562897980213165283e-01 7.127603888511657715e-01 5.718301534652709961e-01 5.218703746795654297e-01 5.184296369552612305e-01 5.572443604469299316e-01 5.636904835700988770e-01 5.349522233009338379e-01
7.958718538284301758e-01 7.691386938095092773e-01 5.262579321861267090e-01 7.722032070159912109e-01 6.943898200988769531e-01 5.218703746795654297e-01 6.553802490234375000e-01 5.763019323348999023e-01 5.636904835700988770e-01 5.349522233009338379e-01
6.620634198188781738e-01 6.321154832839965820e-01 5.262579321861267090e-01 6.885461211204528809e-01 5.718301534652709961e-01 5.218703746795654297e-01 5.184296369552612305e-01 5.572443604469299316e-01 5.636904835700988770e-01 5.349522233009338379e-01
6.620634198188781738e-01 5.010070204734802246e-01 3.391002714633941650e-01 3.789880573749542236e-01 4.569878578186035156e-01 4.548854529857635498e-01 6.477543711662292480e-01 3.241885304450988770e-01 3.898823261260986328e-01 4.051320850849151611e-01
6.620634198188781738e-01 5.568850636482238770e-01 4.044662714004516602e-01 7.182838916778564453e-01 5.248798131942749023e-01 4.548854529857635498e-01 6.477543711662292480e-01 4.644005894660949707e-01 4.460629820823669434e-01 4.051320850849151611e-01
5.406286120414733887e-01 3.447414934635162354e-01 3.391002714633941650e-01 4.253542721271514893e-01 4.569878578186035156e-01 4.548854529857635498e-01 6.477543711662292480e-01 3.241885304450988770e-01 3.898823261260986328e-01 4.051320850849151611e-01
3.187966048717498779e-01 3.095037639141082764e-01 4.094787538051605225e-01 4.879773557186126709e-01 3.639420568943023682e-01 4.575196504592895508e-01 5.598241090774536133e-01 2.514480352401733398e-01 4.273614883422851562e-01 4.051320850849151611e-01
3.558245003223419189e-01 3.961837291717529297e-01 4.094787538051605225e-01 4.236185550689697266e-01 3.777856528759002686e-01 4.575196504592895508e-01 6.445840597152709961e-01 3.241885304450988770e-01 3.898823261260986328e-01 4.051320850849151611e-01
3.291946947574615479e-01 3.961837291717529297e-01 4.094787538051605225e-01 3.463560640811920166e-01 3.777856528759002686e-01 4.575196504592895508e-01 6.445840597152709961e-01 3.241885304450988770e-01 3.898823261260986328e-01 4.051320850849151611e-01
6.710900068283081055e-01 4.842822849750518799e-01 4.885202646255493164e-01 5.701673626899719238e-01 5.471453666687011719e-01 4.575196504592895508e-01 7.197324037551879883e-01 3.491789102554321289e-01 5.959028005599975586e-01 4.051320850849151611e-01
5.187365412712097168e-01 5.613878965377807617e-01 4.785871207714080811e-01 4.422654509544372559e-01 4.397155344486236572e-01 4.575196504592895508e-01 4.433514177799224854e-01 4.640311598777770996e-01 3.945460617542266846e-01 4.051320850849151611e-01
4.160490036010742188e-01 4.341146647930145264e-01 4.885202646255493164e-01 2.270718514919281006e-01 5.464228391647338867e-01 4.575196504592895508e-01 7.146615386009216309e-01 3.238632082939147949e-01 4.339168965816497803e-01 4.051320850849151611e-01
4.973306357860565186e-01 6.375234127044677734e-01 5.807555317878723145e-01 3.250112831592559814e-01 4.588631093502044678e-01 4.575196504592895508e-01 6.805117130279541016e-01 6.717652678489685059e-01 4.523489177227020264e-01 6.172670125961303711e-01
5.209212899208068848e-01 6.173425912857055664e-01 5.807555317878723145e-01 3.672992885112762451e-01 4.588631093502044678e-01 4.575196504592895508e-01 7.082198858261108398e-01 6.717652678489685059e-01 5.271745324134826660e-01 6.172670125961303711e-01
