1.880251169204711914e-01 9.150263667106628418e-02 1.780674904584884644e-01 5.353950262069702148e-01 8.560434579849243164e-01 8.899301290512084961e-01 2.828201055526733398e-01 1.102645173668861389e-01 6.177450418472290039e-01 2.720815241336822510e-01
5.567167997360229492e-01 1.967468410730361938e-01 2.546641230583190918e-01 5.353950262069702148e-01 4.515034854412078857e-01 4.582401216030120850e-01 8.069999814033508301e-01 1.470302939414978027e-01 8.303661346435546875e-01 8.868146538734436035e-01
3.973959982395172119e-01 7.660979628562927246e-01 5.710157155990600586e-01 5.353950262069702148e-01 9.422683715820312500e-01 8.654095530509948730e-01 5.461773276329040527e-01 1.470302939414978027e-01 8.303661346435546875e-01 6.399384140968322754e-01
4.086905717849731445e-01 7.404754757881164551e-01 8.151677846908569336e-01 5.353950262069702148e-01 1.353092789649963379e-01 8.625405430793762207e-01 5.725206732749938965e-01 1.102645173668861389e-01 8.303661346435546875e-01 6.234526634216308594e-01
5.835850834846496582e-01 6.700478792190551758e-01 4.073081314563751221e-01 5.353950262069702148e-01 5.624675750732421875e-01 8.966874480247497559e-01 8.341317772865295410e-01 1.102645173668861389e-01 8.303661346435546875e-01 9.163919687271118164e-01
5.322206020355224609e-01 7.404754757881164551e-01 6.725511550903320312e-01 2.141667008399963379e-01 5.290279164910316467e-02 8.473074436187744141e-01 7.975313067436218262e-01 2.178707271814346313e-01 8.303661346435546875e-01 3.117592036724090576e-01
6.714745759963989258e-01 3.589057624340057373e-01 7.353380322456359863e-01 5.353950262069702148e-01 5.990648865699768066e-01 4.912858605384826660e-01 3.346276879310607910e-01 2.178707271814346313e-01 6.177450418472290039e-01 1.408686339855194092e-01
5.322206020355224609e-01 3.589057624340057373e-01 6.217300295829772949e-01 2.141667008399963379e-01 5.607131123542785645e-01 8.916225433349609375e-01 4.097108244895935059e-01 2.178707271814346313e-01 8.303661346435546875e-01 5.234311819076538086e-01
2.838448882102966309e-01 7.404754757881164551e-01 7.882203459739685059e-01 5.353950262069702148e-01 8.725202083587646484e-01 2.135435193777084351e-01 6.956073045730590820e-01 4.726910591125488281e-01 8.303661346435546875e-01 5.641780495643615723e-01
4.455716013908386230e-01 3.589057624340057373e-01 3.595371842384338379e-01 5.353950262069702148e-01 2.248213440179824829e-01 5.273633822798728943e-02 8.964707255363464355e-01 4.730448424816131592e-01 6.177450418472290039e-01 1.154989972710609436e-01
4.455716013908386230e-01 3.589057624340057373e-01 5.395439267158508301e-01 5.353950262069702148e-01 1.128250807523727417e-01 8.115311861038208008e-01 5.968938469886779785e-01 4.726910591125488281e-01 6.177450418472290039e-01 4.806201756000518799e-01
3.411134332418441772e-02 7.404754757881164551e-01 7.820761203765869141e-01 5.353950262069702148e-01 2.190515697002410889e-01 8.438294529914855957e-01 5.968938469886779785e-01 4.709029793739318848e-01 6.177450418472290039e-01 4.806201756000518799e-01
2.061750143766403198e-01 1.967468410730361938e-01 6.548414230346679688e-01 5.353950262069702148e-01 1.341271102428436279e-01 5.531876087188720703e-01 4.490781724452972412e-01 4.654326438903808594e-01 8.303661346435546875e-01 3.294818401336669922e-01
8.053572177886962891e-01 1.324501484632492065e-01 6.548414230346679688e-01 5.353950262069702148e-01 8.741153031587600708e-02 8.900406360626220703e-01 5.968938469886779785e-01 9.101970195770263672e-01 6.177450418472290039e-01 4.806201756000518799e-01
5.567167997360229492e-01 3.589057624340057373e-01 6.548414230346679688e-01 5.353950262069702148e-01 4.736435413360595703e-01 6.217806339263916016e-01 7.554230690002441406e-01 7.372459173202514648e-01 6.177450418472290039e-01 4.806201756000518799e-01
8.265811204910278320e-01 6.959885358810424805e-01 3.532457053661346436e-01 5.353950262069702148e-01 1.506201475858688354e-01 8.373194336891174316e-01 7.511976957321166992e-01 8.186961412429809570e-01 6.177450418472290039e-01 8.318884968757629395e-01
6.830625534057617188e-01 6.959885358810424805e-01 4.828638434410095215e-01 5.353950262069702148e-01 8.475813269615173340e-02 9.953793287277221680e-01 5.914110541343688965e-01 5.555690526962280273e-01 8.303661346435546875e-01 2.927881181240081787e-01
9.336525797843933105e-01 6.959885358810424805e-01 1.387122571468353271e-01 2.689424157142639160e-01 7.714751958847045898e-01 9.741289019584655762e-01 9.129665493965148926e-01 9.101970195770263672e-01 6.177450418472290039e-01 2.927881181240081787e-01
8.265811204910278320e-01 7.868889570236206055e-01 6.524939090013504028e-02 5.353950262069702148e-01 2.172752469778060913e-01 8.420055508613586426e-01 3.643571734428405762e-01 7.559029459953308105e-01 6.177450418472290039e-01 7.431601881980895996e-01
9.677110314369201660e-01 6.959885358810424805e-01 6.548414230346679688e-01 5.353950262069702148e-01 1.111534982919692993e-01 8.686949014663696289e-01 5.518071651458740234e-01 7.559029459953308105e-01 8.303661346435546875e-01 5.234311819076538086e-01
5.982280373573303223e-01 3.843601047992706299e-01 2.247016280889511108e-01 5.353950262069702148e-01 8.390104174613952637e-01 9.449691176414489746e-01 8.964707255363464355e-01 6.090463995933532715e-01 2.401252985000610352e-01 2.259296774864196777e-01
6.369388103485107422e-01 3.843601047992706299e-01 6.548414230346679688e-01 5.353950262069702148e-01 8.016929626464843750e-01 7.270613908767700195e-01 5.968938469886779785e-01 6.090463995933532715e-01 6.177450418472290039e-01 4.806201756000518799e-01
5.527515411376953125e-01 6.959885358810424805e-01 6.548414230346679688e-01 5.353950262069702148e-01 9.153357148170471191e-01 9.619697332382202148e-01 4.490781724452972412e-01 6.090463995933532715e-01 6.177450418472290039e-01 5.641780495643615723e-01
7.426065206527709961e-01 6.959885358810424805e-01 6.548414230346679688e-01 5.353950262069702148e-01 7.726427912712097168e-01 1.772603690624237061e-01 5.968938469886779785e-01 6.090463995933532715e-01 6.177450418472290039e-01 4.806201756000518799e-01
8.533983826637268066e-01 5.004080533981323242e-01 2.574517428874969482e-01 5.353950262069702148e-01 1.812355667352676392e-01 8.688015341758728027e-01 5.968938469886779785e-01 6.090463995933532715e-01 8.303661346435546875e-01 1.571704298257827759e-01
6.919013857841491699e-01 3.843601047992706299e-01 3.951258584856987000e-02 2.689424157142639160e-01 4.401797652244567871e-01 7.232906222343444824e-01 5.968938469886779785e-01 6.090463995933532715e-01 2.401252985000610352e-01 5.767744779586791992e-01
9.580333232879638672e-01 7.045459151268005371e-01 4.215917289257049561e-01 5.353950262069702148e-01 2.324979603290557861e-01 7.161912918090820312e-01 5.518071651458740234e-01 6.090463995933532715e-01 2.401252985000610352e-01 7.232816219329833984e-01
7.147737741470336914e-01 5.004080533981323242e-01 3.242768347263336182e-01 5.353950262069702148e-01 4.475725591182708740e-01 3.038913905620574951e-01 5.518071651458740234e-01 7.676614522933959961e-01 2.401252985000610352e-01 7.119202613830566406e-01
6.232750415802001953e-01 7.868889570236206055e-01 3.165131509304046631e-01 5.353950262069702148e-01 8.953169584274291992e-01 1.885291486978530884e-01 8.803853988647460938e-01 7.676614522933959961e-01 2.401252985000610352e-01 7.780410051345825195e-01
7.998089790344238281e-01 6.959885358810424805e-01 8.203098177909851074e-01 5.353950262069702148e-01 9.206236004829406738e-01 7.608925700187683105e-01 5.518071651458740234e-01 4.777179062366485596e-01 2.401252985000610352e-01 5.435387492179870605e-01
7.998089790344238281e-01 6.959885358810424805e-01 7.246264815330505371e-01 5.353950262069702148e-01 9.020252823829650879e-01 7.274142503738403320e-01 5.518071651458740234e-01 7.676614522933959961e-01 2.401252985000610352e-01 3.592124581336975098e-01
7.343868613243103027e-01 3.599753081798553467e-01 6.254661679267883301e-01 5.353950262069702148e-01 7.160818576812744141e-01 8.105157017707824707e-01 3.138716220855712891e-01 4.654326438903808594e-01 2.401252985000610352e-01 8.868146538734436035e-01
7.343868613243103027e-01 7.868889570236206055e-01 1.445640921592712402e-01 5.353950262069702148e-01 7.585301995277404785e-01 4.752324894070625305e-02 2.755497395992279053e-01 3.204267024993896484e-01 2.401252985000610352e-01 4.247458875179290771e-01
4.514116644859313965e-01 5.004080533981323242e-01 6.329184174537658691e-01 5.353950262069702148e-01 6.522952318191528320e-01 3.839507699012756348e-01 5.518071651458740234e-01 3.944620788097381592e-01 2.401252985000610352e-01 8.868146538734436035e-01
8.443098664283752441e-01 7.868889570236206055e-01 4.548243284225463867e-01 5.353950262069702148e-01 5.935913324356079102e-01 3.444916307926177979e-01 5.518071651458740234e-01 6.877304911613464355e-01 2.401252985000610352e-01 8.868146538734436035e-01
4.842775464057922363e-01 3.836222887039184570e-01 7.246264815330505371e-01 5.353950262069702148e-01 7.469568848609924316e-01 2.560051381587982178e-01 5.518071651458740234e-01 6.877304911613464355e-01 2.401252985000610352e-01 2.005104869604110718e-01
8.051360845565795898e-01 7.868889570236206055e-01 4.492151737213134766e-01 5.353950262069702148e-01 8.971885442733764648e-01 9.081031084060668945e-01 5.518071651458740234e-01 3.708227276802062988e-01 2.401252985000610352e-01 8.217773437500000000e-01
8.908649682998657227e-01 1.884415596723556519e-01 5.979897379875183105e-01 2.689424157142639160e-01 3.526557385921478271e-01 2.862931489944458008e-01 5.518071651458740234e-01 2.131044119596481323e-01 2.401252985000610352e-01 5.812906026840209961e-01
8.744826912879943848e-01 7.717294692993164062e-01 3.197844922542572021e-01 5.353950262069702148e-01 7.298883199691772461e-01 3.325166702270507812e-01 2.755497395992279053e-01 3.708227276802062988e-01 2.401252985000610352e-01 4.500365257263183594e-01
4.514116644859313965e-01 1.884415596723556519e-01 2.299949526786804199e-01 2.689424157142639160e-01 7.298883199691772461e-01 2.833884954452514648e-01 2.755497395992279053e-01 2.131044119596481323e-01 2.401252985000610352e-01 1.976756900548934937e-01
5.893113017082214355e-01 5.004080533981323242e-01 7.367057800292968750e-01 5.353950262069702148e-01 4.815670549869537354e-01 4.075990617275238037e-02 8.069999814033508301e-01 2.131044119596481323e-01 2.401252985000610352e-01 6.385759711265563965e-01
8.908649682998657227e-01 3.843601047992706299e-01 7.096950411796569824e-01 5.353950262069702148e-01 4.130153656005859375e-01 6.536722183227539062e-03 8.069999814033508301e-01 2.131044119596481323e-01 2.401252985000610352e-01 1.408686339855194092e-01
9.043689370155334473e-01 5.004080533981323242e-01 6.660516858100891113e-01 5.353950262069702148e-01 6.402068138122558594e-01 4.939084351062774658e-01 2.755497395992279053e-01 3.616365492343902588e-01 5.837213993072509766e-01 3.848132491111755371e-01
9.117639064788818359e-01 1.884415596723556519e-01 2.299949526786804199e-01 2.689424157142639160e-01 5.431686639785766602e-01 2.934527695178985596e-01 5.968938469886779785e-01 1.182760000228881836e-01 3.840630352497100830e-01 5.234311819076538086e-01
9.608049988746643066e-01 7.868889570236206055e-01 4.645107388496398926e-01 5.353950262069702148e-01 7.277857065200805664e-01 9.936880469322204590e-01 1.017504334449768066e-01 4.660223722457885742e-01 5.837213993072509766e-01 4.806201756000518799e-01
8.908649682998657227e-01 5.004080533981323242e-01 3.890401422977447510e-01 5.353950262069702148e-01 8.845036625862121582e-01 6.494338512420654297e-01 3.138716220855712891e-01 8.676350116729736328e-02 3.840630352497100830e-01 1.571704298257827759e-01
9.472368359565734863e-01 3.843601047992706299e-01 2.247016280889511108e-01 5.353950262069702148e-01 7.084875106811523438e-01 7.610945701599121094e-01 5.518071651458740234e-01 1.713365167379379272e-01 6.069406270980834961e-01 3.439288139343261719e-01
6.132293939590454102e-01 6.959885358810424805e-01 6.548414230346679688e-01 5.353950262069702148e-01 9.074158072471618652e-01 7.743763923645019531e-01 2.682921290397644043e-01 2.131044119596481323e-01 5.837213993072509766e-01 2.927881181240081787e-01
6.132293939590454102e-01 6.959885358810424805e-01 4.828638434410095215e-01 5.353950262069702148e-01 7.290458679199218750e-01 7.044515013694763184e-01 4.434594213962554932e-01 9.518284797668457031e-01 5.837213993072509766e-01 8.065456748008728027e-01
8.556076288223266602e-01 6.959885358810424805e-01 6.548414230346679688e-01 5.353950262069702148e-01 3.670807778835296631e-01 4.064657688140869141e-01 8.341317772865295410e-01 3.616365492343902588e-01 5.837213993072509766e-01 2.225708067417144775e-01
9.377416372299194336e-01 6.959885358810424805e-01 6.020441055297851562e-01 5.353950262069702148e-01 3.512729704380035400e-01 7.515624761581420898e-01 5.914110541343688965e-01 6.009480357170104980e-01 5.837213993072509766e-01 4.203234612941741943e-01
8.556076288223266602e-01 5.004080533981323242e-01 8.863940834999084473e-02 5.353950262069702148e-01 4.348878264427185059e-01 8.193222880363464355e-01 8.341317772865295410e-01 1.299374252557754517e-01 5.837213993072509766e-01 8.386291861534118652e-01
8.397189378738403320e-01 3.599753081798553467e-01 1.134202405810356140e-01 5.353950262069702148e-01 4.341032207012176514e-01 5.589351058006286621e-01 6.537868976593017578e-01 5.292270183563232422e-01 5.837213993072509766e-01 3.301645815372467041e-01
8.639300465583801270e-01 3.843601047992706299e-01 2.380176335573196411e-01 5.353950262069702148e-01 4.136236310005187988e-01 7.478852272033691406e-01 7.975313067436218262e-01 3.203461468219757080e-01 5.837213993072509766e-01 6.243483424186706543e-01
5.700482130050659180e-01 3.843601047992706299e-01 6.011222004890441895e-01 5.353950262069702148e-01 1.669512093067169189e-01 6.689363718032836914e-01 2.438640147447586060e-01 1.707370877265930176e-01 5.089628100395202637e-01 2.927881181240081787e-01
6.847782135009765625e-01 5.004080533981323242e-01 8.863940834999084473e-02 5.353950262069702148e-01 2.434538491070270538e-02 4.467909783124923706e-02 2.438640147447586060e-01 3.676024377346038818e-01 5.089628100395202637e-01 3.683232665061950684e-01
8.128787279129028320e-01 6.959885358810424805e-01 2.321212291717529297e-01 5.353950262069702148e-01 3.089337050914764404e-01 2.312746644020080566e-01 3.430286645889282227e-01 1.278817355632781982e-01 5.089628100395202637e-01 5.641780495643615723e-01
9.877155423164367676e-01 3.599753081798553467e-01 2.581298053264617920e-01 2.689424157142639160e-01 7.750117778778076172e-01 2.057532779872417450e-02 3.430286645889282227e-01 3.676024377346038818e-01 5.089628100395202637e-01 3.294818401336669922e-01
8.651139140129089355e-01 6.959885358810424805e-01 2.623150050640106201e-01 5.353950262069702148e-01 3.989608287811279297e-01 7.025431990623474121e-01 6.969055533409118652e-01 9.654026031494140625e-01 5.464145541191101074e-01 7.431601881980895996e-01
6.847782135009765625e-01 3.599753081798553467e-01 3.739973902702331543e-01 5.353950262069702148e-01 6.438473463058471680e-01 7.668481469154357910e-01 2.438640147447586060e-01 9.443726539611816406e-01 5.464145541191101074e-01 4.806201756000518799e-01
6.977531313896179199e-01 3.599753081798553467e-01 2.247995883226394653e-01 6.954155564308166504e-01 7.721805572509765625e-01 1.144184246659278870e-01 2.438640147447586060e-01 8.567543625831604004e-01 5.464145541191101074e-01 5.641780495643615723e-01
6.550529599189758301e-01 8.734169006347656250e-01 1.501713395118713379e-01 2.689424157142639160e-01 4.907571375370025635e-01 2.772327885031700134e-02 2.438640147447586060e-01 9.443726539611816406e-01 7.963482737541198730e-01 1.154989972710609436e-01
6.977531313896179199e-01 8.734169006347656250e-01 1.686135679483413696e-01 6.954155564308166504e-01 6.877308487892150879e-01 1.216055825352668762e-01 5.211024880409240723e-01 9.426512122154235840e-01 5.464145541191101074e-01 4.565705060958862305e-01
3.910489678382873535e-01 3.599753081798553467e-01 1.993028819561004639e-01 5.353950262069702148e-01 4.579811990261077881e-01 2.033961862325668335e-01 5.211024880409240723e-01 5.316693782806396484e-01 5.089628100395202637e-01 4.883030056953430176e-01
8.338404893875122070e-01 8.734169006347656250e-01 1.993028819561004639e-01 6.954155564308166504e-01 2.390431165695190430e-01 3.505723774433135986e-01 5.211024880409240723e-01 6.472138166427612305e-01 5.089628100395202637e-01 2.927881181240081787e-01
3.914344012737274170e-01 8.734169006347656250e-01 1.243410632014274597e-01 6.954155564308166504e-01 3.686651289463043213e-01 6.509097814559936523e-01 5.211024880409240723e-01 7.506812810897827148e-01 5.089628100395202637e-01 1.199098601937294006e-01
3.259388804435729980e-01 6.379499435424804688e-01 1.398848593235015869e-01 2.689424157142639160e-01 2.528647780418395996e-01 3.899435698986053467e-01 2.438640147447586060e-01 7.506812810897827148e-01 5.089628100395202637e-01 8.256461620330810547e-01
3.259388804435729980e-01 6.379499435424804688e-01 2.574517428874969482e-01 6.954155564308166504e-01 2.625374197959899902e-01 8.049789816141128540e-02 2.438640147447586060e-01 3.163734376430511475e-01 5.089628100395202637e-01 8.256461620330810547e-01
6.489063054323196411e-02 5.373018980026245117e-02 3.032723814249038696e-02 2.689424157142639160e-01 9.131291508674621582e-02 6.449751555919647217e-02 2.438640147447586060e-01 3.094294369220733643e-01 5.089628100395202637e-01 1.199098601937294006e-01
2.170912176370620728e-01 3.689394295215606689e-01 1.709722429513931274e-01 6.954155564308166504e-01 1.183963418006896973e-01 2.226610183715820312e-01 2.438640147447586060e-01 3.163734376430511475e-01 5.089628100395202637e-01 8.256461620330810547e-01
4.330508410930633545e-01 1.324501484632492065e-01 3.358828127384185791e-01 5.353950262069702148e-01 2.992758452892303467e-01 4.719601273536682129e-01 2.438640147447586060e-01 3.163734376430511475e-01 5.089628100395202637e-01 4.806201756000518799e-01
1.150831505656242371e-01 3.689394295215606689e-01 3.358828127384185791e-01 5.353950262069702148e-01 3.839569166302680969e-02 5.058068409562110901e-02 7.031308412551879883e-01 4.830206334590911865e-01 5.089628100395202637e-01 4.806201756000518799e-01
1.150831505656242371e-01 3.689394295215606689e-01 6.380162835121154785e-01 5.353950262069702148e-01 3.043121397495269775e-01 1.912645250558853149e-01 7.031308412551879883e-01 4.830206334590911865e-01 5.089628100395202637e-01 4.806201756000518799e-01
1.329924259334802628e-02 7.603057026863098145e-01 4.421004354953765869e-01 5.353950262069702148e-01 6.767663955688476562e-01 5.377401113510131836e-01 6.018817424774169922e-01 2.284165024757385254e-01 5.089628100395202637e-01 2.927881181240081787e-01
1.179399713873863220e-01 1.250827610492706299e-01 1.552734375000000000e-01 2.689424157142639160e-01 1.007696390151977539e-01 9.269379079341888428e-02 2.438640147447586060e-01 5.725653767585754395e-01 5.089628100395202637e-01 3.294818401336669922e-01
2.506771385669708252e-01 1.324501484632492065e-01 4.456939995288848877e-01 5.353950262069702148e-01 1.163354888558387756e-01 3.732347488403320312e-01 6.969055533409118652e-01 8.777691721916198730e-01 5.089628100395202637e-01 4.806201756000518799e-01
7.811576724052429199e-01 3.589057624340057373e-01 5.395439267158508301e-01 5.353950262069702148e-01 9.566453285515308380e-03 1.091303676366806030e-01 6.969055533409118652e-01 8.777691721916198730e-01 5.089628100395202637e-01 5.234311819076538086e-01
9.473049640655517578e-01 1.209084093570709229e-01 6.548414230346679688e-01 5.353950262069702148e-01 3.260272145271301270e-01 5.902420282363891602e-01 5.211024880409240723e-01 5.725653767585754395e-01 5.089628100395202637e-01 4.607373476028442383e-01
9.067102074623107910e-01 3.599753081798553467e-01 4.828638434410095215e-01 5.353950262069702148e-01 1.533566713333129883e-01 5.854460597038269043e-01 5.211024880409240723e-01 5.725653767585754395e-01 5.089628100395202637e-01 6.399384140968322754e-01
6.450389623641967773e-01 6.959885358810424805e-01 3.242768347263336182e-01 5.353950262069702148e-01 2.534564137458801270e-01 4.717541635036468506e-01 5.211024880409240723e-01 5.725653767585754395e-01 5.089628100395202637e-01 2.694518566131591797e-01
4.208080470561981201e-01 6.959885358810424805e-01 5.359063148498535156e-01 5.353950262069702148e-01 6.734045743942260742e-01 6.141090393066406250e-01 5.211024880409240723e-01 1.707370877265930176e-01 5.089628100395202637e-01 7.131620645523071289e-01
2.912083566188812256e-01 4.477968513965606689e-01 3.621044158935546875e-01 5.353950262069702148e-01 7.933796048164367676e-01 8.179397881031036377e-02 5.211024880409240723e-01 1.707370877265930176e-01 5.089628100395202637e-01 7.780410051345825195e-01
2.615676820278167725e-01 6.959885358810424805e-01 6.010477542877197266e-01 5.353950262069702148e-01 7.983406186103820801e-01 1.942214369773864746e-01 4.547578096389770508e-01 5.725653767585754395e-01 5.089628100395202637e-01 9.117389917373657227e-01
7.160733342170715332e-01 6.999558806419372559e-01 8.399850130081176758e-01 5.353950262069702148e-01 9.184073805809020996e-01 3.071523904800415039e-01 6.969055533409118652e-01 5.246635675430297852e-01 5.089628100395202637e-01 5.765036940574645996e-01
6.994206309318542480e-01 3.599753081798553467e-01 4.163511395454406738e-01 2.689424157142639160e-01 3.685090541839599609e-01 4.649794846773147583e-02 6.969055533409118652e-01 3.094294369220733643e-01 5.089628100395202637e-01 7.097234129905700684e-01
9.171384572982788086e-01 3.843601047992706299e-01 7.996368408203125000e-01 5.353950262069702148e-01 4.395050704479217529e-01 2.168912589550018311e-01 6.162341237068176270e-01 6.807522773742675781e-01 5.837213993072509766e-01 7.875559926033020020e-01
6.069797277450561523e-01 3.689394295215606689e-01 7.707042098045349121e-01 2.074413597583770752e-01 2.728813588619232178e-01 9.679027795791625977e-01 5.068889856338500977e-01 2.739427983760833740e-01 5.837213993072509766e-01 9.735103249549865723e-01
8.706399202346801758e-01 3.689394295215606689e-01 7.820761203765869141e-01 3.484001159667968750e-01 3.018398284912109375e-01 9.074116945266723633e-01 8.058711886405944824e-01 8.532732725143432617e-01 5.837213993072509766e-01 7.097234129905700684e-01
9.160879254341125488e-01 7.179231047630310059e-01 5.297406911849975586e-01 5.353950262069702148e-01 6.668192893266677856e-02 7.236731052398681641e-01 3.138716220855712891e-01 6.454068422317504883e-01 5.837213993072509766e-01 2.152713090181350708e-01
9.749649167060852051e-01 3.843601047992706299e-01 4.531502127647399902e-01 2.074413597583770752e-01 2.857291102409362793e-01 9.157193303108215332e-01 5.968938469886779785e-01 1.437319517135620117e-01 8.162910342216491699e-01 1.861343532800674438e-01
5.079816579818725586e-01 3.599753081798553467e-01 3.091985285282135010e-01 6.553961634635925293e-01 9.005240201950073242e-01 7.920032143592834473e-01 3.138716220855712891e-01 1.067821159958839417e-01 5.837213993072509766e-01 5.687264204025268555e-01
6.429100632667541504e-01 3.599753081798553467e-01 8.961009383201599121e-01 3.484001159667968750e-01 8.309433460235595703e-01 1.521760374307632446e-01 5.914110541343688965e-01 2.008152306079864502e-01 5.837213993072509766e-01 4.770005643367767334e-01
3.946579694747924805e-01 7.179231047630310059e-01 6.994745731353759766e-01 5.353950262069702148e-01 6.012968420982360840e-01 1.702285856008529663e-01 8.341317772865295410e-01 8.127734661102294922e-01 5.837213993072509766e-01 3.785079419612884521e-01
6.553711891174316406e-01 4.477968513965606689e-01 8.093315362930297852e-01 5.353950262069702148e-01 7.687822729349136353e-02 1.703920960426330566e-01 8.341317772865295410e-01 4.474413990974426270e-01 5.837213993072509766e-01 7.097234129905700684e-01
5.965317487716674805e-01 4.477968513965606689e-01 2.074936479330062866e-01 5.353950262069702148e-01 8.289982378482818604e-02 9.602009057998657227e-01 2.682921290397644043e-01 7.241343259811401367e-01 3.840630352497100830e-01 2.104893177747726440e-01
4.733876883983612061e-01 4.477968513965606689e-01 9.094549417495727539e-01 5.353950262069702148e-01 9.198930859565734863e-01 8.144641518592834473e-01 5.968938469886779785e-01 9.518284797668457031e-01 5.837213993072509766e-01 1.834224313497543335e-01
1.997170895338058472e-01 3.830589056015014648e-01 7.305002808570861816e-01 5.353950262069702148e-01 8.013489842414855957e-01 5.991772562265396118e-02 5.914110541343688965e-01 6.454068422317504883e-01 5.837213993072509766e-01 2.104893177747726440e-01
5.850681066513061523e-01 6.948230266571044922e-01 5.523198246955871582e-01 5.353950262069702148e-01 5.208151936531066895e-01 8.626595139503479004e-01 4.620382785797119141e-01 6.379806995391845703e-01 5.837213993072509766e-01 1.834224313497543335e-01
3.614088594913482666e-01 4.741078317165374756e-01 6.238606572151184082e-01 5.353950262069702148e-01 7.750117778778076172e-01 4.232708513736724854e-01 9.129665493965148926e-01 7.148185372352600098e-01 5.837213993072509766e-01 1.324664056301116943e-01
4.653135240077972412e-01 3.830589056015014648e-01 4.012174606323242188e-01 5.353950262069702148e-01 2.682922780513763428e-01 8.466736674308776855e-01 2.638520300388336182e-01 4.837206900119781494e-01 3.840630352497100830e-01 4.594808071851730347e-02
1.972600668668746948e-01 4.477968513965606689e-01 5.322511196136474609e-01 5.353950262069702148e-01 2.460546046495437622e-01 9.231638312339782715e-01 3.186208009719848633e-01 7.540919184684753418e-01 5.837213993072509766e-01 4.386389255523681641e-01
8.211214542388916016e-01 4.477968513965606689e-01 4.985131323337554932e-01 2.689424157142639160e-01 7.983406186103820801e-01 1.465188562870025635e-01 2.438640147447586060e-01 4.882318377494812012e-01 5.089628100395202637e-01 4.376654326915740967e-02
3.946579694747924805e-01 4.477968513965606689e-01 9.498227834701538086e-01 5.353950262069702148e-01 7.756946086883544922e-01 2.240671515464782715e-01 4.097108244895935059e-01 8.532732725143432617e-01 5.837213993072509766e-01 5.895134061574935913e-02
5.886670351028442383e-01 6.948230266571044922e-01 8.069427609443664551e-01 5.353950262069702148e-01 6.731588244438171387e-01 7.692054510116577148e-01 8.803853988647460938e-01 7.540919184684753418e-01 5.837213993072509766e-01 4.283773899078369141e-01
7.889732122421264648e-01 4.477968513965606689e-01 3.362484574317932129e-01 5.345592498779296875e-01 5.911799669265747070e-01 7.651308774948120117e-01 6.537868976593017578e-01 8.127734661102294922e-01 3.840630352497100830e-01 6.748391687870025635e-02
5.886670351028442383e-01 6.948230266571044922e-01 8.181344270706176758e-01 5.353950262069702148e-01 7.292924523353576660e-01 6.632230877876281738e-01 5.518071651458740234e-01 8.127734661102294922e-01 5.837213993072509766e-01 2.267647832632064819e-01
8.412541747093200684e-01 1.661288291215896606e-01 5.359063148498535156e-01 5.353950262069702148e-01 9.733673334121704102e-01 5.844303220510482788e-02 2.755497395992279053e-01 5.739387869834899902e-01 5.837213993072509766e-01 5.638599395751953125e-01
7.597614526748657227e-01 4.477968513965606689e-01 5.903801918029785156e-01 5.345592498779296875e-01 8.454139232635498047e-01 1.976168155670166016e-01 4.882841706275939941e-01 3.609408140182495117e-01 5.837213993072509766e-01 6.054423451423645020e-01
6.865741014480590820e-01 6.948230266571044922e-01 4.250802993774414062e-01 6.954155564308166504e-01 8.686459660530090332e-01 3.128236234188079834e-01 5.914705395698547363e-01 6.454068422317504883e-01 5.837213993072509766e-01 1.937581971287727356e-02
9.776426851749420166e-02 1.661288291215896606e-01 4.674914181232452393e-01 6.954155564308166504e-01 6.284474134445190430e-01 3.505098521709442139e-01 3.138716220855712891e-01 7.241343259811401367e-01 6.069406270980834961e-01 1.324664056301116943e-01
6.907719969749450684e-01 6.948230266571044922e-01 4.676313996315002441e-01 6.954155564308166504e-01 9.133207201957702637e-01 6.856795400381088257e-02 4.097108244895935059e-01 1.790168583393096924e-01 5.837213993072509766e-01 3.231555223464965820e-01
6.907719969749450684e-01 1.876015216112136841e-01 5.718504786491394043e-01 2.689424157142639160e-01 1.805202215909957886e-01 5.900659561157226562e-01 4.097108244895935059e-01 7.537447214126586914e-01 5.837213993072509766e-01 4.594808071851730347e-02
6.907719969749450684e-01 3.587085604667663574e-01 3.358228206634521484e-01 6.954155564308166504e-01 1.552902162075042725e-01 4.223051965236663818e-01 9.129665493965148926e-01 6.454068422317504883e-01 5.837213993072509766e-01 6.174209117889404297e-01
5.754615664482116699e-01 6.948230266571044922e-01 4.250802993774414062e-01 6.954155564308166504e-01 4.888215959072113037e-01 9.468915462493896484e-01 8.341317772865295410e-01 6.454068422317504883e-01 5.837213993072509766e-01 8.919921517372131348e-01
3.323400318622589111e-01 4.477968513965606689e-01 1.208624467253684998e-01 5.353950262069702148e-01 3.960009217262268066e-01 8.401361852884292603e-02 9.129665493965148926e-01 7.540919184684753418e-01 5.837213993072509766e-01 5.410984158515930176e-01
3.832454383373260498e-01 4.477968513965606689e-01 4.383258521556854248e-01 5.353950262069702148e-01 3.219064772129058838e-01 3.742102384567260742e-01 8.341317772865295410e-01 4.928069412708282471e-01 5.837213993072509766e-01 8.346064686775207520e-01
6.907719969749450684e-01 6.948230266571044922e-01 6.067991852760314941e-01 2.689424157142639160e-01 1.319580525159835815e-01 6.105924248695373535e-01 6.537868976593017578e-01 6.454068422317504883e-01 5.837213993072509766e-01 1.409793049097061157e-01
3.832454383373260498e-01 4.477968513965606689e-01 5.297406911849975586e-01 5.353950262069702148e-01 3.264828622341156006e-01 7.553019523620605469e-01 8.058711886405944824e-01 6.454068422317504883e-01 5.837213993072509766e-01 8.437873423099517822e-02
7.133240103721618652e-01 3.676592707633972168e-01 2.667913436889648438e-01 2.689424157142639160e-01 2.314150333404541016e-01 9.055898189544677734e-01 8.058711886405944824e-01 6.454068422317504883e-01 5.837213993072509766e-01 8.437873423099517822e-02
7.455869913101196289e-01 3.676592707633972168e-01 4.989605844020843506e-01 5.345592498779296875e-01 1.515280157327651978e-01 8.411036133766174316e-01 8.058711886405944824e-01 4.730448424816131592e-01 5.837213993072509766e-01 2.384484261274337769e-01
6.854215264320373535e-01 1.715597063302993774e-01 8.485086560249328613e-01 5.353950262069702148e-01 1.303941756486892700e-01 9.646586775779724121e-01 4.490781724452972412e-01 6.434375047683715820e-01 5.837213993072509766e-01 2.384484261274337769e-01
8.846106529235839844e-01 7.599762082099914551e-02 6.812831163406372070e-01 5.345592498779296875e-01 2.527814805507659912e-01 8.581987023353576660e-01 5.968938469886779785e-01 3.609408140182495117e-01 3.840630352497100830e-01 4.052148461341857910e-01
9.164581447839736938e-02 3.676592707633972168e-01 6.548414230346679688e-01 5.353950262069702148e-01 5.372865200042724609e-01 8.052045106887817383e-01 8.341317772865295410e-01 2.008152306079864502e-01 5.837213993072509766e-01 5.242875814437866211e-01
4.208080470561981201e-01 1.715597063302993774e-01 5.260160565376281738e-01 5.353950262069702148e-01 3.677668869495391846e-01 9.467886686325073242e-01 4.434594213962554932e-01 4.949018359184265137e-01 3.840630352497100830e-01 3.696028888225555420e-01
2.937475144863128662e-01 3.689394295215606689e-01 8.451324701309204102e-01 5.353950262069702148e-01 5.978784561157226562e-01 8.343491554260253906e-01 4.434594213962554932e-01 4.949018359184265137e-01 5.837213993072509766e-01 7.676408886909484863e-01
1.406394541263580322e-01 3.843601047992706299e-01 5.158047676086425781e-01 5.353950262069702148e-01 2.714859843254089355e-01 7.027369141578674316e-01 8.341317772865295410e-01 4.949018359184265137e-01 5.837213993072509766e-01 8.868146538734436035e-01
5.419004559516906738e-01 3.689394295215606689e-01 8.465983867645263672e-01 5.353950262069702148e-01 1.928938478231430054e-01 8.517093658447265625e-01 6.537868976593017578e-01 8.400706052780151367e-01 5.837213993072509766e-01 9.607825875282287598e-01
