3.341335952281951904e-01 2.867366075515747070e-01 5.240931510925292969e-01 8.450362682342529297e-01 2.890525460243225098e-01 4.061165153980255127e-01 6.609852910041809082e-01 2.884070575237274170e-01 5.231928229331970215e-01 5.324026346206665039e-01
3.341335952281951904e-01 2.867366075515747070e-01 5.240931510925292969e-01 8.026805520057678223e-01 2.890525460243225098e-01 3.612441718578338623e-01 3.251006603240966797e-01 2.884070575237274170e-01 3.385955691337585449e-01 5.324026346206665039e-01
5.878122448921203613e-01 3.986145853996276855e-01 7.984923720359802246e-01 3.664585947990417480e-01 5.091095566749572754e-01 8.844605088233947754e-01 6.609852910041809082e-01 4.486668705940246582e-01 5.231928229331970215e-01 5.063218474388122559e-01
5.878122448921203613e-01 5.621904730796813965e-01 4.113972187042236328e-01 3.556573987007141113e-01 2.890525460243225098e-01 4.384309351444244385e-01 6.609852910041809082e-01 2.884070575237274170e-01 5.231928229331970215e-01 4.432842731475830078e-01
5.878122448921203613e-01 5.547795891761779785e-01 7.984923720359802246e-01 7.248367071151733398e-01 5.091095566749572754e-01 7.058710455894470215e-01 6.609852910041809082e-01 6.231874823570251465e-01 5.231928229331970215e-01 5.063218474388122559e-01
5.878122448921203613e-01 4.094453454017639160e-01 5.508661866188049316e-01 3.102798461914062500e-01 5.091095566749572754e-01 7.024508118629455566e-01 6.609852910041809082e-01 5.312231779098510742e-01 5.231928229331970215e-01 4.432842731475830078e-01
5.878122448921203613e-01 4.094453454017639160e-01 5.064098834991455078e-01 4.854725301265716553e-01 2.535075247287750244e-01 7.024508118629455566e-01 6.609852910041809082e-01 2.884070575237274170e-01 5.231928229331970215e-01 4.432842731475830078e-01
3.341335952281951904e-01 2.867366075515747070e-01 3.370499908924102783e-01 2.120240628719329834e-01 2.890525460243225098e-01 3.967434167861938477e-01 6.609852910041809082e-01 5.412688851356506348e-01 5.231928229331970215e-01 4.432842731475830078e-01
3.341335952281951904e-01 2.776258885860443115e-01 5.509832501411437988e-01 1.672299802303314209e-01 2.890525460243225098e-01 5.122444629669189453e-01 6.609852910041809082e-01 3.716630637645721436e-01 5.231928229331970215e-01 5.063218474388122559e-01
3.341335952281951904e-01 1.783447861671447754e-01 5.509832501411437988e-01 9.707459807395935059e-02 5.233140587806701660e-01 4.954738914966583252e-01 6.609852910041809082e-01 5.412688851356506348e-01 5.231928229331970215e-01 4.432842731475830078e-01
4.332650601863861084e-01 1.783447861671447754e-01 3.066518604755401611e-01 5.881228446960449219e-01 5.233140587806701660e-01 3.296270370483398438e-01 6.609852910041809082e-01 3.716630637645721436e-01 5.231928229331970215e-01 5.063218474388122559e-01
4.332650601863861084e-01 2.867366075515747070e-01 4.778288900852203369e-01 2.949571013450622559e-01 5.000000000000000000e-01 1.605556309223175049e-01 3.251006603240966797e-01 2.884070575237274170e-01 3.385955691337585449e-01 4.432842731475830078e-01
3.341335952281951904e-01 2.867366075515747070e-01 5.509832501411437988e-01 1.232759058475494385e-01 5.000000000000000000e-01 3.036169707775115967e-01 6.609852910041809082e-01 5.412688851356506348e-01 5.231928229331970215e-01 4.432842731475830078e-01
3.341335952281951904e-01 1.783447861671447754e-01 6.883400082588195801e-01 2.089528739452362061e-01 5.000000000000000000e-01 3.036169707775115967e-01 6.609852910041809082e-01 2.884070575237274170e-01 5.231928229331970215e-01 4.432842731475830078e-01
3.341335952281951904e-01 2.867366075515747070e-01 3.370499908924102783e-01 2.289579510688781738e-01 5.000000000000000000e-01 3.036169707775115967e-01 6.609852910041809082e-01 5.412688851356506348e-01 5.231928229331970215e-01 4.432842731475830078e-01
5.878122448921203613e-01 5.547795891761779785e-01 5.064098834991455078e-01 7.061314582824707031e-01 5.000000000000000000e-01 7.265002131462097168e-01 6.609852910041809082e-01 2.254389375448226929e-01 6.534379720687866211e-01 5.072414875030517578e-01
5.878122448921203613e-01 5.658609271049499512e-01 5.064098834991455078e-01 6.255335211753845215e-01 5.000000000000000000e-01 3.962627351284027100e-01 6.609852910041809082e-01 2.884070575237274170e-01 6.534379720687866211e-01 4.432842731475830078e-01
4.332650601863861084e-01 5.179938673973083496e-01 2.491341829299926758e-01 5.544276833534240723e-01 5.091095566749572754e-01 4.067123532295227051e-01 6.609852910041809082e-01 5.561224818229675293e-01 4.817487299442291260e-01 4.279033541679382324e-01
4.332650601863861084e-01 5.179938673973083496e-01 4.022577702999114990e-01 4.640283584594726562e-01 5.091095566749572754e-01 4.551386535167694092e-01 6.609852910041809082e-01 4.619227051734924316e-01 4.817487299442291260e-01 4.432842731475830078e-01
4.332650601863861084e-01 4.094453454017639160e-01 5.911892652511596680e-01 4.061280488967895508e-01 5.000000000000000000e-01 5.572766065597534180e-01 6.609852910041809082e-01 5.412688851356506348e-01 5.231928229331970215e-01 4.432842731475830078e-01
4.332650601863861084e-01 5.658609271049499512e-01 5.064098834991455078e-01 6.323133707046508789e-01 5.000000000000000000e-01 5.572766065597534180e-01 6.609852910041809082e-01 6.326254010200500488e-01 5.231928229331970215e-01 7.092995643615722656e-01
4.332650601863861084e-01 3.637242913246154785e-01 6.959930658340454102e-01 8.784573674201965332e-01 5.000000000000000000e-01 5.301089286804199219e-01 6.609852910041809082e-01 5.412688851356506348e-01 4.817487299442291260e-01 4.432842731475830078e-01
4.332650601863861084e-01 5.179938673973083496e-01 4.022577702999114990e-01 8.493384122848510742e-01 5.000000000000000000e-01 5.301089286804199219e-01 6.609852910041809082e-01 5.412688851356506348e-01 4.817487299442291260e-01 4.432842731475830078e-01
4.332650601863861084e-01 5.179938673973083496e-01 4.022577702999114990e-01 6.952513456344604492e-01 5.000000000000000000e-01 7.176044583320617676e-01 6.609852910041809082e-01 5.412688851356506348e-01 4.817487299442291260e-01 4.432842731475830078e-01
4.332650601863861084e-01 5.179938673973083496e-01 4.022577702999114990e-01 6.978877782821655273e-01 5.091095566749572754e-01 4.889734685420989990e-01 6.609852910041809082e-01 5.561224818229675293e-01 4.817487299442291260e-01 4.279033541679382324e-01
4.332650601863861084e-01 5.658609271049499512e-01 5.064098834991455078e-01 7.452176213264465332e-01 5.091095566749572754e-01 5.653896927833557129e-01 6.609852910041809082e-01 5.312231779098510742e-01 5.231928229331970215e-01 4.432842731475830078e-01
4.332650601863861084e-01 5.658609271049499512e-01 4.261210858821868896e-01 6.964271664619445801e-01 5.091095566749572754e-01 5.653896927833557129e-01 6.609852910041809082e-01 5.312231779098510742e-01 5.231928229331970215e-01 4.432842731475830078e-01
5.878122448921203613e-01 5.658609271049499512e-01 6.581897139549255371e-01 8.679882884025573730e-01 5.091095566749572754e-01 5.653896927833557129e-01 6.609852910041809082e-01 5.312231779098510742e-01 5.231928229331970215e-01 4.432842731475830078e-01
5.878122448921203613e-01 5.658609271049499512e-01 4.261210858821868896e-01 8.013114929199218750e-01 5.091095566749572754e-01 5.653896927833557129e-01 6.609852910041809082e-01 5.312231779098510742e-01 5.231928229331970215e-01 4.432842731475830078e-01
4.332650601863861084e-01 5.179938673973083496e-01 3.275246620178222656e-01 4.012413918972015381e-01 5.091095566749572754e-01 4.889734685420989990e-01 4.853837490081787109e-01 5.561224818229675293e-01 4.817487299442291260e-01 4.279033541679382324e-01
4.332650601863861084e-01 4.215921461582183838e-01 5.212975740432739258e-01 2.622206807136535645e-01 3.616259396076202393e-01 8.134870529174804688e-01 4.853837490081787109e-01 3.813744485378265381e-01 4.817487299442291260e-01 2.827781140804290771e-01
4.332650601863861084e-01 5.179938673973083496e-01 5.581185817718505859e-01 5.946808457374572754e-01 5.091095566749572754e-01 6.766232848167419434e-01 4.853837490081787109e-01 4.619227051734924316e-01 4.817487299442291260e-01 4.432842731475830078e-01
4.332650601863861084e-01 4.215921461582183838e-01 5.212975740432739258e-01 2.622206807136535645e-01 3.616259396076202393e-01 5.152664184570312500e-01 4.853837490081787109e-01 5.561224818229675293e-01 4.817487299442291260e-01 2.827781140804290771e-01
4.332650601863861084e-01 4.325981736183166504e-01 5.581185817718505859e-01 1.281638145446777344e-01 3.616259396076202393e-01 4.940944910049438477e-01 4.853837490081787109e-01 4.619227051734924316e-01 4.817487299442291260e-01 2.956382036209106445e-01
4.332650601863861084e-01 5.179938673973083496e-01 5.581185817718505859e-01 5.946808457374572754e-01 5.091095566749572754e-01 6.766232848167419434e-01 4.853837490081787109e-01 4.619227051734924316e-01 4.817487299442291260e-01 3.323911726474761963e-01
4.332650601863861084e-01 5.179938673973083496e-01 4.624947309494018555e-01 4.463648200035095215e-01 5.091095566749572754e-01 5.499572753906250000e-01 4.853837490081787109e-01 4.619227051734924316e-01 4.817487299442291260e-01 3.323911726474761963e-01
4.332650601863861084e-01 4.325981736183166504e-01 4.997310340404510498e-01 4.463648200035095215e-01 5.091095566749572754e-01 5.499572753906250000e-01 4.853837490081787109e-01 4.715157151222229004e-01 4.817487299442291260e-01 3.186556100845336914e-01
4.332650601863861084e-01 5.179938673973083496e-01 5.581185817718505859e-01 4.463648200035095215e-01 5.091095566749572754e-01 4.940944910049438477e-01 4.853837490081787109e-01 4.619227051734924316e-01 4.817487299442291260e-01 3.323911726474761963e-01
4.332650601863861084e-01 5.356392860412597656e-01 4.862489402294158936e-01 5.496058464050292969e-01 3.616259396076202393e-01 6.060916781425476074e-01 4.853837490081787109e-01 4.715157151222229004e-01 4.817487299442291260e-01 2.827781140804290771e-01
4.332650601863861084e-01 5.468078851699829102e-01 4.862489402294158936e-01 6.682971715927124023e-01 5.106039643287658691e-01 3.945180177688598633e-01 4.853837490081787109e-01 5.104199051856994629e-01 4.817487299442291260e-01 2.827781140804290771e-01
5.074461102485656738e-01 5.468078851699829102e-01 4.668794572353363037e-01 6.682971715927124023e-01 5.106039643287658691e-01 2.925780415534973145e-01 4.853837490081787109e-01 5.007854104042053223e-01 4.817487299442291260e-01 6.757284998893737793e-01
4.332650601863861084e-01 5.468078851699829102e-01 4.668794572353363037e-01 5.496058464050292969e-01 5.106039643287658691e-01 4.250408411026000977e-01 4.853837490081787109e-01 5.007854104042053223e-01 4.817487299442291260e-01 6.757284998893737793e-01
5.074461102485656738e-01 5.468078851699829102e-01 4.668794572353363037e-01 6.682971715927124023e-01 5.106039643287658691e-01 4.250408411026000977e-01 4.853837490081787109e-01 5.007854104042053223e-01 4.817487299442291260e-01 6.757284998893737793e-01
4.332650601863861084e-01 5.468078851699829102e-01 4.668794572353363037e-01 5.575197339057922363e-01 3.616259396076202393e-01 4.250408411026000977e-01 4.853837490081787109e-01 4.619227051734924316e-01 4.817487299442291260e-01 3.980577588081359863e-01
4.332650601863861084e-01 5.468078851699829102e-01 4.070317149162292480e-01 6.433084011077880859e-01 5.091095566749572754e-01 4.250408411026000977e-01 4.853837490081787109e-01 4.619227051734924316e-01 4.817487299442291260e-01 4.395968019962310791e-01
4.332650601863861084e-01 5.468078851699829102e-01 4.668794572353363037e-01 5.726770758628845215e-01 5.091095566749572754e-01 5.082049965858459473e-01 4.853837490081787109e-01 5.007854104042053223e-01 4.817487299442291260e-01 4.395968019962310791e-01
4.332650601863861084e-01 5.468078851699829102e-01 4.668794572353363037e-01 7.091999650001525879e-01 5.091095566749572754e-01 6.361369490623474121e-01 4.853837490081787109e-01 5.007854104042053223e-01 4.817487299442291260e-01 4.395968019962310791e-01
4.332650601863861084e-01 5.179938673973083496e-01 5.233005285263061523e-01 7.091999650001525879e-01 5.091095566749572754e-01 5.853754281997680664e-01 4.853837490081787109e-01 5.007854104042053223e-01 4.817487299442291260e-01 5.564453005790710449e-01
5.878122448921203613e-01 7.790784239768981934e-01 5.674375295639038086e-01 5.394871234893798828e-01 5.091095566749572754e-01 5.743209123611450195e-01 4.853837490081787109e-01 5.312231779098510742e-01 5.231928229331970215e-01 4.432842731475830078e-01
5.878122448921203613e-01 7.790784239768981934e-01 5.674375295639038086e-01 7.610474824905395508e-01 5.091095566749572754e-01 5.743209123611450195e-01 4.853837490081787109e-01 5.312231779098510742e-01 5.231928229331970215e-01 4.432842731475830078e-01
4.332650601863861084e-01 5.757405757904052734e-01 6.036343574523925781e-01 7.812337279319763184e-01 5.091095566749572754e-01 7.603917717933654785e-01 4.853837490081787109e-01 6.450259685516357422e-01 6.534379720687866211e-01 6.040665507316589355e-01
5.074461102485656738e-01 5.356392860412597656e-01 4.734714925289154053e-01 3.393402695655822754e-01 5.106039643287658691e-01 6.291554570198059082e-01 4.853837490081787109e-01 5.104199051856994629e-01 4.817487299442291260e-01 5.035880208015441895e-01
5.074461102485656738e-01 5.468078851699829102e-01 3.819244503974914551e-01 3.393402695655822754e-01 6.603027582168579102e-01 5.853754281997680664e-01 4.853837490081787109e-01 5.007854104042053223e-01 4.817487299442291260e-01 6.298354268074035645e-01
5.074461102485656738e-01 5.468078851699829102e-01 4.004166126251220703e-01 3.575114309787750244e-01 5.106039643287658691e-01 7.254651188850402832e-01 4.853837490081787109e-01 5.104199051856994629e-01 4.817487299442291260e-01 4.512608647346496582e-01
5.074461102485656738e-01 5.468078851699829102e-01 4.668794572353363037e-01 3.575114309787750244e-01 5.106039643287658691e-01 5.493772625923156738e-01 4.853837490081787109e-01 5.007854104042053223e-01 4.817487299442291260e-01 5.797094702720642090e-01
6.301810145378112793e-01 5.468078851699829102e-01 3.819244503974914551e-01 3.770422339439392090e-01 5.091095566749572754e-01 5.853754281997680664e-01 4.853837490081787109e-01 5.007854104042053223e-01 4.817487299442291260e-01 5.564453005790710449e-01
4.908712208271026611e-01 6.597128510475158691e-01 7.324668765068054199e-01 6.433084011077880859e-01 5.091095566749572754e-01 5.743209123611450195e-01 4.853837490081787109e-01 4.619227051734924316e-01 2.592267692089080811e-01 5.564453005790710449e-01
4.908712208271026611e-01 6.597128510475158691e-01 6.423245072364807129e-01 6.433084011077880859e-01 5.091095566749572754e-01 5.473496317863464355e-01 4.853837490081787109e-01 4.619227051734924316e-01 4.817487299442291260e-01 4.432842731475830078e-01
4.332650601863861084e-01 7.790784239768981934e-01 3.217603266239166260e-01 5.251583456993103027e-01 5.091095566749572754e-01 7.023395895957946777e-01 4.853837490081787109e-01 5.312231779098510742e-01 5.231928229331970215e-01 4.432842731475830078e-01
4.332650601863861084e-01 7.790784239768981934e-01 6.581897139549255371e-01 4.120981991291046143e-01 5.091095566749572754e-01 5.743209123611450195e-01 4.853837490081787109e-01 5.312231779098510742e-01 5.231928229331970215e-01 4.432842731475830078e-01
5.878122448921203613e-01 5.097620487213134766e-01 6.909287571907043457e-01 6.952061653137207031e-01 5.091095566749572754e-01 5.254426598548889160e-01 4.853837490081787109e-01 5.408088564872741699e-01 5.231928229331970215e-01 5.063218474388122559e-01
5.878122448921203613e-01 5.097620487213134766e-01 6.581897139549255371e-01 7.686153650283813477e-01 5.091095566749572754e-01 5.743209123611450195e-01 4.853837490081787109e-01 5.312231779098510742e-01 5.231928229331970215e-01 4.432842731475830078e-01
5.878122448921203613e-01 5.097620487213134766e-01 6.581897139549255371e-01 6.692057251930236816e-01 5.091095566749572754e-01 5.743209123611450195e-01 4.853837490081787109e-01 5.312231779098510742e-01 5.231928229331970215e-01 4.432842731475830078e-01
5.878122448921203613e-01 6.514260768890380859e-01 6.909287571907043457e-01 7.371050715446472168e-01 5.091095566749572754e-01 6.842708587646484375e-01 4.853837490081787109e-01 5.566526651382446289e-01 6.534379720687866211e-01 5.072414875030517578e-01
5.878122448921203613e-01 5.658609271049499512e-01 6.581897139549255371e-01 7.686153650283813477e-01 5.091095566749572754e-01 4.652310013771057129e-01 4.853837490081787109e-01 5.312231779098510742e-01 5.231928229331970215e-01 4.432842731475830078e-01
4.332650601863861084e-01 5.185580849647521973e-01 6.909287571907043457e-01 5.532515048980712891e-01 5.091095566749572754e-01 6.842708587646484375e-01 4.853837490081787109e-01 4.715157151222229004e-01 2.592267692089080811e-01 6.013168096542358398e-01
4.332650601863861084e-01 3.592459857463836670e-01 4.249130189418792725e-01 6.726705431938171387e-01 6.603027582168579102e-01 6.621856093406677246e-01 4.853837490081787109e-01 4.715157151222229004e-01 4.817487299442291260e-01 5.035880208015441895e-01
6.301810145378112793e-01 3.696645796298980713e-01 1.988739222288131714e-01 4.594528675079345703e-01 6.603027582168579102e-01 6.361369490623474121e-01 4.853837490081787109e-01 4.619227051734924316e-01 4.817487299442291260e-01 6.298354268074035645e-01
6.301810145378112793e-01 4.525454938411712646e-01 5.889245867729187012e-01 6.433084011077880859e-01 5.091095566749572754e-01 6.361369490623474121e-01 4.853837490081787109e-01 4.619227051734924316e-01 4.817487299442291260e-01 5.564453005790710449e-01
6.301810145378112793e-01 4.525454938411712646e-01 5.889245867729187012e-01 4.628447294235229492e-01 5.091095566749572754e-01 5.082049965858459473e-01 4.853837490081787109e-01 4.619227051734924316e-01 4.817487299442291260e-01 6.298354268074035645e-01
4.908712208271026611e-01 5.179938673973083496e-01 6.423245072364807129e-01 6.433084011077880859e-01 5.091095566749572754e-01 5.473496317863464355e-01 4.853837490081787109e-01 4.619227051734924316e-01 4.817487299442291260e-01 4.432842731475830078e-01
4.908712208271026611e-01 3.279973566532135010e-01 6.758347749710083008e-01 5.532515048980712891e-01 5.091095566749572754e-01 6.621856093406677246e-01 4.853837490081787109e-01 4.715157151222229004e-01 4.817487299442291260e-01 3.487308919429779053e-01
4.908712208271026611e-01 4.458330869674682617e-01 6.423245072364807129e-01 6.433084011077880859e-01 5.091095566749572754e-01 5.473496317863464355e-01 4.853837490081787109e-01 4.619227051734924316e-01 4.817487299442291260e-01 4.432842731475830078e-01
4.908712208271026611e-01 4.458330869674682617e-01 6.758347749710083008e-01 5.532515048980712891e-01 5.091095566749572754e-01 5.367426276206970215e-01 4.853837490081787109e-01 4.715157151222229004e-01 4.817487299442291260e-01 4.574934542179107666e-01
4.908712208271026611e-01 4.458330869674682617e-01 6.423245072364807129e-01 6.433084011077880859e-01 5.091095566749572754e-01 5.853754281997680664e-01 4.853837490081787109e-01 4.619227051734924316e-01 4.817487299442291260e-01 4.395968019962310791e-01
6.301810145378112793e-01 4.525454938411712646e-01 6.758347749710083008e-01 5.532515048980712891e-01 5.091095566749572754e-01 5.367426276206970215e-01 4.853837490081787109e-01 4.715157151222229004e-01 4.817487299442291260e-01 6.465415954589843750e-01
4.541137814521789551e-01 5.940582156181335449e-01 7.324668765068054199e-01 6.433084011077880859e-01 5.091095566749572754e-01 6.095212697982788086e-01 4.853837490081787109e-01 5.312231779098510742e-01 5.231928229331970215e-01 4.395968019962310791e-01
4.541137814521789551e-01 4.525454938411712646e-01 5.681490898132324219e-01 4.628447294235229492e-01 4.372183978557586670e-01 4.818608760833740234e-01 4.853837490081787109e-01 6.450259685516357422e-01 6.534379720687866211e-01 6.716633439064025879e-01
4.541137814521789551e-01 3.696645796298980713e-01 4.632155597209930420e-01 5.532515048980712891e-01 4.372183978557586670e-01 4.568553864955902100e-01 4.853837490081787109e-01 4.715157151222229004e-01 4.817487299442291260e-01 5.458688735961914062e-01
4.541137814521789551e-01 5.910598635673522949e-01 3.905693590641021729e-01 3.048956394195556641e-01 5.039770007133483887e-01 5.713730454444885254e-01 4.853837490081787109e-01 4.715157151222229004e-01 4.817487299442291260e-01 5.458688735961914062e-01
4.541137814521789551e-01 4.525454938411712646e-01 3.722496330738067627e-01 3.867923915386199951e-01 4.372183978557586670e-01 4.286352097988128662e-01 4.853837490081787109e-01 4.619227051734924316e-01 4.817487299442291260e-01 5.278789997100830078e-01
4.541137814521789551e-01 4.525454938411712646e-01 5.889245867729187012e-01 6.433084011077880859e-01 5.091095566749572754e-01 5.082049965858459473e-01 4.853837490081787109e-01 4.619227051734924316e-01 4.817487299442291260e-01 6.298354268074035645e-01
4.541137814521789551e-01 4.525454938411712646e-01 6.423245072364807129e-01 6.433084011077880859e-01 5.091095566749572754e-01 5.082049965858459473e-01 4.853837490081787109e-01 4.619227051734924316e-01 4.817487299442291260e-01 6.298354268074035645e-01
4.908712208271026611e-01 4.525454938411712646e-01 6.423245072364807129e-01 6.433084011077880859e-01 5.091095566749572754e-01 5.853754281997680664e-01 4.853837490081787109e-01 4.619227051734924316e-01 4.817487299442291260e-01 5.564453005790710449e-01
4.541137814521789551e-01 4.458330869674682617e-01 6.423245072364807129e-01 6.433084011077880859e-01 5.091095566749572754e-01 5.853754281997680664e-01 4.853837490081787109e-01 4.619227051734924316e-01 4.817487299442291260e-01 5.564453005790710449e-01
4.541137814521789551e-01 4.458330869674682617e-01 6.423245072364807129e-01 6.433084011077880859e-01 5.091095566749572754e-01 5.473496317863464355e-01 4.853837490081787109e-01 4.619227051734924316e-01 4.817487299442291260e-01 5.564453005790710449e-01
4.541137814521789551e-01 4.458330869674682617e-01 4.632155597209930420e-01 4.628447294235229492e-01 4.372183978557586670e-01 5.061585307121276855e-01 4.853837490081787109e-01 4.715157151222229004e-01 4.817487299442291260e-01 5.100050568580627441e-01
4.541137814521789551e-01 4.525454938411712646e-01 5.240237712860107422e-01 5.381391048431396484e-01 4.372183978557586670e-01 6.342396140098571777e-01 4.853837490081787109e-01 4.715157151222229004e-01 4.817487299442291260e-01 5.100050568580627441e-01
4.541137814521789551e-01 5.940582156181335449e-01 7.324668765068054199e-01 6.433084011077880859e-01 5.091095566749572754e-01 7.271534800529479980e-01 4.853837490081787109e-01 5.312231779098510742e-01 5.231928229331970215e-01 5.564453005790710449e-01
4.541137814521789551e-01 5.940582156181335449e-01 7.324668765068054199e-01 6.611141562461853027e-01 5.091095566749572754e-01 7.271534800529479980e-01 4.853837490081787109e-01 5.312231779098510742e-01 5.231928229331970215e-01 5.564453005790710449e-01
4.908712208271026611e-01 4.938642382621765137e-01 5.656064748764038086e-01 5.851119756698608398e-01 5.091095566749572754e-01 7.023395895957946777e-01 4.853837490081787109e-01 5.312231779098510742e-01 5.231928229331970215e-01 4.432842731475830078e-01
4.908712208271026611e-01 5.621904730796813965e-01 3.342590928077697754e-01 5.851119756698608398e-01 5.091095566749572754e-01 7.469828128814697266e-01 4.853837490081787109e-01 5.312231779098510742e-01 5.231928229331970215e-01 4.432842731475830078e-01
5.000000000000000000e-01 2.867366075515747070e-01 3.370499908924102783e-01 3.371098041534423828e-01 5.233140587806701660e-01 6.364835500717163086e-01 4.853837490081787109e-01 5.412688851356506348e-01 5.231928229331970215e-01 4.432842731475830078e-01
5.000000000000000000e-01 2.776258885860443115e-01 2.650836408138275146e-01 3.866551220417022705e-01 5.233140587806701660e-01 5.648282170295715332e-01 4.815891087055206299e-01 4.586790204048156738e-01 5.231928229331970215e-01 5.063218474388122559e-01
5.000000000000000000e-01 2.260292172431945801e-01 2.070094197988510132e-01 2.272508293390274048e-01 5.091095566749572754e-01 7.315631508827209473e-01 4.853837490081787109e-01 4.486668705940246582e-01 5.231928229331970215e-01 5.063218474388122559e-01
5.000000000000000000e-01 1.783447861671447754e-01 3.196628987789154053e-01 5.689068436622619629e-01 5.091095566749572754e-01 2.639513015747070312e-01 4.853837490081787109e-01 5.312231779098510742e-01 5.231928229331970215e-01 4.432842731475830078e-01
5.878122448921203613e-01 4.094453454017639160e-01 6.581897139549255371e-01 5.689068436622619629e-01 5.091095566749572754e-01 2.639513015747070312e-01 4.853837490081787109e-01 5.312231779098510742e-01 5.231928229331970215e-01 4.432842731475830078e-01
5.878122448921203613e-01 4.094453454017639160e-01 6.602650880813598633e-01 5.689068436622619629e-01 5.091095566749572754e-01 2.639513015747070312e-01 4.853837490081787109e-01 5.312231779098510742e-01 5.231928229331970215e-01 4.432842731475830078e-01
5.878122448921203613e-01 5.658609271049499512e-01 6.909287571907043457e-01 4.472170770168304443e-01 5.091095566749572754e-01 4.397460520267486572e-01 4.853837490081787109e-01 6.450259685516357422e-01 6.534379720687866211e-01 5.072414875030517578e-01
5.878122448921203613e-01 5.831664204597473145e-01 6.909287571907043457e-01 6.216160058975219727e-01 5.091095566749572754e-01 8.009292483329772949e-01 4.853837490081787109e-01 5.566526651382446289e-01 6.534379720687866211e-01 7.092995643615722656e-01
4.332650601863861084e-01 3.637242913246154785e-01 6.602650880813598633e-01 4.666819572448730469e-01 5.091095566749572754e-01 5.027111172676086426e-01 4.853837490081787109e-01 5.312231779098510742e-01 5.231928229331970215e-01 4.432842731475830078e-01
4.332650601863861084e-01 3.637242913246154785e-01 5.603957772254943848e-01 3.491486012935638428e-01 5.091095566749572754e-01 3.128061890602111816e-01 4.853837490081787109e-01 4.619227051734924316e-01 4.817487299442291260e-01 4.432842731475830078e-01
4.332650601863861084e-01 1.783447861671447754e-01 5.515286922454833984e-01 2.398927509784698486e-01 5.091095566749572754e-01 2.432273030281066895e-01 6.609852910041809082e-01 4.619227051734924316e-01 4.817487299442291260e-01 4.432842731475830078e-01
4.332650601863861084e-01 3.637242913246154785e-01 7.923293709754943848e-01 5.676766037940979004e-01 5.091095566749572754e-01 2.432273030281066895e-01 6.609852910041809082e-01 4.619227051734924316e-01 4.817487299442291260e-01 4.432842731475830078e-01
4.332650601863861084e-01 4.094453454017639160e-01 8.533012270927429199e-01 3.742612004280090332e-01 5.091095566749572754e-01 1.526619046926498413e-01 6.609852910041809082e-01 5.312231779098510742e-01 5.231928229331970215e-01 4.432842731475830078e-01
4.332650601863861084e-01 4.094453454017639160e-01 8.533012270927429199e-01 4.579036533832550049e-01 5.091095566749572754e-01 3.885582685470581055e-01 6.609852910041809082e-01 5.312231779098510742e-01 5.231928229331970215e-01 4.432842731475830078e-01
4.332650601863861084e-01 4.215921461582183838e-01 5.603957772254943848e-01 4.433806836605072021e-01 5.091095566749572754e-01 7.844334840774536133e-01 4.853837490081787109e-01 3.813744485378265381e-01 4.817487299442291260e-01 3.186556100845336914e-01
4.332650601863861084e-01 5.179938673973083496e-01 3.275246620178222656e-01 5.314711332321166992e-01 5.091095566749572754e-01 6.308246850967407227e-01 4.853837490081787109e-01 4.619227051734924316e-01 4.817487299442291260e-01 3.323911726474761963e-01
4.332650601863861084e-01 5.179938673973083496e-01 5.603957772254943848e-01 3.514669835567474365e-01 5.091095566749572754e-01 6.063248515129089355e-01 4.853837490081787109e-01 4.619227051734924316e-01 4.817487299442291260e-01 3.323911726474761963e-01
5.878122448921203613e-01 5.658609271049499512e-01 4.261210858821868896e-01 8.090125918388366699e-01 5.091095566749572754e-01 5.211924314498901367e-01 4.853837490081787109e-01 5.312231779098510742e-01 5.231928229331970215e-01 4.432842731475830078e-01
4.332650601863861084e-01 3.637242913246154785e-01 4.261210858821868896e-01 5.983263850212097168e-01 5.091095566749572754e-01 4.652310013771057129e-01 6.609852910041809082e-01 4.619227051734924316e-01 5.231928229331970215e-01 4.432842731475830078e-01
4.332650601863861084e-01 5.179938673973083496e-01 4.261210858821868896e-01 5.861348509788513184e-01 5.091095566749572754e-01 4.652310013771057129e-01 6.609852910041809082e-01 5.312231779098510742e-01 5.231928229331970215e-01 4.432842731475830078e-01
4.332650601863861084e-01 5.067556500434875488e-01 5.603957772254943848e-01 5.056398510932922363e-01 5.091095566749572754e-01 3.901981115341186523e-01 4.853837490081787109e-01 3.813744485378265381e-01 4.817487299442291260e-01 4.279033541679382324e-01
4.332650601863861084e-01 4.215921461582183838e-01 5.603957772254943848e-01 2.270080149173736572e-01 5.091095566749572754e-01 5.582951307296752930e-01 4.853837490081787109e-01 3.813744485378265381e-01 4.817487299442291260e-01 3.186556100845336914e-01
4.332650601863861084e-01 5.179938673973083496e-01 2.390013486146926880e-01 5.314711332321166992e-01 5.091095566749572754e-01 4.381101131439208984e-01 4.853837490081787109e-01 4.619227051734924316e-01 4.817487299442291260e-01 4.432842731475830078e-01
4.332650601863861084e-01 5.067556500434875488e-01 5.603957772254943848e-01 4.891312122344970703e-01 5.091095566749572754e-01 5.582951307296752930e-01 4.853837490081787109e-01 4.715157151222229004e-01 4.817487299442291260e-01 3.186556100845336914e-01
4.332650601863861084e-01 6.615693569183349609e-01 6.581897139549255371e-01 5.314711332321166992e-01 5.091095566749572754e-01 7.253413200378417969e-01 4.853837490081787109e-01 6.361522078514099121e-01 6.534379720687866211e-01 4.432842731475830078e-01
4.332650601863861084e-01 5.179938673973083496e-01 5.581185817718505859e-01 5.314711332321166992e-01 5.091095566749572754e-01 7.048898935317993164e-01 4.853837490081787109e-01 4.619227051734924316e-01 4.817487299442291260e-01 3.323911726474761963e-01
4.332650601863861084e-01 5.067556500434875488e-01 5.945380330085754395e-01 4.891312122344970703e-01 5.091095566749572754e-01 6.621856093406677246e-01 4.853837490081787109e-01 4.715157151222229004e-01 4.817487299442291260e-01 4.853563606739044189e-01
4.332650601863861084e-01 5.067556500434875488e-01 6.516569852828979492e-01 5.642101764678955078e-01 5.091095566749572754e-01 7.103676795959472656e-01 4.853837490081787109e-01 4.715157151222229004e-01 4.817487299442291260e-01 3.186556100845336914e-01
4.332650601863861084e-01 4.215921461582183838e-01 5.814710259437561035e-01 2.842382192611694336e-01 3.616259396076202393e-01 6.551753282546997070e-01 4.853837490081787109e-01 3.813744485378265381e-01 4.817487299442291260e-01 2.827781140804290771e-01
4.332650601863861084e-01 3.696645796298980713e-01 5.624611973762512207e-01 4.539096355438232422e-01 3.616259396076202393e-01 6.357949972152709961e-01 4.853837490081787109e-01 4.619227051734924316e-01 4.817487299442291260e-01 3.980577588081359863e-01
4.332650601863861084e-01 3.696645796298980713e-01 4.862489402294158936e-01 6.823816299438476562e-01 3.616259396076202393e-01 6.618551015853881836e-01 4.853837490081787109e-01 4.715157151222229004e-01 4.817487299442291260e-01 2.827781140804290771e-01
4.332650601863861084e-01 4.813545346260070801e-01 4.862489402294158936e-01 6.823816299438476562e-01 5.106039643287658691e-01 4.722350537776947021e-01 4.853837490081787109e-01 4.715157151222229004e-01 4.817487299442291260e-01 2.827781140804290771e-01
4.332650601863861084e-01 4.701359868049621582e-01 6.577986478805541992e-01 3.546145558357238770e-01 5.039770007133483887e-01 7.034458518028259277e-01 4.853837490081787109e-01 3.813744485378265381e-01 4.817487299442291260e-01 2.827781140804290771e-01
4.332650601863861084e-01 4.701359868049621582e-01 6.577986478805541992e-01 9.160146117210388184e-01 5.039770007133483887e-01 7.277482748031616211e-01 4.853837490081787109e-01 5.556139945983886719e-01 4.817487299442291260e-01 4.703787267208099365e-01
5.074461102485656738e-01 4.324426054954528809e-01 6.401098966598510742e-01 8.405272364616394043e-01 5.039770007133483887e-01 4.737569689750671387e-01 4.853837490081787109e-01 4.482310712337493896e-01 4.817487299442291260e-01 3.891022205352783203e-01
5.074461102485656738e-01 4.324426054954528809e-01 6.577986478805541992e-01 8.547079563140869141e-01 5.039770007133483887e-01 6.693425178527832031e-01 4.853837490081787109e-01 5.941591262817382812e-01 4.817487299442291260e-01 4.703787267208099365e-01
