4.071862995624542236e-01 6.857843995094299316e-01 2.579316198825836182e-01 2.143139690160751343e-01 4.209439158439636230e-01 2.690429985523223877e-01 4.908073842525482178e-01 3.798243105411529541e-01 1.340108364820480347e-01 6.659458279609680176e-01
4.071862995624542236e-01 6.857843995094299316e-01 1.149963214993476868e-01 4.564144015312194824e-01 4.209439158439636230e-01 2.690429985523223877e-01 6.090365052223205566e-01 3.798243105411529541e-01 2.690903544425964355e-01 7.012636661529541016e-01
4.071862995624542236e-01 6.857843995094299316e-01 2.285327464342117310e-01 3.753902912139892578e-01 5.793240070343017578e-01 3.817474842071533203e-01 4.771724045276641846e-01 3.798243105411529541e-01 2.690903544425964355e-01 7.012636661529541016e-01
4.071862995624542236e-01 6.857843995094299316e-01 8.031992316246032715e-01 2.249166965484619141e-01 4.209439158439636230e-01 8.700717687606811523e-01 8.151767253875732422e-01 3.965512216091156006e-01 6.715574264526367188e-01 6.659458279609680176e-01
6.814949512481689453e-01 5.000000000000000000e-01 7.989691495895385742e-01 6.159799695014953613e-01 7.702543735504150391e-01 8.921048045158386230e-01 8.527517914772033691e-01 5.744400620460510254e-01 6.082076430320739746e-01 5.137868523597717285e-01
6.814949512481689453e-01 5.000000000000000000e-01 8.666288256645202637e-01 4.205405414104461670e-01 7.976090312004089355e-01 8.952098488807678223e-01 8.327073454856872559e-01 7.873600721359252930e-01 5.677683949470520020e-01 6.659458279609680176e-01
4.071862995624542236e-01 3.697402775287628174e-01 6.104823946952819824e-01 3.759276121854782104e-02 4.209439158439636230e-01 6.207398772239685059e-01 5.850511193275451660e-01 5.297380685806274414e-01 6.715574264526367188e-01 6.659458279609680176e-01
4.071862995624542236e-01 3.697402775287628174e-01 8.513983488082885742e-01 3.077588081359863281e-01 4.209439158439636230e-01 6.207398772239685059e-01 7.058932781219482422e-01 3.798243105411529541e-01 6.715574264526367188e-01 6.659458279609680176e-01
4.071862995624542236e-01 3.697402775287628174e-01 1.462932229042053223e-01 3.783029317855834961e-01 4.209439158439636230e-01 6.207398772239685059e-01 5.770881772041320801e-01 5.297380685806274414e-01 6.372431516647338867e-01 6.659458279609680176e-01
4.071862995624542236e-01 3.697402775287628174e-01 1.893665492534637451e-01 8.429341763257980347e-02 4.209439158439636230e-01 6.207398772239685059e-01 5.770881772041320801e-01 5.297380685806274414e-01 4.344571530818939209e-01 6.659458279609680176e-01
4.071862995624542236e-01 3.697402775287628174e-01 1.955570429563522339e-01 1.640770137310028076e-01 4.209439158439636230e-01 7.759215831756591797e-01 5.770881772041320801e-01 5.297380685806274414e-01 2.350940257310867310e-01 6.659458279609680176e-01
4.071862995624542236e-01 3.697402775287628174e-01 5.627088621258735657e-02 3.835900425910949707e-01 4.209439158439636230e-01 6.677276492118835449e-01 7.058932781219482422e-01 5.297380685806274414e-01 2.634820342063903809e-01 6.659458279609680176e-01
7.982565164566040039e-01 7.928071618080139160e-01 3.900436460971832275e-01 1.640770137310028076e-01 4.209439158439636230e-01 7.759215831756591797e-01 5.313153862953186035e-01 5.297380685806274414e-01 6.715574264526367188e-01 6.659458279609680176e-01
4.071862995624542236e-01 3.697402775287628174e-01 8.321775794029235840e-01 5.658345669507980347e-02 4.209439158439636230e-01 8.729016184806823730e-01 5.614500045776367188e-01 5.297380685806274414e-01 6.715574264526367188e-01 6.659458279609680176e-01
7.982565164566040039e-01 7.928071618080139160e-01 7.243775725364685059e-01 1.399060487747192383e-01 5.793240070343017578e-01 9.266969561576843262e-01 7.719670534133911133e-01 5.297380685806274414e-01 6.715574264526367188e-01 6.659458279609680176e-01
7.982565164566040039e-01 7.928071618080139160e-01 9.299233555793762207e-01 8.635419607162475586e-01 7.976090312004089355e-01 9.792637228965759277e-01 7.925531864166259766e-01 7.873600721359252930e-01 8.852411508560180664e-01 6.659458279609680176e-01
7.982565164566040039e-01 7.928071618080139160e-01 9.127786159515380859e-01 9.012176990509033203e-01 5.000000000000000000e-01 9.003927111625671387e-01 7.925531864166259766e-01 7.873600721359252930e-01 7.593184113502502441e-01 6.659458279609680176e-01
7.982565164566040039e-01 7.928071618080139160e-01 5.696530342102050781e-01 9.012176990509033203e-01 5.000000000000000000e-01 9.003927111625671387e-01 7.697757482528686523e-01 7.873600721359252930e-01 7.593184113502502441e-01 6.659458279609680176e-01
7.982565164566040039e-01 7.928071618080139160e-01 8.196119070053100586e-01 2.209298610687255859e-01 7.702543735504150391e-01 7.760637402534484863e-01 7.697757482528686523e-01 5.744400620460510254e-01 6.082076430320739746e-01 5.137868523597717285e-01
7.982565164566040039e-01 7.928071618080139160e-01 6.843286156654357910e-01 2.415984869003295898e-01 5.000000000000000000e-01 9.129608273506164551e-01 7.665573954582214355e-01 7.873600721359252930e-01 8.455066680908203125e-01 6.659458279609680176e-01
7.982565164566040039e-01 7.928071618080139160e-01 7.520372867584228516e-01 8.442681431770324707e-01 7.976090312004089355e-01 9.509618878364562988e-01 7.665573954582214355e-01 7.873600721359252930e-01 7.625720500946044922e-01 6.659458279609680176e-01
7.982565164566040039e-01 7.928071618080139160e-01 7.950108051300048828e-01 8.349971771240234375e-01 5.000000000000000000e-01 7.845122814178466797e-01 7.925531864166259766e-01 7.873600721359252930e-01 7.593184113502502441e-01 6.659458279609680176e-01
6.814949512481689453e-01 5.000000000000000000e-01 6.015233993530273438e-01 8.349971771240234375e-01 5.000000000000000000e-01 9.003927111625671387e-01 5.017673373222351074e-01 7.873600721359252930e-01 7.593184113502502441e-01 6.659458279609680176e-01
6.814949512481689453e-01 5.000000000000000000e-01 6.015233993530273438e-01 7.791701555252075195e-01 5.000000000000000000e-01 7.845122814178466797e-01 5.017673373222351074e-01 7.873600721359252930e-01 7.593184113502502441e-01 6.659458279609680176e-01
6.814949512481689453e-01 5.000000000000000000e-01 7.418242096900939941e-01 8.473138809204101562e-01 5.000000000000000000e-01 9.792637228965759277e-01 5.017673373222351074e-01 7.873600721359252930e-01 7.593184113502502441e-01 6.659458279609680176e-01
6.814949512481689453e-01 5.000000000000000000e-01 7.150612473487854004e-01 8.265115618705749512e-01 7.702543735504150391e-01 9.792637228965759277e-01 5.017673373222351074e-01 7.873600721359252930e-01 7.593184113502502441e-01 6.659458279609680176e-01
6.814949512481689453e-01 5.000000000000000000e-01 9.439493417739868164e-01 8.473138809204101562e-01 5.000000000000000000e-01 9.792637228965759277e-01 5.017673373222351074e-01 7.873600721359252930e-01 7.593184113502502441e-01 6.659458279609680176e-01
6.814949512481689453e-01 5.000000000000000000e-01 8.679212331771850586e-01 8.265115618705749512e-01 5.000000000000000000e-01 9.792637228965759277e-01 5.017673373222351074e-01 7.873600721359252930e-01 7.593184113502502441e-01 6.659458279609680176e-01
3.783539533615112305e-01 3.697428703308105469e-01 9.035434722900390625e-01 3.518814742565155029e-01 5.793240070343017578e-01 5.337827205657958984e-01 5.238912701606750488e-01 5.297380685806274414e-01 2.350940257310867310e-01 6.659458279609680176e-01
5.531293153762817383e-01 7.928071618080139160e-01 9.900507330894470215e-01 8.265115618705749512e-01 7.702543735504150391e-01 9.792637228965759277e-01 7.925531864166259766e-01 7.873600721359252930e-01 5.744035840034484863e-01 6.659458279609680176e-01
7.982565164566040039e-01 7.928071618080139160e-01 9.637655019760131836e-01 9.669841527938842773e-01 5.000000000000000000e-01 9.667251706123352051e-01 7.665573954582214355e-01 7.873600721359252930e-01 7.625720500946044922e-01 6.659458279609680176e-01
5.531293153762817383e-01 7.928071618080139160e-01 7.195842862129211426e-01 9.886147975921630859e-01 5.000000000000000000e-01 9.667251706123352051e-01 7.665573954582214355e-01 7.873600721359252930e-01 3.597720563411712646e-01 6.659458279609680176e-01
5.531293153762817383e-01 7.928071618080139160e-01 9.680870771408081055e-01 9.264633059501647949e-01 5.000000000000000000e-01 9.667251706123352051e-01 7.665573954582214355e-01 7.873600721359252930e-01 3.597720563411712646e-01 6.659458279609680176e-01
5.531293153762817383e-01 7.928071618080139160e-01 9.737038016319274902e-01 8.963502049446105957e-01 7.702543735504150391e-01 9.667251706123352051e-01 7.665573954582214355e-01 7.873600721359252930e-01 3.597720563411712646e-01 6.659458279609680176e-01
6.814949512481689453e-01 5.000000000000000000e-01 6.356448531150817871e-01 8.731954693794250488e-01 7.702543735504150391e-01 9.481830000877380371e-01 4.639771282672882080e-01 7.873600721359252930e-01 5.677683949470520020e-01 6.659458279609680176e-01
6.814949512481689453e-01 5.000000000000000000e-01 3.921379745006561279e-01 8.731954693794250488e-01 7.702543735504150391e-01 9.617371559143066406e-01 5.017673373222351074e-01 7.873600721359252930e-01 7.593184113502502441e-01 6.659458279609680176e-01
5.531293153762817383e-01 7.928071618080139160e-01 9.675593376159667969e-01 9.601622223854064941e-01 5.000000000000000000e-01 9.667251706123352051e-01 7.665573954582214355e-01 7.873600721359252930e-01 3.597720563411712646e-01 6.659458279609680176e-01
5.531293153762817383e-01 7.928071618080139160e-01 9.903947710990905762e-01 8.265115618705749512e-01 7.702543735504150391e-01 9.667251706123352051e-01 7.665573954582214355e-01 7.873600721359252930e-01 3.597720563411712646e-01 6.659458279609680176e-01
6.814949512481689453e-01 5.000000000000000000e-01 9.169254302978515625e-01 9.805749654769897461e-01 7.702543735504150391e-01 9.530420899391174316e-01 8.916342258453369141e-01 7.873600721359252930e-01 5.677683949470520020e-01 7.873600721359252930e-01
5.531293153762817383e-01 7.928071618080139160e-01 9.129936099052429199e-01 8.124396204948425293e-01 5.000000000000000000e-01 9.667251706123352051e-01 7.665573954582214355e-01 7.873600721359252930e-01 3.597720563411712646e-01 6.659458279609680176e-01
6.814949512481689453e-01 5.000000000000000000e-01 8.285918831825256348e-01 9.526286721229553223e-01 7.702543735504150391e-01 9.531392455101013184e-01 9.378346204757690430e-01 7.873600721359252930e-01 5.677683949470520020e-01 7.873600721359252930e-01
4.071862995624542236e-01 6.401435136795043945e-01 6.770451068878173828e-01 5.513582825660705566e-01 4.209439158439636230e-01 6.995148658752441406e-01 3.887097239494323730e-01 3.798243105411529541e-01 6.011326909065246582e-01 6.659458279609680176e-01
4.071862995624542236e-01 6.401435136795043945e-01 6.886578202247619629e-01 5.658349394798278809e-01 4.209439158439636230e-01 6.995148658752441406e-01 3.887097239494323730e-01 3.798243105411529541e-01 6.011326909065246582e-01 5.000000000000000000e-01
5.531293153762817383e-01 7.928071618080139160e-01 7.436935901641845703e-01 7.351421117782592773e-01 4.209439158439636230e-01 8.408768773078918457e-01 7.442240715026855469e-01 3.798243105411529541e-01 3.519102931022644043e-01 7.012636661529541016e-01
6.690711975097656250e-01 6.401435136795043945e-01 6.446322202682495117e-01 5.802682638168334961e-01 5.793240070343017578e-01 6.032667756080627441e-01 3.887097239494323730e-01 4.649699330329895020e-01 6.011326909065246582e-01 5.000000000000000000e-01
6.690711975097656250e-01 3.697428703308105469e-01 1.443411707878112793e-01 6.986573338508605957e-01 5.428419113159179688e-01 5.037146806716918945e-01 3.887097239494323730e-01 4.649699330329895020e-01 3.972539305686950684e-01 5.000000000000000000e-01
6.257290840148925781e-01 6.401435136795043945e-01 2.675075829029083252e-01 7.724076509475708008e-01 6.444817781448364258e-01 6.995148658752441406e-01 4.819027185440063477e-01 4.649699330329895020e-01 3.519102931022644043e-01 7.012636661529541016e-01
6.257290840148925781e-01 6.401435136795043945e-01 1.595965325832366943e-01 5.341659784317016602e-01 5.793240070343017578e-01 6.032667756080627441e-01 3.887097239494323730e-01 4.649699330329895020e-01 6.011326909065246582e-01 5.000000000000000000e-01
4.764903187751770020e-01 4.013137221336364746e-01 2.141701132059097290e-01 1.350183635950088501e-01 5.428419113159179688e-01 7.171482443809509277e-01 6.137569546699523926e-01 2.822516560554504395e-01 6.536495685577392578e-01 5.000000000000000000e-01
4.764903187751770020e-01 4.013137221336364746e-01 4.498755931854248047e-02 1.350183635950088501e-01 5.428419113159179688e-01 7.171482443809509277e-01 4.905171096324920654e-01 2.822516560554504395e-01 6.536495685577392578e-01 5.000000000000000000e-01
4.764903187751770020e-01 4.013137221336364746e-01 4.220617115497589111e-01 1.350183635950088501e-01 5.428419113159179688e-01 7.171482443809509277e-01 4.905171096324920654e-01 2.822516560554504395e-01 6.536495685577392578e-01 5.000000000000000000e-01
4.764903187751770020e-01 4.013137221336364746e-01 2.705404460430145264e-01 2.440466582775115967e-01 5.428419113159179688e-01 7.171482443809509277e-01 4.905171096324920654e-01 2.822516560554504395e-01 8.185162544250488281e-01 5.000000000000000000e-01
4.764903187751770020e-01 4.013137221336364746e-01 2.302419096231460571e-01 3.821382224559783936e-01 5.793240070343017578e-01 7.171482443809509277e-01 4.905171096324920654e-01 3.798243105411529541e-01 6.011326909065246582e-01 5.000000000000000000e-01
4.764903187751770020e-01 4.013137221336364746e-01 7.216776609420776367e-01 2.975414097309112549e-01 5.793240070343017578e-01 7.171482443809509277e-01 4.905171096324920654e-01 3.798243105411529541e-01 6.011326909065246582e-01 5.000000000000000000e-01
4.764903187751770020e-01 4.013137221336364746e-01 6.453530788421630859e-01 7.068523168563842773e-01 5.793240070343017578e-01 7.171482443809509277e-01 4.905171096324920654e-01 3.798243105411529541e-01 6.011326909065246582e-01 5.000000000000000000e-01
6.098727583885192871e-01 6.278434991836547852e-01 4.658346176147460938e-01 8.161680698394775391e-01 5.428419113159179688e-01 7.171482443809509277e-01 4.905171096324920654e-01 5.799168944358825684e-01 9.147478938102722168e-01 5.000000000000000000e-01
4.764903187751770020e-01 6.967749595642089844e-01 4.404076635837554932e-01 6.513997912406921387e-01 5.793240070343017578e-01 7.342563867568969727e-01 4.819027185440063477e-01 3.798243105411529541e-01 5.813638567924499512e-01 7.012636661529541016e-01
4.764903187751770020e-01 6.967749595642089844e-01 8.378712534904479980e-01 5.933448672294616699e-01 5.793240070343017578e-01 4.948725402355194092e-01 4.819027185440063477e-01 3.798243105411529541e-01 6.011326909065246582e-01 7.012636661529541016e-01
6.257290840148925781e-01 6.401435136795043945e-01 4.386585652828216553e-01 8.363597393035888672e-01 6.444817781448364258e-01 6.757238507270812988e-01 6.746432185173034668e-01 3.798243105411529541e-01 8.998021483421325684e-01 7.012636661529541016e-01
6.257290840148925781e-01 6.401435136795043945e-01 3.863536715507507324e-01 9.238704442977905273e-01 6.444817781448364258e-01 6.757238507270812988e-01 7.745637297630310059e-01 4.649699330329895020e-01 7.639011740684509277e-01 7.873600721359252930e-01
6.257290840148925781e-01 6.401435136795043945e-01 4.470680952072143555e-01 9.238704442977905273e-01 4.071506559848785400e-01 5.438807606697082520e-01 7.745637297630310059e-01 4.649699330329895020e-01 7.639011740684509277e-01 7.873600721359252930e-01
6.257290840148925781e-01 6.401435136795043945e-01 4.799525141716003418e-01 9.238704442977905273e-01 4.071506559848785400e-01 5.438807606697082520e-01 7.745637297630310059e-01 4.649699330329895020e-01 4.905219376087188721e-01 7.873600721359252930e-01
5.531293153762817383e-01 7.928071618080139160e-01 6.852145791053771973e-01 8.601592779159545898e-01 5.000000000000000000e-01 9.043658375740051270e-01 9.378346204757690430e-01 7.873600721359252930e-01 6.635032296180725098e-01 7.873600721359252930e-01
5.531293153762817383e-01 7.928071618080139160e-01 3.167926371097564697e-01 9.323285818099975586e-01 4.209439158439636230e-01 7.569911479949951172e-01 7.999006509780883789e-01 3.798243105411529541e-01 4.905219376087188721e-01 5.137868523597717285e-01
4.583066403865814209e-01 6.401435136795043945e-01 7.085230350494384766e-01 4.918164312839508057e-01 4.071506559848785400e-01 5.524474382400512695e-01 5.562564134597778320e-01 4.649699330329895020e-01 3.519102931022644043e-01 7.012636661529541016e-01
6.257290840148925781e-01 6.401435136795043945e-01 6.769253611564636230e-01 5.386010408401489258e-01 4.071506559848785400e-01 4.263378381729125977e-01 4.097310304641723633e-01 4.649699330329895020e-01 3.519102931022644043e-01 7.012636661529541016e-01
4.583066403865814209e-01 6.401435136795043945e-01 3.675243556499481201e-01 3.435773551464080811e-01 4.071506559848785400e-01 5.524474382400512695e-01 2.571898698806762695e-01 4.649699330329895020e-01 3.519102931022644043e-01 7.873600721359252930e-01
6.257290840148925781e-01 6.401435136795043945e-01 3.853011131286621094e-01 2.110287845134735107e-01 4.071506559848785400e-01 3.828720748424530029e-01 4.908073842525482178e-01 4.649699330329895020e-01 1.918924301862716675e-01 7.012636661529541016e-01
4.764903187751770020e-01 6.401435136795043945e-01 1.545401662588119507e-01 3.016516268253326416e-01 4.149458706378936768e-01 5.037146806716918945e-01 4.908073842525482178e-01 5.202784538269042969e-01 1.918924301862716675e-01 7.012636661529541016e-01
5.026484727859497070e-01 4.947375655174255371e-01 1.141987740993499756e-01 5.448611974716186523e-01 4.149458706378936768e-01 4.730732738971710205e-01 4.908073842525482178e-01 5.202784538269042969e-01 5.636665225028991699e-01 7.012636661529541016e-01
6.257290840148925781e-01 6.857843995094299316e-01 3.210468590259552002e-01 6.506077051162719727e-01 4.071506559848785400e-01 3.828720748424530029e-01 4.908073842525482178e-01 5.202784538269042969e-01 3.519102931022644043e-01 7.012636661529541016e-01
5.026484727859497070e-01 4.947375655174255371e-01 1.718773841857910156e-01 5.647714734077453613e-01 5.428419113159179688e-01 5.037146806716918945e-01 2.878933846950531006e-01 5.202784538269042969e-01 6.105889678001403809e-01 5.000000000000000000e-01
5.026484727859497070e-01 4.947375655174255371e-01 3.527512773871421814e-02 1.246627718210220337e-01 5.428419113159179688e-01 7.285853028297424316e-01 2.878933846950531006e-01 5.202784538269042969e-01 7.819209098815917969e-01 5.000000000000000000e-01
5.026484727859497070e-01 4.947375655174255371e-01 4.323081299662590027e-02 1.552601009607315063e-01 4.149458706378936768e-01 5.037146806716918945e-01 2.878933846950531006e-01 5.202784538269042969e-01 7.819209098815917969e-01 5.000000000000000000e-01
5.026484727859497070e-01 4.947375655174255371e-01 9.484706073999404907e-02 7.441293001174926758e-01 5.428419113159179688e-01 7.627116441726684570e-01 5.025584697723388672e-01 5.202784538269042969e-01 7.819209098815917969e-01 5.000000000000000000e-01
6.098727583885192871e-01 6.278434991836547852e-01 5.684728622436523438e-01 2.964649200439453125e-01 5.428419113159179688e-01 7.627116441726684570e-01 5.025584697723388672e-01 5.202784538269042969e-01 6.105889678001403809e-01 5.000000000000000000e-01
6.098727583885192871e-01 6.278434991836547852e-01 1.517266035079956055e-01 4.369042217731475830e-01 5.793240070343017578e-01 7.627116441726684570e-01 5.025584697723388672e-01 5.202784538269042969e-01 7.819209098815917969e-01 5.000000000000000000e-01
6.257290840148925781e-01 6.857843995094299316e-01 5.256527066230773926e-01 7.006461620330810547e-01 6.444817781448364258e-01 7.855934500694274902e-01 3.791586756706237793e-01 5.753695964813232422e-01 7.819209098815917969e-01 7.012636661529541016e-01
6.257290840148925781e-01 6.857843995094299316e-01 6.920652985572814941e-01 7.006461620330810547e-01 6.444817781448364258e-01 7.855934500694274902e-01 3.716093301773071289e-01 5.753695964813232422e-01 7.819209098815917969e-01 7.012636661529541016e-01
6.257290840148925781e-01 6.857843995094299316e-01 9.308297634124755859e-01 4.591493904590606689e-01 6.444817781448364258e-01 4.329057633876800537e-01 5.850511193275451660e-01 5.753695964813232422e-01 7.819209098815917969e-01 7.012636661529541016e-01
6.257290840148925781e-01 6.857843995094299316e-01 3.533866703510284424e-01 8.447406888008117676e-01 5.793240070343017578e-01 6.482228040695190430e-01 3.716093301773071289e-01 5.202784538269042969e-01 7.819209098815917969e-01 5.000000000000000000e-01
6.257290840148925781e-01 6.857843995094299316e-01 8.156222701072692871e-01 8.943974971771240234e-01 6.444817781448364258e-01 4.615236520767211914e-01 6.010776758193969727e-01 5.753695964813232422e-01 7.819209098815917969e-01 7.012636661529541016e-01
6.257290840148925781e-01 6.857843995094299316e-01 7.022626996040344238e-01 7.003127932548522949e-01 6.444817781448364258e-01 5.992900729179382324e-01 7.194920182228088379e-01 6.426469087600708008e-01 7.819209098815917969e-01 7.012636661529541016e-01
6.257290840148925781e-01 6.857843995094299316e-01 9.275763630867004395e-01 8.445321917533874512e-01 6.444817781448364258e-01 5.992900729179382324e-01 7.194920182228088379e-01 6.426469087600708008e-01 9.189643263816833496e-01 7.012636661529541016e-01
3.427566289901733398e-01 6.857843995094299316e-01 3.472528755664825439e-01 4.773779809474945068e-01 4.071506559848785400e-01 3.866421282291412354e-01 5.074092149734497070e-01 5.202784538269042969e-01 9.189643263816833496e-01 7.012636661529541016e-01
4.583066403865814209e-01 6.857843995094299316e-01 6.287531256675720215e-01 7.024636864662170410e-01 4.071506559848785400e-01 3.866421282291412354e-01 7.194904088973999023e-01 5.753695964813232422e-01 9.189643263816833496e-01 7.012636661529541016e-01
3.427566289901733398e-01 6.857843995094299316e-01 5.962057709693908691e-01 7.803649306297302246e-01 4.071506559848785400e-01 3.866421282291412354e-01 7.194904088973999023e-01 5.753695964813232422e-01 8.033741712570190430e-01 7.873600721359252930e-01
3.427566289901733398e-01 6.857843995094299316e-01 5.361101031303405762e-01 5.456193685531616211e-01 4.071506559848785400e-01 3.866421282291412354e-01 6.010776758193969727e-01 5.202784538269042969e-01 5.379815101623535156e-01 7.873600721359252930e-01
4.583066403865814209e-01 6.857843995094299316e-01 7.743315100669860840e-01 5.456193685531616211e-01 4.071506559848785400e-01 3.866421282291412354e-01 7.210662364959716797e-01 5.202784538269042969e-01 5.379815101623535156e-01 7.873600721359252930e-01
4.583066403865814209e-01 6.857843995094299316e-01 2.842054963111877441e-01 7.680139541625976562e-01 4.071506559848785400e-01 3.866421282291412354e-01 7.210662364959716797e-01 5.202784538269042969e-01 5.379815101623535156e-01 7.012636661529541016e-01
6.257290840148925781e-01 6.857843995094299316e-01 2.979776561260223389e-01 9.831233620643615723e-01 6.444817781448364258e-01 8.978868722915649414e-01 4.821273088455200195e-01 5.753695964813232422e-01 8.033741712570190430e-01 7.873600721359252930e-01
6.257290840148925781e-01 6.857843995094299316e-01 4.238603413105010986e-01 7.858082056045532227e-01 6.444817781448364258e-01 8.694452643394470215e-01 4.821273088455200195e-01 5.753695964813232422e-01 8.693706393241882324e-01 7.873600721359252930e-01
6.257290840148925781e-01 6.857843995094299316e-01 2.870954573154449463e-01 9.353099465370178223e-01 6.444817781448364258e-01 8.546935915946960449e-01 5.478132963180541992e-01 5.753695964813232422e-01 8.693706393241882324e-01 7.873600721359252930e-01
6.257290840148925781e-01 6.857843995094299316e-01 2.497112452983856201e-01 9.674928188323974609e-01 6.444817781448364258e-01 8.701323866844177246e-01 7.148227095603942871e-01 5.753695964813232422e-01 8.693706393241882324e-01 7.873600721359252930e-01
6.257290840148925781e-01 6.857843995094299316e-01 9.361805766820907593e-02 9.704975485801696777e-01 6.444817781448364258e-01 8.546935915946960449e-01 6.751647591590881348e-01 5.753695964813232422e-01 8.693706393241882324e-01 7.873600721359252930e-01
7.982565164566040039e-01 7.928071618080139160e-01 8.595225811004638672e-01 9.854966998100280762e-01 5.000000000000000000e-01 9.530420899391174316e-01 8.034488558769226074e-01 7.873600721359252930e-01 8.852411508560180664e-01 7.873600721359252930e-01
7.982565164566040039e-01 7.928071618080139160e-01 6.909189224243164062e-01 9.178609251976013184e-01 5.000000000000000000e-01 9.530420899391174316e-01 8.034488558769226074e-01 7.873600721359252930e-01 8.852411508560180664e-01 7.873600721359252930e-01
6.814949512481689453e-01 5.000000000000000000e-01 9.777498841285705566e-01 6.657580733299255371e-01 7.702543735504150391e-01 9.488862752914428711e-01 8.034488558769226074e-01 5.744400620460510254e-01 6.082076430320739746e-01 5.137868523597717285e-01
6.814949512481689453e-01 5.000000000000000000e-01 9.748815298080444336e-01 7.737678289413452148e-01 7.702543735504150391e-01 8.861178159713745117e-01 8.034488558769226074e-01 5.744400620460510254e-01 6.082076430320739746e-01 5.137868523597717285e-01
6.814949512481689453e-01 5.000000000000000000e-01 9.927368164062500000e-01 5.336470603942871094e-01 7.702543735504150391e-01 9.488862752914428711e-01 8.034488558769226074e-01 5.744400620460510254e-01 6.082076430320739746e-01 5.137868523597717285e-01
6.814949512481689453e-01 5.000000000000000000e-01 9.476792812347412109e-01 8.517987728118896484e-01 7.702543735504150391e-01 8.861178159713745117e-01 8.034488558769226074e-01 5.744400620460510254e-01 6.082076430320739746e-01 5.137868523597717285e-01
6.814949512481689453e-01 5.000000000000000000e-01 7.396315336227416992e-01 8.262298703193664551e-01 7.702543735504150391e-01 8.861178159713745117e-01 7.815380096435546875e-01 5.744400620460510254e-01 6.082076430320739746e-01 5.137868523597717285e-01
6.814949512481689453e-01 5.000000000000000000e-01 9.965927004814147949e-01 8.262298703193664551e-01 7.702543735504150391e-01 9.488862752914428711e-01 7.815380096435546875e-01 5.744400620460510254e-01 6.082076430320739746e-01 5.137868523597717285e-01
6.814949512481689453e-01 5.000000000000000000e-01 4.200225472450256348e-01 9.178965687751770020e-01 7.702543735504150391e-01 9.530420899391174316e-01 7.815380096435546875e-01 7.873600721359252930e-01 7.593184113502502441e-01 7.873600721359252930e-01
6.814949512481689453e-01 5.000000000000000000e-01 3.153140842914581299e-01 5.412582755088806152e-01 7.702543735504150391e-01 8.861178159713745117e-01 7.815380096435546875e-01 5.744400620460510254e-01 6.082076430320739746e-01 5.137868523597717285e-01
6.814949512481689453e-01 5.000000000000000000e-01 5.372624993324279785e-01 9.292829036712646484e-01 7.702543735504150391e-01 9.716116189956665039e-01 8.034488558769226074e-01 7.873600721359252930e-01 7.593184113502502441e-01 7.873600721359252930e-01
6.814949512481689453e-01 5.000000000000000000e-01 7.676285505294799805e-01 8.188483119010925293e-01 7.702543735504150391e-01 8.909975290298461914e-01 8.034488558769226074e-01 7.873600721359252930e-01 7.593184113502502441e-01 7.873600721359252930e-01
6.814949512481689453e-01 5.000000000000000000e-01 6.351237297058105469e-01 6.107535362243652344e-01 7.702543735504150391e-01 9.706418514251708984e-01 8.034488558769226074e-01 7.873600721359252930e-01 7.593184113502502441e-01 7.873600721359252930e-01
6.814949512481689453e-01 5.000000000000000000e-01 6.076787710189819336e-01 7.170287370681762695e-01 7.702543735504150391e-01 9.716116189956665039e-01 8.034488558769226074e-01 7.873600721359252930e-01 7.593184113502502441e-01 7.873600721359252930e-01
6.814949512481689453e-01 5.000000000000000000e-01 6.191779375076293945e-01 8.097214102745056152e-01 7.702543735504150391e-01 9.706418514251708984e-01 8.608973026275634766e-01 7.873600721359252930e-01 7.593184113502502441e-01 7.873600721359252930e-01
6.814949512481689453e-01 5.000000000000000000e-01 7.222551703453063965e-01 7.886146903038024902e-01 7.702543735504150391e-01 9.706418514251708984e-01 6.199762821197509766e-01 7.873600721359252930e-01 7.593184113502502441e-01 7.873600721359252930e-01
6.814949512481689453e-01 5.000000000000000000e-01 4.689742326736450195e-01 6.107535362243652344e-01 7.702543735504150391e-01 9.335740208625793457e-01 8.417559266090393066e-01 7.873600721359252930e-01 5.677683949470520020e-01 7.873600721359252930e-01
6.814949512481689453e-01 5.000000000000000000e-01 6.797271370887756348e-01 9.388669133186340332e-01 7.702543735504150391e-01 9.313966631889343262e-01 8.417559266090393066e-01 7.873600721359252930e-01 5.677683949470520020e-01 7.873600721359252930e-01
6.814949512481689453e-01 5.000000000000000000e-01 6.560900807380676270e-01 9.027749300003051758e-01 7.702543735504150391e-01 9.531392455101013184e-01 8.417559266090393066e-01 7.873600721359252930e-01 5.677683949470520020e-01 7.873600721359252930e-01
5.531293153762817383e-01 5.000000000000000000e-01 2.637293338775634766e-01 8.398602604866027832e-01 7.702543735504150391e-01 9.531392455101013184e-01 8.417559266090393066e-01 7.873600721359252930e-01 8.455066680908203125e-01 7.012636661529541016e-01
5.531293153762817383e-01 5.000000000000000000e-01 2.252708226442337036e-01 7.493536472320556641e-01 5.000000000000000000e-01 9.546601176261901855e-01 8.417559266090393066e-01 7.873600721359252930e-01 8.455066680908203125e-01 7.873600721359252930e-01
3.783539533615112305e-01 4.013137221336364746e-01 6.220563650131225586e-01 8.542721867561340332e-01 4.149458706378936768e-01 8.195049762725830078e-01 5.074092149734497070e-01 3.965512216091156006e-01 8.998021483421325684e-01 5.000000000000000000e-01
6.257290840148925781e-01 6.857843995094299316e-01 2.231090366840362549e-01 8.824560642242431641e-01 6.444817781448364258e-01 8.226861953735351562e-01 5.074092149734497070e-01 3.965512216091156006e-01 7.276878356933593750e-01 5.000000000000000000e-01
5.531293153762817383e-01 7.928071618080139160e-01 4.404181838035583496e-01 8.885346651077270508e-01 5.000000000000000000e-01 9.531392455101013184e-01 8.417559266090393066e-01 7.873600721359252930e-01 8.455066680908203125e-01 7.012636661529541016e-01
6.257290840148925781e-01 6.857843995094299316e-01 4.124582111835479736e-01 5.594152808189392090e-01 6.444817781448364258e-01 8.703777194023132324e-01 6.406107544898986816e-01 3.965512216091156006e-01 7.276878356933593750e-01 7.012636661529541016e-01
5.531293153762817383e-01 7.928071618080139160e-01 6.018987894058227539e-01 9.559593200683593750e-01 7.702543735504150391e-01 9.531392455101013184e-01 8.417559266090393066e-01 7.873600721359252930e-01 6.635032296180725098e-01 7.873600721359252930e-01
6.257290840148925781e-01 6.857843995094299316e-01 3.312649130821228027e-01 4.484369158744812012e-01 6.444817781448364258e-01 8.226861953735351562e-01 6.010776758193969727e-01 4.649699330329895020e-01 8.998021483421325684e-01 5.000000000000000000e-01
6.690711975097656250e-01 4.013137221336364746e-01 5.495185852050781250e-01 4.090968072414398193e-01 5.428419113159179688e-01 5.848909020423889160e-01 5.074092149734497070e-01 4.649699330329895020e-01 8.998021483421325684e-01 5.000000000000000000e-01
6.257290840148925781e-01 6.857843995094299316e-01 5.280120968818664551e-01 8.620222806930541992e-01 6.444817781448364258e-01 5.524474382400512695e-01 5.074092149734497070e-01 4.649699330329895020e-01 9.189643263816833496e-01 5.000000000000000000e-01
6.690711975097656250e-01 4.013137221336364746e-01 7.234496474266052246e-01 6.236162185668945312e-01 5.428419113159179688e-01 4.255555868148803711e-01 5.074092149734497070e-01 4.649699330329895020e-01 9.189643263816833496e-01 5.000000000000000000e-01
6.690711975097656250e-01 4.013137221336364746e-01 3.522210121154785156e-01 4.642339348793029785e-01 5.793240070343017578e-01 4.255555868148803711e-01 5.074092149734497070e-01 4.649699330329895020e-01 9.189643263816833496e-01 5.000000000000000000e-01
4.583066403865814209e-01 6.857843995094299316e-01 8.431044816970825195e-01 3.589597642421722412e-01 4.071506559848785400e-01 3.935706913471221924e-01 5.074092149734497070e-01 5.202784538269042969e-01 9.189643263816833496e-01 5.000000000000000000e-01
4.583066403865814209e-01 6.857843995094299316e-01 4.502605497837066650e-01 5.655391812324523926e-01 4.071506559848785400e-01 3.935706913471221924e-01 5.074092149734497070e-01 5.202784538269042969e-01 9.189643263816833496e-01 5.000000000000000000e-01
6.098727583885192871e-01 6.278434991836547852e-01 2.686108946800231934e-01 5.077378749847412109e-01 5.793240070343017578e-01 4.255555868148803711e-01 5.074092149734497070e-01 5.202784538269042969e-01 7.819209098815917969e-01 5.000000000000000000e-01
