5.129010677337646484e-01 4.423245787620544434e-01 4.822109937667846680e-01 5.844266414642333984e-01 4.757670760154724121e-01 4.870607852935791016e-01 4.987105131149291992e-01 6.580683588981628418e-01 5.019983053207397461e-01 5.075783729553222656e-01
4.771433770656585693e-01 3.786861002445220947e-01 4.822109937667846680e-01 4.754548668861389160e-01 6.051412224769592285e-01 6.638730168342590332e-01 4.987105131149291992e-01 5.247666239738464355e-01 4.395204484462738037e-01 5.075783729553222656e-01
4.771433770656585693e-01 4.715706408023834229e-01 4.822109937667846680e-01 5.844266414642333984e-01 6.051412224769592285e-01 4.870607852935791016e-01 5.652502179145812988e-01 6.649065017700195312e-01 5.580804944038391113e-01 5.075783729553222656e-01
4.771433770656585693e-01 4.423245787620544434e-01 4.822109937667846680e-01 5.844266414642333984e-01 6.051412224769592285e-01 4.870607852935791016e-01 4.987105131149291992e-01 5.996690988540649414e-01 5.019983053207397461e-01 5.075783729553222656e-01
4.771433770656585693e-01 4.820407032966613770e-01 4.822109937667846680e-01 5.423969626426696777e-01 6.165217161178588867e-01 5.054281949996948242e-01 4.987105131149291992e-01 5.105903148651123047e-01 3.674287199974060059e-01 5.075783729553222656e-01
4.771433770656585693e-01 4.820407032966613770e-01 4.822463095188140869e-01 4.754548668861389160e-01 6.051412224769592285e-01 6.638730168342590332e-01 7.109473943710327148e-01 4.423778653144836426e-01 5.657693743705749512e-01 5.075783729553222656e-01
4.771433770656585693e-01 4.820407032966613770e-01 4.822463095188140869e-01 5.844266414642333984e-01 6.051412224769592285e-01 5.054281949996948242e-01 4.987105131149291992e-01 7.516595721244812012e-01 5.138935446739196777e-01 5.075783729553222656e-01
4.771433770656585693e-01 4.820407032966613770e-01 4.822463095188140869e-01 4.926365911960601807e-01 3.729617595672607422e-01 4.870607852935791016e-01 4.987105131149291992e-01 4.499645531177520752e-01 5.138935446739196777e-01 5.075783729553222656e-01
4.771433770656585693e-01 4.820407032966613770e-01 4.822463095188140869e-01 4.926365911960601807e-01 5.011024475097656250e-01 5.054281949996948242e-01 4.987105131149291992e-01 4.015508294105529785e-01 5.098059177398681641e-01 5.075783729553222656e-01
4.771433770656585693e-01 4.820407032966613770e-01 4.822463095188140869e-01 4.330947995185852051e-01 3.616705536842346191e-01 6.638730168342590332e-01 4.987105131149291992e-01 3.830123543739318848e-01 3.876500129699707031e-01 5.075783729553222656e-01
4.771433770656585693e-01 4.423245787620544434e-01 4.822463095188140869e-01 4.926365911960601807e-01 5.011024475097656250e-01 5.054281949996948242e-01 4.987105131149291992e-01 4.974884092807769775e-01 5.138935446739196777e-01 5.075783729553222656e-01
4.771433770656585693e-01 4.423245787620544434e-01 4.822463095188140869e-01 4.926365911960601807e-01 5.011024475097656250e-01 5.054281949996948242e-01 4.987105131149291992e-01 4.974884092807769775e-01 5.138935446739196777e-01 5.075783729553222656e-01
4.771433770656585693e-01 4.423245787620544434e-01 4.822463095188140869e-01 4.926365911960601807e-01 3.729617595672607422e-01 4.587777554988861084e-01 4.987105131149291992e-01 4.979096055030822754e-01 5.138935446739196777e-01 5.075783729553222656e-01
4.771433770656585693e-01 4.423245787620544434e-01 4.822463095188140869e-01 4.500590860843658447e-01 5.130686759948730469e-01 5.054281949996948242e-01 4.987105131149291992e-01 3.062022030353546143e-01 3.249496519565582275e-01 5.075783729553222656e-01
4.771433770656585693e-01 4.423245787620544434e-01 4.822463095188140869e-01 4.500590860843658447e-01 3.616705536842346191e-01 5.054281949996948242e-01 4.987105131149291992e-01 2.004052102565765381e-01 3.876500129699707031e-01 5.075783729553222656e-01
4.771433770656585693e-01 4.423245787620544434e-01 4.822463095188140869e-01 4.330947995185852051e-01 3.616705536842346191e-01 6.638730168342590332e-01 4.987105131149291992e-01 4.173024892807006836e-01 3.876500129699707031e-01 5.075783729553222656e-01
4.771433770656585693e-01 4.423245787620544434e-01 4.822463095188140869e-01 4.926365911960601807e-01 3.729617595672607422e-01 5.054281949996948242e-01 4.987105131149291992e-01 5.937511920928955078e-01 5.138935446739196777e-01 5.075783729553222656e-01
4.771433770656585693e-01 4.423245787620544434e-01 4.822463095188140869e-01 4.330947995185852051e-01 3.616705536842346191e-01 6.638730168342590332e-01 4.987105131149291992e-01 4.103876352310180664e-01 3.876500129699707031e-01 5.075783729553222656e-01
4.771433770656585693e-01 4.630011320114135742e-01 4.822463095188140869e-01 4.330947995185852051e-01 3.568077981472015381e-01 6.638730168342590332e-01 5.652502179145812988e-01 7.801564931869506836e-01 4.799061715602874756e-01 5.075783729553222656e-01
4.771433770656585693e-01 5.028995871543884277e-01 4.822463095188140869e-01 4.330947995185852051e-01 3.568077981472015381e-01 6.209598183631896973e-01 5.652502179145812988e-01 3.572582006454467773e-01 4.799061715602874756e-01 5.075783729553222656e-01
4.771433770656585693e-01 3.833321630954742432e-01 4.822463095188140869e-01 4.754548668861389160e-01 5.011024475097656250e-01 6.209598183631896973e-01 5.652502179145812988e-01 4.779543876647949219e-01 6.058135032653808594e-01 5.075783729553222656e-01
4.771433770656585693e-01 4.820407032966613770e-01 4.822463095188140869e-01 4.754548668861389160e-01 5.011024475097656250e-01 5.054281949996948242e-01 4.987105131149291992e-01 5.711314678192138672e-01 5.138935446739196777e-01 5.075783729553222656e-01
4.771433770656585693e-01 6.429633498191833496e-01 4.822463095188140869e-01 4.926365911960601807e-01 3.729617595672607422e-01 5.054281949996948242e-01 4.987105131149291992e-01 4.173078835010528564e-01 5.509144067764282227e-01 5.075783729553222656e-01
4.771433770656585693e-01 4.820407032966613770e-01 4.822463095188140869e-01 4.926365911960601807e-01 3.729617595672607422e-01 4.870607852935791016e-01 4.987105131149291992e-01 4.177175760269165039e-01 5.138935446739196777e-01 5.075783729553222656e-01
4.771433770656585693e-01 4.820407032966613770e-01 4.822463095188140869e-01 4.754548668861389160e-01 5.011024475097656250e-01 5.054281949996948242e-01 4.987105131149291992e-01 6.269338130950927734e-01 5.098059177398681641e-01 5.075783729553222656e-01
4.771433770656585693e-01 4.869609773159027100e-01 4.822463095188140869e-01 4.926365911960601807e-01 3.729617595672607422e-01 4.870607852935791016e-01 4.987105131149291992e-01 4.173078835010528564e-01 5.509144067764282227e-01 5.075783729553222656e-01
4.771433770656585693e-01 4.820407032966613770e-01 4.822463095188140869e-01 4.926365911960601807e-01 5.011024475097656250e-01 4.870607852935791016e-01 4.987105131149291992e-01 5.139229297637939453e-01 5.138935446739196777e-01 5.075783729553222656e-01
4.771433770656585693e-01 4.820407032966613770e-01 4.822463095188140869e-01 4.926365911960601807e-01 5.011024475097656250e-01 5.054281949996948242e-01 4.987105131149291992e-01 5.769925117492675781e-01 5.098059177398681641e-01 5.075783729553222656e-01
4.771433770656585693e-01 4.820407032966613770e-01 4.822463095188140869e-01 4.926365911960601807e-01 3.729617595672607422e-01 4.870607852935791016e-01 4.987105131149291992e-01 4.177175760269165039e-01 5.509144067764282227e-01 5.075783729553222656e-01
4.771433770656585693e-01 4.820407032966613770e-01 4.822463095188140869e-01 4.926365911960601807e-01 5.011024475097656250e-01 4.870607852935791016e-01 4.987105131149291992e-01 3.464177548885345459e-01 5.098059177398681641e-01 5.075783729553222656e-01
4.771433770656585693e-01 4.820407032966613770e-01 4.822463095188140869e-01 4.926365911960601807e-01 5.011024475097656250e-01 4.870607852935791016e-01 4.987105131149291992e-01 3.731724619865417480e-01 5.138935446739196777e-01 5.075783729553222656e-01
5.129010677337646484e-01 4.869609773159027100e-01 4.822463095188140869e-01 4.926365911960601807e-01 3.729617595672607422e-01 4.870607852935791016e-01 4.987105131149291992e-01 3.735666573047637939e-01 4.046650230884552002e-01 5.075783729553222656e-01
5.129010677337646484e-01 3.267834484577178955e-01 4.822463095188140869e-01 3.346221446990966797e-01 3.729617595672607422e-01 4.870607852935791016e-01 4.987105131149291992e-01 4.830782711505889893e-01 3.461150527000427246e-01 5.075783729553222656e-01
5.129010677337646484e-01 4.423245787620544434e-01 4.822463095188140869e-01 4.926365911960601807e-01 3.729617595672607422e-01 4.870607852935791016e-01 4.987105131149291992e-01 3.735666573047637939e-01 5.060151815414428711e-01 5.075783729553222656e-01
5.129010677337646484e-01 4.423245787620544434e-01 4.822463095188140869e-01 4.926365911960601807e-01 3.321730792522430420e-01 4.870607852935791016e-01 4.987105131149291992e-01 4.177175760269165039e-01 4.489109814167022705e-01 5.075783729553222656e-01
5.129010677337646484e-01 4.423245787620544434e-01 4.822463095188140869e-01 4.926365911960601807e-01 4.250824749469757080e-01 5.058951377868652344e-01 4.987105131149291992e-01 5.432182550430297852e-01 4.448671936988830566e-01 5.075783729553222656e-01
5.129010677337646484e-01 4.820407032966613770e-01 4.822463095188140869e-01 4.926365911960601807e-01 5.552726387977600098e-01 5.054281949996948242e-01 4.987105131149291992e-01 3.901686966419219971e-01 6.489649415016174316e-01 5.075783729553222656e-01
5.129010677337646484e-01 4.820407032966613770e-01 4.822463095188140869e-01 4.926365911960601807e-01 4.250824749469757080e-01 5.054281949996948242e-01 4.987105131149291992e-01 3.668557107448577881e-01 6.526827216148376465e-01 5.075783729553222656e-01
5.129010677337646484e-01 4.820407032966613770e-01 4.822463095188140869e-01 4.926365911960601807e-01 4.250824749469757080e-01 5.054281949996948242e-01 4.987105131149291992e-01 3.735017180442810059e-01 6.526827216148376465e-01 5.075783729553222656e-01
5.129010677337646484e-01 4.423245787620544434e-01 4.822463095188140869e-01 4.926365911960601807e-01 4.250824749469757080e-01 5.054281949996948242e-01 4.987105131149291992e-01 3.735017180442810059e-01 6.526827216148376465e-01 5.075783729553222656e-01
5.129010677337646484e-01 4.820407032966613770e-01 4.822463095188140869e-01 4.926365911960601807e-01 5.552726387977600098e-01 5.054281949996948242e-01 4.987105131149291992e-01 2.906385958194732666e-01 6.489649415016174316e-01 5.075783729553222656e-01
5.129010677337646484e-01 4.820407032966613770e-01 4.822463095188140869e-01 4.926365911960601807e-01 4.250824749469757080e-01 5.054281949996948242e-01 4.987105131149291992e-01 6.694737672805786133e-01 5.951649546623229980e-01 5.075783729553222656e-01
5.129010677337646484e-01 4.820407032966613770e-01 4.822463095188140869e-01 4.926365911960601807e-01 4.250824749469757080e-01 5.054281949996948242e-01 4.987105131149291992e-01 2.517586946487426758e-01 5.987865924835205078e-01 5.075783729553222656e-01
5.129010677337646484e-01 4.820407032966613770e-01 4.822463095188140869e-01 4.926365911960601807e-01 4.250824749469757080e-01 5.054281949996948242e-01 4.987105131149291992e-01 4.480434954166412354e-01 5.987865924835205078e-01 5.075783729553222656e-01
5.129010677337646484e-01 4.820407032966613770e-01 4.822463095188140869e-01 4.926365911960601807e-01 4.250824749469757080e-01 5.054281949996948242e-01 4.987105131149291992e-01 4.480434954166412354e-01 5.987865924835205078e-01 5.075783729553222656e-01
5.129010677337646484e-01 3.918657004833221436e-01 4.822463095188140869e-01 4.926365911960601807e-01 3.128563761711120605e-01 5.054281949996948242e-01 4.987105131149291992e-01 3.243060410022735596e-01 5.464226603507995605e-01 5.075783729553222656e-01
5.129010677337646484e-01 4.820407032966613770e-01 4.822463095188140869e-01 4.926365911960601807e-01 5.410712361335754395e-01 5.054281949996948242e-01 4.987105131149291992e-01 3.155264258384704590e-01 4.448671936988830566e-01 5.075783729553222656e-01
5.129010677337646484e-01 3.918657004833221436e-01 4.822109937667846680e-01 4.926365911960601807e-01 5.837651491165161133e-01 5.054281949996948242e-01 4.987105131149291992e-01 4.344916641712188721e-01 5.212465524673461914e-01 5.075783729553222656e-01
5.129010677337646484e-01 3.918657004833221436e-01 5.772690176963806152e-01 4.926365911960601807e-01 5.397678017616271973e-01 5.054281949996948242e-01 4.987105131149291992e-01 4.344916641712188721e-01 5.212465524673461914e-01 5.075783729553222656e-01
5.447499155998229980e-01 3.955797851085662842e-01 5.772690176963806152e-01 5.614253878593444824e-01 6.309077143669128418e-01 3.120568394660949707e-01 4.987105131149291992e-01 3.308685421943664551e-01 5.589315295219421387e-01 5.075783729553222656e-01
5.447499155998229980e-01 3.859771490097045898e-01 4.822463095188140869e-01 5.614253878593444824e-01 8.185172677040100098e-01 3.598597943782806396e-01 4.987105131149291992e-01 7.097931504249572754e-01 5.745696425437927246e-01 5.075783729553222656e-01
4.771433770656585693e-01 3.918657004833221436e-01 4.822463095188140869e-01 7.119443416595458984e-01 6.309077143669128418e-01 3.691638708114624023e-01 4.987105131149291992e-01 5.885648727416992188e-01 7.265830636024475098e-01 5.075783729553222656e-01
4.771433770656585693e-01 4.423245787620544434e-01 4.822463095188140869e-01 7.119443416595458984e-01 8.185172677040100098e-01 5.406053066253662109e-01 4.987105131149291992e-01 8.370456695556640625e-01 8.144986033439636230e-01 5.075783729553222656e-01
4.771433770656585693e-01 6.351211667060852051e-01 4.822463095188140869e-01 7.119443416595458984e-01 8.185172677040100098e-01 5.406053066253662109e-01 4.987105131149291992e-01 8.370456695556640625e-01 8.471757173538208008e-01 5.075783729553222656e-01
4.771433770656585693e-01 4.423245787620544434e-01 4.822463095188140869e-01 7.119443416595458984e-01 6.309077143669128418e-01 5.406053066253662109e-01 4.987105131149291992e-01 9.109948277473449707e-01 8.120139837265014648e-01 5.075783729553222656e-01
4.771433770656585693e-01 6.351211667060852051e-01 4.822463095188140869e-01 7.119443416595458984e-01 7.401811480522155762e-01 4.939507842063903809e-01 4.987105131149291992e-01 9.109948277473449707e-01 8.372312188148498535e-01 5.075783729553222656e-01
4.771433770656585693e-01 6.351211667060852051e-01 4.822463095188140869e-01 7.119443416595458984e-01 6.270874142646789551e-01 4.939507842063903809e-01 4.987105131149291992e-01 9.109948277473449707e-01 8.372312188148498535e-01 4.707678854465484619e-01
4.771433770656585693e-01 6.351211667060852051e-01 4.822463095188140869e-01 7.119443416595458984e-01 7.401811480522155762e-01 4.939507842063903809e-01 4.987105131149291992e-01 8.754345178604125977e-01 8.372312188148498535e-01 4.707678854465484619e-01
4.771433770656585693e-01 6.351211667060852051e-01 4.822463095188140869e-01 6.727893352508544922e-01 6.270874142646789551e-01 4.939507842063903809e-01 4.987105131149291992e-01 8.150660991668701172e-01 8.372312188148498535e-01 4.707678854465484619e-01
4.771433770656585693e-01 6.058807969093322754e-01 4.822463095188140869e-01 4.926365911960601807e-01 6.270874142646789551e-01 4.939507842063903809e-01 4.987105131149291992e-01 8.031184673309326172e-01 4.942524135112762451e-01 4.707678854465484619e-01
4.771433770656585693e-01 4.334165751934051514e-01 4.822463095188140869e-01 4.926365911960601807e-01 7.730741500854492188e-01 4.939507842063903809e-01 4.987105131149291992e-01 4.772562980651855469e-01 4.907077550888061523e-01 4.707678854465484619e-01
4.771433770656585693e-01 6.058807969093322754e-01 4.822463095188140869e-01 4.926365911960601807e-01 7.730741500854492188e-01 4.939507842063903809e-01 4.987105131149291992e-01 5.383900403976440430e-01 6.855257153511047363e-01 4.707678854465484619e-01
4.771433770656585693e-01 6.058807969093322754e-01 4.822463095188140869e-01 4.926365911960601807e-01 6.095548868179321289e-01 4.939507842063903809e-01 4.987105131149291992e-01 6.470045447349548340e-01 5.644893646240234375e-01 4.707678854465484619e-01
4.771433770656585693e-01 5.286712646484375000e-01 4.822463095188140869e-01 4.926365911960601807e-01 6.511919498443603516e-01 4.939507842063903809e-01 4.987105131149291992e-01 5.735102295875549316e-01 4.441184103488922119e-01 4.707678854465484619e-01
4.771433770656585693e-01 5.286712646484375000e-01 4.822463095188140869e-01 4.926365911960601807e-01 3.807488381862640381e-01 4.939507842063903809e-01 4.987105131149291992e-01 5.735102295875549316e-01 4.481609165668487549e-01 4.707678854465484619e-01
4.771433770656585693e-01 5.286712646484375000e-01 4.822463095188140869e-01 4.926365911960601807e-01 3.807488381862640381e-01 4.939507842063903809e-01 4.987105131149291992e-01 8.075574636459350586e-01 4.481609165668487549e-01 4.707678854465484619e-01
4.771433770656585693e-01 4.976475536823272705e-01 4.822463095188140869e-01 4.926365911960601807e-01 3.807488381862640381e-01 4.939507842063903809e-01 4.987105131149291992e-01 5.653113722801208496e-01 3.797763288021087646e-01 4.707678854465484619e-01
4.771433770656585693e-01 4.976475536823272705e-01 4.822463095188140869e-01 4.926365911960601807e-01 3.807488381862640381e-01 4.939507842063903809e-01 4.987105131149291992e-01 4.717282652854919434e-01 3.797763288021087646e-01 4.707678854465484619e-01
4.771433770656585693e-01 5.286712646484375000e-01 4.822463095188140869e-01 4.926365911960601807e-01 3.807488381862640381e-01 4.939507842063903809e-01 4.987105131149291992e-01 6.459904313087463379e-01 4.441184103488922119e-01 4.707678854465484619e-01
4.771433770656585693e-01 4.976475536823272705e-01 4.822463095188140869e-01 4.926365911960601807e-01 3.807488381862640381e-01 5.406053066253662109e-01 4.987105131149291992e-01 6.903851032257080078e-01 4.481609165668487549e-01 4.707678854465484619e-01
4.771433770656585693e-01 4.976475536823272705e-01 4.822463095188140869e-01 4.926365911960601807e-01 3.807488381862640381e-01 5.406053066253662109e-01 4.987105131149291992e-01 8.023069500923156738e-01 3.797763288021087646e-01 4.707678854465484619e-01
4.771433770656585693e-01 4.334165751934051514e-01 4.822463095188140869e-01 4.926365911960601807e-01 3.807488381862640381e-01 5.406053066253662109e-01 4.987105131149291992e-01 8.415457606315612793e-01 2.750107944011688232e-01 4.707678854465484619e-01
4.771433770656585693e-01 3.774358928203582764e-01 4.822463095188140869e-01 3.346221446990966797e-01 3.807488381862640381e-01 5.406053066253662109e-01 4.987105131149291992e-01 6.091105341911315918e-01 3.797763288021087646e-01 4.707678854465484619e-01
4.771433770656585693e-01 4.459240734577178955e-01 4.822463095188140869e-01 4.926365911960601807e-01 3.807488381862640381e-01 5.406053066253662109e-01 4.987105131149291992e-01 4.922106266021728516e-01 3.797763288021087646e-01 4.707678854465484619e-01
4.771433770656585693e-01 5.414171814918518066e-01 4.822463095188140869e-01 4.926365911960601807e-01 3.807488381862640381e-01 5.406053066253662109e-01 4.987105131149291992e-01 6.091105341911315918e-01 3.797763288021087646e-01 4.707678854465484619e-01
5.447499155998229980e-01 5.466325879096984863e-01 4.822463095188140869e-01 1.984301805496215820e-01 4.235396683216094971e-01 3.598597943782806396e-01 4.987105131149291992e-01 1.912219822406768799e-01 1.793569475412368774e-01 4.707678854465484619e-01
5.447499155998229980e-01 3.275557756423950195e-01 4.822463095188140869e-01 1.984301805496215820e-01 5.371925830841064453e-01 3.598597943782806396e-01 4.987105131149291992e-01 4.062868952751159668e-01 1.660935431718826294e-01 4.707678854465484619e-01
4.771433770656585693e-01 4.334165751934051514e-01 4.822463095188140869e-01 4.926365911960601807e-01 4.235396683216094971e-01 4.405953586101531982e-01 4.987105131149291992e-01 3.491579592227935791e-01 2.750107944011688232e-01 4.707678854465484619e-01
4.771433770656585693e-01 4.334165751934051514e-01 4.822463095188140869e-01 4.926365911960601807e-01 4.235396683216094971e-01 4.405953586101531982e-01 4.987105131149291992e-01 5.694944858551025391e-01 3.797763288021087646e-01 4.707678854465484619e-01
4.771433770656585693e-01 4.334165751934051514e-01 4.822463095188140869e-01 4.926365911960601807e-01 4.235396683216094971e-01 4.405953586101531982e-01 4.987105131149291992e-01 4.778816401958465576e-01 2.750107944011688232e-01 4.707678854465484619e-01
4.771433770656585693e-01 4.334165751934051514e-01 4.822463095188140869e-01 4.926365911960601807e-01 4.676905572414398193e-01 4.405953586101531982e-01 4.987105131149291992e-01 3.978927731513977051e-01 2.750107944011688232e-01 4.707678854465484619e-01
4.771433770656585693e-01 4.334165751934051514e-01 4.822463095188140869e-01 4.926365911960601807e-01 4.235396683216094971e-01 4.405953586101531982e-01 4.987105131149291992e-01 4.264436066150665283e-01 3.797763288021087646e-01 4.707678854465484619e-01
4.771433770656585693e-01 4.334165751934051514e-01 4.822463095188140869e-01 4.926365911960601807e-01 4.202578067779541016e-01 4.405953586101531982e-01 4.987105131149291992e-01 3.933543562889099121e-01 3.797763288021087646e-01 4.707678854465484619e-01
4.771433770656585693e-01 4.334165751934051514e-01 4.822463095188140869e-01 4.926365911960601807e-01 4.202578067779541016e-01 4.405953586101531982e-01 4.987105131149291992e-01 3.376597464084625244e-01 3.328526616096496582e-01 4.707678854465484619e-01
4.771433770656585693e-01 4.334165751934051514e-01 4.822463095188140869e-01 4.926365911960601807e-01 4.676905572414398193e-01 4.405953586101531982e-01 4.987105131149291992e-01 3.545613288879394531e-01 3.328526616096496582e-01 4.707678854465484619e-01
4.771433770656585693e-01 4.334165751934051514e-01 4.822463095188140869e-01 4.926365911960601807e-01 4.676905572414398193e-01 4.405953586101531982e-01 4.987105131149291992e-01 3.545613288879394531e-01 2.750107944011688232e-01 4.707678854465484619e-01
4.771433770656585693e-01 4.334165751934051514e-01 4.822463095188140869e-01 4.926365911960601807e-01 4.676905572414398193e-01 4.405953586101531982e-01 4.987105131149291992e-01 3.819754123687744141e-01 4.830853044986724854e-01 4.707678854465484619e-01
4.771433770656585693e-01 4.334165751934051514e-01 4.822463095188140869e-01 4.926365911960601807e-01 4.676905572414398193e-01 4.405953586101531982e-01 4.987105131149291992e-01 3.819754123687744141e-01 3.797763288021087646e-01 4.707678854465484619e-01
4.771433770656585693e-01 4.334165751934051514e-01 4.822463095188140869e-01 4.926365911960601807e-01 4.676905572414398193e-01 4.405953586101531982e-01 4.987105131149291992e-01 3.545613288879394531e-01 2.750107944011688232e-01 4.707678854465484619e-01
4.771433770656585693e-01 4.334165751934051514e-01 4.822463095188140869e-01 4.926365911960601807e-01 4.676905572414398193e-01 4.405953586101531982e-01 4.987105131149291992e-01 3.819754123687744141e-01 4.460947811603546143e-01 4.707678854465484619e-01
5.447499155998229980e-01 3.188718259334564209e-01 4.822463095188140869e-01 3.346221446990966797e-01 4.202578067779541016e-01 4.770322442054748535e-01 4.987105131149291992e-01 1.283493041992187500e-01 3.975540995597839355e-01 4.707678854465484619e-01
4.771433770656585693e-01 4.334165751934051514e-01 4.822463095188140869e-01 4.926365911960601807e-01 4.676905572414398193e-01 4.405953586101531982e-01 4.987105131149291992e-01 4.320904910564422607e-01 3.734879791736602783e-01 4.707678854465484619e-01
4.771433770656585693e-01 4.334165751934051514e-01 4.822463095188140869e-01 4.926365911960601807e-01 4.676905572414398193e-01 4.405953586101531982e-01 4.987105131149291992e-01 3.545613288879394531e-01 3.734879791736602783e-01 4.707678854465484619e-01
4.771433770656585693e-01 4.334165751934051514e-01 4.822463095188140869e-01 4.926365911960601807e-01 4.676905572414398193e-01 4.870607852935791016e-01 4.987105131149291992e-01 3.545613288879394531e-01 4.903928339481353760e-01 4.707678854465484619e-01
4.771433770656585693e-01 4.334165751934051514e-01 4.822463095188140869e-01 4.926365911960601807e-01 4.676905572414398193e-01 4.870607852935791016e-01 4.987105131149291992e-01 3.176140487194061279e-01 4.903928339481353760e-01 4.707678854465484619e-01
4.771433770656585693e-01 4.334165751934051514e-01 4.822463095188140869e-01 4.926365911960601807e-01 4.248215556144714355e-01 4.870607852935791016e-01 4.987105131149291992e-01 3.176140487194061279e-01 4.903928339481353760e-01 4.707678854465484619e-01
4.771433770656585693e-01 4.334165751934051514e-01 4.822463095188140869e-01 4.926365911960601807e-01 4.676905572414398193e-01 4.870607852935791016e-01 4.987105131149291992e-01 3.819754123687744141e-01 5.275580883026123047e-01 4.707678854465484619e-01
4.771433770656585693e-01 4.334165751934051514e-01 4.822463095188140869e-01 4.926365911960601807e-01 4.676905572414398193e-01 4.870607852935791016e-01 4.987105131149291992e-01 4.802314341068267822e-01 3.734879791736602783e-01 4.707678854465484619e-01
4.771433770656585693e-01 4.334165751934051514e-01 4.822463095188140869e-01 4.926365911960601807e-01 4.248215556144714355e-01 4.870607852935791016e-01 4.987105131149291992e-01 4.802314341068267822e-01 3.734879791736602783e-01 4.707678854465484619e-01
4.771433770656585693e-01 4.334165751934051514e-01 4.822463095188140869e-01 4.926365911960601807e-01 4.676905572414398193e-01 4.870607852935791016e-01 4.987105131149291992e-01 5.509403347969055176e-01 4.903928339481353760e-01 4.707678854465484619e-01
4.771433770656585693e-01 4.334165751934051514e-01 4.822463095188140869e-01 4.926365911960601807e-01 4.676905572414398193e-01 4.870607852935791016e-01 4.987105131149291992e-01 3.436926007270812988e-01 4.903928339481353760e-01 4.707678854465484619e-01
4.771433770656585693e-01 4.334165751934051514e-01 4.822463095188140869e-01 4.926365911960601807e-01 4.676905572414398193e-01 4.870607852935791016e-01 4.987105131149291992e-01 5.096890926361083984e-01 4.903928339481353760e-01 4.707678854465484619e-01
4.771433770656585693e-01 2.794128954410552979e-01 4.822463095188140869e-01 4.764775931835174561e-01 4.248215556144714355e-01 4.870607852935791016e-01 4.987105131149291992e-01 5.469370484352111816e-01 4.124567508697509766e-01 4.707678854465484619e-01
4.771433770656585693e-01 2.794128954410552979e-01 4.822463095188140869e-01 4.764775931835174561e-01 4.248215556144714355e-01 4.870607852935791016e-01 4.987105131149291992e-01 7.138361334800720215e-01 4.164269566535949707e-01 4.707678854465484619e-01
5.129010677337646484e-01 2.794128954410552979e-01 4.822463095188140869e-01 4.764775931835174561e-01 4.248215556144714355e-01 4.870607852935791016e-01 4.987105131149291992e-01 5.568643808364868164e-01 4.164269566535949707e-01 4.707678854465484619e-01
5.129010677337646484e-01 4.334165751934051514e-01 4.822463095188140869e-01 4.764775931835174561e-01 4.248215556144714355e-01 4.870607852935791016e-01 4.987105131149291992e-01 7.138361334800720215e-01 4.424784481525421143e-01 4.707678854465484619e-01
5.129010677337646484e-01 2.794128954410552979e-01 4.822463095188140869e-01 4.764775931835174561e-01 4.248215556144714355e-01 4.870607852935791016e-01 4.987105131149291992e-01 7.138361334800720215e-01 5.928309559822082520e-01 4.707678854465484619e-01
5.129010677337646484e-01 4.334165751934051514e-01 4.822463095188140869e-01 4.926365911960601807e-01 4.248215556144714355e-01 4.870607852935791016e-01 4.987105131149291992e-01 4.686363637447357178e-01 5.580010414123535156e-01 4.707678854465484619e-01
5.129010677337646484e-01 4.334165751934051514e-01 4.822463095188140869e-01 4.926365911960601807e-01 4.248215556144714355e-01 4.870607852935791016e-01 4.987105131149291992e-01 6.087703704833984375e-01 4.424784481525421143e-01 4.707678854465484619e-01
5.129010677337646484e-01 4.334165751934051514e-01 4.822463095188140869e-01 4.926365911960601807e-01 4.248215556144714355e-01 4.870607852935791016e-01 4.987105131149291992e-01 3.436926007270812988e-01 5.580010414123535156e-01 4.707678854465484619e-01
5.129010677337646484e-01 4.334165751934051514e-01 4.822463095188140869e-01 4.926365911960601807e-01 4.676905572414398193e-01 4.870607852935791016e-01 4.987105131149291992e-01 5.205447673797607422e-01 5.210564136505126953e-01 4.707678854465484619e-01
5.129010677337646484e-01 4.334165751934051514e-01 4.822463095188140869e-01 4.926365911960601807e-01 4.248215556144714355e-01 4.870607852935791016e-01 4.987105131149291992e-01 4.686363637447357178e-01 5.169724225997924805e-01 4.707678854465484619e-01
5.129010677337646484e-01 4.334165751934051514e-01 4.822463095188140869e-01 4.926365911960601807e-01 4.248215556144714355e-01 4.870607852935791016e-01 4.987105131149291992e-01 6.364579200744628906e-01 5.210564136505126953e-01 4.707678854465484619e-01
5.129010677337646484e-01 4.334165751934051514e-01 4.822463095188140869e-01 4.926365911960601807e-01 4.248215556144714355e-01 4.870607852935791016e-01 4.987105131149291992e-01 6.364579200744628906e-01 5.210564136505126953e-01 4.707678854465484619e-01
5.129010677337646484e-01 4.334165751934051514e-01 4.822463095188140869e-01 4.926365911960601807e-01 4.676905572414398193e-01 4.870607852935791016e-01 4.987105131149291992e-01 6.398339271545410156e-01 5.210564136505126953e-01 4.707678854465484619e-01
5.129010677337646484e-01 3.832754790782928467e-01 4.822463095188140869e-01 4.926365911960601807e-01 4.235396683216094971e-01 4.870607852935791016e-01 4.987105131149291992e-01 5.511540174484252930e-01 5.210564136505126953e-01 4.707678854465484619e-01
2.982695400714874268e-01 3.188718259334564209e-01 4.822463095188140869e-01 2.783153355121612549e-01 4.202578067779541016e-01 2.731701433658599854e-01 4.987105131149291992e-01 1.953752934932708740e-01 2.077952623367309570e-01 4.707678854465484619e-01
4.771433770656585693e-01 3.188718259334564209e-01 4.822463095188140869e-01 2.783153355121612549e-01 4.643421173095703125e-01 4.870607852935791016e-01 4.987105131149291992e-01 7.272779345512390137e-01 3.734879791736602783e-01 4.707678854465484619e-01
4.771433770656585693e-01 4.720844328403472900e-01 4.822463095188140869e-01 2.783153355121612549e-01 5.727816820144653320e-01 3.207442462444305420e-01 4.987105131149291992e-01 2.976067364215850830e-01 5.045738816261291504e-01 4.707678854465484619e-01
5.447499155998229980e-01 5.466325879096984863e-01 4.822463095188140869e-01 2.783153355121612549e-01 6.217955946922302246e-01 4.309165179729461670e-01 4.987105131149291992e-01 1.835674941539764404e-01 2.724919915199279785e-01 4.707678854465484619e-01
5.498320460319519043e-01 5.389873385429382324e-01 5.788795351982116699e-01 7.127298116683959961e-01 8.412415385246276855e-01 6.615639328956604004e-01 5.762286186218261719e-01 5.074895620346069336e-01 4.393649995326995850e-01 7.310566306114196777e-01
5.498320460319519043e-01 6.222552657127380371e-01 5.788795351982116699e-01 6.552091240882873535e-01 8.412415385246276855e-01 6.615639328956604004e-01 5.762286186218261719e-01 3.749609291553497314e-01 4.663432836532592773e-01 7.310566306114196777e-01
7.202984094619750977e-01 5.763959884643554688e-01 7.278576493263244629e-01 7.127298116683959961e-01 8.412415385246276855e-01 7.971953749656677246e-01 7.267267107963562012e-01 8.105540871620178223e-01 9.168059229850769043e-01 7.310566306114196777e-01
7.202984094619750977e-01 8.096949458122253418e-01 7.278576493263244629e-01 7.127298116683959961e-01 8.533991575241088867e-01 6.355142593383789062e-01 7.267267107963562012e-01 7.011921405792236328e-01 9.201214909553527832e-01 7.310566306114196777e-01
7.202984094619750977e-01 8.096949458122253418e-01 7.278576493263244629e-01 8.546138405799865723e-01 8.533991575241088867e-01 6.355142593383789062e-01 7.267267107963562012e-01 8.147559165954589844e-01 8.778614401817321777e-01 7.310566306114196777e-01
7.202984094619750977e-01 8.096949458122253418e-01 7.278576493263244629e-01 8.546138405799865723e-01 8.533991575241088867e-01 6.355142593383789062e-01 7.267267107963562012e-01 6.360377669334411621e-01 8.675717115402221680e-01 7.310566306114196777e-01
7.202984094619750977e-01 8.096949458122253418e-01 7.278576493263244629e-01 8.894298672676086426e-01 8.533991575241088867e-01 6.355142593383789062e-01 7.267267107963562012e-01 8.731117248535156250e-01 8.778614401817321777e-01 7.310566306114196777e-01
7.202984094619750977e-01 6.845778822898864746e-01 7.278576493263244629e-01 5.937047600746154785e-01 8.533991575241088867e-01 6.355142593383789062e-01 7.267267107963562012e-01 7.741320133209228516e-01 7.302602529525756836e-01 7.310566306114196777e-01
7.202984094619750977e-01 8.648356199264526367e-01 7.278576493263244629e-01 6.160078644752502441e-01 8.533991575241088867e-01 6.355142593383789062e-01 7.267267107963562012e-01 7.283495664596557617e-01 8.335749506950378418e-01 7.310566306114196777e-01
