4.884915351867675781e-01 3.448838889598846436e-01 3.775430321693420410e-01 6.491086483001708984e-01 5.187829136848449707e-01 4.047121405601501465e-01 4.556739926338195801e-01 3.926112353801727295e-01 7.361685037612915039e-01 6.411244273185729980e-01
4.884915351867675781e-01 1.825758665800094604e-01 3.775430321693420410e-01 4.678409397602081299e-01 5.187829136848449707e-01 4.047121405601501465e-01 4.556739926338195801e-01 3.926112353801727295e-01 7.361685037612915039e-01 5.040705204010009766e-01
4.884915351867675781e-01 2.685464620590209961e-01 5.592939257621765137e-01 3.199427425861358643e-01 3.836531341075897217e-01 6.027777194976806641e-01 4.556739926338195801e-01 3.926112353801727295e-01 7.361685037612915039e-01 6.957088112831115723e-01
4.884915351867675781e-01 6.463304162025451660e-01 5.592939257621765137e-01 8.578157424926757812e-02 5.187829136848449707e-01 6.027777194976806641e-01 4.556739926338195801e-01 6.206470131874084473e-01 4.757908880710601807e-01 4.511566460132598877e-01
4.598189294338226318e-01 4.084027111530303955e-01 3.062371015548706055e-01 3.002309501171112061e-01 2.768794894218444824e-01 1.787950545549392700e-01 4.556744694709777832e-01 3.100263178348541260e-01 7.064182162284851074e-01 2.212554812431335449e-01
4.598189294338226318e-01 3.228912651538848877e-01 3.062371015548706055e-01 3.002309501171112061e-01 2.768794894218444824e-01 3.324854373931884766e-01 4.556744694709777832e-01 3.100263178348541260e-01 7.064182162284851074e-01 1.771631389856338501e-01
4.598189294338226318e-01 3.228912651538848877e-01 3.062371015548706055e-01 3.002309501171112061e-01 2.768794894218444824e-01 3.324854373931884766e-01 4.556744694709777832e-01 3.100263178348541260e-01 7.064182162284851074e-01 3.473104238510131836e-01
2.913400828838348389e-01 4.757509231567382812e-01 3.062371015548706055e-01 3.002309501171112061e-01 2.768794894218444824e-01 2.173236161470413208e-01 4.556744694709777832e-01 3.100263178348541260e-01 4.148996174335479736e-01 3.413643836975097656e-01
2.881606817245483398e-01 4.762139618396759033e-01 4.778572916984558105e-01 2.765300869941711426e-01 5.187829136848449707e-01 4.647954702377319336e-01 4.556744694709777832e-01 3.100263178348541260e-01 4.077497124671936035e-01 1.647411584854125977e-01
2.881606817245483398e-01 4.596613347530364990e-01 4.778572916984558105e-01 3.224039971828460693e-01 5.187829136848449707e-01 4.647954702377319336e-01 5.087216496467590332e-01 5.072719454765319824e-01 4.077497124671936035e-01 2.216039597988128662e-01
2.881606817245483398e-01 4.596613347530364990e-01 4.778572916984558105e-01 5.794109702110290527e-01 5.187829136848449707e-01 4.647954702377319336e-01 5.087216496467590332e-01 5.072719454765319824e-01 4.077497124671936035e-01 4.411786198616027832e-01
2.881606817245483398e-01 5.053373575210571289e-01 4.778572916984558105e-01 5.794109702110290527e-01 5.187829136848449707e-01 3.231232762336730957e-01 5.087216496467590332e-01 5.072719454765319824e-01 4.077497124671936035e-01 6.101304292678833008e-01
5.750449895858764648e-01 3.890772759914398193e-01 4.778572916984558105e-01 6.823136210441589355e-01 5.187829136848449707e-01 4.873755276203155518e-01 5.087216496467590332e-01 5.072719454765319824e-01 3.705670535564422607e-01 3.775162696838378906e-01
5.750449895858764648e-01 3.890772759914398193e-01 4.778572916984558105e-01 5.258308649063110352e-01 5.187829136848449707e-01 5.810795426368713379e-01 5.087216496467590332e-01 5.072719454765319824e-01 3.705670535564422607e-01 4.555842876434326172e-01
5.750449895858764648e-01 4.620147645473480225e-01 4.778572916984558105e-01 5.808306932449340820e-01 5.187829136848449707e-01 5.810795426368713379e-01 5.087216496467590332e-01 5.072719454765319824e-01 4.638130962848663330e-01 7.707577943801879883e-01
5.750449895858764648e-01 5.230886340141296387e-01 4.778572916984558105e-01 5.406160354614257812e-01 5.187829136848449707e-01 5.810795426368713379e-01 5.087216496467590332e-01 5.072719454765319824e-01 6.798723936080932617e-01 3.672521710395812988e-01
5.750449895858764648e-01 5.053373575210571289e-01 5.592939257621765137e-01 5.992139577865600586e-01 5.187829136848449707e-01 4.558089673519134521e-01 5.087216496467590332e-01 5.072719454765319824e-01 6.864976286888122559e-01 7.217936515808105469e-01
5.750449895858764648e-01 6.310515999794006348e-01 5.592939257621765137e-01 2.889932096004486084e-01 3.836531341075897217e-01 5.499668717384338379e-01 5.087216496467590332e-01 5.072719454765319824e-01 4.823496341705322266e-01 4.337132573127746582e-01
5.750449895858764648e-01 7.123624682426452637e-01 5.592939257621765137e-01 4.137778282165527344e-01 3.836531341075897217e-01 4.558089673519134521e-01 5.087216496467590332e-01 5.072719454765319824e-01 4.823496341705322266e-01 7.093333005905151367e-01
5.750449895858764648e-01 5.293285846710205078e-01 5.592939257621765137e-01 1.972208768129348755e-01 5.187829136848449707e-01 5.499668717384338379e-01 5.087216496467590332e-01 5.072719454765319824e-01 4.823496341705322266e-01 4.819237589836120605e-01
5.750449895858764648e-01 5.243866443634033203e-01 5.592939257621765137e-01 4.974756836891174316e-01 5.187829136848449707e-01 4.558089673519134521e-01 2.809655070304870605e-01 6.206470131874084473e-01 5.621591210365295410e-01 3.013689815998077393e-01
5.750449895858764648e-01 8.143883347511291504e-01 5.592939257621765137e-01 5.520349144935607910e-01 5.187829136848449707e-01 6.570872068405151367e-01 5.087216496467590332e-01 5.072719454765319824e-01 5.621591210365295410e-01 7.954282760620117188e-01
5.750449895858764648e-01 5.243866443634033203e-01 5.592939257621765137e-01 5.562570691108703613e-01 5.187829136848449707e-01 6.570872068405151367e-01 2.809655070304870605e-01 3.100263178348541260e-01 5.621591210365295410e-01 5.377792119979858398e-01
5.750449895858764648e-01 6.974540352821350098e-01 5.592939257621765137e-01 5.520349144935607910e-01 5.187829136848449707e-01 6.570872068405151367e-01 5.087216496467590332e-01 5.072719454765319824e-01 5.621591210365295410e-01 8.506219387054443359e-01
5.750449895858764648e-01 3.701633512973785400e-01 5.592939257621765137e-01 6.094446182250976562e-01 5.187829136848449707e-01 6.570872068405151367e-01 4.141135215759277344e-01 5.072719454765319824e-01 5.621591210365295410e-01 8.340713977813720703e-01
2.913400828838348389e-01 2.533849179744720459e-01 4.714600145816802979e-01 6.641024947166442871e-01 3.535951673984527588e-01 3.754806220531463623e-01 6.554980874061584473e-01 5.072719454765319824e-01 4.025613367557525635e-01 2.719318270683288574e-01
2.913400828838348389e-01 3.924091756343841553e-01 4.714600145816802979e-01 7.145758271217346191e-01 5.266406536102294922e-01 3.754806220531463623e-01 6.554980874061584473e-01 5.072719454765319824e-01 1.963410675525665283e-01 3.456035256385803223e-01
2.913400828838348389e-01 4.368048012256622314e-01 4.714600145816802979e-01 6.577767133712768555e-01 5.266406536102294922e-01 5.680339336395263672e-01 6.554980874061584473e-01 5.072719454765319824e-01 3.284145891666412354e-01 2.998252511024475098e-01
2.913400828838348389e-01 4.368048012256622314e-01 4.714600145816802979e-01 6.577767133712768555e-01 3.535951673984527588e-01 5.680339336395263672e-01 6.554980874061584473e-01 5.072719454765319824e-01 1.506026983261108398e-01 1.678656339645385742e-01
2.913400828838348389e-01 4.772348105907440186e-01 4.714600145816802979e-01 4.329042434692382812e-01 5.266406536102294922e-01 3.754806220531463623e-01 6.554980874061584473e-01 6.602953076362609863e-01 3.284145891666412354e-01 4.722866043448448181e-02
4.598189294338226318e-01 5.076020359992980957e-01 4.714600145816802979e-01 6.884944438934326172e-01 5.266406536102294922e-01 3.754806220531463623e-01 6.554980874061584473e-01 6.602953076362609863e-01 3.284145891666412354e-01 6.103057265281677246e-01
5.750449895858764648e-01 4.610605835914611816e-01 5.592939257621765137e-01 3.224039971828460693e-01 3.962689042091369629e-01 5.220137238502502441e-01 5.087216496467590332e-01 6.602953076362609863e-01 4.823496341705322266e-01 3.357537090778350830e-01
5.750449895858764648e-01 4.610605835914611816e-01 5.592939257621765137e-01 4.467752873897552490e-01 3.962689042091369629e-01 3.330332934856414795e-01 5.087216496467590332e-01 6.602953076362609863e-01 4.823496341705322266e-01 1.056759878993034363e-01
5.750449895858764648e-01 5.214940905570983887e-01 5.592939257621765137e-01 5.794109702110290527e-01 3.962689042091369629e-01 2.654889523983001709e-01 5.087216496467590332e-01 6.602953076362609863e-01 5.501814484596252441e-01 4.185468852519989014e-01
5.750449895858764648e-01 5.160942673683166504e-01 5.592939257621765137e-01 4.621760547161102295e-01 3.962689042091369629e-01 3.859932720661163330e-01 5.087216496467590332e-01 6.602953076362609863e-01 2.385765463113784790e-01 1.291275322437286377e-01
5.750449895858764648e-01 2.936446666717529297e-01 5.592939257621765137e-01 4.621760547161102295e-01 5.187829136848449707e-01 5.244911313056945801e-01 5.087216496467590332e-01 5.072719454765319824e-01 4.241931140422821045e-01 2.326208204030990601e-01
5.750449895858764648e-01 6.599248051643371582e-01 5.592939257621765137e-01 5.520349144935607910e-01 5.187829136848449707e-01 4.258781075477600098e-01 5.087216496467590332e-01 5.072719454765319824e-01 4.241931140422821045e-01 5.231571793556213379e-01
5.750449895858764648e-01 5.214940905570983887e-01 5.592939257621765137e-01 5.520349144935607910e-01 5.187829136848449707e-01 4.258781075477600098e-01 5.087216496467590332e-01 5.072719454765319824e-01 2.385765463113784790e-01 6.348286271095275879e-01
5.750449895858764648e-01 5.934316515922546387e-01 5.592939257621765137e-01 5.520349144935607910e-01 3.836531341075897217e-01 4.258781075477600098e-01 4.141135215759277344e-01 5.072719454765319824e-01 4.241931140422821045e-01 6.716419458389282227e-01
4.598189294338226318e-01 8.376735448837280273e-01 4.714600145816802979e-01 6.641024947166442871e-01 3.535951673984527588e-01 4.561206996440887451e-01 6.554980874061584473e-01 5.072719454765319824e-01 4.025613367557525635e-01 3.991031646728515625e-01
5.750449895858764648e-01 5.813360810279846191e-01 5.592939257621765137e-01 7.493458986282348633e-01 5.187829136848449707e-01 6.001711487770080566e-01 6.554980874061584473e-01 5.072719454765319824e-01 6.494223475456237793e-01 7.485535144805908203e-01
4.598189294338226318e-01 4.835163354873657227e-01 4.714600145816802979e-01 6.641024947166442871e-01 5.443233251571655273e-01 4.561206996440887451e-01 6.554980874061584473e-01 5.072719454765319824e-01 4.025613367557525635e-01 6.909529566764831543e-01
5.750449895858764648e-01 3.892918825149536133e-01 5.592939257621765137e-01 4.974756836891174316e-01 6.206495165824890137e-01 4.069879353046417236e-01 2.809655070304870605e-01 3.100263178348541260e-01 6.494223475456237793e-01 4.522492289543151855e-01
5.750449895858764648e-01 5.813360810279846191e-01 5.592939257621765137e-01 5.869058966636657715e-01 6.206495165824890137e-01 5.183349847793579102e-01 6.554980874061584473e-01 6.602953076362609863e-01 4.017889797687530518e-01 3.882220387458801270e-01
5.750449895858764648e-01 6.470808386802673340e-01 5.592939257621765137e-01 5.869058966636657715e-01 6.206495165824890137e-01 5.183349847793579102e-01 6.554980874061584473e-01 6.602953076362609863e-01 4.017889797687530518e-01 1.653290390968322754e-01
5.750449895858764648e-01 5.693873167037963867e-01 5.592939257621765137e-01 7.493458986282348633e-01 6.206495165824890137e-01 5.183349847793579102e-01 6.554980874061584473e-01 6.602953076362609863e-01 6.494223475456237793e-01 7.302622795104980469e-01
2.913400828838348389e-01 5.599327683448791504e-01 4.714600145816802979e-01 6.641024947166442871e-01 3.535951673984527588e-01 3.754806220531463623e-01 6.554980874061584473e-01 6.602953076362609863e-01 6.876087784767150879e-01 4.888216555118560791e-01
5.750449895858764648e-01 5.076020359992980957e-01 5.592939257621765137e-01 7.493458986282348633e-01 6.206495165824890137e-01 4.767550528049468994e-01 6.554980874061584473e-01 6.602953076362609863e-01 6.382959485054016113e-01 7.775843739509582520e-01
5.750449895858764648e-01 8.120819330215454102e-01 5.592939257621765137e-01 8.345856070518493652e-01 6.206495165824890137e-01 7.018205523490905762e-01 6.554980874061584473e-01 6.602953076362609863e-01 6.494223475456237793e-01 7.806569933891296387e-01
4.598189294338226318e-01 6.229727864265441895e-01 4.714600145816802979e-01 7.694104909896850586e-01 3.535951673984527588e-01 3.948392570018768311e-01 6.554980874061584473e-01 6.602953076362609863e-01 3.909478783607482910e-01 5.404296517372131348e-01
5.750449895858764648e-01 6.678025722503662109e-01 5.592939257621765137e-01 7.482770681381225586e-01 6.206495165824890137e-01 7.018205523490905762e-01 6.554980874061584473e-01 6.602953076362609863e-01 6.494223475456237793e-01 5.484446287155151367e-01
4.598189294338226318e-01 3.297013938426971436e-01 4.714600145816802979e-01 6.628337502479553223e-01 3.535951673984527588e-01 3.754806220531463623e-01 6.554980874061584473e-01 6.602953076362609863e-01 5.037107467651367188e-01 3.527338802814483643e-01
4.598189294338226318e-01 4.159085750579833984e-01 4.714600145816802979e-01 7.694104909896850586e-01 3.535951673984527588e-01 6.842855215072631836e-01 6.554980874061584473e-01 4.980199933052062988e-01 6.865552663803100586e-01 6.665225028991699219e-01
5.750449895858764648e-01 5.837412476539611816e-01 5.592939257621765137e-01 8.345856070518493652e-01 6.206495165824890137e-01 6.001711487770080566e-01 6.554980874061584473e-01 4.980199933052062988e-01 7.361685037612915039e-01 7.529942393302917480e-01
5.750449895858764648e-01 2.756994962692260742e-01 5.592939257621765137e-01 7.493458986282348633e-01 6.206495165824890137e-01 6.301470994949340820e-01 6.554980874061584473e-01 4.980199933052062988e-01 4.050949513912200928e-01 6.627296209335327148e-01
5.750449895858764648e-01 3.609189391136169434e-01 5.592939257621765137e-01 5.520349144935607910e-01 5.187829136848449707e-01 6.428635120391845703e-01 4.141135215759277344e-01 4.980199933052062988e-01 6.691266298294067383e-01 2.452953904867172241e-01
5.750449895858764648e-01 6.627138257026672363e-01 5.592939257621765137e-01 5.520349144935607910e-01 5.187829136848449707e-01 5.220137238502502441e-01 4.141135215759277344e-01 4.980199933052062988e-01 6.691266298294067383e-01 6.831203699111938477e-01
5.750449895858764648e-01 3.140338957309722900e-01 5.592939257621765137e-01 5.520349144935607910e-01 5.187829136848449707e-01 1.619857251644134521e-01 4.141135215759277344e-01 4.980199933052062988e-01 5.371127724647521973e-01 7.609653472900390625e-01
4.598189294338226318e-01 8.554717302322387695e-01 4.714600145816802979e-01 4.490275979042053223e-01 3.535951673984527588e-01 5.676434040069580078e-01 4.141135215759277344e-01 4.980199933052062988e-01 7.061379551887512207e-01 5.542787909507751465e-01
4.598189294338226318e-01 4.801996648311614990e-01 4.714600145816802979e-01 6.641024947166442871e-01 3.535951673984527588e-01 1.888033151626586914e-01 6.554980874061584473e-01 4.980199933052062988e-01 6.554535031318664551e-01 8.266995549201965332e-01
4.598189294338226318e-01 1.633176356554031372e-01 4.714600145816802979e-01 7.037873864173889160e-01 3.535951673984527588e-01 3.373345136642456055e-01 6.554980874061584473e-01 4.980199933052062988e-01 4.472427368164062500e-01 7.538551092147827148e-01
4.598189294338226318e-01 4.050906300544738770e-01 4.714600145816802979e-01 6.205666065216064453e-01 3.535951673984527588e-01 7.957718372344970703e-01 4.949372410774230957e-01 4.980199933052062988e-01 7.682775855064392090e-01 4.598262906074523926e-01
4.598189294338226318e-01 6.219156384468078613e-01 4.714600145816802979e-01 6.205666065216064453e-01 5.266406536102294922e-01 5.142815113067626953e-01 4.949372410774230957e-01 4.980199933052062988e-01 7.682775855064392090e-01 9.427855610847473145e-01
4.598189294338226318e-01 1.285725086927413940e-01 4.714600145816802979e-01 6.627832651138305664e-01 5.266406536102294922e-01 7.957718372344970703e-01 4.949372410774230957e-01 4.980199933052062988e-01 5.188786387443542480e-01 6.626045703887939453e-01
4.598189294338226318e-01 8.554717302322387695e-01 4.714600145816802979e-01 6.205666065216064453e-01 5.266406536102294922e-01 5.676434040069580078e-01 4.949372410774230957e-01 3.479995727539062500e-01 7.682775855064392090e-01 7.561274766921997070e-01
4.884915351867675781e-01 4.801996648311614990e-01 5.592939257621765137e-01 6.627832651138305664e-01 6.206495165824890137e-01 5.472302436828613281e-01 4.949372410774230957e-01 3.479995727539062500e-01 6.364964246749877930e-01 8.807551264762878418e-01
4.884915351867675781e-01 2.756994962692260742e-01 5.592939257621765137e-01 6.627832651138305664e-01 6.206495165824890137e-01 6.539198756217956543e-01 4.949372410774230957e-01 4.980199933052062988e-01 3.113259375095367432e-01 7.245821356773376465e-01
4.884915351867675781e-01 3.505801558494567871e-01 4.778572916984558105e-01 7.120682001113891602e-01 6.206495165824890137e-01 6.086960434913635254e-01 4.949372410774230957e-01 4.980199933052062988e-01 3.994131684303283691e-01 6.543558239936828613e-01
4.884915351867675781e-01 3.201175928115844727e-01 4.778572916984558105e-01 6.329675316810607910e-01 6.206495165824890137e-01 7.301295995712280273e-01 4.949372410774230957e-01 4.980199933052062988e-01 3.994131684303283691e-01 6.630278229713439941e-01
4.884915351867675781e-01 6.296721100807189941e-01 4.778572916984558105e-01 6.627832651138305664e-01 6.206495165824890137e-01 5.479419231414794922e-01 4.949372410774230957e-01 6.602953076362609863e-01 3.994131684303283691e-01 1.206446662545204163e-01
4.884915351867675781e-01 3.202271759510040283e-01 3.775430321693420410e-01 6.329675316810607910e-01 3.836531341075897217e-01 5.510291457176208496e-01 4.949372410774230957e-01 5.072719454765319824e-01 3.994131684303283691e-01 1.553109735250473022e-01
4.884915351867675781e-01 2.160285860300064087e-01 3.775430321693420410e-01 6.627832651138305664e-01 3.836531341075897217e-01 2.964039146900177002e-01 4.949372410774230957e-01 5.072719454765319824e-01 4.460130035877227783e-01 1.514856368303298950e-01
4.884915351867675781e-01 5.339541435241699219e-01 3.775430321693420410e-01 3.303106725215911865e-01 5.187829136848449707e-01 2.964039146900177002e-01 4.949372410774230957e-01 5.072719454765319824e-01 3.115903735160827637e-01 6.313431859016418457e-01
4.884915351867675781e-01 3.291500806808471680e-01 3.775430321693420410e-01 6.329675316810607910e-01 3.836531341075897217e-01 4.047121405601501465e-01 4.949372410774230957e-01 5.072719454765319824e-01 4.409809708595275879e-01 2.953602075576782227e-01
4.884915351867675781e-01 4.540522396564483643e-01 5.628200173377990723e-01 2.261577248573303223e-01 3.836531341075897217e-01 4.047121405601501465e-01 4.949372410774230957e-01 5.072719454765319824e-01 2.042008787393569946e-01 6.719807535409927368e-02
4.884915351867675781e-01 4.271171987056732178e-01 3.775430321693420410e-01 2.695106267929077148e-01 3.836531341075897217e-01 4.047121405601501465e-01 4.556739926338195801e-01 6.206470131874084473e-01 3.133850395679473877e-01 3.279112279415130615e-02
4.884915351867675781e-01 3.448838889598846436e-01 3.775430321693420410e-01 2.695106267929077148e-01 3.836531341075897217e-01 4.047121405601501465e-01 4.556739926338195801e-01 3.926112353801727295e-01 3.133850395679473877e-01 1.080062091350555420e-01
4.884915351867675781e-01 3.448838889598846436e-01 3.775430321693420410e-01 1.145654618740081787e-01 5.187829136848449707e-01 6.027777194976806641e-01 4.556739926338195801e-01 3.926112353801727295e-01 3.133850395679473877e-01 1.009887531399726868e-01
4.598189294338226318e-01 2.463559955358505249e-01 3.062371015548706055e-01 3.002309501171112061e-01 2.768794894218444824e-01 1.787950545549392700e-01 4.556744694709777832e-01 6.206470131874084473e-01 7.064182162284851074e-01 8.135214447975158691e-02
4.598189294338226318e-01 2.265386432409286499e-01 3.062371015548706055e-01 3.002309501171112061e-01 2.768794894218444824e-01 3.324854373931884766e-01 4.556744694709777832e-01 6.206470131874084473e-01 7.064182162284851074e-01 8.198994398117065430e-02
4.884915351867675781e-01 2.104170322418212891e-01 4.778572916984558105e-01 3.934813439846038818e-01 5.187829136848449707e-01 4.678990840911865234e-01 4.556744694709777832e-01 3.100263178348541260e-01 3.190677165985107422e-01 3.140051960945129395e-01
4.598189294338226318e-01 3.228912651538848877e-01 3.062371015548706055e-01 1.558965593576431274e-01 2.768794894218444824e-01 3.324854373931884766e-01 4.556744694709777832e-01 3.100263178348541260e-01 5.254359841346740723e-01 3.635971546173095703e-01
2.881606817245483398e-01 3.228912651538848877e-01 4.778572916984558105e-01 3.934813439846038818e-01 5.187829136848449707e-01 4.678990840911865234e-01 4.556744694709777832e-01 3.100263178348541260e-01 4.077497124671936035e-01 6.200640201568603516e-01
2.881606817245483398e-01 4.757509231567382812e-01 4.778572916984558105e-01 3.934813439846038818e-01 5.187829136848449707e-01 3.330332934856414795e-01 4.556744694709777832e-01 3.100263178348541260e-01 4.077497124671936035e-01 2.013392001390457153e-01
2.881606817245483398e-01 4.762139618396759033e-01 4.778572916984558105e-01 5.253189206123352051e-01 5.187829136848449707e-01 3.330332934856414795e-01 4.556744694709777832e-01 3.100263178348541260e-01 4.077497124671936035e-01 2.101168185472488403e-01
2.881606817245483398e-01 5.053373575210571289e-01 4.778572916984558105e-01 4.277687370777130127e-01 5.187829136848449707e-01 4.623915851116180420e-01 5.087216496467590332e-01 5.072719454765319824e-01 6.180195212364196777e-01 7.947586774826049805e-01
2.881606817245483398e-01 5.168203711509704590e-01 4.778572916984558105e-01 4.130926430225372314e-01 5.187829136848449707e-01 4.873755276203155518e-01 5.087216496467590332e-01 5.072719454765319824e-01 4.638130962848663330e-01 8.592412471771240234e-01
5.750449895858764648e-01 3.890772759914398193e-01 4.778572916984558105e-01 5.406160354614257812e-01 5.187829136848449707e-01 4.305341243743896484e-01 5.087216496467590332e-01 5.072719454765319824e-01 6.798723936080932617e-01 4.523873031139373779e-01
5.750449895858764648e-01 5.352718830108642578e-01 4.778572916984558105e-01 5.258308649063110352e-01 5.187829136848449707e-01 6.570872068405151367e-01 5.087216496467590332e-01 5.072719454765319824e-01 6.180195212364196777e-01 7.067393660545349121e-01
5.750449895858764648e-01 5.230886340141296387e-01 4.778572916984558105e-01 3.253700435161590576e-01 5.187829136848449707e-01 5.810795426368713379e-01 5.087216496467590332e-01 5.072719454765319824e-01 4.638130962848663330e-01 5.428472757339477539e-01
5.750449895858764648e-01 4.323655664920806885e-01 4.778572916984558105e-01 5.808306932449340820e-01 5.187829136848449707e-01 4.558089673519134521e-01 5.087216496467590332e-01 5.072719454765319824e-01 6.180195212364196777e-01 6.609563231468200684e-01
5.750449895858764648e-01 5.160942673683166504e-01 5.592939257621765137e-01 7.717481255531311035e-01 3.836531341075897217e-01 5.499668717384338379e-01 5.087216496467590332e-01 5.072719454765319824e-01 6.864976286888122559e-01 5.048491954803466797e-01
5.750449895858764648e-01 7.650412321090698242e-01 5.592939257621765137e-01 7.717481255531311035e-01 5.187829136848449707e-01 6.570872068405151367e-01 5.087216496467590332e-01 5.072719454765319824e-01 6.864976286888122559e-01 8.387633562088012695e-01
5.750449895858764648e-01 7.238991856575012207e-01 5.592939257621765137e-01 5.386991500854492188e-01 5.187829136848449707e-01 5.499668717384338379e-01 5.087216496467590332e-01 5.072719454765319824e-01 4.823496341705322266e-01 8.825653195381164551e-01
5.750449895858764648e-01 6.603664755821228027e-01 5.592939257621765137e-01 5.450444817543029785e-01 3.836531341075897217e-01 5.499668717384338379e-01 5.087216496467590332e-01 5.072719454765319824e-01 4.823496341705322266e-01 8.736518621444702148e-01
5.750449895858764648e-01 7.686686515808105469e-01 5.592939257621765137e-01 5.520349144935607910e-01 5.187829136848449707e-01 3.584557771682739258e-01 5.087216496467590332e-01 5.072719454765319824e-01 5.621591210365295410e-01 7.873813509941101074e-01
5.750449895858764648e-01 7.694391608238220215e-01 5.592939257621765137e-01 6.094446182250976562e-01 5.187829136848449707e-01 4.669809043407440186e-01 5.087216496467590332e-01 5.072719454765319824e-01 5.621591210365295410e-01 8.846225142478942871e-01
5.750449895858764648e-01 5.965941548347473145e-01 5.592939257621765137e-01 6.094446182250976562e-01 5.187829136848449707e-01 6.570872068405151367e-01 5.087216496467590332e-01 5.072719454765319824e-01 5.621591210365295410e-01 7.232129573822021484e-01
5.750449895858764648e-01 7.694391608238220215e-01 5.592939257621765137e-01 6.094446182250976562e-01 5.187829136848449707e-01 6.570872068405151367e-01 5.087216496467590332e-01 5.072719454765319824e-01 5.621591210365295410e-01 7.174147367477416992e-01
5.750449895858764648e-01 7.928286194801330566e-01 5.592939257621765137e-01 7.493458986282348633e-01 5.187829136848449707e-01 7.018205523490905762e-01 6.554980874061584473e-01 5.072719454765319824e-01 6.494223475456237793e-01 8.013054728507995605e-01
5.750449895858764648e-01 7.939461469650268555e-01 5.592939257621765137e-01 7.493458986282348633e-01 5.187829136848449707e-01 5.183349847793579102e-01 6.554980874061584473e-01 5.072719454765319824e-01 4.883635938167572021e-01 5.535918474197387695e-01
5.750449895858764648e-01 6.019777655601501465e-01 5.592939257621765137e-01 7.493458986282348633e-01 5.187829136848449707e-01 5.183349847793579102e-01 6.554980874061584473e-01 5.072719454765319824e-01 6.494223475456237793e-01 3.561261296272277832e-01
5.750449895858764648e-01 6.019777655601501465e-01 5.592939257621765137e-01 7.493458986282348633e-01 5.187829136848449707e-01 5.183349847793579102e-01 6.554980874061584473e-01 5.072719454765319824e-01 6.494223475456237793e-01 1.353795528411865234e-01
5.750449895858764648e-01 6.019777655601501465e-01 5.592939257621765137e-01 7.440066337585449219e-01 3.962689042091369629e-01 5.183349847793579102e-01 6.554980874061584473e-01 6.602953076362609863e-01 5.734499096870422363e-01 1.491164118051528931e-01
5.750449895858764648e-01 8.271428346633911133e-01 5.592939257621765137e-01 2.866110205650329590e-01 3.962689042091369629e-01 7.018205523490905762e-01 6.554980874061584473e-01 6.602953076362609863e-01 5.734499096870422363e-01 4.839173853397369385e-01
5.750449895858764648e-01 7.939461469650268555e-01 5.592939257621765137e-01 5.773833990097045898e-01 3.962689042091369629e-01 7.018205523490905762e-01 6.554980874061584473e-01 6.602953076362609863e-01 5.734499096870422363e-01 6.523790359497070312e-01
5.750449895858764648e-01 6.643345355987548828e-01 5.592939257621765137e-01 3.602706491947174072e-01 3.962689042091369629e-01 4.647954702377319336e-01 4.141135215759277344e-01 6.602953076362609863e-01 4.823496341705322266e-01 4.681212902069091797e-01
5.750449895858764648e-01 7.224236726760864258e-01 5.592939257621765137e-01 4.467752873897552490e-01 3.962689042091369629e-01 3.231232762336730957e-01 5.087216496467590332e-01 6.602953076362609863e-01 4.823496341705322266e-01 7.168632745742797852e-01
5.750449895858764648e-01 5.282475948333740234e-01 5.592939257621765137e-01 4.621760547161102295e-01 3.962689042091369629e-01 4.665188491344451904e-01 5.087216496467590332e-01 6.602953076362609863e-01 5.621591210365295410e-01 6.613303422927856445e-01
5.750449895858764648e-01 5.283002257347106934e-01 5.592939257621765137e-01 5.520349144935607910e-01 5.187829136848449707e-01 3.231232762336730957e-01 5.087216496467590332e-01 5.072719454765319824e-01 5.621591210365295410e-01 5.934544205665588379e-01
5.750449895858764648e-01 5.937731862068176270e-01 5.592939257621765137e-01 5.520349144935607910e-01 5.187829136848449707e-01 5.220137238502502441e-01 5.087216496467590332e-01 5.072719454765319824e-01 5.621591210365295410e-01 7.686656117439270020e-01
5.750449895858764648e-01 5.283002257347106934e-01 5.592939257621765137e-01 5.520349144935607910e-01 5.187829136848449707e-01 6.570872068405151367e-01 5.087216496467590332e-01 5.072719454765319824e-01 5.621591210365295410e-01 9.334450364112854004e-01
5.750449895858764648e-01 6.660230159759521484e-01 5.592939257621765137e-01 5.520349144935607910e-01 5.187829136848449707e-01 6.570872068405151367e-01 4.141135215759277344e-01 5.072719454765319824e-01 5.621591210365295410e-01 7.584755420684814453e-01
4.598189294338226318e-01 5.961472988128662109e-01 4.714600145816802979e-01 7.145758271217346191e-01 3.535951673984527588e-01 5.680339336395263672e-01 6.554980874061584473e-01 5.072719454765319824e-01 1.963410675525665283e-01 5.545632839202880859e-01
4.598189294338226318e-01 3.700245022773742676e-01 4.714600145816802979e-01 7.145758271217346191e-01 3.535951673984527588e-01 5.680339336395263672e-01 6.554980874061584473e-01 5.072719454765319824e-01 1.963410675525665283e-01 4.727458357810974121e-01
4.598189294338226318e-01 4.318820834159851074e-01 3.062371015548706055e-01 4.532590210437774658e-01 2.768794894218444824e-01 3.821877241134643555e-01 2.809655070304870605e-01 3.100263178348541260e-01 3.452236056327819824e-01 4.528237879276275635e-01
4.598189294338226318e-01 4.605992734432220459e-01 4.714600145816802979e-01 6.641024947166442871e-01 5.266406536102294922e-01 5.680339336395263672e-01 6.554980874061584473e-01 5.072719454765319824e-01 6.876087784767150879e-01 7.423330545425415039e-01
4.598189294338226318e-01 3.937529027462005615e-01 4.714600145816802979e-01 4.844282269477844238e-01 5.266406536102294922e-01 6.842855215072631836e-01 6.554980874061584473e-01 6.602953076362609863e-01 4.438493847846984863e-01 5.438712239265441895e-01
2.913400828838348389e-01 3.937529027462005615e-01 4.714600145816802979e-01 6.641024947166442871e-01 5.266406536102294922e-01 3.754806220531463623e-01 6.554980874061584473e-01 6.602953076362609863e-01 6.876087784767150879e-01 6.037802100181579590e-01
2.913400828838348389e-01 4.668970108032226562e-01 4.714600145816802979e-01 6.641024947166442871e-01 5.266406536102294922e-01 6.842855215072631836e-01 6.554980874061584473e-01 6.602953076362609863e-01 6.876087784767150879e-01 4.187058210372924805e-01
2.913400828838348389e-01 3.937529027462005615e-01 4.714600145816802979e-01 6.641024947166442871e-01 5.266406536102294922e-01 6.842855215072631836e-01 6.554980874061584473e-01 6.602953076362609863e-01 6.876087784767150879e-01 3.013770282268524170e-01
2.913400828838348389e-01 6.008948683738708496e-01 4.714600145816802979e-01 6.641024947166442871e-01 5.266406536102294922e-01 4.876774549484252930e-01 6.554980874061584473e-01 6.602953076362609863e-01 3.819311857223510742e-01 3.272190690040588379e-01
5.750449895858764648e-01 5.998179316520690918e-01 5.592939257621765137e-01 8.959065079689025879e-01 6.206495165824890137e-01 8.486621975898742676e-01 6.554980874061584473e-01 6.602953076362609863e-01 6.382959485054016113e-01 9.091759920120239258e-01
5.750449895858764648e-01 8.135865926742553711e-01 5.592939257621765137e-01 6.752990484237670898e-01 6.206495165824890137e-01 4.192054569721221924e-01 4.141135215759277344e-01 6.602953076362609863e-01 5.501814484596252441e-01 3.477727770805358887e-01
4.598189294338226318e-01 5.986687541007995605e-01 4.714600145816802979e-01 7.011581063270568848e-01 3.535951673984527588e-01 4.649789929389953613e-01 4.141135215759277344e-01 6.602953076362609863e-01 3.079115152359008789e-01 7.863993644714355469e-01
