5.687541365623474121e-01 5.317355394363403320e-01 5.548272728919982910e-01 5.539399385452270508e-01 6.382201313972473145e-01 1.702291369438171387e-01 4.503077268600463867e-01 5.234951972961425781e-01 5.209770798683166504e-01 5.918296575546264648e-01
5.687541365623474121e-01 6.471258401870727539e-01 5.548272728919982910e-01 5.539399385452270508e-01 6.755013465881347656e-01 5.513149499893188477e-01 4.503077268600463867e-01 5.234951972961425781e-01 5.209770798683166504e-01 5.918296575546264648e-01
5.687541365623474121e-01 5.416105985641479492e-01 7.843216657638549805e-01 5.539399385452270508e-01 8.349292874336242676e-01 9.257643222808837891e-01 5.986842513084411621e-01 5.968354940414428711e-01 5.209770798683166504e-01 5.918296575546264648e-01
5.687541365623474121e-01 7.502707242965698242e-01 7.843216657638549805e-01 5.539399385452270508e-01 8.349292874336242676e-01 9.659165143966674805e-01 8.005195856094360352e-01 5.234951972961425781e-01 5.209770798683166504e-01 5.918296575546264648e-01
7.148002982139587402e-01 7.502707242965698242e-01 7.843216657638549805e-01 5.539399385452270508e-01 7.632774710655212402e-01 6.824941635131835938e-01 8.815690279006958008e-01 8.335380554199218750e-01 5.209770798683166504e-01 5.918296575546264648e-01
7.148002982139587402e-01 9.069812893867492676e-01 7.843216657638549805e-01 5.539399385452270508e-01 7.632774710655212402e-01 7.616994976997375488e-01 8.005195856094360352e-01 8.934029340744018555e-01 5.209770798683166504e-01 5.918296575546264648e-01
7.148002982139587402e-01 9.069812893867492676e-01 8.834133744239807129e-01 5.539399385452270508e-01 8.349292874336242676e-01 7.616994976997375488e-01 8.005195856094360352e-01 8.934029340744018555e-01 5.209770798683166504e-01 5.918296575546264648e-01
7.148002982139587402e-01 5.690782070159912109e-01 6.101294755935668945e-01 5.539399385452270508e-01 7.632774710655212402e-01 1.939143389463424683e-01 8.815690279006958008e-01 8.934029340744018555e-01 5.209770798683166504e-01 5.918296575546264648e-01
7.429198622703552246e-01 8.719048500061035156e-01 8.834133744239807129e-01 5.539399385452270508e-01 8.349292874336242676e-01 9.130441546440124512e-01 9.427199959754943848e-01 8.934029340744018555e-01 5.209770798683166504e-01 5.918296575546264648e-01
7.429198622703552246e-01 8.703578114509582520e-01 8.834133744239807129e-01 5.539399385452270508e-01 7.632774710655212402e-01 8.545279502868652344e-01 8.815690279006958008e-01 8.934029340744018555e-01 5.209770798683166504e-01 5.918296575546264648e-01
5.579780936241149902e-01 5.010436177253723145e-01 2.965986132621765137e-01 5.539399385452270508e-01 5.038524866104125977e-01 2.516757547855377197e-01 8.985754251480102539e-01 7.897086739540100098e-01 5.209770798683166504e-01 5.918296575546264648e-01
5.579780936241149902e-01 5.981804728507995605e-01 2.965986132621765137e-01 5.539399385452270508e-01 5.038524866104125977e-01 4.969139993190765381e-01 6.056671142578125000e-01 5.921505093574523926e-01 4.283652007579803467e-01 4.906192421913146973e-01
5.579780936241149902e-01 6.628230810165405273e-01 2.965986132621765137e-01 5.539399385452270508e-01 5.038524866104125977e-01 2.096512615680694580e-01 8.543103933334350586e-01 7.897086739540100098e-01 5.209770798683166504e-01 5.918296575546264648e-01
5.579780936241149902e-01 5.222948193550109863e-01 4.437158703804016113e-01 5.539399385452270508e-01 5.038524866104125977e-01 6.783871054649353027e-01 7.784083485603332520e-01 7.974755764007568359e-01 4.283652007579803467e-01 4.906192421913146973e-01
5.579780936241149902e-01 5.588015317916870117e-01 2.965986132621765137e-01 5.539399385452270508e-01 5.528280138969421387e-01 6.066679954528808594e-01 5.041139125823974609e-01 5.186452865600585938e-01 4.283652007579803467e-01 4.906192421913146973e-01
5.579780936241149902e-01 6.979363560676574707e-01 2.965986132621765137e-01 5.539399385452270508e-01 5.528280138969421387e-01 5.886331200599670410e-01 5.041139125823974609e-01 5.186452865600585938e-01 4.283652007579803467e-01 4.906192421913146973e-01
5.579780936241149902e-01 6.628230810165405273e-01 2.965986132621765137e-01 5.539399385452270508e-01 5.528280138969421387e-01 7.404274344444274902e-01 8.218470811843872070e-01 7.897086739540100098e-01 5.209770798683166504e-01 5.918296575546264648e-01
5.579780936241149902e-01 6.628230810165405273e-01 2.965986132621765137e-01 5.539399385452270508e-01 5.528280138969421387e-01 2.255106419324874878e-01 8.218470811843872070e-01 7.897086739540100098e-01 5.209770798683166504e-01 5.918296575546264648e-01
5.579780936241149902e-01 6.628230810165405273e-01 4.534345567226409912e-01 5.539399385452270508e-01 5.528280138969421387e-01 6.155103445053100586e-01 8.852391242980957031e-01 7.897086739540100098e-01 5.209770798683166504e-01 5.918296575546264648e-01
5.579780936241149902e-01 5.841135382652282715e-01 4.534345567226409912e-01 5.539399385452270508e-01 6.597866415977478027e-01 7.175431251525878906e-01 8.402416706085205078e-01 7.897086739540100098e-01 5.209770798683166504e-01 5.918296575546264648e-01
5.579780936241149902e-01 5.212612152099609375e-01 4.572221040725708008e-01 5.539399385452270508e-01 6.597866415977478027e-01 7.402226328849792480e-01 8.402416706085205078e-01 7.897086739540100098e-01 5.209770798683166504e-01 5.918296575546264648e-01
5.579780936241149902e-01 6.472807526588439941e-01 4.572221040725708008e-01 5.539399385452270508e-01 6.085248589515686035e-01 5.205697417259216309e-01 6.616079807281494141e-01 7.011714577674865723e-01 6.224591732025146484e-01 5.918296575546264648e-01
3.837460875511169434e-01 4.633088111877441406e-01 2.965986132621765137e-01 5.539399385452270508e-01 5.528280138969421387e-01 1.333515048027038574e-01 8.448521494865417480e-01 7.897086739540100098e-01 5.209770798683166504e-01 5.918296575546264648e-01
5.579780936241149902e-01 4.519203007221221924e-01 2.965986132621765137e-01 5.539399385452270508e-01 5.528280138969421387e-01 1.147124916315078735e-01 5.368260145187377930e-01 5.186452865600585938e-01 4.283652007579803467e-01 4.906192421913146973e-01
5.579780936241149902e-01 5.212612152099609375e-01 2.965986132621765137e-01 5.539399385452270508e-01 5.528280138969421387e-01 1.104239970445632935e-01 8.448521494865417480e-01 7.897086739540100098e-01 5.209770798683166504e-01 5.918296575546264648e-01
5.579780936241149902e-01 4.375475347042083740e-01 2.965986132621765137e-01 5.539399385452270508e-01 3.954882919788360596e-01 1.304218322038650513e-01 8.402416706085205078e-01 7.897086739540100098e-01 5.209770798683166504e-01 5.918296575546264648e-01
5.579780936241149902e-01 5.685656070709228516e-01 4.572221040725708008e-01 5.539399385452270508e-01 6.085248589515686035e-01 1.021652072668075562e-01 6.616079807281494141e-01 5.908952951431274414e-01 5.209770798683166504e-01 5.918296575546264648e-01
5.579780936241149902e-01 6.260771751403808594e-01 4.572221040725708008e-01 5.539399385452270508e-01 6.085248589515686035e-01 9.450593590736389160e-02 6.616079807281494141e-01 5.908952951431274414e-01 5.209770798683166504e-01 5.918296575546264648e-01
5.579780936241149902e-01 4.846802949905395508e-01 4.572221040725708008e-01 5.539399385452270508e-01 6.085248589515686035e-01 3.137191534042358398e-01 6.616079807281494141e-01 5.908952951431274414e-01 5.209770798683166504e-01 5.918296575546264648e-01
5.579780936241149902e-01 6.535499691963195801e-01 4.572221040725708008e-01 5.539399385452270508e-01 6.085248589515686035e-01 4.403964281082153320e-01 6.616079807281494141e-01 6.427503824234008789e-01 5.209770798683166504e-01 5.918296575546264648e-01
5.579780936241149902e-01 6.535499691963195801e-01 3.309344053268432617e-01 5.539399385452270508e-01 4.977190196514129639e-01 6.708566546440124512e-01 6.693449020385742188e-01 6.427503824234008789e-01 5.209770798683166504e-01 5.918296575546264648e-01
3.837460875511169434e-01 6.227583885192871094e-01 3.309344053268432617e-01 5.539399385452270508e-01 4.913795292377471924e-01 4.009039103984832764e-01 3.579157590866088867e-01 2.560954689979553223e-01 4.283652007579803467e-01 4.906192421913146973e-01
6.014853119850158691e-01 5.981804728507995605e-01 6.702446937561035156e-01 4.514857530593872070e-01 6.333931684494018555e-01 9.539146423339843750e-01 7.028039693832397461e-01 5.625292062759399414e-01 4.283652007579803467e-01 4.906192421913146973e-01
3.837460875511169434e-01 5.947911143302917480e-01 3.309344053268432617e-01 5.539399385452270508e-01 4.977190196514129639e-01 3.351401090621948242e-01 3.579157590866088867e-01 3.723428249359130859e-01 4.283652007579803467e-01 4.906192421913146973e-01
5.579780936241149902e-01 8.245697617530822754e-01 3.309344053268432617e-01 5.539399385452270508e-01 4.977190196514129639e-01 5.442711114883422852e-01 4.769331216812133789e-01 5.186452865600585938e-01 4.283652007579803467e-01 4.906192421913146973e-01
5.579780936241149902e-01 8.245697617530822754e-01 3.309344053268432617e-01 5.539399385452270508e-01 4.977190196514129639e-01 6.875434517860412598e-01 6.616079807281494141e-01 6.427503824234008789e-01 5.209770798683166504e-01 5.918296575546264648e-01
5.579780936241149902e-01 8.245697617530822754e-01 3.309344053268432617e-01 5.539399385452270508e-01 4.977190196514129639e-01 3.787699341773986816e-01 6.616079807281494141e-01 6.427503824234008789e-01 5.209770798683166504e-01 5.918296575546264648e-01
5.579780936241149902e-01 6.535499691963195801e-01 3.309344053268432617e-01 5.539399385452270508e-01 4.977190196514129639e-01 6.831476688385009766e-01 6.616079807281494141e-01 6.427503824234008789e-01 5.209770798683166504e-01 5.918296575546264648e-01
3.837460875511169434e-01 6.227583885192871094e-01 3.309344053268432617e-01 5.539399385452270508e-01 4.977190196514129639e-01 6.506791710853576660e-01 3.579157590866088867e-01 5.186452865600585938e-01 4.283652007579803467e-01 4.906192421913146973e-01
3.837460875511169434e-01 7.461143732070922852e-01 3.309344053268432617e-01 5.539399385452270508e-01 7.540950179100036621e-01 7.369692325592041016e-01 5.326575636863708496e-01 5.186452865600585938e-01 4.283652007579803467e-01 4.906192421913146973e-01
5.579780936241149902e-01 6.503546833992004395e-01 3.309344053268432617e-01 5.539399385452270508e-01 8.278995156288146973e-01 9.475849866867065430e-01 6.811743378639221191e-01 6.427503824234008789e-01 5.209770798683166504e-01 5.918296575546264648e-01
5.579780936241149902e-01 7.514135241508483887e-01 3.309344053268432617e-01 5.539399385452270508e-01 9.445404410362243652e-01 5.073477625846862793e-01 8.054108619689941406e-01 4.501200318336486816e-01 5.209770798683166504e-01 5.918296575546264648e-01
5.579780936241149902e-01 7.256688475608825684e-01 3.309344053268432617e-01 5.539399385452270508e-01 9.156611561775207520e-01 6.607989072799682617e-01 5.077815651893615723e-01 3.289601802825927734e-01 4.283652007579803467e-01 4.906192421913146973e-01
3.837460875511169434e-01 7.547227740287780762e-01 6.702446937561035156e-01 5.539399385452270508e-01 9.444466233253479004e-01 9.750090241432189941e-01 6.789320707321166992e-01 2.666981518268585205e-01 4.283652007579803467e-01 4.906192421913146973e-01
3.837460875511169434e-01 8.456240296363830566e-01 6.702446937561035156e-01 5.539399385452270508e-01 9.444466233253479004e-01 9.750090241432189941e-01 5.916331410408020020e-01 2.666981518268585205e-01 4.283652007579803467e-01 4.906192421913146973e-01
6.014853119850158691e-01 7.547227740287780762e-01 6.702446937561035156e-01 4.514857530593872070e-01 8.995802998542785645e-01 8.282971382141113281e-01 7.857344746589660645e-01 2.666981518268585205e-01 4.283652007579803467e-01 4.906192421913146973e-01
6.014853119850158691e-01 5.981804728507995605e-01 6.702446937561035156e-01 4.514857530593872070e-01 8.995802998542785645e-01 7.207286357879638672e-01 6.076849102973937988e-01 5.625292062759399414e-01 4.283652007579803467e-01 4.906192421913146973e-01
6.014853119850158691e-01 3.885629475116729736e-01 6.340674161911010742e-01 4.514857530593872070e-01 8.995802998542785645e-01 5.813921689987182617e-01 6.076849102973937988e-01 5.625292062759399414e-01 4.283652007579803467e-01 4.906192421913146973e-01
6.014853119850158691e-01 3.350388705730438232e-01 6.340674161911010742e-01 4.514857530593872070e-01 7.432392239570617676e-01 7.207286357879638672e-01 4.225282967090606689e-01 5.625292062759399414e-01 4.283652007579803467e-01 4.906192421913146973e-01
6.014853119850158691e-01 4.965610206127166748e-01 6.340674161911010742e-01 4.514857530593872070e-01 7.432392239570617676e-01 6.348629593849182129e-01 4.225282967090606689e-01 4.882986843585968018e-01 4.283652007579803467e-01 4.906192421913146973e-01
6.014853119850158691e-01 4.469837248325347900e-01 6.340674161911010742e-01 4.514857530593872070e-01 7.094814777374267578e-01 8.459035158157348633e-01 6.339983940124511719e-01 4.882986843585968018e-01 4.283652007579803467e-01 4.906192421913146973e-01
6.014853119850158691e-01 4.965610206127166748e-01 6.340674161911010742e-01 4.514857530593872070e-01 7.432392239570617676e-01 5.493239760398864746e-01 6.016584038734436035e-01 4.882986843585968018e-01 4.283652007579803467e-01 4.906192421913146973e-01
3.837460875511169434e-01 6.217072606086730957e-01 6.340674161911010742e-01 4.514857530593872070e-01 6.385357975959777832e-01 5.599138736724853516e-01 5.682721138000488281e-01 4.882986843585968018e-01 4.283652007579803467e-01 4.906192421913146973e-01
5.877234935760498047e-01 6.745695471763610840e-01 6.846126317977905273e-01 4.514857530593872070e-01 7.604270577430725098e-01 6.014980077743530273e-01 1.514293104410171509e-01 5.697011947631835938e-01 4.283652007579803467e-01 4.906192421913146973e-01
6.014853119850158691e-01 4.388375580310821533e-01 6.340674161911010742e-01 4.514857530593872070e-01 7.432392239570617676e-01 4.358611404895782471e-01 7.094794511795043945e-01 4.882986843585968018e-01 4.283652007579803467e-01 4.906192421913146973e-01
6.014853119850158691e-01 4.965610206127166748e-01 6.340674161911010742e-01 4.514857530593872070e-01 7.432392239570617676e-01 3.562249839305877686e-01 7.094794511795043945e-01 4.882986843585968018e-01 4.283652007579803467e-01 4.906192421913146973e-01
3.837460875511169434e-01 4.965610206127166748e-01 6.340674161911010742e-01 4.514857530593872070e-01 6.385357975959777832e-01 2.568215131759643555e-01 6.576755046844482422e-01 3.723428249359130859e-01 4.283652007579803467e-01 4.906192421913146973e-01
3.837460875511169434e-01 6.745695471763610840e-01 4.673567116260528564e-01 5.539399385452270508e-01 7.702456712722778320e-01 4.006085991859436035e-01 5.682721138000488281e-01 3.723428249359130859e-01 4.283652007579803467e-01 4.906192421913146973e-01
6.032814383506774902e-01 6.285768151283264160e-01 5.689523220062255859e-01 5.539399385452270508e-01 6.085248589515686035e-01 9.108629822731018066e-01 5.615684390068054199e-01 7.636736035346984863e-01 5.209770798683166504e-01 5.918296575546264648e-01
5.579780936241149902e-01 5.400598645210266113e-01 2.965986132621765137e-01 5.539399385452270508e-01 6.240906119346618652e-01 2.511815726757049561e-01 3.519636094570159912e-01 5.842334032058715820e-01 4.283652007579803467e-01 4.906192421913146973e-01
5.579780936241149902e-01 5.322307348251342773e-01 2.965986132621765137e-01 5.539399385452270508e-01 4.977190196514129639e-01 2.504837512969970703e-01 3.519636094570159912e-01 4.785209000110626221e-01 4.283652007579803467e-01 4.906192421913146973e-01
5.579780936241149902e-01 4.742669463157653809e-01 2.965986132621765137e-01 5.539399385452270508e-01 6.667733788490295410e-01 2.302255332469940186e-01 4.769331216812133789e-01 3.609636425971984863e-01 4.283652007579803467e-01 4.906192421913146973e-01
3.837460875511169434e-01 4.742669463157653809e-01 4.673567116260528564e-01 4.514857530593872070e-01 6.385357975959777832e-01 7.644158601760864258e-01 3.579157590866088867e-01 3.723428249359130859e-01 4.283652007579803467e-01 4.906192421913146973e-01
4.286205768585205078e-01 5.322307348251342773e-01 4.673567116260528564e-01 4.514857530593872070e-01 6.385357975959777832e-01 5.042831301689147949e-01 3.276428282260894775e-01 4.496376514434814453e-01 4.283652007579803467e-01 4.906192421913146973e-01
3.837460875511169434e-01 4.776320755481719971e-01 4.673567116260528564e-01 5.539399385452270508e-01 6.395232081413269043e-01 6.281783580780029297e-01 3.579157590866088867e-01 3.723428249359130859e-01 4.283652007579803467e-01 4.906192421913146973e-01
3.837460875511169434e-01 5.355881452560424805e-01 4.673567116260528564e-01 4.514857530593872070e-01 6.385357975959777832e-01 6.363403797149658203e-01 3.579157590866088867e-01 3.226033747196197510e-01 4.283652007579803467e-01 4.906192421913146973e-01
3.837460875511169434e-01 7.676894068717956543e-01 4.673567116260528564e-01 5.539399385452270508e-01 5.079649090766906738e-01 5.543215870857238770e-01 3.499685227870941162e-01 3.232883810997009277e-01 4.283652007579803467e-01 4.906192421913146973e-01
3.837460875511169434e-01 7.237589955329895020e-01 4.673567116260528564e-01 4.514857530593872070e-01 5.068950057029724121e-01 5.066010951995849609e-01 3.579157590866088867e-01 1.886752843856811523e-01 4.283652007579803467e-01 4.906192421913146973e-01
3.837460875511169434e-01 4.880043268203735352e-01 4.673567116260528564e-01 4.514857530593872070e-01 7.183013558387756348e-01 5.207166671752929688e-01 2.814786732196807861e-01 3.232883810997009277e-01 4.283652007579803467e-01 4.581582546234130859e-01
3.837460875511169434e-01 4.304250776767730713e-01 4.673567116260528564e-01 4.514857530593872070e-01 3.883076310157775879e-01 1.576605439186096191e-01 2.814786732196807861e-01 2.772077620029449463e-01 4.283652007579803467e-01 4.581582546234130859e-01
4.286205768585205078e-01 6.924264430999755859e-01 5.689523220062255859e-01 5.539399385452270508e-01 7.449534535408020020e-01 3.950439095497131348e-01 4.218591153621673584e-01 1.937511712312698364e-01 4.283652007579803467e-01 4.581582546234130859e-01
4.286205768585205078e-01 6.096770763397216797e-01 5.689523220062255859e-01 4.514857530593872070e-01 6.920666694641113281e-01 1.844923198223114014e-01 4.218591153621673584e-01 2.303805649280548096e-01 4.283652007579803467e-01 4.581582546234130859e-01
4.286205768585205078e-01 6.633101105690002441e-01 5.689523220062255859e-01 4.514857530593872070e-01 6.920666694641113281e-01 4.945106804370880127e-01 4.218591153621673584e-01 2.303805649280548096e-01 4.283652007579803467e-01 4.581582546234130859e-01
4.286205768585205078e-01 5.931807160377502441e-01 5.689523220062255859e-01 4.514857530593872070e-01 6.920666694641113281e-01 4.945106804370880127e-01 4.218591153621673584e-01 2.303805649280548096e-01 4.283652007579803467e-01 4.581582546234130859e-01
3.837460875511169434e-01 5.022558569908142090e-01 5.072062015533447266e-01 4.514857530593872070e-01 6.920666694641113281e-01 7.378348112106323242e-01 3.095311820507049561e-01 1.785491704940795898e-01 4.283652007579803467e-01 4.581582546234130859e-01
3.837460875511169434e-01 5.022558569908142090e-01 5.072062015533447266e-01 4.514857530593872070e-01 6.920666694641113281e-01 8.501889705657958984e-01 3.468051850795745850e-01 1.785491704940795898e-01 4.283652007579803467e-01 4.581582546234130859e-01
3.837460875511169434e-01 5.022558569908142090e-01 5.072062015533447266e-01 4.514857530593872070e-01 6.920666694641113281e-01 6.405329704284667969e-01 2.885610759258270264e-01 1.785491704940795898e-01 4.283652007579803467e-01 4.581582546234130859e-01
3.837460875511169434e-01 5.022558569908142090e-01 5.072062015533447266e-01 4.514857530593872070e-01 6.920666694641113281e-01 4.894464015960693359e-01 2.885610759258270264e-01 1.785491704940795898e-01 4.283652007579803467e-01 4.581582546234130859e-01
3.837460875511169434e-01 6.729872822761535645e-01 5.072062015533447266e-01 4.514857530593872070e-01 6.920666694641113281e-01 8.836607336997985840e-01 2.617627680301666260e-01 1.785491704940795898e-01 4.283652007579803467e-01 4.581582546234130859e-01
3.662511110305786133e-01 6.729872822761535645e-01 5.072062015533447266e-01 3.402177095413208008e-01 6.920666694641113281e-01 8.066200613975524902e-01 2.814786732196807861e-01 1.785491704940795898e-01 4.283652007579803467e-01 4.581582546234130859e-01
3.662511110305786133e-01 5.022558569908142090e-01 5.072062015533447266e-01 3.402177095413208008e-01 6.920666694641113281e-01 7.430312633514404297e-01 2.885610759258270264e-01 1.785491704940795898e-01 4.283652007579803467e-01 4.581582546234130859e-01
2.115005552768707275e-01 5.022558569908142090e-01 5.072062015533447266e-01 3.402177095413208008e-01 6.920666694641113281e-01 5.291485786437988281e-01 2.885610759258270264e-01 1.785491704940795898e-01 4.283652007579803467e-01 4.581582546234130859e-01
2.115005552768707275e-01 5.361878275871276855e-01 5.072062015533447266e-01 3.402177095413208008e-01 7.864499092102050781e-01 3.006232082843780518e-01 2.885610759258270264e-01 1.785491704940795898e-01 4.283652007579803467e-01 4.581582546234130859e-01
2.115005552768707275e-01 5.022558569908142090e-01 6.702446937561035156e-01 3.402177095413208008e-01 5.647971630096435547e-01 7.971519827842712402e-01 4.208983182907104492e-01 2.265384942293167114e-01 4.283652007579803467e-01 4.581582546234130859e-01
2.115005552768707275e-01 5.022558569908142090e-01 5.250180363655090332e-01 3.402177095413208008e-01 5.647971630096435547e-01 6.990524530410766602e-01 2.390530854463577271e-01 2.265384942293167114e-01 4.283652007579803467e-01 4.581582546234130859e-01
2.115005552768707275e-01 6.423884630203247070e-01 5.250180363655090332e-01 3.402177095413208008e-01 5.647971630096435547e-01 1.851193308830261230e-01 3.176033496856689453e-01 1.785491704940795898e-01 4.283652007579803467e-01 4.581582546234130859e-01
2.115005552768707275e-01 5.022558569908142090e-01 5.250180363655090332e-01 3.402177095413208008e-01 5.647971630096435547e-01 6.742980331182479858e-02 3.672286868095397949e-01 4.564672410488128662e-01 4.283652007579803467e-01 4.581582546234130859e-01
3.804440200328826904e-01 6.423884630203247070e-01 7.180151939392089844e-01 3.402177095413208008e-01 6.998664736747741699e-01 3.146409094333648682e-01 5.084080696105957031e-01 3.266454637050628662e-01 4.283652007579803467e-01 4.581582546234130859e-01
2.442150712013244629e-01 6.423884630203247070e-01 6.075829863548278809e-01 3.402177095413208008e-01 7.864499092102050781e-01 7.987326979637145996e-01 3.579169511795043945e-01 2.303805649280548096e-01 4.283652007579803467e-01 4.581582546234130859e-01
2.442150712013244629e-01 5.022558569908142090e-01 7.180151939392089844e-01 3.402177095413208008e-01 6.998664736747741699e-01 8.807145357131958008e-01 4.310319721698760986e-01 2.303805649280548096e-01 4.283652007579803467e-01 4.581582546234130859e-01
2.442150712013244629e-01 6.423884630203247070e-01 7.180151939392089844e-01 3.402177095413208008e-01 6.998664736747741699e-01 7.093716263771057129e-01 4.572264850139617920e-01 2.303805649280548096e-01 4.283652007579803467e-01 4.581582546234130859e-01
2.115005552768707275e-01 5.599967241287231445e-01 4.851468503475189209e-01 3.402177095413208008e-01 5.647971630096435547e-01 7.348269224166870117e-01 2.551022469997406006e-01 1.785491704940795898e-01 4.283652007579803467e-01 4.581582546234130859e-01
2.115005552768707275e-01 5.022558569908142090e-01 4.851468503475189209e-01 3.402177095413208008e-01 5.647971630096435547e-01 7.348269224166870117e-01 2.814786732196807861e-01 1.785491704940795898e-01 4.283652007579803467e-01 4.581582546234130859e-01
2.115005552768707275e-01 5.022558569908142090e-01 4.851468503475189209e-01 3.402177095413208008e-01 5.647971630096435547e-01 6.115452051162719727e-01 3.001464307308197021e-01 1.785491704940795898e-01 4.283652007579803467e-01 4.581582546234130859e-01
2.115005552768707275e-01 3.617757260799407959e-01 5.664133429527282715e-01 3.402177095413208008e-01 5.647971630096435547e-01 3.758643269538879395e-01 3.001464307308197021e-01 1.785491704940795898e-01 4.283652007579803467e-01 4.581582546234130859e-01
2.115005552768707275e-01 3.617757260799407959e-01 5.664133429527282715e-01 3.402177095413208008e-01 5.647971630096435547e-01 3.758643269538879395e-01 3.471240699291229248e-01 1.785491704940795898e-01 4.283652007579803467e-01 4.581582546234130859e-01
2.115005552768707275e-01 3.617757260799407959e-01 5.664133429527282715e-01 3.402177095413208008e-01 5.647971630096435547e-01 3.366908133029937744e-01 3.471240699291229248e-01 2.681860923767089844e-01 4.283652007579803467e-01 4.581582546234130859e-01
2.115005552768707275e-01 3.617757260799407959e-01 1.939635574817657471e-01 3.402177095413208008e-01 5.647971630096435547e-01 3.300007879734039307e-01 3.471240699291229248e-01 2.681860923767089844e-01 4.283652007579803467e-01 4.581582546234130859e-01
2.115005552768707275e-01 4.168931841850280762e-01 5.664133429527282715e-01 3.402177095413208008e-01 5.647971630096435547e-01 8.236944675445556641e-01 3.384851217269897461e-01 9.568219631910324097e-02 4.283652007579803467e-01 4.581582546234130859e-01
2.115005552768707275e-01 4.510360360145568848e-01 5.664133429527282715e-01 3.402177095413208008e-01 5.647971630096435547e-01 1.632787436246871948e-01 3.043353259563446045e-01 5.123831629753112793e-01 4.283652007579803467e-01 4.581582546234130859e-01
2.115005552768707275e-01 3.820688128471374512e-01 5.664133429527282715e-01 3.402177095413208008e-01 5.647971630096435547e-01 2.208665311336517334e-01 3.043353259563446045e-01 6.367353200912475586e-01 4.283652007579803467e-01 4.581582546234130859e-01
2.115005552768707275e-01 4.726282656192779541e-01 5.664133429527282715e-01 3.402177095413208008e-01 5.647971630096435547e-01 4.217116832733154297e-01 2.426850348711013794e-01 6.367353200912475586e-01 4.283652007579803467e-01 4.581582546234130859e-01
2.115005552768707275e-01 4.726282656192779541e-01 5.664133429527282715e-01 3.402177095413208008e-01 5.647971630096435547e-01 3.751717507839202881e-01 2.843228280544281006e-01 6.367353200912475586e-01 4.283652007579803467e-01 4.581582546234130859e-01
2.115005552768707275e-01 2.844370603561401367e-01 5.664133429527282715e-01 3.402177095413208008e-01 5.647971630096435547e-01 5.444437265396118164e-01 3.516392111778259277e-01 6.367353200912475586e-01 4.283652007579803467e-01 4.581582546234130859e-01
2.115005552768707275e-01 3.123425841331481934e-01 5.664133429527282715e-01 3.402177095413208008e-01 6.904208064079284668e-01 7.168269157409667969e-01 3.516392111778259277e-01 4.315219521522521973e-01 4.283652007579803467e-01 4.581582546234130859e-01
2.115005552768707275e-01 3.123425841331481934e-01 2.238702476024627686e-01 3.402177095413208008e-01 6.904208064079284668e-01 7.545666694641113281e-01 3.516392111778259277e-01 4.315219521522521973e-01 4.283652007579803467e-01 4.581582546234130859e-01
2.115005552768707275e-01 3.123425841331481934e-01 2.238702476024627686e-01 3.402177095413208008e-01 4.599703550338745117e-01 5.880015492439270020e-01 3.516392111778259277e-01 4.315219521522521973e-01 4.283652007579803467e-01 4.581582546234130859e-01
2.115005552768707275e-01 3.123425841331481934e-01 2.238702476024627686e-01 3.402177095413208008e-01 7.271998524665832520e-01 1.670712977647781372e-01 6.108986139297485352e-01 6.934605836868286133e-01 4.283652007579803467e-01 3.782834410667419434e-01
2.115005552768707275e-01 6.618948578834533691e-01 1.939635574817657471e-01 3.402177095413208008e-01 6.140551567077636719e-01 2.259820699691772461e-01 4.963662326335906982e-01 7.398479580879211426e-01 4.283652007579803467e-01 3.782834410667419434e-01
2.115005552768707275e-01 3.709251284599304199e-01 1.830546259880065918e-01 3.402177095413208008e-01 6.080276370048522949e-01 2.259820699691772461e-01 4.030715823173522949e-01 3.232883810997009277e-01 4.283652007579803467e-01 3.782834410667419434e-01
2.115005552768707275e-01 2.844370603561401367e-01 1.939635574817657471e-01 3.402177095413208008e-01 6.080276370048522949e-01 2.259820699691772461e-01 4.963662326335906982e-01 2.722423374652862549e-01 4.283652007579803467e-01 3.782834410667419434e-01
3.662511110305786133e-01 6.314360499382019043e-01 1.830546259880065918e-01 3.402177095413208008e-01 5.542360544204711914e-01 6.476648896932601929e-02 3.526116609573364258e-01 1.886752843856811523e-01 4.283652007579803467e-01 3.782834410667419434e-01
2.115005552768707275e-01 2.844370603561401367e-01 1.939635574817657471e-01 3.402177095413208008e-01 4.419617950916290283e-01 2.737049199640750885e-02 2.206929922103881836e-01 1.500168591737747192e-01 4.283652007579803467e-01 4.581582546234130859e-01
2.115005552768707275e-01 2.844370603561401367e-01 1.939635574817657471e-01 3.402177095413208008e-01 4.419617950916290283e-01 3.543839603662490845e-02 2.206929922103881836e-01 1.500168591737747192e-01 4.283652007579803467e-01 4.581582546234130859e-01
2.115005552768707275e-01 2.844370603561401367e-01 1.939635574817657471e-01 3.402177095413208008e-01 4.419617950916290283e-01 3.543839603662490845e-02 2.206929922103881836e-01 1.500168591737747192e-01 4.283652007579803467e-01 4.581582546234130859e-01
2.115005552768707275e-01 2.844370603561401367e-01 1.939635574817657471e-01 3.402177095413208008e-01 1.538254916667938232e-01 5.066774785518646240e-02 2.206929922103881836e-01 1.500168591737747192e-01 4.283652007579803467e-01 4.581582546234130859e-01
2.115005552768707275e-01 6.314360499382019043e-01 2.238702476024627686e-01 3.402177095413208008e-01 2.625660300254821777e-01 1.755355000495910645e-01 4.156898558139801025e-01 1.500168591737747192e-01 4.283652007579803467e-01 4.581582546234130859e-01
2.115005552768707275e-01 6.314360499382019043e-01 1.939635574817657471e-01 3.402177095413208008e-01 2.625660300254821777e-01 5.237006023526191711e-02 3.668763339519500732e-01 2.722423374652862549e-01 4.283652007579803467e-01 4.581582546234130859e-01
3.662511110305786133e-01 3.403763473033905029e-01 1.830546259880065918e-01 3.402177095413208008e-01 6.080276370048522949e-01 1.434717476367950439e-01 3.526116609573364258e-01 3.232883810997009277e-01 4.283652007579803467e-01 4.581582546234130859e-01
3.662511110305786133e-01 3.403763473033905029e-01 1.830546259880065918e-01 3.402177095413208008e-01 5.542360544204711914e-01 1.996517553925514221e-02 3.526116609573364258e-01 1.282122135162353516e-01 4.283652007579803467e-01 4.581582546234130859e-01
3.662511110305786133e-01 3.403763473033905029e-01 1.939635574817657471e-01 3.402177095413208008e-01 5.542360544204711914e-01 1.751271188259124756e-01 4.514842331409454346e-01 2.722423374652862549e-01 4.283652007579803467e-01 4.581582546234130859e-01
3.662511110305786133e-01 3.403763473033905029e-01 1.830546259880065918e-01 3.402177095413208008e-01 5.542360544204711914e-01 1.109562665224075317e-01 1.515014469623565674e-01 2.320237755775451660e-01 4.283652007579803467e-01 4.581582546234130859e-01
2.115005552768707275e-01 3.403763473033905029e-01 1.939635574817657471e-01 3.402177095413208008e-01 5.542360544204711914e-01 1.109562665224075317e-01 1.515014469623565674e-01 2.320237755775451660e-01 4.283652007579803467e-01 4.581582546234130859e-01
2.115005552768707275e-01 3.403763473033905029e-01 2.238702476024627686e-01 3.402177095413208008e-01 5.542360544204711914e-01 3.671460747718811035e-01 2.476044148206710815e-01 2.320237755775451660e-01 4.283652007579803467e-01 4.581582546234130859e-01
2.115005552768707275e-01 3.403763473033905029e-01 2.117210924625396729e-01 3.402177095413208008e-01 5.542360544204711914e-01 3.545933663845062256e-01 5.009660720825195312e-01 2.320237755775451660e-01 4.283652007579803467e-01 4.581582546234130859e-01
2.115005552768707275e-01 3.403763473033905029e-01 2.238702476024627686e-01 3.402177095413208008e-01 2.220254987478256226e-01 7.501029968261718750e-02 6.027095317840576172e-01 3.270509839057922363e-01 4.283652007579803467e-01 4.581582546234130859e-01
2.115005552768707275e-01 6.314360499382019043e-01 2.238702476024627686e-01 3.402177095413208008e-01 2.220254987478256226e-01 2.723805606365203857e-01 3.321390748023986816e-01 3.270509839057922363e-01 4.283652007579803467e-01 4.581582546234130859e-01
2.115005552768707275e-01 5.417035818099975586e-01 2.238702476024627686e-01 3.402177095413208008e-01 2.220254987478256226e-01 1.088538169860839844e-01 3.277477622032165527e-01 3.270509839057922363e-01 4.283652007579803467e-01 4.581582546234130859e-01
