5.917515754699707031e-01 5.584025382995605469e-01 6.459994912147521973e-01 7.218113541603088379e-01 7.888734936714172363e-01 8.114952445030212402e-01 4.779678285121917725e-01 4.839752316474914551e-01 5.543394088745117188e-01 7.868694067001342773e-01
5.917515754699707031e-01 5.584025382995605469e-01 6.459994912147521973e-01 7.218113541603088379e-01 6.656108498573303223e-01 4.041114151477813721e-01 4.138319194316864014e-01 4.839752316474914551e-01 5.543394088745117188e-01 7.868694067001342773e-01
4.563617408275604248e-01 2.750352919101715088e-01 4.921461939811706543e-01 4.356408715248107910e-01 6.865096092224121094e-01 2.685460746288299561e-01 9.542906284332275391e-01 3.536764681339263916e-01 6.470295786857604980e-01 4.864079058170318604e-01
4.563617408275604248e-01 5.584025382995605469e-01 4.921461939811706543e-01 7.218113541603088379e-01 5.384496450424194336e-01 2.494150996208190918e-01 2.395420074462890625e-01 3.536764681339263916e-01 6.470295786857604980e-01 6.466472148895263672e-01
4.563617408275604248e-01 2.750352919101715088e-01 4.921461939811706543e-01 2.718802392482757568e-01 6.865096092224121094e-01 2.685460746288299561e-01 5.263575315475463867e-01 3.536764681339263916e-01 5.073803067207336426e-01 4.864079058170318604e-01
4.563617408275604248e-01 2.750352919101715088e-01 4.921461939811706543e-01 2.718802392482757568e-01 6.865096092224121094e-01 2.494150996208190918e-01 4.159698486328125000e-01 3.536764681339263916e-01 6.470295786857604980e-01 6.466472148895263672e-01
4.563617408275604248e-01 2.750352919101715088e-01 4.921461939811706543e-01 4.356408715248107910e-01 6.865096092224121094e-01 2.685460746288299561e-01 9.016811847686767578e-01 3.536764681339263916e-01 5.073803067207336426e-01 4.864079058170318604e-01
4.563617408275604248e-01 7.372205257415771484e-01 2.765243053436279297e-01 7.407178878784179688e-01 5.518873333930969238e-01 9.635687470436096191e-01 8.880000710487365723e-01 7.281337976455688477e-01 7.304612398147583008e-01 7.299697995185852051e-01
7.177487015724182129e-01 7.372205257415771484e-01 2.765243053436279297e-01 4.447728395462036133e-01 5.518873333930969238e-01 3.004593551158905029e-01 9.407211542129516602e-01 7.281337976455688477e-01 7.304612398147583008e-01 7.336664795875549316e-01
4.367081522941589355e-01 7.372205257415771484e-01 5.497285723686218262e-01 7.407178878784179688e-01 5.518873333930969238e-01 6.889275908470153809e-01 8.880000710487365723e-01 7.281337976455688477e-01 7.304612398147583008e-01 7.299697995185852051e-01
4.367081522941589355e-01 7.372205257415771484e-01 2.765243053436279297e-01 7.407178878784179688e-01 8.624892830848693848e-01 3.912247419357299805e-01 8.880000710487365723e-01 7.281337976455688477e-01 7.304612398147583008e-01 7.299697995185852051e-01
4.367081522941589355e-01 7.372205257415771484e-01 5.497285723686218262e-01 7.407178878784179688e-01 8.624892830848693848e-01 6.938233971595764160e-01 8.880000710487365723e-01 7.281337976455688477e-01 7.304612398147583008e-01 7.299697995185852051e-01
4.367081522941589355e-01 7.372205257415771484e-01 5.497285723686218262e-01 7.407178878784179688e-01 8.624892830848693848e-01 9.086035490036010742e-01 8.775533437728881836e-01 7.281337976455688477e-01 7.304612398147583008e-01 7.299697995185852051e-01
4.367081522941589355e-01 7.372205257415771484e-01 5.497285723686218262e-01 7.407178878784179688e-01 8.624892830848693848e-01 9.698083996772766113e-01 9.544652700424194336e-01 7.281337976455688477e-01 7.304612398147583008e-01 7.299697995185852051e-01
4.367081522941589355e-01 7.372205257415771484e-01 5.497285723686218262e-01 7.407178878784179688e-01 8.624892830848693848e-01 8.843976259231567383e-01 7.776103019714355469e-01 7.281337976455688477e-01 7.304612398147583008e-01 7.299697995185852051e-01
4.367081522941589355e-01 7.372205257415771484e-01 5.497285723686218262e-01 7.407178878784179688e-01 8.624892830848693848e-01 9.718618392944335938e-01 9.643602371215820312e-01 7.281337976455688477e-01 7.304612398147583008e-01 7.299697995185852051e-01
4.367081522941589355e-01 7.372205257415771484e-01 5.497285723686218262e-01 7.407178878784179688e-01 7.493148446083068848e-01 9.648874402046203613e-01 7.873909473419189453e-01 7.281337976455688477e-01 7.304612398147583008e-01 7.299697995185852051e-01
4.367081522941589355e-01 7.372205257415771484e-01 5.497285723686218262e-01 7.407178878784179688e-01 7.493148446083068848e-01 9.092746376991271973e-01 9.327345490455627441e-01 7.281337976455688477e-01 7.304612398147583008e-01 7.299697995185852051e-01
4.367081522941589355e-01 7.372205257415771484e-01 5.497285723686218262e-01 7.396737337112426758e-01 7.493148446083068848e-01 8.471577763557434082e-01 8.551664352416992188e-01 7.281337976455688477e-01 7.304612398147583008e-01 7.299697995185852051e-01
4.367081522941589355e-01 7.372205257415771484e-01 5.497285723686218262e-01 7.407178878784179688e-01 7.493148446083068848e-01 8.744747638702392578e-01 9.020822644233703613e-01 7.281337976455688477e-01 7.304612398147583008e-01 7.299697995185852051e-01
4.367081522941589355e-01 7.372205257415771484e-01 5.497285723686218262e-01 7.396737337112426758e-01 7.493148446083068848e-01 9.502519965171813965e-01 8.551664352416992188e-01 7.281337976455688477e-01 7.304612398147583008e-01 7.299697995185852051e-01
7.177487015724182129e-01 7.372205257415771484e-01 5.497285723686218262e-01 7.407178878784179688e-01 2.579187154769897461e-01 8.417165875434875488e-01 8.675225377082824707e-01 7.281337976455688477e-01 7.304612398147583008e-01 7.299697995185852051e-01
7.177487015724182129e-01 7.372205257415771484e-01 5.497285723686218262e-01 7.407178878784179688e-01 6.830227971076965332e-01 9.600129723548889160e-01 9.389456510543823242e-01 7.281337976455688477e-01 7.304612398147583008e-01 7.299697995185852051e-01
7.177487015724182129e-01 7.372205257415771484e-01 5.497285723686218262e-01 7.407178878784179688e-01 6.830227971076965332e-01 8.831532597541809082e-01 9.389456510543823242e-01 7.281337976455688477e-01 7.304612398147583008e-01 7.299697995185852051e-01
7.177487015724182129e-01 7.372205257415771484e-01 5.497285723686218262e-01 7.407178878784179688e-01 6.830227971076965332e-01 6.868337988853454590e-01 9.389456510543823242e-01 7.281337976455688477e-01 7.304612398147583008e-01 7.299697995185852051e-01
7.177487015724182129e-01 7.372205257415771484e-01 5.497285723686218262e-01 7.407178878784179688e-01 6.830227971076965332e-01 6.868337988853454590e-01 9.389456510543823242e-01 7.281337976455688477e-01 7.304612398147583008e-01 7.299697995185852051e-01
7.177487015724182129e-01 7.372205257415771484e-01 5.497285723686218262e-01 7.407178878784179688e-01 5.066341757774353027e-01 9.150499701499938965e-01 9.794777631759643555e-01 7.281337976455688477e-01 7.304612398147583008e-01 7.299697995185852051e-01
7.177487015724182129e-01 5.000000000000000000e-01 5.497285723686218262e-01 7.407178878784179688e-01 5.066341757774353027e-01 6.448333859443664551e-01 9.108532071113586426e-01 7.281337976455688477e-01 7.304612398147583008e-01 7.299697995185852051e-01
7.177487015724182129e-01 7.372205257415771484e-01 5.497285723686218262e-01 7.407178878784179688e-01 6.830227971076965332e-01 8.831532597541809082e-01 8.095384836196899414e-01 7.281337976455688477e-01 7.304612398147583008e-01 7.299697995185852051e-01
7.177487015724182129e-01 7.372205257415771484e-01 5.497285723686218262e-01 7.407178878784179688e-01 6.830227971076965332e-01 8.621997833251953125e-01 9.389456510543823242e-01 7.281337976455688477e-01 7.304612398147583008e-01 7.299697995185852051e-01
7.177487015724182129e-01 7.372205257415771484e-01 5.497285723686218262e-01 7.407178878784179688e-01 5.066341757774353027e-01 9.405206441879272461e-01 9.794777631759643555e-01 7.281337976455688477e-01 7.304612398147583008e-01 7.299697995185852051e-01
7.177487015724182129e-01 7.372205257415771484e-01 8.028503060340881348e-01 7.407178878784179688e-01 6.830227971076965332e-01 9.227417111396789551e-01 8.196234703063964844e-01 7.281337976455688477e-01 7.304612398147583008e-01 7.299697995185852051e-01
4.367081522941589355e-01 7.372205257415771484e-01 8.028503060340881348e-01 7.407178878784179688e-01 6.830227971076965332e-01 8.333970308303833008e-01 9.544652700424194336e-01 7.281337976455688477e-01 7.304612398147583008e-01 7.299697995185852051e-01
7.177487015724182129e-01 7.372205257415771484e-01 8.028503060340881348e-01 7.407178878784179688e-01 6.830227971076965332e-01 8.843976259231567383e-01 8.974091410636901855e-01 7.281337976455688477e-01 7.304612398147583008e-01 7.299697995185852051e-01
4.367081522941589355e-01 7.372205257415771484e-01 8.028503060340881348e-01 7.407178878784179688e-01 6.830227971076965332e-01 9.450020194053649902e-01 9.544652700424194336e-01 5.055541992187500000e-01 2.935901582241058350e-01 7.299697995185852051e-01
4.367081522941589355e-01 7.372205257415771484e-01 8.028503060340881348e-01 7.407178878784179688e-01 6.830227971076965332e-01 8.333970308303833008e-01 9.544652700424194336e-01 5.055541992187500000e-01 2.935901582241058350e-01 7.299697995185852051e-01
7.177487015724182129e-01 7.372205257415771484e-01 8.028503060340881348e-01 7.407178878784179688e-01 6.830227971076965332e-01 8.843976259231567383e-01 8.974091410636901855e-01 5.055541992187500000e-01 4.556144773960113525e-01 7.299697995185852051e-01
7.177487015724182129e-01 7.372205257415771484e-01 8.028503060340881348e-01 7.396737337112426758e-01 6.830227971076965332e-01 9.158158898353576660e-01 8.914837241172790527e-01 5.055541992187500000e-01 2.935901582241058350e-01 7.299697995185852051e-01
7.177487015724182129e-01 5.000000000000000000e-01 8.028503060340881348e-01 7.396737337112426758e-01 6.830227971076965332e-01 9.158158898353576660e-01 9.863671660423278809e-01 7.281337976455688477e-01 7.304612398147583008e-01 7.299697995185852051e-01
2.953644394874572754e-01 5.000000000000000000e-01 8.028503060340881348e-01 5.210548639297485352e-01 5.066341757774353027e-01 7.504118680953979492e-01 9.864472150802612305e-01 7.281337976455688477e-01 7.304612398147583008e-01 7.620146870613098145e-01
2.953644394874572754e-01 5.000000000000000000e-01 8.028503060340881348e-01 5.210548639297485352e-01 5.066341757774353027e-01 7.503221035003662109e-01 9.912714362144470215e-01 7.281337976455688477e-01 7.304612398147583008e-01 7.620146870613098145e-01
2.953644394874572754e-01 5.000000000000000000e-01 8.028503060340881348e-01 5.210548639297485352e-01 5.066341757774353027e-01 8.836495280265808105e-01 9.649506211280822754e-01 7.281337976455688477e-01 7.304612398147583008e-01 3.805990517139434814e-01
2.953644394874572754e-01 5.000000000000000000e-01 8.028503060340881348e-01 5.210548639297485352e-01 5.066341757774353027e-01 7.503221035003662109e-01 9.859665036201477051e-01 7.281337976455688477e-01 7.304612398147583008e-01 7.299697995185852051e-01
2.953644394874572754e-01 5.000000000000000000e-01 8.028503060340881348e-01 7.407178878784179688e-01 5.066341757774353027e-01 8.836495280265808105e-01 9.445436000823974609e-01 7.281337976455688477e-01 7.304612398147583008e-01 3.805990517139434814e-01
2.953644394874572754e-01 4.611898362636566162e-01 4.270856082439422607e-01 1.065492108464241028e-01 5.066341757774353027e-01 8.358190655708312988e-01 9.168843626976013184e-01 3.536764681339263916e-01 6.470295786857604980e-01 5.595915913581848145e-01
2.953644394874572754e-01 5.000000000000000000e-01 8.028503060340881348e-01 7.407178878784179688e-01 5.066341757774353027e-01 7.503221035003662109e-01 9.859665036201477051e-01 7.281337976455688477e-01 8.282746076583862305e-01 3.805990517139434814e-01
2.953644394874572754e-01 5.000000000000000000e-01 8.028503060340881348e-01 7.407178878784179688e-01 5.066341757774353027e-01 9.157789945602416992e-01 8.745362162590026855e-01 7.281337976455688477e-01 7.304612398147583008e-01 7.299697995185852051e-01
2.953644394874572754e-01 5.000000000000000000e-01 8.028503060340881348e-01 7.407178878784179688e-01 6.830227971076965332e-01 9.157789945602416992e-01 9.667765498161315918e-01 7.281337976455688477e-01 7.304612398147583008e-01 7.299697995185852051e-01
2.953644394874572754e-01 5.000000000000000000e-01 5.604189634323120117e-01 7.407178878784179688e-01 2.973135113716125488e-01 8.836495280265808105e-01 9.894221425056457520e-01 7.281337976455688477e-01 7.304612398147583008e-01 5.595915913581848145e-01
2.953644394874572754e-01 5.000000000000000000e-01 8.028503060340881348e-01 7.407178878784179688e-01 6.830227971076965332e-01 6.250985860824584961e-01 9.341983795166015625e-01 7.281337976455688477e-01 7.304612398147583008e-01 7.620146870613098145e-01
7.177487015724182129e-01 5.000000000000000000e-01 8.028503060340881348e-01 7.407178878784179688e-01 6.830227971076965332e-01 9.521134495735168457e-01 7.111457586288452148e-01 7.281337976455688477e-01 7.304612398147583008e-01 7.299697995185852051e-01
2.953644394874572754e-01 5.000000000000000000e-01 5.604189634323120117e-01 7.407178878784179688e-01 6.830227971076965332e-01 7.098616957664489746e-01 9.678438901901245117e-01 7.281337976455688477e-01 7.304612398147583008e-01 7.620146870613098145e-01
2.953644394874572754e-01 5.000000000000000000e-01 5.604189634323120117e-01 4.447728395462036133e-01 2.973135113716125488e-01 8.128999471664428711e-01 9.894221425056457520e-01 7.281337976455688477e-01 7.304612398147583008e-01 7.336664795875549316e-01
2.953644394874572754e-01 5.000000000000000000e-01 5.604189634323120117e-01 4.447728395462036133e-01 2.973135113716125488e-01 7.766574025154113770e-01 9.383502006530761719e-01 7.281337976455688477e-01 7.304612398147583008e-01 7.336664795875549316e-01
2.953644394874572754e-01 4.611898362636566162e-01 5.911275744438171387e-01 4.662944972515106201e-01 4.293334186077117920e-01 6.998871564865112305e-01 9.490280747413635254e-01 7.281337976455688477e-01 5.073803067207336426e-01 5.595915913581848145e-01
2.953644394874572754e-01 4.611898362636566162e-01 5.911275744438171387e-01 4.662944972515106201e-01 4.293334186077117920e-01 6.998871564865112305e-01 9.490280747413635254e-01 7.281337976455688477e-01 6.470295786857604980e-01 5.595915913581848145e-01
2.953644394874572754e-01 5.000000000000000000e-01 5.604189634323120117e-01 7.407178878784179688e-01 2.973135113716125488e-01 7.766574025154113770e-01 9.746798276901245117e-01 7.281337976455688477e-01 7.304612398147583008e-01 7.336664795875549316e-01
2.953644394874572754e-01 5.000000000000000000e-01 5.604189634323120117e-01 7.407178878784179688e-01 6.830227971076965332e-01 7.766574025154113770e-01 9.905914664268493652e-01 7.281337976455688477e-01 7.304612398147583008e-01 7.620146870613098145e-01
2.953644394874572754e-01 5.000000000000000000e-01 5.604189634323120117e-01 5.944184660911560059e-01 2.973135113716125488e-01 7.767404317855834961e-01 8.950366973876953125e-01 7.281337976455688477e-01 7.304612398147583008e-01 3.805990517139434814e-01
2.953644394874572754e-01 5.000000000000000000e-01 5.604189634323120117e-01 4.447728395462036133e-01 2.973135113716125488e-01 7.098616957664489746e-01 8.165509700775146484e-01 7.281337976455688477e-01 5.073803067207336426e-01 3.805990517139434814e-01
2.953644394874572754e-01 5.000000000000000000e-01 5.604189634323120117e-01 7.407178878784179688e-01 2.973135113716125488e-01 6.586328148841857910e-01 9.809045195579528809e-01 7.281337976455688477e-01 7.304612398147583008e-01 7.620146870613098145e-01
2.953644394874572754e-01 5.000000000000000000e-01 8.028503060340881348e-01 7.407178878784179688e-01 6.830227971076965332e-01 7.766574025154113770e-01 9.905914664268493652e-01 5.055541992187500000e-01 2.935901582241058350e-01 7.620146870613098145e-01
2.953644394874572754e-01 5.000000000000000000e-01 5.604189634323120117e-01 4.447728395462036133e-01 2.973135113716125488e-01 7.767404317855834961e-01 9.851422905921936035e-01 5.055541992187500000e-01 4.556144773960113525e-01 7.654136419296264648e-01
2.953644394874572754e-01 4.611898362636566162e-01 5.604189634323120117e-01 4.447728395462036133e-01 2.973135113716125488e-01 7.767404317855834961e-01 8.165509700775146484e-01 7.281337976455688477e-01 5.073803067207336426e-01 3.805990517139434814e-01
2.953644394874572754e-01 4.611898362636566162e-01 5.604189634323120117e-01 4.447728395462036133e-01 2.973135113716125488e-01 7.766574025154113770e-01 5.215865969657897949e-01 7.281337976455688477e-01 5.073803067207336426e-01 5.595915913581848145e-01
2.953644394874572754e-01 4.611898362636566162e-01 4.270856082439422607e-01 4.662944972515106201e-01 2.973135113716125488e-01 6.998871564865112305e-01 9.435133934020996094e-01 3.536764681339263916e-01 6.470295786857604980e-01 5.595915913581848145e-01
2.953644394874572754e-01 5.000000000000000000e-01 5.604189634323120117e-01 4.434324204921722412e-01 2.973135113716125488e-01 7.766574025154113770e-01 9.870137572288513184e-01 7.281337976455688477e-01 5.073803067207336426e-01 5.595915913581848145e-01
2.953644394874572754e-01 5.000000000000000000e-01 5.604189634323120117e-01 7.407178878784179688e-01 2.973135113716125488e-01 7.766574025154113770e-01 9.905914664268493652e-01 7.281337976455688477e-01 7.304612398147583008e-01 3.805990517139434814e-01
2.953644394874572754e-01 5.000000000000000000e-01 5.604189634323120117e-01 4.447728395462036133e-01 2.973135113716125488e-01 7.766574025154113770e-01 9.809045195579528809e-01 5.055541992187500000e-01 2.935901582241058350e-01 7.654136419296264648e-01
2.953644394874572754e-01 7.372205257415771484e-01 5.604189634323120117e-01 4.447728395462036133e-01 6.830227971076965332e-01 9.298022389411926270e-01 9.841692447662353516e-01 5.055541992187500000e-01 2.935901582241058350e-01 7.299697995185852051e-01
7.177487015724182129e-01 7.372205257415771484e-01 8.028503060340881348e-01 7.407178878784179688e-01 6.830227971076965332e-01 8.526900410652160645e-01 9.779409170150756836e-01 5.055541992187500000e-01 2.935901582241058350e-01 7.299697995185852051e-01
7.177487015724182129e-01 7.372205257415771484e-01 8.028503060340881348e-01 7.407178878784179688e-01 6.830227971076965332e-01 9.298022389411926270e-01 9.805980920791625977e-01 5.055541992187500000e-01 2.560418844223022461e-01 7.299697995185852051e-01
2.953644394874572754e-01 4.611898362636566162e-01 1.826668828725814819e-01 4.434324204921722412e-01 2.973135113716125488e-01 7.098616957664489746e-01 9.719508290290832520e-01 5.055541992187500000e-01 3.678052723407745361e-01 3.575566709041595459e-01
2.953644394874572754e-01 4.611898362636566162e-01 3.023774623870849609e-01 3.401244282722473145e-01 4.293334186077117920e-01 6.136952042579650879e-01 9.668484330177307129e-01 3.536764681339263916e-01 6.470295786857604980e-01 5.595915913581848145e-01
2.953644394874572754e-01 6.261592507362365723e-01 7.198770642280578613e-01 6.712657213211059570e-01 5.066341757774353027e-01 8.045922517776489258e-01 9.561519622802734375e-01 3.702779114246368408e-01 6.395602822303771973e-01 7.565861344337463379e-01
2.953644394874572754e-01 4.611898362636566162e-01 4.494028389453887939e-01 6.712657213211059570e-01 5.621089935302734375e-01 6.135817170143127441e-01 9.595105051994323730e-01 3.702779114246368408e-01 6.470295786857604980e-01 7.565861344337463379e-01
2.953644394874572754e-01 4.611898362636566162e-01 2.961989641189575195e-01 3.401244282722473145e-01 2.973135113716125488e-01 6.135817170143127441e-01 9.005430340766906738e-01 3.536764681339263916e-01 6.470295786857604980e-01 7.565861344337463379e-01
4.563617408275604248e-01 4.611898362636566162e-01 2.765243053436279297e-01 4.061463177204132080e-01 2.973135113716125488e-01 4.034776687622070312e-01 4.332716166973114014e-01 3.536764681339263916e-01 5.073803067207336426e-01 5.595915913581848145e-01
4.563617408275604248e-01 4.611898362636566162e-01 2.765243053436279297e-01 4.061463177204132080e-01 2.973135113716125488e-01 2.839066982269287109e-01 9.240129590034484863e-01 5.055541992187500000e-01 4.126524925231933594e-01 3.805990517139434814e-01
4.563617408275604248e-01 4.611898362636566162e-01 1.826668828725814819e-01 2.384764701128005981e-01 2.973135113716125488e-01 2.119947522878646851e-01 5.351611971855163574e-01 3.536764681339263916e-01 2.476182132959365845e-01 3.805990517139434814e-01
4.563617408275604248e-01 4.611898362636566162e-01 1.826668828725814819e-01 4.676460027694702148e-01 2.973135113716125488e-01 2.119947522878646851e-01 5.909412503242492676e-01 3.536764681339263916e-01 3.693814277648925781e-01 3.805990517139434814e-01
2.592284679412841797e-01 4.611898362636566162e-01 1.826668828725814819e-01 4.356408715248107910e-01 2.973135113716125488e-01 2.766052782535552979e-01 4.833329021930694580e-01 3.536764681339263916e-01 3.693814277648925781e-01 5.595915913581848145e-01
4.563617408275604248e-01 4.611898362636566162e-01 1.826668828725814819e-01 4.676460027694702148e-01 2.973135113716125488e-01 2.767011225223541260e-01 6.849938035011291504e-01 3.536764681339263916e-01 3.693814277648925781e-01 5.595915913581848145e-01
4.563617408275604248e-01 4.611898362636566162e-01 1.826668828725814819e-01 2.384764701128005981e-01 2.973135113716125488e-01 5.484461784362792969e-01 4.752001762390136719e-01 3.536764681339263916e-01 2.476182132959365845e-01 5.595915913581848145e-01
4.563617408275604248e-01 7.372205257415771484e-01 5.497285723686218262e-01 7.407178878784179688e-01 2.973135113716125488e-01 6.586328148841857910e-01 7.221353650093078613e-01 5.055541992187500000e-01 2.935901582241058350e-01 7.299697995185852051e-01
4.563617408275604248e-01 7.372205257415771484e-01 2.765243053436279297e-01 7.407178878784179688e-01 6.830227971076965332e-01 9.298022389411926270e-01 9.101895093917846680e-01 5.055541992187500000e-01 2.935901582241058350e-01 7.299697995185852051e-01
2.592284679412841797e-01 7.372205257415771484e-01 2.765243053436279297e-01 4.447728395462036133e-01 6.830227971076965332e-01 7.854403257369995117e-01 8.393092155456542969e-01 5.055541992187500000e-01 5.338935256004333496e-01 7.919546961784362793e-01
2.592284679412841797e-01 4.611898362636566162e-01 2.765243053436279297e-01 4.447728395462036133e-01 2.973135113716125488e-01 4.151866137981414795e-01 9.020209312438964844e-01 5.055541992187500000e-01 6.975762248039245605e-01 3.218365013599395752e-01
4.563617408275604248e-01 4.611898362636566162e-01 1.826668828725814819e-01 2.384764701128005981e-01 2.973135113716125488e-01 5.217970013618469238e-01 3.533505201339721680e-01 3.536764681339263916e-01 2.476182132959365845e-01 3.805990517139434814e-01
2.592284679412841797e-01 7.372205257415771484e-01 2.765243053436279297e-01 4.447728395462036133e-01 6.830227971076965332e-01 8.736655116081237793e-01 9.939461350440979004e-01 5.055541992187500000e-01 2.935901582241058350e-01 7.336664795875549316e-01
2.592284679412841797e-01 7.372205257415771484e-01 2.765243053436279297e-01 4.447728395462036133e-01 6.830227971076965332e-01 9.857246875762939453e-01 9.849415421485900879e-01 5.055541992187500000e-01 5.338935256004333496e-01 7.336664795875549316e-01
2.592284679412841797e-01 7.372205257415771484e-01 2.765243053436279297e-01 4.447728395462036133e-01 2.973135113716125488e-01 8.824421763420104980e-01 9.866443276405334473e-01 5.055541992187500000e-01 6.975762248039245605e-01 5.468163490295410156e-01
2.592284679412841797e-01 4.611898362636566162e-01 1.826668828725814819e-01 4.662944972515106201e-01 2.973135113716125488e-01 6.080926656723022461e-01 9.028440117835998535e-01 3.536764681339263916e-01 4.756286740303039551e-01 3.575566709041595459e-01
2.592284679412841797e-01 4.611898362636566162e-01 1.826668828725814819e-01 2.384764701128005981e-01 2.973135113716125488e-01 8.312596678733825684e-01 4.833329021930694580e-01 3.536764681339263916e-01 2.476182132959365845e-01 5.595915913581848145e-01
2.592284679412841797e-01 7.372205257415771484e-01 5.497285723686218262e-01 5.644884705543518066e-01 2.973135113716125488e-01 8.470399975776672363e-01 9.909157156944274902e-01 5.055541992187500000e-01 2.935901582241058350e-01 7.620146870613098145e-01
2.592284679412841797e-01 4.611898362636566162e-01 1.826668828725814819e-01 4.048374295234680176e-01 2.973135113716125488e-01 5.526039004325866699e-01 8.454757332801818848e-01 3.536764681339263916e-01 6.594361662864685059e-01 2.120695561170578003e-01
2.592284679412841797e-01 4.611898362636566162e-01 1.826668828725814819e-01 4.048374295234680176e-01 2.973135113716125488e-01 5.526039004325866699e-01 8.454757332801818848e-01 3.536764681339263916e-01 6.594361662864685059e-01 3.805990517139434814e-01
2.592284679412841797e-01 2.750352919101715088e-01 2.765243053436279297e-01 4.061463177204132080e-01 2.973135113716125488e-01 1.968593150377273560e-01 8.977866768836975098e-01 5.055541992187500000e-01 2.935901582241058350e-01 7.654136419296264648e-01
2.592284679412841797e-01 2.750352919101715088e-01 1.826668828725814819e-01 5.737736225128173828e-01 2.973135113716125488e-01 4.707327485084533691e-01 9.283452033996582031e-01 3.536764681339263916e-01 4.756286740303039551e-01 3.575566709041595459e-01
2.592284679412841797e-01 5.584025382995605469e-01 2.961989641189575195e-01 6.712657213211059570e-01 2.973135113716125488e-01 4.707327485084533691e-01 7.978005409240722656e-01 3.536764681339263916e-01 3.693814277648925781e-01 7.565861344337463379e-01
2.592284679412841797e-01 2.750352919101715088e-01 1.826668828725814819e-01 2.718802392482757568e-01 2.973135113716125488e-01 2.774612903594970703e-01 6.648137569427490234e-01 3.536764681339263916e-01 3.693814277648925781e-01 5.175470709800720215e-01
2.592284679412841797e-01 5.584025382995605469e-01 2.961989641189575195e-01 3.401244282722473145e-01 2.973135113716125488e-01 2.252892255783081055e-01 5.687664747238159180e-01 3.536764681339263916e-01 3.693814277648925781e-01 7.565861344337463379e-01
2.592284679412841797e-01 5.584025382995605469e-01 2.961989641189575195e-01 3.401244282722473145e-01 2.973135113716125488e-01 2.276545166969299316e-01 3.954228460788726807e-01 3.536764681339263916e-01 3.693814277648925781e-01 7.565861344337463379e-01
2.592284679412841797e-01 4.611898362636566162e-01 1.826668828725814819e-01 2.384764701128005981e-01 2.973135113716125488e-01 1.115514114499092102e-01 1.721836775541305542e-01 3.536764681339263916e-01 3.693814277648925781e-01 3.805990517139434814e-01
2.592284679412841797e-01 4.611898362636566162e-01 1.826668828725814819e-01 2.384764701128005981e-01 2.973135113716125488e-01 1.137724667787551880e-01 4.276728630065917969e-01 3.536764681339263916e-01 4.126524925231933594e-01 5.595915913581848145e-01
2.592284679412841797e-01 4.611898362636566162e-01 5.497285723686218262e-01 4.356408715248107910e-01 2.973135113716125488e-01 4.563497304916381836e-01 8.692924976348876953e-01 5.055541992187500000e-01 2.935901582241058350e-01 7.299697995185852051e-01
2.592284679412841797e-01 4.611898362636566162e-01 1.826668828725814819e-01 4.356408715248107910e-01 2.973135113716125488e-01 1.400026082992553711e-01 6.878929734230041504e-01 3.536764681339263916e-01 6.594361662864685059e-01 2.860528528690338135e-01
2.592284679412841797e-01 4.611898362636566162e-01 1.826668828725814819e-01 4.356408715248107910e-01 2.973135113716125488e-01 1.400026082992553711e-01 7.068377137184143066e-01 3.536764681339263916e-01 6.594361662864685059e-01 2.120695561170578003e-01
2.592284679412841797e-01 4.611898362636566162e-01 1.826668828725814819e-01 4.676460027694702148e-01 2.973135113716125488e-01 2.252892255783081055e-01 6.997256278991699219e-01 3.536764681339263916e-01 4.756286740303039551e-01 3.575566709041595459e-01
2.592284679412841797e-01 4.611898362636566162e-01 1.826668828725814819e-01 3.401244282722473145e-01 2.973135113716125488e-01 2.276545166969299316e-01 6.823008656501770020e-01 3.536764681339263916e-01 3.693814277648925781e-01 5.595915913581848145e-01
2.592284679412841797e-01 5.584025382995605469e-01 2.961989641189575195e-01 6.712657213211059570e-01 2.973135113716125488e-01 1.705883741378784180e-01 8.739691972732543945e-01 3.597489297389984131e-01 6.395602822303771973e-01 5.985572934150695801e-01
2.592284679412841797e-01 5.584025382995605469e-01 2.961989641189575195e-01 6.712657213211059570e-01 2.973135113716125488e-01 7.059764862060546875e-02 7.763600945472717285e-01 3.597489297389984131e-01 3.693814277648925781e-01 5.985572934150695801e-01
2.592284679412841797e-01 5.584025382995605469e-01 2.961989641189575195e-01 3.401244282722473145e-01 2.973135113716125488e-01 1.705883741378784180e-01 8.665930032730102539e-01 4.839752316474914551e-01 6.395602822303771973e-01 5.985572934150695801e-01
2.592284679412841797e-01 5.584025382995605469e-01 2.961989641189575195e-01 5.751009583473205566e-01 2.973135113716125488e-01 5.370504856109619141e-01 9.444618225097656250e-01 3.597489297389984131e-01 6.395602822303771973e-01 5.985572934150695801e-01
2.592284679412841797e-01 2.750352919101715088e-01 1.826668828725814819e-01 5.751009583473205566e-01 2.973135113716125488e-01 6.738064438104629517e-02 6.087839603424072266e-01 3.536764681339263916e-01 3.693814277648925781e-01 2.276546061038970947e-01
2.592284679412841797e-01 5.584025382995605469e-01 1.826668828725814819e-01 5.751009583473205566e-01 2.973135113716125488e-01 2.306322753429412842e-01 3.908477127552032471e-01 4.839752316474914551e-01 6.395602822303771973e-01 3.786948621273040771e-01
2.592284679412841797e-01 5.584025382995605469e-01 2.961989641189575195e-01 7.123385071754455566e-01 2.973135113716125488e-01 2.306322753429412842e-01 8.351081609725952148e-01 4.839752316474914551e-01 6.395602822303771973e-01 5.985572934150695801e-01
2.592284679412841797e-01 4.611898362636566162e-01 1.826668828725814819e-01 4.676460027694702148e-01 2.973135113716125488e-01 1.360176801681518555e-01 6.087839603424072266e-01 3.536764681339263916e-01 3.693814277648925781e-01 2.276546061038970947e-01
2.592284679412841797e-01 4.611898362636566162e-01 1.826668828725814819e-01 4.356408715248107910e-01 2.973135113716125488e-01 7.930460572242736816e-02 1.534983217716217041e-01 3.536764681339263916e-01 4.126524925231933594e-01 2.276546061038970947e-01
2.592284679412841797e-01 4.611898362636566162e-01 1.826668828725814819e-01 4.356408715248107910e-01 2.973135113716125488e-01 1.068014577031135559e-01 2.638925909996032715e-01 3.536764681339263916e-01 4.126524925231933594e-01 3.786948621273040771e-01
2.592284679412841797e-01 5.584025382995605469e-01 1.826668828725814819e-01 4.676460027694702148e-01 2.973135113716125488e-01 5.370504856109619141e-01 8.515958786010742188e-01 4.839752316474914551e-01 7.331698536872863770e-01 2.107216864824295044e-01
2.592284679412841797e-01 5.584025382995605469e-01 1.826668828725814819e-01 4.127996861934661865e-01 2.973135113716125488e-01 1.654731631278991699e-01 6.312583684921264648e-01 4.839752316474914551e-01 6.395602822303771973e-01 3.786948621273040771e-01
2.592284679412841797e-01 5.584025382995605469e-01 2.961989641189575195e-01 3.401244282722473145e-01 2.973135113716125488e-01 7.165365219116210938e-01 4.803818166255950928e-01 4.839752316474914551e-01 6.395602822303771973e-01 8.537862896919250488e-01
2.592284679412841797e-01 5.584025382995605469e-01 1.826668828725814819e-01 4.127996861934661865e-01 2.973135113716125488e-01 3.017067015171051025e-01 7.997965216636657715e-01 4.839752316474914551e-01 6.395602822303771973e-01 6.372463107109069824e-01
2.592284679412841797e-01 5.584025382995605469e-01 2.961989641189575195e-01 6.712657213211059570e-01 2.973135113716125488e-01 5.948522686958312988e-01 8.307061195373535156e-01 4.839752316474914551e-01 6.395602822303771973e-01 8.537862896919250488e-01
2.592284679412841797e-01 6.261592507362365723e-01 7.198770642280578613e-01 6.712657213211059570e-01 5.066341757774353027e-01 5.948522686958312988e-01 5.842889547348022461e-01 3.702779114246368408e-01 6.395602822303771973e-01 6.950796246528625488e-01
5.000000000000000000e-01 2.937314510345458984e-01 7.198770642280578613e-01 6.712657213211059570e-01 5.066341757774353027e-01 7.103780508041381836e-01 8.905342221260070801e-01 3.702779114246368408e-01 6.395602822303771973e-01 6.950796246528625488e-01
5.000000000000000000e-01 6.261592507362365723e-01 7.198770642280578613e-01 6.712657213211059570e-01 5.066341757774353027e-01 3.707314133644104004e-01 5.746154189109802246e-01 5.317721366882324219e-01 6.395602822303771973e-01 4.547381699085235596e-01
