5.878122448921203613e-01 4.094453454017639160e-01 6.602650880813598633e-01 3.386065661907196045e-01 5.091095566749572754e-01 3.506424129009246826e-01 4.853837490081787109e-01 5.312231779098510742e-01 5.231928229331970215e-01 4.432842731475830078e-01
4.332650601863861084e-01 5.067556500434875488e-01 5.603957772254943848e-01 5.248750448226928711e-01 5.091095566749572754e-01 5.075456500053405762e-01 4.853837490081787109e-01 3.813744485378265381e-01 4.817487299442291260e-01 3.487308919429779053e-01
4.332650601863861084e-01 5.179938673973083496e-01 5.603957772254943848e-01 5.946808457374572754e-01 5.091095566749572754e-01 3.261277675628662109e-01 4.853837490081787109e-01 4.619227051734924316e-01 4.817487299442291260e-01 4.432842731475830078e-01
4.332650601863861084e-01 5.179938673973083496e-01 5.603957772254943848e-01 6.218908429145812988e-01 5.091095566749572754e-01 2.842665910720825195e-01 4.853837490081787109e-01 4.715157151222229004e-01 4.817487299442291260e-01 7.092995643615722656e-01
4.332650601863861084e-01 5.067556500434875488e-01 4.997310340404510498e-01 5.875256061553955078e-01 5.091095566749572754e-01 5.461426377296447754e-01 4.853837490081787109e-01 3.813744485378265381e-01 4.817487299442291260e-01 4.279033541679382324e-01
5.878122448921203613e-01 5.658609271049499512e-01 4.261210858821868896e-01 5.946808457374572754e-01 5.091095566749572754e-01 6.175501942634582520e-01 4.853837490081787109e-01 5.312231779098510742e-01 5.231928229331970215e-01 4.432842731475830078e-01
5.878122448921203613e-01 5.547795891761779785e-01 4.261210858821868896e-01 6.939871907234191895e-01 5.091095566749572754e-01 7.094109058380126953e-01 4.853837490081787109e-01 7.184419631958007812e-01 6.534379720687866211e-01 7.092995643615722656e-01
5.878122448921203613e-01 4.094453454017639160e-01 4.261210858821868896e-01 4.044691026210784912e-01 5.091095566749572754e-01 6.175501942634582520e-01 4.853837490081787109e-01 5.312231779098510742e-01 5.231928229331970215e-01 4.432842731475830078e-01
4.332650601863861084e-01 5.067556500434875488e-01 4.261210858821868896e-01 4.322575032711029053e-01 5.091095566749572754e-01 5.699186325073242188e-01 6.609852910041809082e-01 6.231874823570251465e-01 5.231928229331970215e-01 7.092995643615722656e-01
4.332650601863861084e-01 3.637242913246154785e-01 5.581185817718505859e-01 6.583152413368225098e-01 5.091095566749572754e-01 5.913690328598022461e-01 6.609852910041809082e-01 4.619227051734924316e-01 2.592267692089080811e-01 4.432842731475830078e-01
4.332650601863861084e-01 5.067556500434875488e-01 3.275246620178222656e-01 6.034325957298278809e-01 5.091095566749572754e-01 5.075456500053405762e-01 4.853837490081787109e-01 3.813744485378265381e-01 4.817487299442291260e-01 4.279033541679382324e-01
4.332650601863861084e-01 5.067556500434875488e-01 5.603957772254943848e-01 5.367692708969116211e-01 5.091095566749572754e-01 6.706022620201110840e-01 4.853837490081787109e-01 3.813744485378265381e-01 4.817487299442291260e-01 4.279033541679382324e-01
4.332650601863861084e-01 5.067556500434875488e-01 5.945380330085754395e-01 5.875256061553955078e-01 5.091095566749572754e-01 6.706022620201110840e-01 4.853837490081787109e-01 3.813744485378265381e-01 4.817487299442291260e-01 4.279033541679382324e-01
4.332650601863861084e-01 4.215921461582183838e-01 4.259018599987030029e-01 4.743549227714538574e-01 3.616259396076202393e-01 5.461426377296447754e-01 4.853837490081787109e-01 3.813744485378265381e-01 4.817487299442291260e-01 2.827781140804290771e-01
4.332650601863861084e-01 3.592459857463836670e-01 4.862489402294158936e-01 5.505154728889465332e-01 3.616259396076202393e-01 3.858647346496582031e-01 4.853837490081787109e-01 3.813744485378265381e-01 4.817487299442291260e-01 2.827781140804290771e-01
4.332650601863861084e-01 3.696645796298980713e-01 3.722496330738067627e-01 6.215304136276245117e-01 4.372183978557586670e-01 4.282735288143157959e-01 4.853837490081787109e-01 4.619227051734924316e-01 4.817487299442291260e-01 4.919169247150421143e-01
4.332650601863861084e-01 3.696645796298980713e-01 3.905693590641021729e-01 4.743549227714538574e-01 4.372183978557586670e-01 4.564889073371887207e-01 4.853837490081787109e-01 4.715157151222229004e-01 4.817487299442291260e-01 3.659819066524505615e-01
4.332650601863861084e-01 4.701359868049621582e-01 4.498327970504760742e-01 6.682971715927124023e-01 5.039770007133483887e-01 4.998349547386169434e-01 4.853837490081787109e-01 4.715157151222229004e-01 4.817487299442291260e-01 2.623391747474670410e-01
4.332650601863861084e-01 4.813545346260070801e-01 4.306977987289428711e-01 6.887318491935729980e-01 5.039770007133483887e-01 4.596146047115325928e-01 4.853837490081787109e-01 4.619227051734924316e-01 4.817487299442291260e-01 3.891022205352783203e-01
4.332650601863861084e-01 4.813545346260070801e-01 4.306977987289428711e-01 7.091999650001525879e-01 4.372183978557586670e-01 3.492452502250671387e-01 4.853837490081787109e-01 4.619227051734924316e-01 4.817487299442291260e-01 3.736271560192108154e-01
4.332650601863861084e-01 4.458330869674682617e-01 4.263810813426971436e-01 6.433084011077880859e-01 4.372183978557586670e-01 3.492452502250671387e-01 4.853837490081787109e-01 4.619227051734924316e-01 4.817487299442291260e-01 4.395968019962310791e-01
4.332650601863861084e-01 4.347483813762664795e-01 4.632155597209930420e-01 5.875256061553955078e-01 4.372183978557586670e-01 6.096007823944091797e-01 4.853837490081787109e-01 3.813744485378265381e-01 4.817487299442291260e-01 2.623391747474670410e-01
4.332650601863861084e-01 4.414268732070922852e-01 4.632155597209930420e-01 5.875256061553955078e-01 4.372183978557586670e-01 6.096007823944091797e-01 4.853837490081787109e-01 4.715157151222229004e-01 4.817487299442291260e-01 2.623391747474670410e-01
4.332650601863861084e-01 4.458330869674682617e-01 4.624947309494018555e-01 6.433084011077880859e-01 5.091095566749572754e-01 4.412964582443237305e-01 4.853837490081787109e-01 4.619227051734924316e-01 4.817487299442291260e-01 4.395968019962310791e-01
4.332650601863861084e-01 4.414268732070922852e-01 4.997310340404510498e-01 6.690705418586730957e-01 5.091095566749572754e-01 3.932798802852630615e-01 4.853837490081787109e-01 3.813744485378265381e-01 4.817487299442291260e-01 7.679456472396850586e-01
4.332650601863861084e-01 5.940582156181335449e-01 5.674375295639038086e-01 6.433084011077880859e-01 5.091095566749572754e-01 4.684501588344573975e-01 4.853837490081787109e-01 5.312231779098510742e-01 5.231928229331970215e-01 4.395968019962310791e-01
4.332650601863861084e-01 5.940582156181335449e-01 6.909287571907043457e-01 5.844994783401489258e-01 5.091095566749572754e-01 5.985544919967651367e-01 4.853837490081787109e-01 5.408088564872741699e-01 5.231928229331970215e-01 6.040665507316589355e-01
5.878122448921203613e-01 6.615693569183349609e-01 6.581897139549255371e-01 5.844994783401489258e-01 5.091095566749572754e-01 5.985544919967651367e-01 4.853837490081787109e-01 5.312231779098510742e-01 5.231928229331970215e-01 4.395968019962310791e-01
5.878122448921203613e-01 6.615693569183349609e-01 6.581897139549255371e-01 8.032783865928649902e-01 5.091095566749572754e-01 5.161216855049133301e-01 4.853837490081787109e-01 5.312231779098510742e-01 5.231928229331970215e-01 5.564453005790710449e-01
5.878122448921203613e-01 6.615693569183349609e-01 5.674375295639038086e-01 6.433084011077880859e-01 5.091095566749572754e-01 4.680824279785156250e-01 4.853837490081787109e-01 5.312231779098510742e-01 5.231928229331970215e-01 5.564453005790710449e-01
4.332650601863861084e-01 5.179938673973083496e-01 4.624947309494018555e-01 6.433084011077880859e-01 5.091095566749572754e-01 4.409322738647460938e-01 4.853837490081787109e-01 4.619227051734924316e-01 4.817487299442291260e-01 5.564453005790710449e-01
4.332650601863861084e-01 5.097620487213134766e-01 5.674375295639038086e-01 5.717642307281494141e-01 5.091095566749572754e-01 4.680824279785156250e-01 4.853837490081787109e-01 5.312231779098510742e-01 5.231928229331970215e-01 4.432842731475830078e-01
5.878122448921203613e-01 7.790784239768981934e-01 6.581897139549255371e-01 9.099032282829284668e-01 5.091095566749572754e-01 3.506424129009246826e-01 4.853837490081787109e-01 5.312231779098510742e-01 5.231928229331970215e-01 4.432842731475830078e-01
5.878122448921203613e-01 5.097620487213134766e-01 6.581897139549255371e-01 9.099032282829284668e-01 5.091095566749572754e-01 3.506424129009246826e-01 4.853837490081787109e-01 5.312231779098510742e-01 5.231928229331970215e-01 4.432842731475830078e-01
5.878122448921203613e-01 6.514260768890380859e-01 6.036343574523925781e-01 8.599817156791687012e-01 5.091095566749572754e-01 5.731297731399536133e-01 4.853837490081787109e-01 4.486668705940246582e-01 5.231928229331970215e-01 7.092995643615722656e-01
4.332650601863861084e-01 5.067556500434875488e-01 4.997310340404510498e-01 6.690705418586730957e-01 5.091095566749572754e-01 5.461426377296447754e-01 4.853837490081787109e-01 3.813744485378265381e-01 4.817487299442291260e-01 7.092995643615722656e-01
4.332650601863861084e-01 5.179938673973083496e-01 4.624947309494018555e-01 5.844994783401489258e-01 5.091095566749572754e-01 3.610432744026184082e-01 4.853837490081787109e-01 4.619227051734924316e-01 4.817487299442291260e-01 5.564453005790710449e-01
4.332650601863861084e-01 5.179938673973083496e-01 4.624947309494018555e-01 6.433084011077880859e-01 5.091095566749572754e-01 3.845171332359313965e-01 4.853837490081787109e-01 4.619227051734924316e-01 2.592267692089080811e-01 4.432842731475830078e-01
4.332650601863861084e-01 4.215921461582183838e-01 4.997310340404510498e-01 5.875256061553955078e-01 5.091095566749572754e-01 5.461426377296447754e-01 4.853837490081787109e-01 3.813744485378265381e-01 4.817487299442291260e-01 5.035880208015441895e-01
4.332650601863861084e-01 4.325981736183166504e-01 4.259018599987030029e-01 4.977583587169647217e-01 5.091095566749572754e-01 3.659952282905578613e-01 4.853837490081787109e-01 4.715157151222229004e-01 4.817487299442291260e-01 5.035880208015441895e-01
4.332650601863861084e-01 4.325981736183166504e-01 4.070317149162292480e-01 4.977583587169647217e-01 5.091095566749572754e-01 3.659952282905578613e-01 4.853837490081787109e-01 2.632158398628234863e-01 4.817487299442291260e-01 6.298354268074035645e-01
4.332650601863861084e-01 5.356392860412597656e-01 4.259018599987030029e-01 3.040563762187957764e-01 3.616259396076202393e-01 5.461426377296447754e-01 4.853837490081787109e-01 3.813744485378265381e-01 4.817487299442291260e-01 2.827781140804290771e-01
4.332650601863861084e-01 5.356392860412597656e-01 4.259018599987030029e-01 4.743549227714538574e-01 5.106039643287658691e-01 3.858647346496582031e-01 4.853837490081787109e-01 3.813744485378265381e-01 4.817487299442291260e-01 2.827781140804290771e-01
4.332650601863861084e-01 5.468078851699829102e-01 4.070317149162292480e-01 4.777085483074188232e-01 5.106039643287658691e-01 3.659952282905578613e-01 4.853837490081787109e-01 4.619227051734924316e-01 4.817487299442291260e-01 2.736297845840454102e-01
4.332650601863861084e-01 5.356392860412597656e-01 4.259018599987030029e-01 5.983860492706298828e-01 5.106039643287658691e-01 2.538790106773376465e-01 4.853837490081787109e-01 3.813744485378265381e-01 4.817487299442291260e-01 2.827781140804290771e-01
4.332650601863861084e-01 4.701359868049621582e-01 4.862489402294158936e-01 3.354235887527465820e-01 5.106039643287658691e-01 2.538790106773376465e-01 4.853837490081787109e-01 4.715157151222229004e-01 4.817487299442291260e-01 6.656147241592407227e-01
4.332650601863861084e-01 4.813545346260070801e-01 4.668794572353363037e-01 6.712709665298461914e-01 5.106039643287658691e-01 1.386910974979400635e-01 4.853837490081787109e-01 5.007854104042053223e-01 4.817487299442291260e-01 5.427680015563964844e-01
4.332650601863861084e-01 4.813545346260070801e-01 4.668794572353363037e-01 6.916069388389587402e-01 5.106039643287658691e-01 3.972163200378417969e-01 4.853837490081787109e-01 4.619227051734924316e-01 4.817487299442291260e-01 2.736297845840454102e-01
4.332650601863861084e-01 4.813545346260070801e-01 3.772297799587249756e-01 8.040139675140380859e-01 5.039770007133483887e-01 3.813164532184600830e-01 4.853837490081787109e-01 4.715157151222229004e-01 4.817487299442291260e-01 5.164537429809570312e-01
5.074461102485656738e-01 4.701359868049621582e-01 3.772297799587249756e-01 6.262381672859191895e-01 5.039770007133483887e-01 5.846312046051025391e-01 4.853837490081787109e-01 5.104199051856994629e-01 4.817487299442291260e-01 5.164537429809570312e-01
4.332650601863861084e-01 4.701359868049621582e-01 4.698627293109893799e-01 5.014649033546447754e-01 5.039770007133483887e-01 8.074394464492797852e-01 4.853837490081787109e-01 5.104199051856994629e-01 4.817487299442291260e-01 5.164537429809570312e-01
5.074461102485656738e-01 4.324426054954528809e-01 4.698627293109893799e-01 5.248703360557556152e-01 5.039770007133483887e-01 5.754015445709228516e-01 4.853837490081787109e-01 5.104199051856994629e-01 4.817487299442291260e-01 5.164537429809570312e-01
4.332650601863861084e-01 4.813545346260070801e-01 4.306977987289428711e-01 5.847609043121337891e-01 5.039770007133483887e-01 3.018771708011627197e-01 4.853837490081787109e-01 5.007854104042053223e-01 4.817487299442291260e-01 3.891022205352783203e-01
5.074461102485656738e-01 4.701359868049621582e-01 5.240237712860107422e-01 7.343840599060058594e-01 5.039770007133483887e-01 5.722797513008117676e-01 4.853837490081787109e-01 5.104199051856994629e-01 4.817487299442291260e-01 5.164537429809570312e-01
5.074461102485656738e-01 4.813545346260070801e-01 4.306977987289428711e-01 5.091816186904907227e-01 5.039770007133483887e-01 3.018771708011627197e-01 4.853837490081787109e-01 5.007854104042053223e-01 4.817487299442291260e-01 3.891022205352783203e-01
5.074461102485656738e-01 4.813545346260070801e-01 4.306977987289428711e-01 5.847609043121337891e-01 5.039770007133483887e-01 4.906181693077087402e-01 4.853837490081787109e-01 5.007854104042053223e-01 4.817487299442291260e-01 3.891022205352783203e-01
5.074461102485656738e-01 4.813545346260070801e-01 5.240237712860107422e-01 7.343840599060058594e-01 4.372183978557586670e-01 3.838922083377838135e-01 4.853837490081787109e-01 5.104199051856994629e-01 4.817487299442291260e-01 5.164537429809570312e-01
5.074461102485656738e-01 4.813545346260070801e-01 4.306977987289428711e-01 4.603169560432434082e-01 4.372183978557586670e-01 3.683301806449890137e-01 4.853837490081787109e-01 5.007854104042053223e-01 4.817487299442291260e-01 3.891022205352783203e-01
5.878122448921203613e-01 6.005837321281433105e-01 6.581897139549255371e-01 9.100874066352844238e-01 5.091095566749572754e-01 2.672840952873229980e-01 4.853837490081787109e-01 5.312231779098510742e-01 5.231928229331970215e-01 4.799309670925140381e-01
5.878122448921203613e-01 5.940582156181335449e-01 5.674375295639038086e-01 8.032783865928649902e-01 5.091095566749572754e-01 4.297780692577362061e-01 4.853837490081787109e-01 5.312231779098510742e-01 5.231928229331970215e-01 4.799309670925140381e-01
5.878122448921203613e-01 4.702931046485900879e-01 6.581897139549255371e-01 8.032783865928649902e-01 5.091095566749572754e-01 3.506424129009246826e-01 4.853837490081787109e-01 5.312231779098510742e-01 5.231928229331970215e-01 5.564453005790710449e-01
5.878122448921203613e-01 7.790784239768981934e-01 5.674375295639038086e-01 8.032783865928649902e-01 5.091095566749572754e-01 3.866764903068542480e-01 4.853837490081787109e-01 5.312231779098510742e-01 5.231928229331970215e-01 6.298354268074035645e-01
5.878122448921203613e-01 5.940582156181335449e-01 5.674375295639038086e-01 8.032783865928649902e-01 5.091095566749572754e-01 3.866764903068542480e-01 4.853837490081787109e-01 5.312231779098510742e-01 5.231928229331970215e-01 5.564453005790710449e-01
5.878122448921203613e-01 5.831664204597473145e-01 6.036343574523925781e-01 6.306628584861755371e-01 5.091095566749572754e-01 5.731297731399536133e-01 4.853837490081787109e-01 4.486668705940246582e-01 5.231928229331970215e-01 5.072414875030517578e-01
5.878122448921203613e-01 5.831664204597473145e-01 6.036343574523925781e-01 4.724573194980621338e-01 5.091095566749572754e-01 5.348731875419616699e-01 4.853837490081787109e-01 4.486668705940246582e-01 5.231928229331970215e-01 5.072414875030517578e-01
5.878122448921203613e-01 5.831664204597473145e-01 6.909287571907043457e-01 3.758843541145324707e-01 5.091095566749572754e-01 6.039104461669921875e-01 4.853837490081787109e-01 4.486668705940246582e-01 5.231928229331970215e-01 5.072414875030517578e-01
5.878122448921203613e-01 5.940582156181335449e-01 6.581897139549255371e-01 4.437524676322937012e-01 5.091095566749572754e-01 2.212701439857482910e-01 4.853837490081787109e-01 5.312231779098510742e-01 5.231928229331970215e-01 5.564453005790710449e-01
5.878122448921203613e-01 5.831664204597473145e-01 6.036343574523925781e-01 6.563390493392944336e-01 5.091095566749572754e-01 5.348731875419616699e-01 4.853837490081787109e-01 4.486668705940246582e-01 5.231928229331970215e-01 5.072414875030517578e-01
5.878122448921203613e-01 4.826253652572631836e-01 6.909287571907043457e-01 7.216818332672119141e-01 5.091095566749572754e-01 3.594697713851928711e-01 4.853837490081787109e-01 4.486668705940246582e-01 5.231928229331970215e-01 7.092995643615722656e-01
4.332650601863861084e-01 5.940582156181335449e-01 5.674375295639038086e-01 5.616461038589477539e-01 5.091095566749572754e-01 1.382540166378021240e-01 4.853837490081787109e-01 5.312231779098510742e-01 5.231928229331970215e-01 5.564453005790710449e-01
4.332650601863861084e-01 4.826253652572631836e-01 5.697037577629089355e-01 7.216818332672119141e-01 5.091095566749572754e-01 3.958579301834106445e-01 4.853837490081787109e-01 4.486668705940246582e-01 5.231928229331970215e-01 7.092995643615722656e-01
4.332650601863861084e-01 3.718520700931549072e-01 5.697037577629089355e-01 5.616461038589477539e-01 5.091095566749572754e-01 1.382540166378021240e-01 4.853837490081787109e-01 6.361522078514099121e-01 6.534379720687866211e-01 5.564453005790710449e-01
4.332650601863861084e-01 3.181603848934173584e-01 4.647921621799468994e-01 7.216818332672119141e-01 5.091095566749572754e-01 3.699832260608673096e-01 4.853837490081787109e-01 3.813744485378265381e-01 4.817487299442291260e-01 7.092995643615722656e-01
4.332650601863861084e-01 3.181603848934173584e-01 4.647921621799468994e-01 5.220347642898559570e-01 5.091095566749572754e-01 3.958579301834106445e-01 4.853837490081787109e-01 3.813744485378265381e-01 4.817487299442291260e-01 7.092995643615722656e-01
4.332650601863861084e-01 3.279973566532135010e-01 4.647921621799468994e-01 4.100637137889862061e-01 5.091095566749572754e-01 1.267186999320983887e-01 4.853837490081787109e-01 4.619227051734924316e-01 4.817487299442291260e-01 5.564453005790710449e-01
4.332650601863861084e-01 3.279973566532135010e-01 4.624947309494018555e-01 6.433084011077880859e-01 5.091095566749572754e-01 1.679422408342361450e-01 4.853837490081787109e-01 4.619227051734924316e-01 4.817487299442291260e-01 4.395968019962310791e-01
4.332650601863861084e-01 3.696645796298980713e-01 3.722496330738067627e-01 6.215304136276245117e-01 4.372183978557586670e-01 3.492452502250671387e-01 4.853837490081787109e-01 4.619227051734924316e-01 4.817487299442291260e-01 4.919169247150421143e-01
4.332650601863861084e-01 3.592459857463836670e-01 3.905693590641021729e-01 3.040563762187957764e-01 4.372183978557586670e-01 6.096007823944091797e-01 4.853837490081787109e-01 3.813744485378265381e-01 4.817487299442291260e-01 3.659819066524505615e-01
4.332650601863861084e-01 3.592459857463836670e-01 4.259018599987030029e-01 4.484328031539916992e-01 5.106039643287658691e-01 5.461426377296447754e-01 4.853837490081787109e-01 3.813744485378265381e-01 4.817487299442291260e-01 2.827781140804290771e-01
4.332650601863861084e-01 3.696645796298980713e-01 4.070317149162292480e-01 6.215304136276245117e-01 3.616259396076202393e-01 3.659952282905578613e-01 4.853837490081787109e-01 4.619227051734924316e-01 4.817487299442291260e-01 2.736297845840454102e-01
4.332650601863861084e-01 3.696645796298980713e-01 4.070317149162292480e-01 6.433084011077880859e-01 3.616259396076202393e-01 3.659952282905578613e-01 4.853837490081787109e-01 4.619227051734924316e-01 4.817487299442291260e-01 4.921984374523162842e-01
4.332650601863861084e-01 5.179938673973083496e-01 4.647921621799468994e-01 6.433084011077880859e-01 5.091095566749572754e-01 3.659952282905578613e-01 4.853837490081787109e-01 4.619227051734924316e-01 4.817487299442291260e-01 4.395968019962310791e-01
4.332650601863861084e-01 3.533792793750762939e-01 4.647921621799468994e-01 5.532515048980712891e-01 5.091095566749572754e-01 5.461426377296447754e-01 4.853837490081787109e-01 3.813744485378265381e-01 4.817487299442291260e-01 3.487308919429779053e-01
4.332650601863861084e-01 6.495434045791625977e-01 4.647921621799468994e-01 3.643782138824462891e-01 5.091095566749572754e-01 3.699832260608673096e-01 4.853837490081787109e-01 3.813744485378265381e-01 4.817487299442291260e-01 3.487308919429779053e-01
5.878122448921203613e-01 6.921115517616271973e-01 6.036343574523925781e-01 6.949678659439086914e-01 5.091095566749572754e-01 7.420309782028198242e-01 4.853837490081787109e-01 4.486668705940246582e-01 5.231928229331970215e-01 5.063218474388122559e-01
5.878122448921203613e-01 5.510897040367126465e-01 3.359203338623046875e-01 4.523985981941223145e-01 5.091095566749572754e-01 7.420309782028198242e-01 4.815891087055206299e-01 4.486668705940246582e-01 5.231928229331970215e-01 5.063218474388122559e-01
5.878122448921203613e-01 5.621904730796813965e-01 5.674375295639038086e-01 5.579042434692382812e-01 5.091095566749572754e-01 5.858643054962158203e-01 4.815891087055206299e-01 5.312231779098510742e-01 5.231928229331970215e-01 4.432842731475830078e-01
5.878122448921203613e-01 4.094453454017639160e-01 6.581897139549255371e-01 5.282705426216125488e-01 5.091095566749572754e-01 3.783964216709136963e-01 4.853837490081787109e-01 5.312231779098510742e-01 5.231928229331970215e-01 4.432842731475830078e-01
5.878122448921203613e-01 4.094453454017639160e-01 6.909287571907043457e-01 7.651076912879943848e-01 5.091095566749572754e-01 4.870176911354064941e-01 4.815891087055206299e-01 6.231874823570251465e-01 5.231928229331970215e-01 5.072414875030517578e-01
5.878122448921203613e-01 6.615693569183349609e-01 5.674375295639038086e-01 5.282705426216125488e-01 5.091095566749572754e-01 3.783964216709136963e-01 4.853837490081787109e-01 5.312231779098510742e-01 5.231928229331970215e-01 4.432842731475830078e-01
5.878122448921203613e-01 6.615693569183349609e-01 6.909287571907043457e-01 7.651076912879943848e-01 5.091095566749572754e-01 4.870176911354064941e-01 4.853837490081787109e-01 6.231874823570251465e-01 5.231928229331970215e-01 5.072414875030517578e-01
5.878122448921203613e-01 6.615693569183349609e-01 6.909287571907043457e-01 7.631077170372009277e-01 5.091095566749572754e-01 4.870176911354064941e-01 4.853837490081787109e-01 5.408088564872741699e-01 5.231928229331970215e-01 5.072414875030517578e-01
5.878122448921203613e-01 3.986145853996276855e-01 6.909287571907043457e-01 4.483943283557891846e-01 5.091095566749572754e-01 6.039104461669921875e-01 6.609852910041809082e-01 4.486668705940246582e-01 5.231928229331970215e-01 5.072414875030517578e-01
3.341335952281951904e-01 2.776258885860443115e-01 2.070094197988510132e-01 6.942848563194274902e-01 2.535075247287750244e-01 3.501730263233184814e-01 3.251006603240966797e-01 4.586790204048156738e-01 3.385955691337585449e-01 5.063218474388122559e-01
4.332650601863861084e-01 5.179938673973083496e-01 5.581185817718505859e-01 5.778340101242065430e-01 5.091095566749572754e-01 1.667259484529495239e-01 4.815891087055206299e-01 4.619227051734924316e-01 4.817487299442291260e-01 4.432842731475830078e-01
4.332650601863861084e-01 5.179938673973083496e-01 5.581185817718505859e-01 5.778340101242065430e-01 5.091095566749572754e-01 2.598050832748413086e-01 4.815891087055206299e-01 4.619227051734924316e-01 4.817487299442291260e-01 4.432842731475830078e-01
4.332650601863861084e-01 5.179938673973083496e-01 5.581185817718505859e-01 5.142651200294494629e-01 5.091095566749572754e-01 2.598050832748413086e-01 4.853837490081787109e-01 4.619227051734924316e-01 4.817487299442291260e-01 4.432842731475830078e-01
4.332650601863861084e-01 3.633655011653900146e-01 4.624947309494018555e-01 3.410502672195434570e-01 5.091095566749572754e-01 5.186988115310668945e-01 4.853837490081787109e-01 4.619227051734924316e-01 4.817487299442291260e-01 5.564453005790710449e-01
4.332650601863861084e-01 3.696645796298980713e-01 4.624947309494018555e-01 1.763243824243545532e-01 5.091095566749572754e-01 2.291879206895828247e-01 4.853837490081787109e-01 4.619227051734924316e-01 4.817487299442291260e-01 4.395968019962310791e-01
4.332650601863861084e-01 5.257703661918640137e-01 4.259018599987030029e-01 5.875256061553955078e-01 5.091095566749572754e-01 4.396285116672515869e-01 4.853837490081787109e-01 4.715157151222229004e-01 4.817487299442291260e-01 3.186556100845336914e-01
4.332650601863861084e-01 5.903882384300231934e-01 5.945380330085754395e-01 5.875256061553955078e-01 5.091095566749572754e-01 6.706022620201110840e-01 4.853837490081787109e-01 3.813744485378265381e-01 4.817487299442291260e-01 6.040665507316589355e-01
4.332650601863861084e-01 4.818342924118041992e-01 4.261210858821868896e-01 7.686829566955566406e-01 5.091095566749572754e-01 5.348731875419616699e-01 4.815891087055206299e-01 4.486668705940246582e-01 5.231928229331970215e-01 7.092995643615722656e-01
4.332650601863861084e-01 5.030243396759033203e-01 4.022577702999114990e-01 3.746711909770965576e-01 5.091095566749572754e-01 3.986958265304565430e-01 6.609852910041809082e-01 3.813744485378265381e-01 4.817487299442291260e-01 5.063218474388122559e-01
4.332650601863861084e-01 3.637242913246154785e-01 7.923293709754943848e-01 5.109943151473999023e-01 5.091095566749572754e-01 3.029312193393707275e-01 6.609852910041809082e-01 4.619227051734924316e-01 4.817487299442291260e-01 4.432842731475830078e-01
4.332650601863861084e-01 5.179938673973083496e-01 7.923293709754943848e-01 4.044691026210784912e-01 5.091095566749572754e-01 2.374269664287567139e-01 6.609852910041809082e-01 4.619227051734924316e-01 4.817487299442291260e-01 4.432842731475830078e-01
4.332650601863861084e-01 5.179938673973083496e-01 5.603957772254943848e-01 6.117284893989562988e-01 5.091095566749572754e-01 2.374269664287567139e-01 4.815891087055206299e-01 4.619227051734924316e-01 4.817487299442291260e-01 4.432842731475830078e-01
4.332650601863861084e-01 4.325981736183166504e-01 5.603957772254943848e-01 5.959314703941345215e-01 5.091095566749572754e-01 3.104171752929687500e-01 4.853837490081787109e-01 4.619227051734924316e-01 4.817487299442291260e-01 4.395968019962310791e-01
4.332650601863861084e-01 5.067556500434875488e-01 5.945380330085754395e-01 6.231107115745544434e-01 5.091095566749572754e-01 4.396285116672515869e-01 4.853837490081787109e-01 4.715157151222229004e-01 2.592267692089080811e-01 6.040665507316589355e-01
4.332650601863861084e-01 4.325981736183166504e-01 4.624947309494018555e-01 5.959314703941345215e-01 5.091095566749572754e-01 3.610432744026184082e-01 4.853837490081787109e-01 4.619227051734924316e-01 2.592267692089080811e-01 4.395968019962310791e-01
4.332650601863861084e-01 4.325981736183166504e-01 4.624947309494018555e-01 5.959314703941345215e-01 5.091095566749572754e-01 3.610432744026184082e-01 4.853837490081787109e-01 4.619227051734924316e-01 4.817487299442291260e-01 4.395968019962310791e-01
4.332650601863861084e-01 5.067556500434875488e-01 4.997310340404510498e-01 5.875256061553955078e-01 5.091095566749572754e-01 6.706022620201110840e-01 4.853837490081787109e-01 4.715157151222229004e-01 4.817487299442291260e-01 3.186556100845336914e-01
4.332650601863861084e-01 4.325981736183166504e-01 4.668794572353363037e-01 6.660314202308654785e-01 5.091095566749572754e-01 2.925780415534973145e-01 4.853837490081787109e-01 4.619227051734924316e-01 4.817487299442291260e-01 4.395968019962310791e-01
4.332650601863861084e-01 4.325981736183166504e-01 4.668794572353363037e-01 6.660314202308654785e-01 5.091095566749572754e-01 3.176355063915252686e-01 4.853837490081787109e-01 4.619227051734924316e-01 4.817487299442291260e-01 5.564453005790710449e-01
4.332650601863861084e-01 5.903882384300231934e-01 4.997310340404510498e-01 5.875256061553955078e-01 5.091095566749572754e-01 7.502468824386596680e-01 4.853837490081787109e-01 4.715157151222229004e-01 4.817487299442291260e-01 4.279033541679382324e-01
4.332650601863861084e-01 5.903882384300231934e-01 4.997310340404510498e-01 5.367692708969116211e-01 5.091095566749572754e-01 7.201119065284729004e-01 4.853837490081787109e-01 3.813744485378265381e-01 4.817487299442291260e-01 3.487308919429779053e-01
4.332650601863861084e-01 5.179938673973083496e-01 4.624947309494018555e-01 6.433084011077880859e-01 5.091095566749572754e-01 2.903491258621215820e-01 4.853837490081787109e-01 4.619227051734924316e-01 4.817487299442291260e-01 5.564453005790710449e-01
4.332650601863861084e-01 5.179938673973083496e-01 4.997310340404510498e-01 6.690705418586730957e-01 5.091095566749572754e-01 5.636242628097534180e-01 4.853837490081787109e-01 4.715157151222229004e-01 4.817487299442291260e-01 6.040665507316589355e-01
4.332650601863861084e-01 5.179938673973083496e-01 4.997310340404510498e-01 6.690705418586730957e-01 5.091095566749572754e-01 5.096793770790100098e-01 4.853837490081787109e-01 4.715157151222229004e-01 4.817487299442291260e-01 2.508340775966644287e-01
4.332650601863861084e-01 5.179938673973083496e-01 4.624947309494018555e-01 6.433084011077880859e-01 5.091095566749572754e-01 4.167551696300506592e-01 4.853837490081787109e-01 4.619227051734924316e-01 4.817487299442291260e-01 4.395968019962310791e-01
4.332650601863861084e-01 5.179938673973083496e-01 4.668794572353363037e-01 7.091999650001525879e-01 5.091095566749572754e-01 3.634944260120391846e-01 4.853837490081787109e-01 4.619227051734924316e-01 4.817487299442291260e-01 4.395968019962310791e-01
4.332650601863861084e-01 5.468078851699829102e-01 4.668794572353363037e-01 7.091999650001525879e-01 5.091095566749572754e-01 3.941926062107086182e-01 4.853837490081787109e-01 4.619227051734924316e-01 4.817487299442291260e-01 4.395968019962310791e-01
4.332650601863861084e-01 5.468078851699829102e-01 4.997310340404510498e-01 6.690705418586730957e-01 5.091095566749572754e-01 6.180515289306640625e-01 4.853837490081787109e-01 4.715157151222229004e-01 4.817487299442291260e-01 6.040665507316589355e-01
4.332650601863861084e-01 5.179938673973083496e-01 4.624947309494018555e-01 5.844994783401489258e-01 5.091095566749572754e-01 6.634998321533203125e-01 4.853837490081787109e-01 4.619227051734924316e-01 4.817487299442291260e-01 4.395968019962310791e-01
4.332650601863861084e-01 5.179938673973083496e-01 4.070317149162292480e-01 6.433084011077880859e-01 5.091095566749572754e-01 4.706174731254577637e-01 5.099966526031494141e-01 4.619227051734924316e-01 4.817487299442291260e-01 4.395968019962310791e-01
4.332650601863861084e-01 5.468078851699829102e-01 1.988739222288131714e-01 4.977583587169647217e-01 5.091095566749572754e-01 5.907031893730163574e-01 5.099966526031494141e-01 4.619227051734924316e-01 4.817487299442291260e-01 5.564453005790710449e-01
6.301810145378112793e-01 4.813545346260070801e-01 4.332250654697418213e-01 6.433084011077880859e-01 6.603027582168579102e-01 3.941926062107086182e-01 5.744400620460510254e-01 4.619227051734924316e-01 4.817487299442291260e-01 6.298354268074035645e-01
6.301810145378112793e-01 4.813545346260070801e-01 4.937174022197723389e-01 4.971385300159454346e-01 5.106039643287658691e-01 3.941926062107086182e-01 4.853837490081787109e-01 4.619227051734924316e-01 4.817487299442291260e-01 5.427680015563964844e-01
6.301810145378112793e-01 5.545192956924438477e-01 5.131285786628723145e-01 6.582475304603576660e-01 6.603027582168579102e-01 4.869563579559326172e-01 4.853837490081787109e-01 4.187340736389160156e-01 4.817487299442291260e-01 5.035880208015441895e-01
