3.530432283878326416e-01 6.943609714508056641e-01 7.025775909423828125e-01 3.837451040744781494e-01 4.252326190471649170e-01 3.914268016815185547e-01 5.320656895637512207e-01 3.826605379581451416e-01 5.610101819038391113e-01 9.038406014442443848e-01
4.775901436805725098e-01 6.404070258140563965e-01 8.779345750808715820e-01 3.837451040744781494e-01 5.393861532211303711e-01 7.537975311279296875e-01 5.320656895637512207e-01 9.544067978858947754e-01 4.733930826187133789e-01 9.403758645057678223e-01
3.857043385505676270e-01 1.956663876771926880e-01 7.646870613098144531e-01 3.837451040744781494e-01 3.949339985847473145e-01 2.276524305343627930e-01 4.177052080631256104e-01 8.488864898681640625e-01 7.386926412582397461e-01 9.557925909757614136e-02
4.775901436805725098e-01 8.466997742652893066e-01 5.418620705604553223e-01 4.906541407108306885e-01 6.336005926132202148e-01 8.007724881172180176e-01 5.320656895637512207e-01 2.380367070436477661e-01 5.401390790939331055e-01 5.637733340263366699e-01
4.470224678516387939e-01 6.842812150716781616e-02 2.846512198448181152e-01 4.906541407108306885e-01 5.417397618293762207e-01 7.116228938102722168e-01 5.320656895637512207e-01 1.458746194839477539e-01 2.750579118728637695e-01 2.719822525978088379e-01
5.082692503929138184e-01 4.010482132434844971e-02 3.471743166446685791e-01 4.906541407108306885e-01 1.596361249685287476e-01 4.955317378044128418e-01 5.320656895637512207e-01 7.883394956588745117e-01 5.628803372383117676e-01 9.572581052780151367e-01
2.968349456787109375e-01 6.898586153984069824e-01 5.405033230781555176e-01 3.837451040744781494e-01 5.107832551002502441e-01 4.359368085861206055e-01 4.177052080631256104e-01 5.921122431755065918e-01 5.401390790939331055e-01 1.754010915756225586e-01
4.494475722312927246e-01 3.650993406772613525e-01 1.481861472129821777e-01 3.837451040744781494e-01 3.418695628643035889e-01 5.304008126258850098e-01 4.177052080631256104e-01 5.510398745536804199e-01 3.215405046939849854e-01 7.259064316749572754e-01
2.424574196338653564e-01 4.621814489364624023e-01 9.780956804752349854e-02 3.837451040744781494e-01 1.973730325698852539e-01 5.838717818260192871e-01 4.177052080631256104e-01 3.034756481647491455e-01 2.150764316320419312e-01 3.640434518456459045e-02
6.632078886032104492e-01 5.515434145927429199e-01 2.341229617595672607e-01 4.906541407108306885e-01 5.502396225929260254e-01 7.836281061172485352e-01 5.580686926841735840e-01 9.129417538642883301e-01 3.683824241161346436e-01 1.699373871088027954e-01
5.501547455787658691e-01 8.037169277667999268e-02 4.805856198072433472e-02 4.906541407108306885e-01 4.490579366683959961e-01 6.276683807373046875e-01 4.534706771373748779e-01 1.336978524923324585e-01 4.766928553581237793e-01 1.161934584379196167e-01
2.420632988214492798e-01 1.316025853157043457e-01 3.173536062240600586e-01 4.906541407108306885e-01 6.479991078376770020e-01 1.824116855859756470e-01 4.534706771373748779e-01 8.538066744804382324e-01 7.386926412582397461e-01 4.750481247901916504e-01
3.528575301170349121e-01 1.826050132513046265e-01 1.385305374860763550e-01 7.424094676971435547e-01 7.342652678489685059e-01 4.059766530990600586e-01 6.577607393264770508e-01 2.558349631726741791e-02 4.766928553581237793e-01 3.440264165401458740e-01
4.775901436805725098e-01 6.119205430150032043e-02 6.485230475664138794e-02 4.906541407108306885e-01 2.466696202754974365e-01 3.247252106666564941e-02 5.320656895637512207e-01 1.009453311562538147e-01 3.616716563701629639e-01 4.451043903827667236e-01
4.775901436805725098e-01 7.254496216773986816e-01 5.310102701187133789e-01 7.424094676971435547e-01 3.279360830783843994e-01 3.306168317794799805e-01 6.577607393264770508e-01 6.592453122138977051e-01 4.415836930274963379e-01 8.107416629791259766e-01
4.800370931625366211e-01 6.751492619514465332e-01 5.079617500305175781e-01 7.424094676971435547e-01 6.115933060646057129e-01 4.756633043289184570e-01 3.050166964530944824e-01 7.557511925697326660e-01 3.215405046939849854e-01 5.478019639849662781e-02
5.501547455787658691e-01 1.898076198995113373e-02 3.260424733161926270e-01 4.906541407108306885e-01 4.864531457424163818e-01 3.833963274955749512e-01 6.577607393264770508e-01 2.303568273782730103e-01 5.922976136207580566e-01 5.017655342817306519e-02
5.786212682723999023e-01 1.709676682949066162e-01 3.260987997055053711e-02 4.906541407108306885e-01 3.328671157360076904e-01 1.002687960863113403e-01 4.177052080631256104e-01 4.976770281791687012e-01 7.200258970260620117e-01 7.031953930854797363e-01
4.775901436805725098e-01 2.578986883163452148e-01 1.476516425609588623e-01 4.906541407108306885e-01 4.515881836414337158e-01 7.618810534477233887e-01 6.577607393264770508e-01 5.639404654502868652e-01 4.766928553581237793e-01 3.706139922142028809e-01
5.762286782264709473e-01 1.537957638502120972e-01 6.827409863471984863e-01 7.424094676971435547e-01 5.662192106246948242e-01 6.292156577110290527e-01 4.534706771373748779e-01 8.655459880828857422e-01 3.683824241161346436e-01 9.389674067497253418e-01
3.530432283878326416e-01 6.277556419372558594e-01 4.603833258152008057e-01 4.304557442665100098e-01 5.792274475097656250e-01 3.229274153709411621e-01 5.580686926841735840e-01 2.019689977169036865e-01 5.610101819038391113e-01 8.133776187896728516e-01
5.907037854194641113e-01 8.173530548810958862e-02 6.154946088790893555e-01 6.607548594474792480e-01 6.859552860260009766e-01 6.030172705650329590e-01 5.320656895637512207e-01 6.607985496520996094e-01 4.957197904586791992e-01 8.911762237548828125e-01
4.775901436805725098e-01 1.733924299478530884e-01 5.720944404602050781e-01 4.906541407108306885e-01 5.502396225929260254e-01 4.780196547508239746e-01 6.577607393264770508e-01 9.858934581279754639e-02 4.987617433071136475e-01 6.692302823066711426e-01
5.082692503929138184e-01 2.137839794158935547e-02 7.201406955718994141e-01 4.906541407108306885e-01 5.505664944648742676e-01 6.069088578224182129e-01 5.320656895637512207e-01 6.095501184463500977e-01 3.801032602787017822e-01 3.468123376369476318e-01
6.303427815437316895e-01 4.304614961147308350e-01 2.137296348810195923e-01 4.906541407108306885e-01 6.336005926132202148e-01 7.430040240287780762e-01 5.320656895637512207e-01 3.714514374732971191e-01 5.573288798332214355e-01 9.506680369377136230e-01
3.530432283878326416e-01 6.251202225685119629e-01 5.308846235275268555e-01 7.424094676971435547e-01 3.594408035278320312e-01 8.845459818840026855e-01 6.577607393264770508e-01 9.836407303810119629e-01 3.801032602787017822e-01 7.396962642669677734e-01
4.523302912712097168e-01 6.682459115982055664e-01 2.791513204574584961e-01 4.906541407108306885e-01 3.565511107444763184e-01 6.180514097213745117e-01 5.580686926841735840e-01 1.652797013521194458e-01 5.610101819038391113e-01 7.869167923927307129e-01
4.470224678516387939e-01 1.357448101043701172e-01 8.060014247894287109e-01 4.906541407108306885e-01 7.342652678489685059e-01 7.986036539077758789e-01 6.577607393264770508e-01 8.394298702478408813e-02 6.436107158660888672e-01 5.969567298889160156e-01
1.601126641035079956e-01 3.994469940662384033e-01 1.940048187971115112e-01 4.304557442665100098e-01 3.386143743991851807e-01 3.793932497501373291e-01 5.580686926841735840e-01 1.108271628618240356e-01 3.801032602787017822e-01 5.146064162254333496e-01
2.406610250473022461e-01 1.583938747644424438e-01 9.048202633857727051e-02 6.607548594474792480e-01 3.570120632648468018e-01 7.052423357963562012e-01 5.580686926841735840e-01 7.128880620002746582e-01 5.610101819038391113e-01 5.113099813461303711e-01
4.100085794925689697e-01 8.021766692399978638e-02 1.373776495456695557e-01 4.906541407108306885e-01 6.479991078376770020e-01 8.094888329505920410e-01 6.577607393264770508e-01 6.749908924102783203e-01 5.573288798332214355e-01 7.754123806953430176e-01
5.082692503929138184e-01 3.121399879455566406e-01 1.984943151473999023e-01 4.906541407108306885e-01 6.479991078376770020e-01 7.805374860763549805e-01 6.577607393264770508e-01 4.156487584114074707e-01 3.215405046939849854e-01 8.417560458183288574e-01
3.530432283878326416e-01 6.755777001380920410e-01 8.193879127502441406e-01 4.906541407108306885e-01 6.643294095993041992e-01 6.052807569503784180e-01 6.577607393264770508e-01 5.292975902557373047e-01 3.069126605987548828e-01 3.134926259517669678e-01
3.530432283878326416e-01 6.896287947893142700e-02 6.933503150939941406e-01 4.906541407108306885e-01 3.594408035278320312e-01 7.790938615798950195e-01 3.050166964530944824e-01 2.955829203128814697e-01 5.610101819038391113e-01 2.668925225734710693e-01
1.601126641035079956e-01 2.748275995254516602e-01 1.723438650369644165e-01 4.906541407108306885e-01 3.594408035278320312e-01 4.521978199481964111e-01 5.580686926841735840e-01 5.050608515739440918e-01 5.610101819038391113e-01 9.638271480798721313e-02
4.775901436805725098e-01 3.232989907264709473e-01 5.581191778182983398e-01 4.906541407108306885e-01 6.001726388931274414e-01 9.213527441024780273e-01 6.577607393264770508e-01 1.852252334356307983e-01 3.215405046939849854e-01 2.665702104568481445e-01
3.530432283878326416e-01 1.524830907583236694e-01 9.538488835096359253e-02 4.906541407108306885e-01 3.594408035278320312e-01 5.326921939849853516e-01 3.050166964530944824e-01 4.274327158927917480e-01 5.610101819038391113e-01 3.147119581699371338e-01
5.501547455787658691e-01 6.339248418807983398e-01 6.663693189620971680e-01 4.906541407108306885e-01 2.721168696880340576e-01 5.731775164604187012e-01 5.580686926841735840e-01 1.744516342878341675e-01 3.718641400337219238e-01 1.760121881961822510e-01
3.530432283878326416e-01 3.958497196435928345e-02 2.669720947742462158e-01 4.906541407108306885e-01 4.148277938365936279e-01 5.196061730384826660e-01 6.577607393264770508e-01 7.903815060853958130e-02 5.610101819038391113e-01 3.067011237144470215e-01
4.533365368843078613e-01 9.420038014650344849e-02 5.779767036437988281e-01 4.906541407108306885e-01 3.478038907051086426e-01 8.745858073234558105e-01 6.577607393264770508e-01 8.223196864128112793e-01 4.994533061981201172e-01 6.741992831230163574e-01
2.420632988214492798e-01 5.756362527608871460e-02 2.716957330703735352e-01 4.906541407108306885e-01 6.026343703269958496e-01 2.952200174331665039e-01 5.320656895637512207e-01 4.927269369363784790e-02 2.623061835765838623e-01 3.498651087284088135e-01
5.762286782264709473e-01 6.291311979293823242e-01 9.239853620529174805e-01 6.607548594474792480e-01 7.303223609924316406e-01 5.403823256492614746e-01 4.177052080631256104e-01 4.117212593555450439e-01 8.457298874855041504e-01 9.959555864334106445e-01
4.470224678516387939e-01 6.352825164794921875e-01 7.171803116798400879e-01 3.837451040744781494e-01 3.565511107444763184e-01 2.244702130556106567e-01 4.534706771373748779e-01 7.964536547660827637e-01 5.610101819038391113e-01 8.701353073120117188e-01
6.303427815437316895e-01 9.284447431564331055e-01 9.901319742202758789e-01 3.837451040744781494e-01 6.706841588020324707e-01 6.664832830429077148e-01 4.177052080631256104e-01 5.246359109878540039e-01 3.718641400337219238e-01 7.852062582969665527e-01
6.305499076843261719e-01 6.476359367370605469e-01 2.001660317182540894e-01 4.906541407108306885e-01 4.686554968357086182e-01 5.627734661102294922e-01 4.534706771373748779e-01 9.338424801826477051e-01 5.610101819038391113e-01 7.000349760055541992e-01
4.800370931625366211e-01 1.764306724071502686e-01 9.379927515983581543e-01 5.986860394477844238e-01 5.863476395606994629e-01 7.426019310951232910e-01 6.577607393264770508e-01 9.616105556488037109e-01 5.610101819038391113e-01 7.950086593627929688e-01
3.530432283878326416e-01 3.203773498535156250e-01 5.879998207092285156e-01 4.906541407108306885e-01 5.417397618293762207e-01 5.020733475685119629e-01 5.580686926841735840e-01 3.462711274623870850e-01 3.718641400337219238e-01 4.102759063243865967e-01
4.775901436805725098e-01 5.665353313088417053e-02 2.094122469425201416e-01 4.906541407108306885e-01 7.768635153770446777e-01 3.291521370410919189e-01 5.320656895637512207e-01 5.345630645751953125e-01 5.922976136207580566e-01 5.893896222114562988e-01
3.857043385505676270e-01 7.606785744428634644e-02 8.796949386596679688e-01 4.906541407108306885e-01 5.989112257957458496e-01 7.007819414138793945e-01 5.580686926841735840e-01 8.923926949501037598e-01 7.230265736579895020e-01 5.858446955680847168e-01
1.941464245319366455e-01 6.885581016540527344e-01 4.202363267540931702e-02 4.906541407108306885e-01 1.596361249685287476e-01 7.790938615798950195e-01 3.050166964530944824e-01 8.469096422195434570e-01 7.285410165786743164e-01 7.141796350479125977e-01
4.775901436805725098e-01 7.431082725524902344e-01 9.130965471267700195e-01 7.424094676971435547e-01 4.850719869136810303e-01 5.777456760406494141e-01 6.577607393264770508e-01 3.283349797129631042e-02 3.801032602787017822e-01 7.529805302619934082e-01
6.303427815437316895e-01 1.793437600135803223e-01 8.394258022308349609e-01 4.906541407108306885e-01 6.336005926132202148e-01 6.276683807373046875e-01 6.577607393264770508e-01 8.666281104087829590e-01 5.610101819038391113e-01 7.935904264450073242e-01
4.800370931625366211e-01 6.903666853904724121e-01 4.888426363468170166e-01 7.424094676971435547e-01 2.721168696880340576e-01 6.023108959197998047e-01 6.577607393264770508e-01 4.763863980770111084e-01 3.801032602787017822e-01 5.985368490219116211e-01
5.907037854194641113e-01 4.127425551414489746e-01 9.777169227600097656e-01 4.906541407108306885e-01 5.966327190399169922e-01 7.426019310951232910e-01 3.050166964530944824e-01 9.168791174888610840e-01 5.610101819038391113e-01 7.190768122673034668e-01
3.334807455539703369e-01 2.872538566589355469e-01 3.422659933567047119e-01 7.424094676971435547e-01 3.567790091037750244e-01 6.720942258834838867e-01 6.577607393264770508e-01 2.715152800083160400e-01 7.531422972679138184e-01 8.848939090967178345e-02
5.907037854194641113e-01 7.770979404449462891e-01 5.143564939498901367e-01 7.424094676971435547e-01 6.859912276268005371e-01 5.739683508872985840e-01 6.577607393264770508e-01 2.345458716154098511e-01 2.169365882873535156e-01 2.426141053438186646e-01
2.420632988214492798e-01 2.005904018878936768e-01 2.370914369821548462e-01 7.424094676971435547e-01 2.721168696880340576e-01 3.865958452224731445e-01 6.577607393264770508e-01 1.799895763397216797e-01 3.616716563701629639e-01 8.595689386129379272e-02
6.821967959403991699e-01 9.248992800712585449e-01 9.431709051132202148e-01 7.424094676971435547e-01 5.404368638992309570e-01 2.653796970844268799e-01 6.577607393264770508e-01 8.573339581489562988e-01 7.230265736579895020e-01 4.997070431709289551e-01
6.305499076843261719e-01 4.035357013344764709e-02 7.958466559648513794e-02 4.906541407108306885e-01 6.992728710174560547e-01 3.672367334365844727e-01 6.577607393264770508e-01 3.957035541534423828e-01 3.718641400337219238e-01 3.132703304290771484e-01
4.775901436805725098e-01 2.669250071048736572e-01 8.109282255172729492e-01 6.607548594474792480e-01 6.460310816764831543e-01 3.225829005241394043e-01 5.320656895637512207e-01 8.657317161560058594e-01 6.867536306381225586e-01 6.993690133094787598e-01
2.968349456787109375e-01 4.235948324203491211e-01 1.020814552903175354e-01 4.906541407108306885e-01 4.381047785282135010e-01 3.100012540817260742e-01 6.577607393264770508e-01 6.181093454360961914e-01 3.383790552616119385e-01 3.740426898002624512e-01
4.470224678516387939e-01 4.858069717884063721e-01 7.664505243301391602e-01 5.986860394477844238e-01 4.649794101715087891e-01 1.711832880973815918e-01 6.577607393264770508e-01 2.183769047260284424e-01 5.610101819038391113e-01 8.884094357490539551e-01
3.856841325759887695e-01 2.785266041755676270e-01 6.475812196731567383e-01 4.304557442665100098e-01 3.369398117065429688e-01 1.088967323303222656e-01 3.050166964530944824e-01 6.950175166130065918e-01 3.765906393527984619e-01 9.243591427803039551e-01
2.011346369981765747e-01 7.601653933525085449e-01 8.911172747611999512e-01 4.906541407108306885e-01 7.473067641258239746e-01 3.123161792755126953e-01 4.177052080631256104e-01 4.332844913005828857e-01 7.230265736579895020e-01 6.554477214813232422e-01
4.775901436805725098e-01 4.032344222068786621e-01 4.837142825126647949e-01 4.906541407108306885e-01 7.342652678489685059e-01 5.320832729339599609e-01 4.177052080631256104e-01 7.869504094123840332e-01 4.766928553581237793e-01 7.850126922130584717e-02
4.775901436805725098e-01 1.477372497320175171e-01 2.234472334384918213e-01 4.906541407108306885e-01 8.432621955871582031e-01 3.315637409687042236e-01 4.199278056621551514e-01 9.608919173479080200e-02 2.982948124408721924e-01 5.691609978675842285e-01
1.601126641035079956e-01 2.904209792613983154e-01 5.635515451431274414e-01 4.906541407108306885e-01 1.596361249685287476e-01 7.052423357963562012e-01 5.320656895637512207e-01 7.229970097541809082e-01 5.610101819038391113e-01 1.426612436771392822e-01
5.606662631034851074e-01 7.158558964729309082e-01 4.341627061367034912e-01 4.906541407108306885e-01 6.456786394119262695e-01 4.293068051338195801e-01 4.177052080631256104e-01 3.525330722332000732e-01 5.610101819038391113e-01 6.364486813545227051e-01
6.952295899391174316e-01 4.168210923671722412e-01 1.679251939058303833e-01 4.906541407108306885e-01 2.954761981964111328e-01 4.293068051338195801e-01 5.320656895637512207e-01 1.199455782771110535e-01 5.610101819038391113e-01 7.798010706901550293e-01
3.220448195934295654e-01 3.394427597522735596e-01 2.033620141446590424e-02 4.906541407108306885e-01 7.030825614929199219e-01 6.067523956298828125e-01 5.320656895637512207e-01 1.274223923683166504e-01 6.436107158660888672e-01 8.180068731307983398e-01
4.523302912712097168e-01 8.687130212783813477e-01 2.362076938152313232e-02 4.906541407108306885e-01 6.552028656005859375e-01 4.687290191650390625e-01 5.320656895637512207e-01 1.260679066181182861e-01 5.610101819038391113e-01 7.609384059906005859e-01
2.497027516365051270e-01 6.629910469055175781e-01 7.906203866004943848e-01 4.906541407108306885e-01 1.824269890785217285e-01 4.495528340339660645e-01 4.177052080631256104e-01 2.845187187194824219e-01 3.718641400337219238e-01 6.834905147552490234e-01
4.523302912712097168e-01 3.175770938396453857e-01 3.912786543369293213e-01 4.906541407108306885e-01 4.515881836414337158e-01 3.832008242607116699e-01 5.320656895637512207e-01 1.644050329923629761e-01 4.957197904586791992e-01 2.864946126937866211e-01
2.406610250473022461e-01 2.570793777704238892e-02 2.130139321088790894e-01 4.906541407108306885e-01 2.804811000823974609e-01 3.743861615657806396e-01 5.320656895637512207e-01 2.017717808485031128e-01 5.886862874031066895e-01 1.201929152011871338e-01
5.762286782264709473e-01 1.398421674966812134e-01 6.835283637046813965e-01 4.906541407108306885e-01 6.859552860260009766e-01 1.534890979528427124e-01 4.177052080631256104e-01 5.744233131408691406e-01 5.328478217124938965e-01 3.361349180340766907e-02
4.219695627689361572e-01 8.437800407409667969e-02 4.136869311332702637e-01 4.906541407108306885e-01 2.559281289577484131e-01 4.104647040367126465e-01 4.177052080631256104e-01 9.556141495704650879e-02 5.922976136207580566e-01 4.372408688068389893e-01
4.775901436805725098e-01 8.881222605705261230e-01 6.217306852340698242e-01 4.906541407108306885e-01 1.824269890785217285e-01 6.797558069229125977e-01 6.577607393264770508e-01 6.944461464881896973e-01 2.042754739522933960e-01 9.841072559356689453e-01
5.762286782264709473e-01 9.520093798637390137e-01 2.023335397243499756e-01 4.906541407108306885e-01 4.474653005599975586e-01 6.377711892127990723e-01 5.580686926841735840e-01 6.018250584602355957e-01 5.573288798332214355e-01 4.148492217063903809e-01
4.625883102416992188e-01 7.114062905311584473e-01 2.804882228374481201e-01 4.906541407108306885e-01 4.769909083843231201e-01 3.756501078605651855e-01 6.577607393264770508e-01 1.161781772971153259e-01 4.766928553581237793e-01 8.418682813644409180e-01
4.627904295921325684e-01 1.163334026932716370e-01 1.262924224138259888e-01 4.304557442665100098e-01 3.272698521614074707e-01 4.805741310119628906e-01 3.050166964530944824e-01 3.802693188190460205e-01 5.573288798332214355e-01 8.144975304603576660e-01
2.420632988214492798e-01 4.017992019653320312e-01 5.750105977058410645e-01 4.906541407108306885e-01 3.621266484260559082e-01 3.949424326419830322e-01 5.320656895637512207e-01 8.290259242057800293e-01 6.436107158660888672e-01 9.492493867874145508e-01
5.606662631034851074e-01 7.511243820190429688e-01 7.744348049163818359e-01 4.906541407108306885e-01 5.107832551002502441e-01 4.482048749923706055e-01 5.320656895637512207e-01 4.829010367393493652e-01 4.766928553581237793e-01 8.295989036560058594e-01
4.881709218025207520e-01 7.124429345130920410e-01 4.573730751872062683e-02 4.906541407108306885e-01 7.888569235801696777e-01 3.271245658397674561e-01 5.320656895637512207e-01 1.399771571159362793e-01 5.610101819038391113e-01 1.256972104310989380e-01
4.627904295921325684e-01 7.614169716835021973e-01 8.803056925535202026e-02 4.906541407108306885e-01 3.272698521614074707e-01 7.119197249412536621e-01 5.320656895637512207e-01 6.976957321166992188e-01 5.610101819038391113e-01 9.881419539451599121e-01
4.625883102416992188e-01 2.273159623146057129e-01 6.898854374885559082e-01 4.906541407108306885e-01 4.587811529636383057e-01 6.335232853889465332e-01 4.534706771373748779e-01 9.476359486579895020e-01 4.766928553581237793e-01 7.698481678962707520e-01
5.907037854194641113e-01 4.315497875213623047e-01 4.832818806171417236e-01 4.906541407108306885e-01 5.502396225929260254e-01 2.041967362165451050e-01 6.577607393264770508e-01 4.598201811313629150e-01 3.383790552616119385e-01 7.555503249168395996e-01
4.627904295921325684e-01 1.513338088989257812e-01 9.079196453094482422e-01 4.906541407108306885e-01 7.342652678489685059e-01 5.240001082420349121e-01 5.320656895637512207e-01 7.800571322441101074e-01 5.922976136207580566e-01 4.021488428115844727e-01
5.606662631034851074e-01 1.784359514713287354e-01 5.157642960548400879e-01 4.906541407108306885e-01 3.629235327243804932e-01 4.293068051338195801e-01 5.580686926841735840e-01 6.309892535209655762e-01 5.610101819038391113e-01 8.341464400291442871e-01
4.100085794925689697e-01 2.639499008655548096e-01 9.286100976169109344e-03 4.906541407108306885e-01 2.721168696880340576e-01 6.859307289123535156e-01 5.320656895637512207e-01 3.593210503458976746e-02 6.436107158660888672e-01 5.812654271721839905e-02
4.627904295921325684e-01 7.292133569717407227e-01 4.620222002267837524e-02 4.906541407108306885e-01 6.429163813591003418e-01 5.731775164604187012e-01 4.534706771373748779e-01 5.587907433509826660e-01 5.610101819038391113e-01 8.470319509506225586e-01
5.135555267333984375e-01 9.022191166877746582e-01 6.184696555137634277e-01 6.607548594474792480e-01 5.681780576705932617e-01 4.806270003318786621e-01 5.320656895637512207e-01 7.969504594802856445e-01 6.436107158660888672e-01 6.511294245719909668e-01
6.821967959403991699e-01 7.740372419357299805e-01 3.606234490871429443e-01 4.906541407108306885e-01 5.171180367469787598e-01 5.404640436172485352e-01 5.320656895637512207e-01 5.229914188385009766e-01 3.215405046939849854e-01 6.731772422790527344e-01
2.202157229185104370e-01 6.066783070564270020e-01 5.946515798568725586e-01 4.906541407108306885e-01 8.098631501197814941e-01 5.608944296836853027e-01 5.320656895637512207e-01 2.710009217262268066e-01 7.386926412582397461e-01 5.022096261382102966e-02
5.907037854194641113e-01 7.821896076202392578e-01 4.219900965690612793e-01 4.906541407108306885e-01 6.243383884429931641e-01 6.807296872138977051e-01 4.534706771373748779e-01 1.092375218868255615e-01 5.610101819038391113e-01 3.031003475189208984e-01
5.907037854194641113e-01 1.017841100692749023e-01 7.891364693641662598e-01 4.906541407108306885e-01 8.334843516349792480e-01 6.916072964668273926e-02 5.320656895637512207e-01 4.883856773376464844e-01 4.415836930274963379e-01 4.395543336868286133e-01
4.395733177661895752e-01 5.181244015693664551e-02 2.513408362865447998e-01 4.906541407108306885e-01 2.883883118629455566e-01 4.825205504894256592e-01 4.177052080631256104e-01 3.104517795145511627e-02 4.415836930274963379e-01 4.251736029982566833e-02
7.291398644447326660e-01 6.818194389343261719e-01 1.317586600780487061e-01 4.906541407108306885e-01 5.502396225929260254e-01 9.074575304985046387e-01 6.577607393264770508e-01 5.994955897331237793e-01 3.683824241161346436e-01 3.540894389152526855e-01
4.775901436805725098e-01 2.680385112762451172e-01 5.797550678253173828e-01 4.906541407108306885e-01 6.655957698822021484e-01 5.097127556800842285e-01 5.320656895637512207e-01 3.047972619533538818e-01 5.610101819038391113e-01 6.136793494224548340e-01
3.530432283878326416e-01 5.138738751411437988e-01 7.525138854980468750e-01 4.906541407108306885e-01 2.593884468078613281e-01 9.208133816719055176e-01 4.177052080631256104e-01 5.407662391662597656e-01 5.610101819038391113e-01 8.438957929611206055e-01
2.012653201818466187e-01 1.347589641809463501e-01 7.975758314132690430e-01 4.906541407108306885e-01 3.046058118343353271e-01 6.335819363594055176e-01 4.177052080631256104e-01 2.744616568088531494e-01 5.610101819038391113e-01 4.991700053215026855e-01
4.219695627689361572e-01 6.542094349861145020e-01 1.731936186552047729e-01 4.906541407108306885e-01 1.955070793628692627e-01 7.499772310256958008e-01 4.177052080631256104e-01 5.514802336692810059e-01 5.610101819038391113e-01 4.252347648143768311e-01
6.821967959403991699e-01 7.272635102272033691e-01 8.102785348892211914e-01 4.906541407108306885e-01 7.580188512802124023e-01 8.007724881172180176e-01 5.320656895637512207e-01 3.296084403991699219e-01 5.610101819038391113e-01 7.087515592575073242e-01
6.821967959403991699e-01 8.663471341133117676e-01 3.692249655723571777e-01 4.906541407108306885e-01 6.657853126525878906e-01 5.233030319213867188e-01 5.320656895637512207e-01 5.366284251213073730e-01 6.176356077194213867e-01 8.057222366333007812e-01
5.606662631034851074e-01 1.259750127792358398e-01 3.319872915744781494e-01 4.906541407108306885e-01 6.336005926132202148e-01 5.600727796554565430e-01 6.577607393264770508e-01 5.616891384124755859e-01 5.610101819038391113e-01 5.040641427040100098e-01
6.821967959403991699e-01 4.744457006454467773e-01 7.156128436326980591e-02 4.906541407108306885e-01 4.769909083843231201e-01 5.662050843238830566e-01 6.577607393264770508e-01 2.984610795974731445e-01 3.616716563701629639e-01 3.419465199112892151e-02
5.606662631034851074e-01 7.451419234275817871e-01 9.921795129776000977e-01 4.906541407108306885e-01 4.252326190471649170e-01 5.321773290634155273e-01 4.177052080631256104e-01 9.477090835571289062e-01 5.610101819038391113e-01 5.529041290283203125e-01
2.012653201818466187e-01 3.186112046241760254e-01 8.919198513031005859e-01 4.906541407108306885e-01 4.831115007400512695e-01 4.594486057758331299e-01 4.177052080631256104e-01 7.315418124198913574e-01 5.610101819038391113e-01 8.486512899398803711e-01
2.497027516365051270e-01 2.776759862899780273e-01 9.398775100708007812e-01 4.906541407108306885e-01 4.830697774887084961e-01 3.664415180683135986e-01 4.177052080631256104e-01 8.493089079856872559e-01 5.610101819038391113e-01 7.304320931434631348e-01
6.821967959403991699e-01 3.007368743419647217e-01 8.131872415542602539e-01 4.906541407108306885e-01 7.473067641258239746e-01 6.977283954620361328e-01 5.320656895637512207e-01 8.078325986862182617e-01 5.769258141517639160e-01 2.673282921314239502e-01
5.907037854194641113e-01 1.660530716180801392e-01 7.537113875150680542e-02 4.906541407108306885e-01 6.336005926132202148e-01 5.404640436172485352e-01 5.320656895637512207e-01 5.483087897300720215e-01 5.626717209815979004e-01 2.434923648834228516e-01
4.800370931625366211e-01 6.396988034248352051e-01 2.348337769508361816e-01 4.906541407108306885e-01 5.453569889068603516e-01 4.106233417987823486e-01 5.320656895637512207e-01 4.759295284748077393e-01 3.215405046939849854e-01 3.180678486824035645e-01
3.579646944999694824e-01 3.334453105926513672e-01 1.799378991127014160e-01 4.906541407108306885e-01 6.859912276268005371e-01 4.312133789062500000e-01 4.177052080631256104e-01 7.144024372100830078e-01 5.610101819038391113e-01 8.485813140869140625e-01
3.334807455539703369e-01 5.375004410743713379e-01 4.159082472324371338e-01 4.906541407108306885e-01 4.252326190471649170e-01 3.026615977287292480e-01 4.177052080631256104e-01 3.460260331630706787e-01 3.718641400337219238e-01 2.179899662733078003e-01
6.109353303909301758e-01 4.092870354652404785e-01 1.673555672168731689e-01 4.906541407108306885e-01 4.587811529636383057e-01 4.594486057758331299e-01 5.580686926841735840e-01 5.651273727416992188e-01 3.215405046939849854e-01 2.529989741742610931e-02
6.821967959403991699e-01 6.244421601295471191e-01 7.765443325042724609e-01 4.906541407108306885e-01 5.927455425262451172e-01 4.416590631008148193e-01 5.320656895637512207e-01 3.707500100135803223e-01 3.069126605987548828e-01 1.540260761976242065e-01
6.821967959403991699e-01 8.569987416267395020e-01 8.858371973037719727e-01 4.906541407108306885e-01 7.473067641258239746e-01 6.313565969467163086e-01 5.320656895637512207e-01 8.455643653869628906e-01 7.230265736579895020e-01 7.937468290328979492e-01
7.799512147903442383e-01 8.700227737426757812e-01 9.658656269311904907e-02 4.906541407108306885e-01 5.710964798927307129e-01 5.947356820106506348e-01 6.577607393264770508e-01 1.145047247409820557e-01 5.328478217124938965e-01 5.876001119613647461e-01
4.775901436805725098e-01 8.342789411544799805e-01 5.098128914833068848e-01 4.906541407108306885e-01 3.594408035278320312e-01 1.331007629632949829e-01 6.577607393264770508e-01 3.639459908008575439e-01 5.610101819038391113e-01 3.225919008255004883e-01
4.100085794925689697e-01 2.940453886985778809e-01 1.404396891593933105e-01 4.906541407108306885e-01 2.721168696880340576e-01 4.038397669792175293e-01 4.177052080631256104e-01 6.302824616432189941e-02 2.681109309196472168e-01 3.026781380176544189e-01
1.601126641035079956e-01 9.648387879133224487e-02 7.332265377044677734e-01 4.906541407108306885e-01 1.935110092163085938e-01 1.288806945085525513e-01 3.050166964530944824e-01 8.509339094161987305e-01 2.681109309196472168e-01 6.179146841168403625e-02
4.775901436805725098e-01 8.112662434577941895e-01 6.447521448135375977e-01 4.906541407108306885e-01 5.681780576705932617e-01 6.180514097213745117e-01 3.050166964530944824e-01 8.769783377647399902e-01 4.415836930274963379e-01 8.491822481155395508e-01
6.918552517890930176e-01 1.238255128264427185e-01 5.410633608698844910e-02 4.906541407108306885e-01 6.802679300308227539e-01 6.808457970619201660e-01 4.177052080631256104e-01 5.657681226730346680e-01 5.610101819038391113e-01 3.104369640350341797e-01
3.530432283878326416e-01 4.284507334232330322e-01 3.382394611835479736e-01 4.906541407108306885e-01 4.252326190471649170e-01 5.763603448867797852e-01 5.320656895637512207e-01 4.746451079845428467e-01 2.150764316320419312e-01 6.022276282310485840e-01
4.881709218025207520e-01 7.100638151168823242e-01 5.289141535758972168e-01 6.607548594474792480e-01 4.252326190471649170e-01 6.030172705650329590e-01 5.320656895637512207e-01 4.446587264537811279e-01 5.328478217124938965e-01 5.896230936050415039e-01
