4.486225247383117676e-01 4.262073040008544922e-01 2.280110269784927368e-01 3.197715878486633301e-01 5.596290826797485352e-01 4.897608458995819092e-01 7.035716176033020020e-01 3.527700006961822510e-01 1.130189746618270874e-01 3.898394107818603516e-01
6.645039319992065430e-01 6.441115736961364746e-01 2.280110269784927368e-01 4.005169570446014404e-01 5.596290826797485352e-01 4.897608458995819092e-01 4.473657011985778809e-01 4.398057162761688232e-01 1.130189746618270874e-01 4.279659986495971680e-01
6.700941920280456543e-01 6.441115736961364746e-01 4.596095681190490723e-01 5.215518474578857422e-01 8.183700442314147949e-01 4.897608458995819092e-01 7.035716176033020020e-01 4.667192995548248291e-01 3.558803796768188477e-01 5.662711262702941895e-01
8.277655243873596191e-01 4.262073040008544922e-01 2.280110269784927368e-01 4.005169570446014404e-01 5.596290826797485352e-01 4.897608458995819092e-01 4.473657011985778809e-01 4.398057162761688232e-01 1.130189746618270874e-01 4.279659986495971680e-01
8.054065704345703125e-01 4.262073040008544922e-01 2.280110269784927368e-01 4.005169570446014404e-01 5.596290826797485352e-01 4.897608458995819092e-01 4.473657011985778809e-01 4.398057162761688232e-01 1.130189746618270874e-01 4.279659986495971680e-01
4.269780516624450684e-01 4.262073040008544922e-01 2.280110269784927368e-01 3.197715878486633301e-01 2.237837165594100952e-01 4.897608458995819092e-01 7.035716176033020020e-01 3.527700006961822510e-01 2.054431289434432983e-01 5.662711262702941895e-01
3.728513792157173157e-02 4.262073040008544922e-01 4.596095681190490723e-01 5.215518474578857422e-01 5.054836273193359375e-01 5.003749132156372070e-01 7.035716176033020020e-01 4.667192995548248291e-01 1.677719205617904663e-01 3.898394107818603516e-01
9.083557128906250000e-01 4.262073040008544922e-01 4.596095681190490723e-01 5.215518474578857422e-01 5.054836273193359375e-01 4.897608458995819092e-01 7.035716176033020020e-01 6.574249863624572754e-01 3.234515786170959473e-01 5.641579031944274902e-01
3.098845183849334717e-01 4.262073040008544922e-01 4.596095681190490723e-01 4.005169570446014404e-01 3.687360286712646484e-01 3.678308129310607910e-01 4.473657011985778809e-01 4.398057162761688232e-01 1.485314369201660156e-01 4.279659986495971680e-01
2.727637588977813721e-01 4.262073040008544922e-01 4.596095681190490723e-01 7.060260772705078125e-01 5.054836273193359375e-01 3.678308129310607910e-01 7.035716176033020020e-01 6.574249863624572754e-01 1.485314369201660156e-01 5.641579031944274902e-01
1.326485574245452881e-01 4.262073040008544922e-01 4.596095681190490723e-01 2.700624763965606689e-01 6.904659867286682129e-01 3.678308129310607910e-01 4.473657011985778809e-01 4.398057162761688232e-01 1.485314369201660156e-01 4.279659986495971680e-01
2.976245880126953125e-01 4.262073040008544922e-01 4.596095681190490723e-01 4.922729730606079102e-01 6.904659867286682129e-01 6.213575601577758789e-01 4.473657011985778809e-01 4.398057162761688232e-01 1.485314369201660156e-01 4.279659986495971680e-01
2.976245880126953125e-01 4.262073040008544922e-01 4.596095681190490723e-01 4.922729730606079102e-01 6.904659867286682129e-01 6.213575601577758789e-01 4.473657011985778809e-01 4.398057162761688232e-01 2.979579865932464600e-01 4.279659986495971680e-01
1.389284580945968628e-01 4.262073040008544922e-01 4.596095681190490723e-01 2.700624763965606689e-01 3.890112042427062988e-01 3.678308129310607910e-01 4.473657011985778809e-01 4.398057162761688232e-01 3.290740251541137695e-01 4.279659986495971680e-01
1.389284580945968628e-01 3.320278525352478027e-01 4.596095681190490723e-01 2.700624763965606689e-01 2.644995152950286865e-01 3.678308129310607910e-01 4.473657011985778809e-01 4.398057162761688232e-01 2.979579865932464600e-01 4.279659986495971680e-01
1.389284580945968628e-01 3.320278525352478027e-01 4.596095681190490723e-01 2.700624763965606689e-01 3.890112042427062988e-01 3.678308129310607910e-01 4.473657011985778809e-01 4.398057162761688232e-01 2.979579865932464600e-01 4.279659986495971680e-01
5.128758773207664490e-02 4.262073040008544922e-01 4.596095681190490723e-01 5.215518474578857422e-01 5.054836273193359375e-01 5.003749132156372070e-01 4.387734234333038330e-01 4.667192995548248291e-01 3.290740251541137695e-01 7.480037212371826172e-01
9.192752838134765625e-02 4.262073040008544922e-01 4.596095681190490723e-01 5.215518474578857422e-01 2.607296109199523926e-01 6.845213174819946289e-01 4.387734234333038330e-01 4.667192995548248291e-01 2.979579865932464600e-01 7.480037212371826172e-01
9.192752838134765625e-02 4.262073040008544922e-01 4.596095681190490723e-01 5.215518474578857422e-01 2.607296109199523926e-01 6.845213174819946289e-01 7.035716176033020020e-01 4.667192995548248291e-01 2.979579865932464600e-01 7.480037212371826172e-01
1.152462959289550781e-01 4.262073040008544922e-01 4.596095681190490723e-01 7.060260772705078125e-01 2.607296109199523926e-01 6.845213174819946289e-01 4.387734234333038330e-01 4.667192995548248291e-01 4.833278954029083252e-01 7.480037212371826172e-01
1.964505314826965332e-01 4.262073040008544922e-01 4.596095681190490723e-01 5.215518474578857422e-01 4.357572793960571289e-01 6.845213174819946289e-01 7.035716176033020020e-01 6.574249863624572754e-01 3.290740251541137695e-01 7.480037212371826172e-01
3.694795072078704834e-01 4.262073040008544922e-01 4.596095681190490723e-01 5.215518474578857422e-01 3.593664765357971191e-01 6.845213174819946289e-01 7.035716176033020020e-01 6.574249863624572754e-01 4.833278954029083252e-01 7.480037212371826172e-01
3.532631993293762207e-01 4.262073040008544922e-01 4.596095681190490723e-01 5.215518474578857422e-01 2.607296109199523926e-01 6.845213174819946289e-01 7.035716176033020020e-01 4.667192995548248291e-01 4.833278954029083252e-01 5.662711262702941895e-01
9.300591796636581421e-02 4.262073040008544922e-01 4.596095681190490723e-01 5.215518474578857422e-01 7.359744906425476074e-01 5.576413273811340332e-01 7.035716176033020020e-01 6.574249863624572754e-01 3.290740251541137695e-01 5.641579031944274902e-01
4.216339290142059326e-01 4.262073040008544922e-01 4.596095681190490723e-01 5.215518474578857422e-01 7.359744906425476074e-01 5.576413273811340332e-01 7.035716176033020020e-01 6.574249863624572754e-01 2.979579865932464600e-01 5.641579031944274902e-01
4.307109415531158447e-01 6.441115736961364746e-01 4.596095681190490723e-01 2.700624763965606689e-01 4.330454468727111816e-01 5.576413273811340332e-01 3.012749850749969482e-01 2.768791019916534424e-01 3.290740251541137695e-01 4.279659986495971680e-01
4.737796485424041748e-01 6.441115736961364746e-01 4.596095681190490723e-01 2.700624763965606689e-01 4.330454468727111816e-01 4.366725981235504150e-01 4.473657011985778809e-01 4.398057162761688232e-01 3.290740251541137695e-01 4.279659986495971680e-01
5.399649143218994141e-01 6.441115736961364746e-01 3.483787477016448975e-01 2.700624763965606689e-01 4.330454468727111816e-01 3.010808527469635010e-01 4.473657011985778809e-01 4.398057162761688232e-01 3.290740251541137695e-01 4.279659986495971680e-01
4.007068872451782227e-01 3.320278525352478027e-01 3.483787477016448975e-01 4.922729730606079102e-01 3.148289620876312256e-01 1.291840672492980957e-01 4.473657011985778809e-01 4.398057162761688232e-01 3.290740251541137695e-01 4.279659986495971680e-01
4.007068872451782227e-01 6.441115736961364746e-01 3.483787477016448975e-01 2.700624763965606689e-01 6.143350005149841309e-01 4.366725981235504150e-01 4.473657011985778809e-01 4.398057162761688232e-01 3.290740251541137695e-01 4.279659986495971680e-01
2.862313985824584961e-01 4.262073040008544922e-01 4.596095681190490723e-01 2.700624763965606689e-01 6.143350005149841309e-01 5.576413273811340332e-01 4.473657011985778809e-01 4.398057162761688232e-01 2.979579865932464600e-01 4.279659986495971680e-01
2.509138286113739014e-01 4.262073040008544922e-01 4.596095681190490723e-01 5.215518474578857422e-01 4.659221768379211426e-01 6.845213174819946289e-01 7.035716176033020020e-01 4.667192995548248291e-01 4.833278954029083252e-01 7.480037212371826172e-01
3.312065452337265015e-02 4.262073040008544922e-01 4.596095681190490723e-01 5.215518474578857422e-01 6.563921570777893066e-01 6.845213174819946289e-01 7.035716176033020020e-01 4.667192995548248291e-01 2.979579865932464600e-01 7.480037212371826172e-01
7.051072269678115845e-02 3.320278525352478027e-01 4.596095681190490723e-01 5.215518474578857422e-01 4.780765175819396973e-01 4.588181972503662109e-01 7.035716176033020020e-01 6.574249863624572754e-01 4.833278954029083252e-01 5.641579031944274902e-01
5.959685891866683960e-02 3.320278525352478027e-01 4.596095681190490723e-01 2.700624763965606689e-01 2.281882017850875854e-01 2.812579870223999023e-01 4.473657011985778809e-01 4.398057162761688232e-01 4.833278954029083252e-01 4.279659986495971680e-01
3.089958988130092621e-02 3.320278525352478027e-01 4.596095681190490723e-01 2.700624763965606689e-01 6.143350005149841309e-01 2.812579870223999023e-01 4.473657011985778809e-01 4.398057162761688232e-01 4.833278954029083252e-01 2.768800258636474609e-01
5.098136141896247864e-02 3.320278525352478027e-01 4.596095681190490723e-01 2.700624763965606689e-01 6.143350005149841309e-01 2.209401130676269531e-01 4.473657011985778809e-01 4.398057162761688232e-01 4.833278954029083252e-01 2.768800258636474609e-01
5.098136141896247864e-02 3.320278525352478027e-01 4.596095681190490723e-01 2.700624763965606689e-01 4.736070632934570312e-01 2.209401130676269531e-01 4.473657011985778809e-01 4.398057162761688232e-01 4.833278954029083252e-01 2.768800258636474609e-01
4.295063018798828125e-02 4.262073040008544922e-01 4.596095681190490723e-01 2.700624763965606689e-01 3.917206227779388428e-01 2.209401130676269531e-01 4.473657011985778809e-01 4.398057162761688232e-01 2.979579865932464600e-01 4.279659986495971680e-01
4.295063018798828125e-02 3.320278525352478027e-01 4.596095681190490723e-01 2.700624763965606689e-01 3.061931431293487549e-01 2.209401130676269531e-01 4.473657011985778809e-01 4.398057162761688232e-01 4.833278954029083252e-01 4.279659986495971680e-01
1.429449170827865601e-01 4.262073040008544922e-01 4.596095681190490723e-01 2.700624763965606689e-01 3.061931431293487549e-01 2.209401130676269531e-01 4.473657011985778809e-01 4.398057162761688232e-01 2.979579865932464600e-01 4.279659986495971680e-01
1.429449170827865601e-01 4.262073040008544922e-01 4.596095681190490723e-01 2.700624763965606689e-01 3.917206227779388428e-01 2.209401130676269531e-01 4.473657011985778809e-01 4.398057162761688232e-01 2.979579865932464600e-01 4.279659986495971680e-01
9.153774380683898926e-02 6.441115736961364746e-01 3.483787477016448975e-01 4.922729730606079102e-01 3.917206227779388428e-01 2.209401130676269531e-01 4.473657011985778809e-01 4.398057162761688232e-01 5.225343704223632812e-01 4.279659986495971680e-01
1.967738941311836243e-02 6.441115736961364746e-01 4.596095681190490723e-01 4.922729730606079102e-01 5.289863944053649902e-01 2.209401130676269531e-01 4.473657011985778809e-01 4.398057162761688232e-01 1.547770947217941284e-01 4.279659986495971680e-01
4.855030030012130737e-02 6.441115736961364746e-01 4.596095681190490723e-01 4.922729730606079102e-01 5.289863944053649902e-01 2.209401130676269531e-01 4.473657011985778809e-01 4.398057162761688232e-01 1.547770947217941284e-01 4.279659986495971680e-01
8.117266744375228882e-02 3.320278525352478027e-01 4.596095681190490723e-01 4.922729730606079102e-01 3.917206227779388428e-01 2.209401130676269531e-01 4.473657011985778809e-01 4.398057162761688232e-01 4.833278954029083252e-01 2.768800258636474609e-01
8.117266744375228882e-02 3.320278525352478027e-01 4.596095681190490723e-01 4.922729730606079102e-01 2.667203545570373535e-01 2.209401130676269531e-01 4.473657011985778809e-01 4.398057162761688232e-01 7.194021940231323242e-01 2.768800258636474609e-01
1.092422083020210266e-01 3.320278525352478027e-01 3.483787477016448975e-01 4.922729730606079102e-01 3.881333470344543457e-01 3.077143728733062744e-01 4.473657011985778809e-01 4.398057162761688232e-01 7.499620318412780762e-01 4.279659986495971680e-01
8.070378005504608154e-02 3.320278525352478027e-01 4.596095681190490723e-01 4.922729730606079102e-01 1.995324939489364624e-01 2.209401130676269531e-01 4.473657011985778809e-01 4.398057162761688232e-01 4.833278954029083252e-01 2.768800258636474609e-01
5.278212949633598328e-02 3.320278525352478027e-01 4.596095681190490723e-01 2.700624763965606689e-01 1.995324939489364624e-01 2.209401130676269531e-01 4.473657011985778809e-01 4.398057162761688232e-01 4.833278954029083252e-01 2.768800258636474609e-01
8.070378005504608154e-02 3.320278525352478027e-01 4.596095681190490723e-01 2.700624763965606689e-01 3.917206227779388428e-01 2.209401130676269531e-01 4.473657011985778809e-01 4.398057162761688232e-01 4.833278954029083252e-01 2.768800258636474609e-01
8.070378005504608154e-02 3.320278525352478027e-01 4.596095681190490723e-01 2.700624763965606689e-01 1.995324939489364624e-01 2.209401130676269531e-01 4.473657011985778809e-01 4.398057162761688232e-01 4.833278954029083252e-01 2.768800258636474609e-01
1.971503719687461853e-02 3.320278525352478027e-01 4.596095681190490723e-01 4.922729730606079102e-01 3.029989302158355713e-01 3.522872328758239746e-01 4.473657011985778809e-01 4.398057162761688232e-01 4.833278954029083252e-01 2.768800258636474609e-01
5.278212949633598328e-02 3.320278525352478027e-01 4.596095681190490723e-01 4.922729730606079102e-01 3.881333470344543457e-01 3.522872328758239746e-01 4.473657011985778809e-01 4.398057162761688232e-01 4.833278954029083252e-01 2.768800258636474609e-01
1.204790323972702026e-01 3.320278525352478027e-01 4.596095681190490723e-01 4.922729730606079102e-01 3.881333470344543457e-01 6.053596735000610352e-01 4.473657011985778809e-01 4.398057162761688232e-01 3.341658413410186768e-01 2.768800258636474609e-01
8.526172637939453125e-01 3.320278525352478027e-01 4.596095681190490723e-01 4.922729730606079102e-01 5.320615768432617188e-01 6.053596735000610352e-01 4.473657011985778809e-01 4.398057162761688232e-01 3.341658413410186768e-01 2.768800258636474609e-01
9.161774516105651855e-01 3.320278525352478027e-01 4.596095681190490723e-01 4.922729730606079102e-01 4.830562472343444824e-01 7.167545557022094727e-01 4.473657011985778809e-01 4.398057162761688232e-01 4.348073601722717285e-01 4.279659986495971680e-01
3.860214054584503174e-01 3.320278525352478027e-01 3.483787477016448975e-01 4.922729730606079102e-01 2.437618523836135864e-01 5.844190120697021484e-01 4.473657011985778809e-01 4.398057162761688232e-01 6.732617616653442383e-01 4.279659986495971680e-01
3.947046101093292236e-01 7.121850848197937012e-01 3.483787477016448975e-01 4.922729730606079102e-01 7.098230719566345215e-01 8.282589316368103027e-01 6.245924830436706543e-01 6.401455402374267578e-01 6.732617616653442383e-01 4.279659986495971680e-01
1.115093529224395752e-01 3.320278525352478027e-01 3.483787477016448975e-01 4.922729730606079102e-01 2.437618523836135864e-01 8.282589316368103027e-01 4.473657011985778809e-01 4.398057162761688232e-01 6.981452703475952148e-01 4.279659986495971680e-01
1.115093529224395752e-01 3.320278525352478027e-01 3.483787477016448975e-01 4.922729730606079102e-01 2.437618523836135864e-01 7.682455182075500488e-01 4.473657011985778809e-01 4.398057162761688232e-01 4.348073601722717285e-01 4.279659986495971680e-01
7.913286983966827393e-02 3.320278525352478027e-01 4.596095681190490723e-01 4.922729730606079102e-01 4.830562472343444824e-01 8.564250469207763672e-01 4.473657011985778809e-01 4.398057162761688232e-01 4.348073601722717285e-01 4.279659986495971680e-01
3.612197637557983398e-01 3.320278525352478027e-01 4.596095681190490723e-01 4.922729730606079102e-01 4.830562472343444824e-01 6.872598528861999512e-01 4.473657011985778809e-01 4.398057162761688232e-01 3.341658413410186768e-01 4.279659986495971680e-01
9.509778767824172974e-02 3.320278525352478027e-01 4.596095681190490723e-01 4.922729730606079102e-01 2.417147308588027954e-01 7.302489876747131348e-01 4.473657011985778809e-01 4.398057162761688232e-01 5.377207994461059570e-01 4.279659986495971680e-01
2.791486978530883789e-01 3.320278525352478027e-01 3.483787477016448975e-01 4.922729730606079102e-01 2.437618523836135864e-01 1.966096013784408569e-01 4.473657011985778809e-01 4.398057162761688232e-01 5.734241008758544922e-01 4.279659986495971680e-01
8.237094283103942871e-01 3.320278525352478027e-01 4.596095681190490723e-01 4.922729730606079102e-01 3.903851807117462158e-01 8.645229339599609375e-01 4.473657011985778809e-01 4.398057162761688232e-01 5.377207994461059570e-01 4.279659986495971680e-01
4.778441786766052246e-01 3.320278525352478027e-01 4.596095681190490723e-01 4.922729730606079102e-01 5.320615768432617188e-01 6.872598528861999512e-01 4.473657011985778809e-01 4.398057162761688232e-01 5.377207994461059570e-01 4.279659986495971680e-01
6.115592718124389648e-01 3.320278525352478027e-01 4.596095681190490723e-01 4.922729730606079102e-01 5.320615768432617188e-01 8.645229339599609375e-01 4.473657011985778809e-01 4.398057162761688232e-01 5.377207994461059570e-01 4.279659986495971680e-01
5.527312159538269043e-01 3.320278525352478027e-01 4.596095681190490723e-01 4.922729730606079102e-01 4.379539787769317627e-01 6.213575601577758789e-01 4.473657011985778809e-01 4.398057162761688232e-01 5.377207994461059570e-01 4.279659986495971680e-01
2.214877903461456299e-01 6.441115736961364746e-01 4.596095681190490723e-01 4.005169570446014404e-01 4.071313738822937012e-01 3.678308129310607910e-01 4.473657011985778809e-01 4.398057162761688232e-01 2.979579865932464600e-01 4.279659986495971680e-01
4.720053672790527344e-01 3.320278525352478027e-01 4.596095681190490723e-01 4.922729730606079102e-01 4.071313738822937012e-01 7.302489876747131348e-01 4.473657011985778809e-01 4.398057162761688232e-01 5.377207994461059570e-01 4.279659986495971680e-01
5.111281275749206543e-01 6.441115736961364746e-01 4.596095681190490723e-01 4.005169570446014404e-01 3.607615530490875244e-01 4.897608458995819092e-01 4.473657011985778809e-01 4.398057162761688232e-01 5.377207994461059570e-01 4.279659986495971680e-01
1.214613690972328186e-01 6.441115736961364746e-01 4.596095681190490723e-01 7.060260772705078125e-01 4.079565107822418213e-01 5.003749132156372070e-01 7.035716176033020020e-01 4.667192995548248291e-01 5.377207994461059570e-01 7.480037212371826172e-01
4.005819186568260193e-02 4.262073040008544922e-01 4.596095681190490723e-01 7.060260772705078125e-01 4.079565107822418213e-01 5.003749132156372070e-01 7.035716176033020020e-01 4.667192995548248291e-01 5.377207994461059570e-01 7.480037212371826172e-01
2.207329571247100830e-01 4.262073040008544922e-01 2.280110269784927368e-01 3.197715878486633301e-01 9.047358483076095581e-02 5.003749132156372070e-01 4.387734234333038330e-01 3.527700006961822510e-01 1.016198694705963135e-01 3.898394107818603516e-01
2.207329571247100830e-01 4.262073040008544922e-01 2.280110269784927368e-01 3.197715878486633301e-01 2.053090780973434448e-01 5.003749132156372070e-01 4.387734234333038330e-01 3.527700006961822510e-01 1.016198694705963135e-01 3.898394107818603516e-01
4.040051698684692383e-01 4.262073040008544922e-01 2.280110269784927368e-01 3.197715878486633301e-01 8.182537555694580078e-02 3.575579226016998291e-01 7.035716176033020020e-01 3.527700006961822510e-01 1.016198694705963135e-01 5.662711262702941895e-01
3.926789760589599609e-01 6.441115736961364746e-01 3.483787477016448975e-01 5.215518474578857422e-01 6.978960633277893066e-01 6.055021286010742188e-01 7.035716176033020020e-01 6.574249863624572754e-01 5.377207994461059570e-01 5.641579031944274902e-01
5.489432215690612793e-01 6.441115736961364746e-01 3.483787477016448975e-01 2.700624763965606689e-01 3.656077384948730469e-01 8.057818412780761719e-01 4.473657011985778809e-01 4.398057162761688232e-01 5.377207994461059570e-01 4.279659986495971680e-01
4.106285870075225830e-01 6.441115736961364746e-01 3.483787477016448975e-01 2.700624763965606689e-01 2.292300164699554443e-01 5.953150987625122070e-01 4.473657011985778809e-01 4.398057162761688232e-01 5.377207994461059570e-01 4.279659986495971680e-01
4.106285870075225830e-01 6.441115736961364746e-01 3.483787477016448975e-01 2.700624763965606689e-01 2.292300164699554443e-01 4.175886809825897217e-01 4.473657011985778809e-01 4.398057162761688232e-01 5.377207994461059570e-01 4.279659986495971680e-01
4.289457798004150391e-01 6.441115736961364746e-01 3.483787477016448975e-01 4.922729730606079102e-01 1.149149984121322632e-01 4.885461926460266113e-01 4.473657011985778809e-01 4.398057162761688232e-01 3.341658413410186768e-01 4.279659986495971680e-01
4.289457798004150391e-01 3.320278525352478027e-01 3.483787477016448975e-01 4.922729730606079102e-01 1.149149984121322632e-01 4.885461926460266113e-01 4.473657011985778809e-01 4.398057162761688232e-01 3.341658413410186768e-01 4.279659986495971680e-01
4.289457798004150391e-01 3.320278525352478027e-01 3.483787477016448975e-01 4.922729730606079102e-01 6.832346320152282715e-02 4.885461926460266113e-01 4.473657011985778809e-01 4.398057162761688232e-01 3.341658413410186768e-01 4.279659986495971680e-01
9.186415374279022217e-02 3.320278525352478027e-01 3.483787477016448975e-01 4.922729730606079102e-01 1.438215672969818115e-01 3.667012155055999756e-01 4.473657011985778809e-01 4.398057162761688232e-01 5.377207994461059570e-01 4.279659986495971680e-01
4.289457798004150391e-01 3.320278525352478027e-01 3.483787477016448975e-01 4.922729730606079102e-01 1.921521425247192383e-01 4.885461926460266113e-01 4.473657011985778809e-01 4.398057162761688232e-01 3.341658413410186768e-01 4.279659986495971680e-01
2.564422786235809326e-01 3.320278525352478027e-01 3.483787477016448975e-01 4.922729730606079102e-01 1.438215672969818115e-01 3.667012155055999756e-01 4.473657011985778809e-01 4.398057162761688232e-01 5.377207994461059570e-01 4.279659986495971680e-01
6.121091246604919434e-01 3.320278525352478027e-01 3.483787477016448975e-01 4.922729730606079102e-01 1.032339036464691162e-01 3.667012155055999756e-01 4.473657011985778809e-01 4.398057162761688232e-01 3.341658413410186768e-01 4.279659986495971680e-01
6.121091246604919434e-01 3.320278525352478027e-01 3.483787477016448975e-01 4.922729730606079102e-01 1.449918597936630249e-01 6.468845009803771973e-01 4.473657011985778809e-01 4.398057162761688232e-01 3.341658413410186768e-01 4.279659986495971680e-01
7.432770133018493652e-01 3.320278525352478027e-01 3.483787477016448975e-01 4.922729730606079102e-01 2.594368755817413330e-01 6.468845009803771973e-01 4.473657011985778809e-01 4.398057162761688232e-01 3.341658413410186768e-01 4.279659986495971680e-01
2.383581846952438354e-01 3.320278525352478027e-01 3.483787477016448975e-01 4.922729730606079102e-01 3.011007308959960938e-01 5.844190120697021484e-01 4.473657011985778809e-01 4.398057162761688232e-01 5.377207994461059570e-01 4.279659986495971680e-01
5.735437199473381042e-02 3.320278525352478027e-01 3.483787477016448975e-01 5.215518474578857422e-01 7.917695492506027222e-02 2.321020960807800293e-01 7.035716176033020020e-01 6.574249863624572754e-01 5.377207994461059570e-01 5.641579031944274902e-01
2.294543385505676270e-02 3.320278525352478027e-01 3.483787477016448975e-01 5.215518474578857422e-01 1.304006278514862061e-01 2.321020960807800293e-01 7.035716176033020020e-01 6.574249863624572754e-01 2.979579865932464600e-01 5.641579031944274902e-01
3.258911892771720886e-02 4.262073040008544922e-01 3.483787477016448975e-01 5.215518474578857422e-01 3.172147274017333984e-01 3.422134816646575928e-01 7.035716176033020020e-01 6.574249863624572754e-01 2.979579865932464600e-01 5.641579031944274902e-01
8.027159422636032104e-02 4.262073040008544922e-01 3.483787477016448975e-01 5.215518474578857422e-01 2.103590667247772217e-01 3.422134816646575928e-01 7.035716176033020020e-01 6.574249863624572754e-01 2.979579865932464600e-01 5.641579031944274902e-01
1.600513607263565063e-02 6.441115736961364746e-01 4.596095681190490723e-01 5.215518474578857422e-01 4.357572793960571289e-01 4.024669826030731201e-01 7.035716176033020020e-01 6.574249863624572754e-01 2.979579865932464600e-01 5.641579031944274902e-01
2.264755219221115112e-01 4.262073040008544922e-01 4.596095681190490723e-01 7.060260772705078125e-01 5.298377871513366699e-01 4.729415178298950195e-01 3.233433365821838379e-01 6.574249863624572754e-01 2.979579865932464600e-01 5.641579031944274902e-01
1.784542053937911987e-01 6.441115736961364746e-01 4.596095681190490723e-01 7.060260772705078125e-01 4.357572793960571289e-01 4.729415178298950195e-01 3.233433365821838379e-01 6.574249863624572754e-01 2.979579865932464600e-01 5.641579031944274902e-01
1.784542053937911987e-01 6.441115736961364746e-01 4.596095681190490723e-01 7.060260772705078125e-01 5.298377871513366699e-01 2.812579870223999023e-01 3.233433365821838379e-01 6.574249863624572754e-01 2.979579865932464600e-01 5.641579031944274902e-01
1.216946691274642944e-01 6.441115736961364746e-01 4.596095681190490723e-01 7.060260772705078125e-01 2.776783108711242676e-01 4.024669826030731201e-01 3.233433365821838379e-01 6.574249863624572754e-01 2.979579865932464600e-01 5.641579031944274902e-01
1.784542053937911987e-01 6.441115736961364746e-01 4.596095681190490723e-01 7.060260772705078125e-01 5.298377871513366699e-01 4.024669826030731201e-01 3.233433365821838379e-01 6.574249863624572754e-01 2.979579865932464600e-01 5.641579031944274902e-01
5.710326135158538818e-02 6.441115736961364746e-01 4.596095681190490723e-01 7.060260772705078125e-01 3.593664765357971191e-01 4.024669826030731201e-01 3.233433365821838379e-01 6.574249863624572754e-01 2.979579865932464600e-01 7.480037212371826172e-01
5.451316479593515396e-03 6.441115736961364746e-01 4.596095681190490723e-01 7.060260772705078125e-01 2.776783108711242676e-01 4.024669826030731201e-01 3.233433365821838379e-01 6.574249863624572754e-01 2.979579865932464600e-01 7.480037212371826172e-01
6.929516792297363281e-03 4.262073040008544922e-01 4.596095681190490723e-01 7.060260772705078125e-01 2.607296109199523926e-01 4.024669826030731201e-01 3.233433365821838379e-01 4.667192995548248291e-01 2.979579865932464600e-01 7.480037212371826172e-01
2.652418427169322968e-02 4.262073040008544922e-01 4.596095681190490723e-01 7.060260772705078125e-01 2.607296109199523926e-01 5.933743715286254883e-01 3.233433365821838379e-01 4.667192995548248291e-01 2.979579865932464600e-01 3.898394107818603516e-01
1.434155274182558060e-02 4.262073040008544922e-01 4.596095681190490723e-01 7.060260772705078125e-01 2.607296109199523926e-01 5.933743715286254883e-01 3.233433365821838379e-01 4.667192995548248291e-01 2.979579865932464600e-01 7.480037212371826172e-01
5.139154940843582153e-02 4.262073040008544922e-01 4.596095681190490723e-01 7.060260772705078125e-01 2.607296109199523926e-01 5.933743715286254883e-01 3.233433365821838379e-01 4.667192995548248291e-01 2.979579865932464600e-01 7.480037212371826172e-01
5.139154940843582153e-02 4.262073040008544922e-01 4.596095681190490723e-01 7.060260772705078125e-01 2.607296109199523926e-01 5.933743715286254883e-01 3.233433365821838379e-01 4.667192995548248291e-01 4.833278954029083252e-01 7.480037212371826172e-01
6.090873479843139648e-02 4.262073040008544922e-01 4.596095681190490723e-01 7.060260772705078125e-01 2.607296109199523926e-01 4.024669826030731201e-01 3.233433365821838379e-01 6.574249863624572754e-01 2.979579865932464600e-01 7.480037212371826172e-01
1.877076774835586548e-01 4.262073040008544922e-01 4.596095681190490723e-01 7.060260772705078125e-01 3.397771418094635010e-01 4.024669826030731201e-01 3.233433365821838379e-01 6.574249863624572754e-01 4.957781434059143066e-01 5.641579031944274902e-01
1.524745821952819824e-01 4.262073040008544922e-01 4.596095681190490723e-01 7.060260772705078125e-01 3.397771418094635010e-01 2.812579870223999023e-01 3.233433365821838379e-01 6.574249863624572754e-01 4.957781434059143066e-01 5.641579031944274902e-01
1.524745821952819824e-01 4.262073040008544922e-01 4.596095681190490723e-01 2.700624763965606689e-01 2.272568345069885254e-01 2.812579870223999023e-01 3.012749850749969482e-01 2.768791019916534424e-01 4.957781434059143066e-01 4.279659986495971680e-01
7.564748078584671021e-02 4.262073040008544922e-01 4.596095681190490723e-01 7.060260772705078125e-01 3.397771418094635010e-01 2.812579870223999023e-01 3.233433365821838379e-01 6.574249863624572754e-01 6.842645406723022461e-01 5.641579031944274902e-01
1.524745821952819824e-01 4.262073040008544922e-01 4.596095681190490723e-01 2.700624763965606689e-01 2.272568345069885254e-01 2.812579870223999023e-01 3.012749850749969482e-01 2.768791019916534424e-01 4.957781434059143066e-01 4.279659986495971680e-01
3.828356862068176270e-01 3.320278525352478027e-01 4.596095681190490723e-01 2.700624763965606689e-01 3.022720813751220703e-01 3.922989964485168457e-01 3.012749850749969482e-01 2.768791019916534424e-01 7.293493151664733887e-01 4.279659986495971680e-01
3.828356862068176270e-01 3.320278525352478027e-01 4.596095681190490723e-01 2.700624763965606689e-01 4.303702414035797119e-01 4.485711157321929932e-01 3.012749850749969482e-01 2.768791019916534424e-01 4.548002183437347412e-01 4.279659986495971680e-01
7.428581714630126953e-01 3.320278525352478027e-01 4.596095681190490723e-01 4.922729730606079102e-01 3.174729943275451660e-01 4.485711157321929932e-01 3.012749850749969482e-01 2.768791019916534424e-01 4.548002183437347412e-01 4.279659986495971680e-01
2.314005345106124878e-01 3.320278525352478027e-01 4.596095681190490723e-01 4.922729730606079102e-01 2.399828433990478516e-01 3.302582502365112305e-01 3.012749850749969482e-01 2.768791019916534424e-01 4.548002183437347412e-01 4.279659986495971680e-01
1.181673556566238403e-01 3.320278525352478027e-01 4.596095681190490723e-01 4.922729730606079102e-01 2.399828433990478516e-01 3.302582502365112305e-01 4.473657011985778809e-01 4.398057162761688232e-01 2.333474159240722656e-01 4.279659986495971680e-01
8.929496258497238159e-02 3.320278525352478027e-01 4.596095681190490723e-01 2.700624763965606689e-01 1.533019691705703735e-01 1.488225460052490234e-01 4.473657011985778809e-01 4.398057162761688232e-01 4.136414825916290283e-01 4.279659986495971680e-01
4.031946361064910889e-01 3.320278525352478027e-01 4.596095681190490723e-01 4.922729730606079102e-01 3.881333470344543457e-01 3.302582502365112305e-01 4.473657011985778809e-01 4.398057162761688232e-01 4.548002183437347412e-01 4.279659986495971680e-01
1.452149450778961182e-01 3.320278525352478027e-01 4.596095681190490723e-01 4.922729730606079102e-01 2.399828433990478516e-01 3.302582502365112305e-01 4.473657011985778809e-01 4.398057162761688232e-01 2.333474159240722656e-01 4.279659986495971680e-01
6.574439257383346558e-02 3.320278525352478027e-01 4.596095681190490723e-01 4.922729730606079102e-01 2.399828433990478516e-01 6.053596735000610352e-01 4.473657011985778809e-01 4.398057162761688232e-01 2.333474159240722656e-01 4.279659986495971680e-01
1.233436539769172668e-01 3.320278525352478027e-01 4.596095681190490723e-01 4.922729730606079102e-01 2.399828433990478516e-01 6.053596735000610352e-01 4.473657011985778809e-01 4.398057162761688232e-01 2.333474159240722656e-01 4.279659986495971680e-01
3.096952140331268311e-01 3.320278525352478027e-01 4.596095681190490723e-01 4.922729730606079102e-01 2.399828433990478516e-01 6.053596735000610352e-01 4.473657011985778809e-01 4.398057162761688232e-01 2.333474159240722656e-01 4.279659986495971680e-01
