3.416141271591186523e-01 3.098497390747070312e-01 3.763466477394104004e-01 3.752477169036865234e-01 2.640837132930755615e-01 2.938892245292663574e-01 1.628908663988113403e-01 4.346814453601837158e-01 5.194460153579711914e-01 5.754647850990295410e-01
1.846796125173568726e-01 3.098497390747070312e-01 3.763466477394104004e-01 3.752477169036865234e-01 2.640837132930755615e-01 4.423524737358093262e-01 1.718237102031707764e-01 4.346814453601837158e-01 5.911867022514343262e-01 5.754647850990295410e-01
3.471776545047760010e-01 4.733711481094360352e-01 4.789071083068847656e-01 3.752477169036865234e-01 4.115476310253143311e-01 5.649217367172241211e-01 1.718237102031707764e-01 4.346814453601837158e-01 4.254873096942901611e-01 4.782896339893341064e-01
2.360357344150543213e-01 4.733711481094360352e-01 4.789071083068847656e-01 3.752477169036865234e-01 4.115476310253143311e-01 5.413489341735839844e-01 7.623248547315597534e-02 7.086603641510009766e-01 4.254873096942901611e-01 4.782896339893341064e-01
6.148370504379272461e-01 4.733711481094360352e-01 4.789071083068847656e-01 5.000000000000000000e-01 6.076334714889526367e-01 2.136880308389663696e-01 3.917506337165832520e-01 4.346814453601837158e-01 7.493674159049987793e-01 4.782896339893341064e-01
6.370013952255249023e-01 4.733711481094360352e-01 4.789071083068847656e-01 3.752477169036865234e-01 6.076334714889526367e-01 2.262539565563201904e-01 1.335696280002593994e-01 7.086603641510009766e-01 5.422921776771545410e-01 4.782896339893341064e-01
3.893458545207977295e-01 4.733711481094360352e-01 4.789071083068847656e-01 3.752477169036865234e-01 2.640837132930755615e-01 2.628420293331146240e-01 2.509128153324127197e-01 7.086603641510009766e-01 5.194460153579711914e-01 4.782896339893341064e-01
5.653808116912841797e-01 4.733711481094360352e-01 4.789071083068847656e-01 3.752477169036865234e-01 4.115476310253143311e-01 3.820211589336395264e-01 2.509128153324127197e-01 7.086603641510009766e-01 5.422921776771545410e-01 4.782896339893341064e-01
5.653808116912841797e-01 3.098497390747070312e-01 3.763466477394104004e-01 3.752477169036865234e-01 2.640837132930755615e-01 2.798101902008056641e-01 3.303177356719970703e-01 7.086603641510009766e-01 5.194460153579711914e-01 5.754647850990295410e-01
5.653808116912841797e-01 3.098497390747070312e-01 3.763466477394104004e-01 3.752477169036865234e-01 2.640837132930755615e-01 5.358826518058776855e-01 6.114296317100524902e-01 7.086603641510009766e-01 5.911867022514343262e-01 5.754647850990295410e-01
3.756006956100463867e-01 3.098497390747070312e-01 3.763466477394104004e-01 3.752477169036865234e-01 2.640837132930755615e-01 2.798101902008056641e-01 4.775654375553131104e-01 7.086603641510009766e-01 5.688406825065612793e-01 5.754647850990295410e-01
5.653808116912841797e-01 3.098497390747070312e-01 3.763466477394104004e-01 3.752477169036865234e-01 2.640837132930755615e-01 2.798101902008056641e-01 4.571468532085418701e-01 7.086603641510009766e-01 5.911867022514343262e-01 3.293378949165344238e-01
2.360357344150543213e-01 4.733711481094360352e-01 4.789071083068847656e-01 3.752477169036865234e-01 4.115476310253143311e-01 4.104776382446289062e-01 4.571468532085418701e-01 7.086603641510009766e-01 4.254873096942901611e-01 4.782896339893341064e-01
2.360357344150543213e-01 4.733711481094360352e-01 4.789071083068847656e-01 3.752477169036865234e-01 4.115476310253143311e-01 3.223193883895874023e-01 2.509128153324127197e-01 7.086603641510009766e-01 5.911867022514343262e-01 4.782896339893341064e-01
4.007592797279357910e-01 4.733711481094360352e-01 4.789071083068847656e-01 3.752477169036865234e-01 4.115476310253143311e-01 1.531956791877746582e-01 5.877503752708435059e-01 7.086603641510009766e-01 4.254873096942901611e-01 4.782896339893341064e-01
4.007592797279357910e-01 4.733711481094360352e-01 4.789071083068847656e-01 3.752477169036865234e-01 4.115476310253143311e-01 3.123263418674468994e-01 3.917506337165832520e-01 7.086603641510009766e-01 2.675506770610809326e-01 4.782896339893341064e-01
7.208895683288574219e-01 4.733711481094360352e-01 4.789071083068847656e-01 5.000000000000000000e-01 4.846028983592987061e-01 5.446049571037292480e-01 5.240541696548461914e-01 4.346814453601837158e-01 5.959078669548034668e-01 4.782896339893341064e-01
4.992867112159729004e-01 4.733711481094360352e-01 4.789071083068847656e-01 5.000000000000000000e-01 7.001236081123352051e-01 6.038464307785034180e-01 7.552639842033386230e-01 4.346814453601837158e-01 8.289664387702941895e-01 6.402543783187866211e-01
4.007592797279357910e-01 4.733711481094360352e-01 4.789071083068847656e-01 5.000000000000000000e-01 4.846028983592987061e-01 2.769506573677062988e-01 5.240541696548461914e-01 4.346814453601837158e-01 5.959078669548034668e-01 4.782896339893341064e-01
4.007592797279357910e-01 4.733711481094360352e-01 4.789071083068847656e-01 4.413369596004486084e-01 6.511709094047546387e-01 2.840700745582580566e-01 1.676887571811676025e-01 4.346814453601837158e-01 1.812072694301605225e-01 4.782896339893341064e-01
1.954877823591232300e-01 4.733711481094360352e-01 4.789071083068847656e-01 4.413369596004486084e-01 6.511709094047546387e-01 3.064913749694824219e-01 1.676887571811676025e-01 4.346814453601837158e-01 2.303413897752761841e-01 4.782896339893341064e-01
5.043203234672546387e-01 4.733711481094360352e-01 4.789071083068847656e-01 4.413369596004486084e-01 6.511709094047546387e-01 2.851614356040954590e-01 1.676887571811676025e-01 4.346814453601837158e-01 2.303413897752761841e-01 4.782896339893341064e-01
7.971317768096923828e-01 4.733711481094360352e-01 4.789071083068847656e-01 5.000000000000000000e-01 7.001236081123352051e-01 8.412721157073974609e-01 8.676580190658569336e-01 4.346814453601837158e-01 8.289664387702941895e-01 6.402543783187866211e-01
7.543881535530090332e-01 6.104920506477355957e-01 4.789071083068847656e-01 7.202320098876953125e-01 7.001236081123352051e-01 7.128379940986633301e-01 6.606201529502868652e-01 4.346814453601837158e-01 8.289664387702941895e-01 6.402543783187866211e-01
7.543881535530090332e-01 4.733711481094360352e-01 4.789071083068847656e-01 7.202320098876953125e-01 7.001236081123352051e-01 7.585647702217102051e-01 7.339525818824768066e-01 4.346814453601837158e-01 8.289664387702941895e-01 6.402543783187866211e-01
8.255313038825988770e-01 7.526539564132690430e-01 7.324351072311401367e-01 7.202320098876953125e-01 7.001236081123352051e-01 9.855418801307678223e-01 8.193328380584716797e-01 7.675436139106750488e-01 8.497946262359619141e-01 7.777545452117919922e-01
7.543881535530090332e-01 7.526539564132690430e-01 7.324351072311401367e-01 7.202320098876953125e-01 7.001236081123352051e-01 9.662671685218811035e-01 6.677150726318359375e-01 5.956152081489562988e-01 8.289664387702941895e-01 6.091868877410888672e-01
7.543881535530090332e-01 7.526539564132690430e-01 7.324351072311401367e-01 7.202320098876953125e-01 7.001236081123352051e-01 9.238954186439514160e-01 4.792261719703674316e-01 5.956152081489562988e-01 8.289664387702941895e-01 6.091868877410888672e-01
4.429923593997955322e-01 3.098497390747070312e-01 3.763466477394104004e-01 4.413369596004486084e-01 4.892295002937316895e-01 3.971796035766601562e-01 3.575808107852935791e-01 4.346814453601837158e-01 5.526627302169799805e-01 4.700365960597991943e-01
7.543881535530090332e-01 7.526539564132690430e-01 7.324351072311401367e-01 7.202320098876953125e-01 4.846028983592987061e-01 8.830548524856567383e-01 4.661622345447540283e-01 5.956152081489562988e-01 5.959078669548034668e-01 6.091868877410888672e-01
8.896165490150451660e-01 7.526539564132690430e-01 7.324351072311401367e-01 7.202320098876953125e-01 7.001236081123352051e-01 8.192329406738281250e-01 4.661622345447540283e-01 4.346814453601837158e-01 8.289664387702941895e-01 6.402543783187866211e-01
8.896165490150451660e-01 7.526539564132690430e-01 7.324351072311401367e-01 7.202320098876953125e-01 8.657514452934265137e-01 9.211280345916748047e-01 7.364596128463745117e-01 7.675436139106750488e-01 8.497946262359619141e-01 7.777545452117919922e-01
7.543881535530090332e-01 7.526539564132690430e-01 7.324351072311401367e-01 7.202320098876953125e-01 7.001236081123352051e-01 8.562527298927307129e-01 6.570478677749633789e-01 4.346814453601837158e-01 8.289664387702941895e-01 6.402543783187866211e-01
7.543881535530090332e-01 7.526539564132690430e-01 7.324351072311401367e-01 7.202320098876953125e-01 8.657514452934265137e-01 9.682434797286987305e-01 8.597688078880310059e-01 7.675436139106750488e-01 8.497946262359619141e-01 7.777545452117919922e-01
7.543881535530090332e-01 7.526539564132690430e-01 7.324351072311401367e-01 7.202320098876953125e-01 8.657514452934265137e-01 9.508345127105712891e-01 7.404392957687377930e-01 7.675436139106750488e-01 8.497946262359619141e-01 7.777545452117919922e-01
6.687573790550231934e-01 7.526539564132690430e-01 7.324351072311401367e-01 7.202320098876953125e-01 8.657514452934265137e-01 9.183636307716369629e-01 8.597688078880310059e-01 7.675436139106750488e-01 8.497946262359619141e-01 7.777545452117919922e-01
6.687573790550231934e-01 4.733711481094360352e-01 4.789071083068847656e-01 7.202320098876953125e-01 7.425962090492248535e-01 8.851575255393981934e-01 8.631927967071533203e-01 4.346814453601837158e-01 3.851602077484130859e-01 4.782896339893341064e-01
8.412082791328430176e-01 7.526539564132690430e-01 7.324351072311401367e-01 7.202320098876953125e-01 8.657514452934265137e-01 9.423903822898864746e-01 8.597688078880310059e-01 7.675436139106750488e-01 8.497946262359619141e-01 7.777545452117919922e-01
8.412082791328430176e-01 7.526539564132690430e-01 7.324351072311401367e-01 7.202320098876953125e-01 8.657514452934265137e-01 8.865661025047302246e-01 8.656263351440429688e-01 7.675436139106750488e-01 8.497946262359619141e-01 7.777545452117919922e-01
7.231747508049011230e-01 7.526539564132690430e-01 4.789071083068847656e-01 7.202320098876953125e-01 7.425962090492248535e-01 6.872814297676086426e-01 8.631927967071533203e-01 4.346814453601837158e-01 7.211387157440185547e-01 4.782896339893341064e-01
8.412082791328430176e-01 7.526539564132690430e-01 7.324351072311401367e-01 7.202320098876953125e-01 8.657514452934265137e-01 9.471673965454101562e-01 8.618829846382141113e-01 7.675436139106750488e-01 8.497946262359619141e-01 7.777545452117919922e-01
5.757220387458801270e-01 4.258646667003631592e-01 3.763466477394104004e-01 6.240437030792236328e-01 3.608831763267517090e-01 5.930258631706237793e-01 7.871477603912353516e-01 4.346814453601837158e-01 5.526627302169799805e-01 4.700365960597991943e-01
1.985092908143997192e-01 4.258646667003631592e-01 3.763466477394104004e-01 3.752477169036865234e-01 2.640837132930755615e-01 1.461854279041290283e-01 1.399550586938858032e-01 4.346814453601837158e-01 5.194460153579711914e-01 3.293378949165344238e-01
1.293400228023529053e-01 4.258646667003631592e-01 3.763466477394104004e-01 3.752477169036865234e-01 2.640837132930755615e-01 1.461854279041290283e-01 1.593728065490722656e-01 4.346814453601837158e-01 2.303413897752761841e-01 3.293378949165344238e-01
1.293400228023529053e-01 4.258646667003631592e-01 3.763466477394104004e-01 3.752477169036865234e-01 2.640837132930755615e-01 1.680610775947570801e-01 1.593728065490722656e-01 4.346814453601837158e-01 2.303413897752761841e-01 3.293378949165344238e-01
1.293400228023529053e-01 4.258646667003631592e-01 3.763466477394104004e-01 3.752477169036865234e-01 2.640837132930755615e-01 2.660270333290100098e-01 1.399550586938858032e-01 4.346814453601837158e-01 5.194460153579711914e-01 3.293378949165344238e-01
1.293400228023529053e-01 4.258646667003631592e-01 3.763466477394104004e-01 3.752477169036865234e-01 2.640837132930755615e-01 3.002171516418457031e-01 1.593728065490722656e-01 4.346814453601837158e-01 2.303413897752761841e-01 3.293378949165344238e-01
1.293400228023529053e-01 4.258646667003631592e-01 3.763466477394104004e-01 3.752477169036865234e-01 2.640837132930755615e-01 2.016642391681671143e-01 5.319834351539611816e-01 4.346814453601837158e-01 2.303413897752761841e-01 3.293378949165344238e-01
2.260360717773437500e-01 4.258646667003631592e-01 3.763466477394104004e-01 3.752477169036865234e-01 2.640837132930755615e-01 4.310644865036010742e-01 1.593728065490722656e-01 4.346814453601837158e-01 4.572513103485107422e-01 3.293378949165344238e-01
4.672721624374389648e-01 4.258646667003631592e-01 3.763466477394104004e-01 3.752477169036865234e-01 3.685719668865203857e-01 5.577917098999023438e-01 1.593728065490722656e-01 4.346814453601837158e-01 3.621039688587188721e-01 3.293378949165344238e-01
4.374130964279174805e-01 4.258646667003631592e-01 3.763466477394104004e-01 3.752477169036865234e-01 3.685719668865203857e-01 1.777797043323516846e-01 1.593728065490722656e-01 4.346814453601837158e-01 3.621039688587188721e-01 3.293378949165344238e-01
4.374130964279174805e-01 4.258646667003631592e-01 3.763466477394104004e-01 3.752477169036865234e-01 3.685719668865203857e-01 1.149469017982482910e-01 1.593728065490722656e-01 4.346814453601837158e-01 3.621039688587188721e-01 3.293378949165344238e-01
3.081809282302856445e-01 4.733711481094360352e-01 4.789071083068847656e-01 3.752477169036865234e-01 4.115476310253143311e-01 7.236648797988891602e-01 1.692693382501602173e-01 4.346814453601837158e-01 2.303413897752761841e-01 4.782896339893341064e-01
4.291507899761199951e-01 4.733711481094360352e-01 4.789071083068847656e-01 3.752477169036865234e-01 4.115476310253143311e-01 6.595042347908020020e-01 1.692693382501602173e-01 4.346814453601837158e-01 2.303413897752761841e-01 4.782896339893341064e-01
2.594483494758605957e-01 4.733711481094360352e-01 4.789071083068847656e-01 3.752477169036865234e-01 2.640837132930755615e-01 3.861115872859954834e-01 3.419409096240997314e-01 4.346814453601837158e-01 3.075594902038574219e-01 3.293378949165344238e-01
2.218557745218276978e-01 4.258646667003631592e-01 3.763466477394104004e-01 3.752477169036865234e-01 2.640837132930755615e-01 5.949115753173828125e-01 1.692693382501602173e-01 4.346814453601837158e-01 4.069565236568450928e-01 3.293378949165344238e-01
5.932563543319702148e-01 4.733711481094360352e-01 4.789071083068847656e-01 3.752477169036865234e-01 4.115476310253143311e-01 4.623393714427947998e-01 3.419409096240997314e-01 4.346814453601837158e-01 4.069565236568450928e-01 4.782896339893341064e-01
5.932563543319702148e-01 4.733711481094360352e-01 4.789071083068847656e-01 3.752477169036865234e-01 4.115476310253143311e-01 4.411412477493286133e-01 2.332050055265426636e-01 4.346814453601837158e-01 4.069565236568450928e-01 4.782896339893341064e-01
3.788808882236480713e-01 4.733711481094360352e-01 4.789071083068847656e-01 3.752477169036865234e-01 4.115476310253143311e-01 3.329267799854278564e-01 2.460524737834930420e-01 4.346814453601837158e-01 2.675506770610809326e-01 4.782896339893341064e-01
3.788808882236480713e-01 4.733711481094360352e-01 4.789071083068847656e-01 3.752477169036865234e-01 4.115476310253143311e-01 1.416412293910980225e-01 2.460524737834930420e-01 4.346814453601837158e-01 2.675506770610809326e-01 4.782896339893341064e-01
5.323204398155212402e-01 4.733711481094360352e-01 4.789071083068847656e-01 3.752477169036865234e-01 4.115476310253143311e-01 3.524481654167175293e-01 1.692693382501602173e-01 4.346814453601837158e-01 2.675506770610809326e-01 4.782896339893341064e-01
6.370013952255249023e-01 4.733711481094360352e-01 4.789071083068847656e-01 3.752477169036865234e-01 4.115476310253143311e-01 2.430836856365203857e-01 2.460524737834930420e-01 4.346814453601837158e-01 2.675506770610809326e-01 4.782896339893341064e-01
7.444267868995666504e-01 4.733711481094360352e-01 4.789071083068847656e-01 6.240437030792236328e-01 7.001236081123352051e-01 4.252805113792419434e-01 7.783129811286926270e-01 4.346814453601837158e-01 7.288603186607360840e-01 6.402543783187866211e-01
6.370013952255249023e-01 4.733711481094360352e-01 4.789071083068847656e-01 3.752477169036865234e-01 4.115476310253143311e-01 7.441876530647277832e-01 2.460524737834930420e-01 4.346814453601837158e-01 2.675506770610809326e-01 4.782896339893341064e-01
3.160737752914428711e-01 4.733711481094360352e-01 4.789071083068847656e-01 3.752477169036865234e-01 4.115476310253143311e-01 5.895556211471557617e-01 1.692693382501602173e-01 4.346814453601837158e-01 2.675506770610809326e-01 4.782896339893341064e-01
1.985092908143997192e-01 4.733711481094360352e-01 4.789071083068847656e-01 3.752477169036865234e-01 4.115476310253143311e-01 4.587382972240447998e-01 2.460524737834930420e-01 4.346814453601837158e-01 2.675506770610809326e-01 4.782896339893341064e-01
4.160612225532531738e-01 4.733711481094360352e-01 4.789071083068847656e-01 3.752477169036865234e-01 4.115476310253143311e-01 4.473681449890136719e-01 1.692693382501602173e-01 4.346814453601837158e-01 2.675506770610809326e-01 4.782896339893341064e-01
3.228709995746612549e-01 4.733711481094360352e-01 4.789071083068847656e-01 3.752477169036865234e-01 4.115476310253143311e-01 3.336851000785827637e-01 3.663329184055328369e-01 4.346814453601837158e-01 2.675506770610809326e-01 4.782896339893341064e-01
5.783649086952209473e-01 4.733711481094360352e-01 4.789071083068847656e-01 3.752477169036865234e-01 4.115476310253143311e-01 1.166026368737220764e-01 3.663329184055328369e-01 4.346814453601837158e-01 2.675506770610809326e-01 4.782896339893341064e-01
3.571218252182006836e-01 3.098497390747070312e-01 3.763466477394104004e-01 3.752477169036865234e-01 2.640837132930755615e-01 4.460228979587554932e-01 3.663329184055328369e-01 4.346814453601837158e-01 5.045672059059143066e-01 3.293378949165344238e-01
1.985092908143997192e-01 4.733711481094360352e-01 4.789071083068847656e-01 3.752477169036865234e-01 4.115476310253143311e-01 4.356906414031982422e-01 4.728462696075439453e-01 4.346814453601837158e-01 2.675506770610809326e-01 4.782896339893341064e-01
2.255387306213378906e-01 3.098497390747070312e-01 3.763466477394104004e-01 3.752477169036865234e-01 2.640837132930755615e-01 2.448081821203231812e-01 2.514101862907409668e-01 4.346814453601837158e-01 7.125183343887329102e-01 3.293378949165344238e-01
3.926259875297546387e-01 3.098497390747070312e-01 3.763466477394104004e-01 3.752477169036865234e-01 2.640837132930755615e-01 5.378854274749755859e-01 5.732319355010986328e-01 4.346814453601837158e-01 2.675506770610809326e-01 4.700365960597991943e-01
4.076209664344787598e-01 3.098497390747070312e-01 3.763466477394104004e-01 6.240437030792236328e-01 2.117313295602798462e-01 3.630973398685455322e-01 6.228749155998229980e-01 4.346814453601837158e-01 7.288603186607360840e-01 4.700365960597991943e-01
5.342861413955688477e-01 3.098497390747070312e-01 3.763466477394104004e-01 6.240437030792236328e-01 2.117313295602798462e-01 3.465777337551116943e-01 7.397930622100830078e-01 4.346814453601837158e-01 7.288603186607360840e-01 4.700365960597991943e-01
9.486582130193710327e-02 4.733711481094360352e-01 4.789071083068847656e-01 6.240437030792236328e-01 3.436113297939300537e-01 3.776024580001831055e-01 8.614825606346130371e-01 4.346814453601837158e-01 7.288603186607360840e-01 6.402543783187866211e-01
3.778373897075653076e-01 4.733711481094360352e-01 4.789071083068847656e-01 6.240437030792236328e-01 3.436113297939300537e-01 4.006058871746063232e-01 8.614825606346130371e-01 7.086603641510009766e-01 7.288603186607360840e-01 6.402543783187866211e-01
3.778373897075653076e-01 6.104920506477355957e-01 4.789071083068847656e-01 6.240437030792236328e-01 7.001236081123352051e-01 7.764792442321777344e-01 9.060998558998107910e-01 7.086603641510009766e-01 7.288603186607360840e-01 6.402543783187866211e-01
3.778373897075653076e-01 4.733711481094360352e-01 4.789071083068847656e-01 6.240437030792236328e-01 7.001236081123352051e-01 6.880366802215576172e-01 9.060998558998107910e-01 7.086603641510009766e-01 7.288603186607360840e-01 6.402543783187866211e-01
7.879111766815185547e-01 6.104920506477355957e-01 7.784063220024108887e-01 5.000000000000000000e-01 5.735148787498474121e-01 4.034445583820343018e-01 6.906301379203796387e-01 4.346814453601837158e-01 6.187754869461059570e-01 6.402543783187866211e-01
6.461999416351318359e-01 7.526539564132690430e-01 5.000000000000000000e-01 5.000000000000000000e-01 7.394273877143859863e-01 8.186644315719604492e-01 8.986683487892150879e-01 7.675436139106750488e-01 8.497946262359619141e-01 7.777545452117919922e-01
8.332704901695251465e-01 6.104920506477355957e-01 7.784063220024108887e-01 5.000000000000000000e-01 7.394273877143859863e-01 5.224949717521667480e-01 7.966271638870239258e-01 5.425778627395629883e-01 6.187754869461059570e-01 6.402543783187866211e-01
5.817609429359436035e-01 7.526539564132690430e-01 5.000000000000000000e-01 5.000000000000000000e-01 7.394273877143859863e-01 8.236514329910278320e-01 9.015285968780517578e-01 7.675436139106750488e-01 8.497946262359619141e-01 7.777545452117919922e-01
7.558415532112121582e-01 7.526539564132690430e-01 5.000000000000000000e-01 5.000000000000000000e-01 7.394273877143859863e-01 8.890900015830993652e-01 9.015285968780517578e-01 7.675436139106750488e-01 8.497946262359619141e-01 7.777545452117919922e-01
6.630924940109252930e-01 6.104920506477355957e-01 7.784063220024108887e-01 5.000000000000000000e-01 7.394273877143859863e-01 6.148474812507629395e-01 5.460093021392822266e-01 7.144776582717895508e-01 6.187754869461059570e-01 6.402543783187866211e-01
6.630924940109252930e-01 7.526539564132690430e-01 7.784063220024108887e-01 5.000000000000000000e-01 7.394273877143859863e-01 7.833321094512939453e-01 7.937641143798828125e-01 7.675436139106750488e-01 8.497946262359619141e-01 7.777545452117919922e-01
6.630924940109252930e-01 6.104920506477355957e-01 7.784063220024108887e-01 5.000000000000000000e-01 7.394273877143859863e-01 8.201201558113098145e-01 8.883907198905944824e-01 7.144776582717895508e-01 6.187754869461059570e-01 6.402543783187866211e-01
4.317717850208282471e-01 3.098497390747070312e-01 7.784063220024108887e-01 6.240437030792236328e-01 4.859725832939147949e-01 4.820194244384765625e-01 8.614825606346130371e-01 7.144776582717895508e-01 7.288603186607360840e-01 4.700365960597991943e-01
7.024354934692382812e-01 3.098497390747070312e-01 7.784063220024108887e-01 6.240437030792236328e-01 3.102154433727264404e-01 5.642858743667602539e-01 8.614825606346130371e-01 7.144776582717895508e-01 7.288603186607360840e-01 4.700365960597991943e-01
7.024354934692382812e-01 3.098497390747070312e-01 7.784063220024108887e-01 6.240437030792236328e-01 3.102154433727264404e-01 4.259389936923980713e-01 7.832206487655639648e-01 7.144776582717895508e-01 7.288603186607360840e-01 4.700365960597991943e-01
7.481893301010131836e-01 3.098497390747070312e-01 7.784063220024108887e-01 6.240437030792236328e-01 4.859725832939147949e-01 6.063346862792968750e-01 8.486168384552001953e-01 5.425778627395629883e-01 8.433219790458679199e-01 4.700365960597991943e-01
6.762326359748840332e-01 3.098497390747070312e-01 7.784063220024108887e-01 6.240437030792236328e-01 7.211659550666809082e-01 6.027889251708984375e-01 8.486168384552001953e-01 5.425778627395629883e-01 7.085000276565551758e-01 4.700365960597991943e-01
7.481893301010131836e-01 3.098497390747070312e-01 7.784063220024108887e-01 6.240437030792236328e-01 7.211659550666809082e-01 4.562524855136871338e-01 8.999252319335937500e-01 5.425778627395629883e-01 8.433219790458679199e-01 4.700365960597991943e-01
5.698451399803161621e-01 3.098497390747070312e-01 7.784063220024108887e-01 6.240437030792236328e-01 3.102154433727264404e-01 4.444485008716583252e-01 8.999252319335937500e-01 5.425778627395629883e-01 7.288603186607360840e-01 4.700365960597991943e-01
6.068165302276611328e-01 3.098497390747070312e-01 7.784063220024108887e-01 6.240437030792236328e-01 6.070297360420227051e-01 4.946343004703521729e-01 8.486168384552001953e-01 4.346814453601837158e-01 7.085000276565551758e-01 4.700365960597991943e-01
6.068165302276611328e-01 6.104920506477355957e-01 4.789071083068847656e-01 6.240437030792236328e-01 5.239182710647583008e-01 5.714787244796752930e-01 8.999252319335937500e-01 4.346814453601837158e-01 7.288603186607360840e-01 6.402543783187866211e-01
6.068165302276611328e-01 6.104920506477355957e-01 4.789071083068847656e-01 6.240437030792236328e-01 7.506576180458068848e-01 4.555820226669311523e-01 8.999252319335937500e-01 4.346814453601837158e-01 8.433219790458679199e-01 6.402543783187866211e-01
5.055191516876220703e-01 6.104920506477355957e-01 7.784063220024108887e-01 6.240437030792236328e-01 8.148354291915893555e-01 9.314500093460083008e-01 9.732553958892822266e-01 7.665038108825683594e-01 7.288603186607360840e-01 6.402543783187866211e-01
6.068165302276611328e-01 6.104920506477355957e-01 4.789071083068847656e-01 6.240437030792236328e-01 7.001236081123352051e-01 7.243229150772094727e-01 9.060998558998107910e-01 7.086603641510009766e-01 7.288603186607360840e-01 6.402543783187866211e-01
6.068165302276611328e-01 6.104920506477355957e-01 4.789071083068847656e-01 6.240437030792236328e-01 7.506576180458068848e-01 7.813636064529418945e-01 9.060998558998107910e-01 7.086603641510009766e-01 7.288603186607360840e-01 6.402543783187866211e-01
6.068165302276611328e-01 6.104920506477355957e-01 4.789071083068847656e-01 6.240437030792236328e-01 7.001236081123352051e-01 7.813636064529418945e-01 9.732553958892822266e-01 7.086603641510009766e-01 7.288603186607360840e-01 6.402543783187866211e-01
5.055191516876220703e-01 6.104920506477355957e-01 7.784063220024108887e-01 6.240437030792236328e-01 8.148354291915893555e-01 8.583909273147583008e-01 9.463824033737182617e-01 7.665038108825683594e-01 7.288603186607360840e-01 6.402543783187866211e-01
5.055191516876220703e-01 7.526539564132690430e-01 7.784063220024108887e-01 5.000000000000000000e-01 7.394273877143859863e-01 3.870916068553924561e-01 8.128595352172851562e-01 5.425778627395629883e-01 8.289664387702941895e-01 6.402543783187866211e-01
5.627015829086303711e-01 6.104920506477355957e-01 7.784063220024108887e-01 6.240437030792236328e-01 8.639991879463195801e-01 7.240046262741088867e-01 8.990267515182495117e-01 5.425778627395629883e-01 8.433219790458679199e-01 6.402543783187866211e-01
5.507976412773132324e-01 6.104920506477355957e-01 4.789071083068847656e-01 6.240437030792236328e-01 5.239182710647583008e-01 5.178919434547424316e-01 7.461928725242614746e-01 4.346814453601837158e-01 7.288603186607360840e-01 6.402543783187866211e-01
3.113265335559844971e-01 6.387821435928344727e-01 6.543223261833190918e-01 3.752477169036865234e-01 6.076531410217285156e-01 7.203543186187744141e-01 5.055544376373291016e-01 5.342121124267578125e-01 8.553863763809204102e-01 5.754647850990295410e-01
5.507976412773132324e-01 6.104920506477355957e-01 4.789071083068847656e-01 6.240437030792236328e-01 3.436113297939300537e-01 9.051562547683715820e-01 5.183194875717163086e-01 4.346814453601837158e-01 7.288603186607360840e-01 6.402543783187866211e-01
5.055191516876220703e-01 6.104920506477355957e-01 7.784063220024108887e-01 6.240437030792236328e-01 5.360214710235595703e-01 7.955090403556823730e-01 7.234117984771728516e-01 5.425778627395629883e-01 7.288603186607360840e-01 6.402543783187866211e-01
4.076209664344787598e-01 3.098497390747070312e-01 3.763466477394104004e-01 6.240437030792236328e-01 2.117313295602798462e-01 2.923519015312194824e-01 4.095203876495361328e-01 4.346814453601837158e-01 7.470951676368713379e-01 4.700365960597991943e-01
1.293400228023529053e-01 3.098497390747070312e-01 3.763466477394104004e-01 3.752477169036865234e-01 2.640837132930755615e-01 2.668576836585998535e-01 7.183200120925903320e-02 4.346814453601837158e-01 5.688406825065612793e-01 4.700365960597991943e-01
1.978043317794799805e-01 3.098497390747070312e-01 3.763466477394104004e-01 6.240437030792236328e-01 2.117313295602798462e-01 1.785806268453598022e-01 4.095203876495361328e-01 4.346814453601837158e-01 7.288603186607360840e-01 4.700365960597991943e-01
2.499184012413024902e-01 3.098497390747070312e-01 3.763466477394104004e-01 3.752477169036865234e-01 2.640837132930755615e-01 3.642324209213256836e-01 1.819779574871063232e-01 4.346814453601837158e-01 5.194460153579711914e-01 3.293378949165344238e-01
1.293400228023529053e-01 3.098497390747070312e-01 3.763466477394104004e-01 3.752477169036865234e-01 2.640837132930755615e-01 4.480224847793579102e-01 2.630059421062469482e-01 4.346814453601837158e-01 2.303413897752761841e-01 4.700365960597991943e-01
1.293400228023529053e-01 4.733711481094360352e-01 4.789071083068847656e-01 3.752477169036865234e-01 4.115476310253143311e-01 1.458501368761062622e-01 2.630059421062469482e-01 4.346814453601837158e-01 2.303413897752761841e-01 4.782896339893341064e-01
1.293400228023529053e-01 3.098497390747070312e-01 3.763466477394104004e-01 3.752477169036865234e-01 2.640837132930755615e-01 1.436628401279449463e-01 2.630059421062469482e-01 4.346814453601837158e-01 5.194460153579711914e-01 3.293378949165344238e-01
1.293400228023529053e-01 3.098497390747070312e-01 3.763466477394104004e-01 3.752477169036865234e-01 2.640837132930755615e-01 1.306097060441970825e-01 2.769023180007934570e-01 4.346814453601837158e-01 2.303413897752761841e-01 3.293378949165344238e-01
1.293400228023529053e-01 4.733711481094360352e-01 4.789071083068847656e-01 3.752477169036865234e-01 4.115476310253143311e-01 1.605389863252639771e-01 2.630059421062469482e-01 6.224569678306579590e-01 2.303413897752761841e-01 4.782896339893341064e-01
1.293400228023529053e-01 3.098497390747070312e-01 3.763466477394104004e-01 3.752477169036865234e-01 2.640837132930755615e-01 3.017569780349731445e-01 3.995030820369720459e-01 4.346814453601837158e-01 2.303413897752761841e-01 3.293378949165344238e-01
1.293400228023529053e-01 4.733711481094360352e-01 4.789071083068847656e-01 3.752477169036865234e-01 4.115476310253143311e-01 4.462000727653503418e-01 4.165354073047637939e-01 4.346814453601837158e-01 2.303413897752761841e-01 4.782896339893341064e-01
1.293400228023529053e-01 4.733711481094360352e-01 4.789071083068847656e-01 3.752477169036865234e-01 4.115476310253143311e-01 5.035018920898437500e-01 4.165354073047637939e-01 4.346814453601837158e-01 5.194460153579711914e-01 4.782896339893341064e-01
1.293400228023529053e-01 4.733711481094360352e-01 4.789071083068847656e-01 3.752477169036865234e-01 4.115476310253143311e-01 2.623182535171508789e-01 5.319834351539611816e-01 4.346814453601837158e-01 2.303413897752761841e-01 4.782896339893341064e-01
6.272627413272857666e-02 3.098497390747070312e-01 3.763466477394104004e-01 3.752477169036865234e-01 2.640837132930755615e-01 5.254411697387695312e-01 2.931494712829589844e-01 4.346814453601837158e-01 5.194460153579711914e-01 3.293378949165344238e-01
1.762867122888565063e-01 3.098497390747070312e-01 3.763466477394104004e-01 3.752477169036865234e-01 3.685719668865203857e-01 3.867205083370208740e-01 2.931494712829589844e-01 6.224569678306579590e-01 6.721584796905517578e-01 3.293378949165344238e-01
3.329318165779113770e-01 3.098497390747070312e-01 3.763466477394104004e-01 3.752477169036865234e-01 3.685719668865203857e-01 3.000591695308685303e-01 2.931494712829589844e-01 3.148007094860076904e-01 3.989334404468536377e-01 3.293378949165344238e-01
5.161854028701782227e-01 3.098497390747070312e-01 3.763466477394104004e-01 3.752477169036865234e-01 3.685719668865203857e-01 4.240940809249877930e-01 6.974741816520690918e-01 5.342121124267578125e-01 6.721584796905517578e-01 4.837268888950347900e-01
5.161854028701782227e-01 3.098497390747070312e-01 3.763466477394104004e-01 3.752477169036865234e-01 3.685719668865203857e-01 1.697043925523757935e-01 6.974741816520690918e-01 4.346814453601837158e-01 3.989334404468536377e-01 4.837268888950347900e-01
6.005018353462219238e-01 6.387821435928344727e-01 5.107004046440124512e-01 3.752477169036865234e-01 7.158483862876892090e-01 6.360427141189575195e-01 6.059802174568176270e-01 5.342121124267578125e-01 3.989334404468536377e-01 4.837268888950347900e-01
6.005018353462219238e-01 6.387821435928344727e-01 5.107004046440124512e-01 3.752477169036865234e-01 7.158483862876892090e-01 7.728051543235778809e-01 6.357586383819580078e-01 5.342121124267578125e-01 3.989334404468536377e-01 5.754647850990295410e-01
4.672557413578033447e-01 4.733711481094360352e-01 4.789071083068847656e-01 3.752477169036865234e-01 4.115476310253143311e-01 6.513925194740295410e-01 4.836646914482116699e-01 4.346814453601837158e-01 2.592151761054992676e-01 5.754647850990295410e-01
