1.099075525999069214e-01 6.023519635200500488e-01 2.723023295402526855e-01 4.990790784358978271e-01 1.963093727827072144e-01 7.417190670967102051e-01 5.241959691047668457e-01 4.158573150634765625e-01 4.750233292579650879e-01 4.309488832950592041e-01
8.888250589370727539e-01 6.023519635200500488e-01 4.870425164699554443e-01 5.997447371482849121e-01 1.332287937402725220e-01 7.086321711540222168e-01 5.241959691047668457e-01 4.158573150634765625e-01 2.788858115673065186e-01 6.179479956626892090e-01
8.364899158477783203e-01 6.023519635200500488e-01 4.870425164699554443e-01 4.820563793182373047e-01 1.955444663763046265e-01 5.533297061920166016e-01 5.465857386589050293e-01 4.158573150634765625e-01 4.731056094169616699e-01 7.451795339584350586e-01
1.718224436044692993e-01 3.128794431686401367e-01 4.870425164699554443e-01 5.760020017623901367e-01 3.359052240848541260e-01 2.725176811218261719e-01 3.788490593433380127e-01 5.089715719223022461e-01 2.788858115673065186e-01 5.197013020515441895e-01
8.297382295131683350e-02 3.000627756118774414e-01 3.834340572357177734e-01 2.243913859128952026e-01 7.205430269241333008e-01 1.601337492465972900e-01 3.026006817817687988e-01 2.803247272968292236e-01 4.731056094169616699e-01 3.342844545841217041e-01
4.101187288761138916e-01 4.381611347198486328e-01 2.723023295402526855e-01 1.234977617859840393e-01 3.837176561355590820e-01 3.202449977397918701e-01 3.026006817817687988e-01 2.803247272968292236e-01 4.731056094169616699e-01 6.089258790016174316e-01
4.176541864871978760e-01 4.381611347198486328e-01 2.723023295402526855e-01 2.816888391971588135e-01 3.721482157707214355e-01 3.762600421905517578e-01 3.158086538314819336e-01 2.803247272968292236e-01 4.731056094169616699e-01 2.405308634042739868e-01
2.431319355964660645e-01 4.381611347198486328e-01 2.723023295402526855e-01 1.234977617859840393e-01 1.406147778034210205e-01 5.210145711898803711e-01 2.190959453582763672e-01 2.803247272968292236e-01 2.788858115673065186e-01 4.110739007592201233e-02
2.519326508045196533e-01 3.782815933227539062e-01 2.723023295402526855e-01 3.094013333320617676e-01 1.406147778034210205e-01 2.300685346126556396e-01 2.190959453582763672e-01 2.803247272968292236e-01 2.788858115673065186e-01 1.707359403371810913e-01
3.271563649177551270e-01 2.313624471426010132e-01 2.723023295402526855e-01 1.971102952957153320e-01 2.093159556388854980e-01 1.305952966213226318e-01 2.190959453582763672e-01 2.803247272968292236e-01 2.788858115673065186e-01 2.133142203092575073e-01
3.522831797599792480e-01 1.493791788816452026e-01 2.723023295402526855e-01 1.928760111331939697e-01 4.789048135280609131e-01 1.305952966213226318e-01 2.221014350652694702e-01 2.803247272968292236e-01 2.788858115673065186e-01 2.229579836130142212e-01
4.557491838932037354e-01 1.493791788816452026e-01 2.723023295402526855e-01 2.358801066875457764e-01 3.636238276958465576e-01 4.071755707263946533e-02 4.250600636005401611e-01 2.803247272968292236e-01 2.788858115673065186e-01 9.492211043834686279e-02
1.942368037998676300e-02 2.313624471426010132e-01 4.870425164699554443e-01 4.043042361736297607e-01 6.756551861763000488e-01 9.194675087928771973e-02 4.271531999111175537e-01 4.158573150634765625e-01 2.788858115673065186e-01 5.136945843696594238e-01
2.085422538220882416e-02 6.023519635200500488e-01 2.723023295402526855e-01 4.791606068611145020e-01 4.134013652801513672e-01 5.036915540695190430e-01 4.271531999111175537e-01 5.221369862556457520e-01 4.463637173175811768e-01 7.428891658782958984e-01
2.682128250598907471e-01 6.001517176628112793e-01 2.723023295402526855e-01 5.852015018463134766e-01 4.640480279922485352e-01 6.251654624938964844e-01 4.992736876010894775e-01 5.221369862556457520e-01 4.463637173175811768e-01 4.179088473320007324e-01
1.029921695590019226e-02 5.122421979904174805e-01 4.870425164699554443e-01 5.138949155807495117e-01 3.178869485855102539e-01 1.820911169052124023e-01 4.271531999111175537e-01 3.959861993789672852e-01 4.731056094169616699e-01 3.000635206699371338e-01
1.365793198347091675e-01 5.122421979904174805e-01 3.930586874485015869e-01 6.387589573860168457e-01 6.343088746070861816e-01 4.799875020980834961e-01 5.465857386589050293e-01 3.959861993789672852e-01 6.816573143005371094e-01 3.993288576602935791e-01
4.809213057160377502e-02 6.390452980995178223e-01 3.930586874485015869e-01 2.836152613162994385e-01 2.200506329536437988e-01 1.108116507530212402e-01 3.158086538314819336e-01 4.109615087509155273e-01 4.304557442665100098e-01 5.344304442405700684e-01
1.817504614591598511e-01 3.259011507034301758e-01 3.930586874485015869e-01 5.201376080513000488e-01 3.126928508281707764e-01 5.413253903388977051e-01 5.241959691047668457e-01 4.158573150634765625e-01 3.318130373954772949e-01 4.110908806324005127e-01
4.375239461660385132e-02 6.390452980995178223e-01 4.870425164699554443e-01 5.427920818328857422e-01 4.227003157138824463e-01 2.424747198820114136e-01 3.579066097736358643e-01 2.803247272968292236e-01 4.750233292579650879e-01 7.766838371753692627e-02
2.611471414566040039e-01 6.023519635200500488e-01 3.834340572357177734e-01 4.185327291488647461e-01 2.252461016178131104e-01 7.012303471565246582e-01 6.585546135902404785e-01 2.803247272968292236e-01 4.750233292579650879e-01 2.498065531253814697e-01
6.849591135978698730e-01 3.128794431686401367e-01 3.834340572357177734e-01 2.066565155982971191e-01 7.206808328628540039e-01 3.981215059757232666e-01 6.585546135902404785e-01 2.803247272968292236e-01 2.788858115673065186e-01 2.101795524358749390e-01
3.559047356247901917e-02 3.128794431686401367e-01 3.834340572357177734e-01 2.394639998674392700e-01 2.654017210006713867e-01 3.467754721641540527e-01 6.784995794296264648e-01 2.803247272968292236e-01 2.788858115673065186e-01 2.825340330600738525e-01
1.413435339927673340e-01 6.023519635200500488e-01 3.834340572357177734e-01 2.923728227615356445e-01 5.224819183349609375e-01 7.086945176124572754e-01 3.579066097736358643e-01 2.803247272968292236e-01 4.731056094169616699e-01 3.328341543674468994e-01
4.645780920982360840e-01 3.128794431686401367e-01 3.834340572357177734e-01 5.785024762153625488e-01 5.021812915802001953e-01 3.535037338733673096e-01 3.158086538314819336e-01 2.803247272968292236e-01 4.731056094169616699e-01 7.790462970733642578e-01
3.259870111942291260e-01 4.530583918094635010e-01 4.870425164699554443e-01 3.751485347747802734e-01 4.230879843235015869e-01 3.089281320571899414e-01 3.158086538314819336e-01 2.803247272968292236e-01 4.731056094169616699e-01 7.247803211212158203e-01
2.146951854228973389e-01 3.128794431686401367e-01 2.723023295402526855e-01 4.493668079376220703e-01 1.295999884605407715e-01 3.089281320571899414e-01 3.158086538314819336e-01 2.803247272968292236e-01 4.731056094169616699e-01 6.872681975364685059e-01
8.838894218206405640e-02 4.530583918094635010e-01 2.723023295402526855e-01 2.267339825630187988e-01 3.131284415721893311e-01 4.052280485630035400e-01 2.966865301132202148e-01 2.803247272968292236e-01 2.788858115673065186e-01 4.740914404392242432e-01
1.141450479626655579e-01 6.023519635200500488e-01 2.723023295402526855e-01 1.254400014877319336e-01 1.798222362995147705e-01 6.237544417381286621e-01 2.966865301132202148e-01 2.803247272968292236e-01 4.731056094169616699e-01 5.665986537933349609e-01
3.879498243331909180e-01 6.023519635200500488e-01 2.723023295402526855e-01 3.302648365497589111e-01 3.964012265205383301e-01 6.674181818962097168e-01 2.966865301132202148e-01 2.803247272968292236e-01 2.788858115673065186e-01 4.335814714431762695e-01
3.459843397140502930e-01 6.023519635200500488e-01 4.870425164699554443e-01 2.667559981346130371e-01 1.306166648864746094e-01 3.407731950283050537e-01 3.158086538314819336e-01 2.803247272968292236e-01 2.788858115673065186e-01 1.458587944507598877e-01
1.554059535264968872e-01 3.128794431686401367e-01 4.870425164699554443e-01 2.667559981346130371e-01 1.956645995378494263e-01 3.407731950283050537e-01 2.762996554374694824e-01 2.803247272968292236e-01 2.788858115673065186e-01 1.517653763294219971e-01
1.980507075786590576e-01 1.419722884893417358e-01 4.870425164699554443e-01 9.415954351425170898e-02 1.613629460334777832e-01 2.496577352285385132e-01 2.221014350652694702e-01 2.803247272968292236e-01 4.731056094169616699e-01 5.232709050178527832e-01
2.781414687633514404e-01 4.381611347198486328e-01 2.723023295402526855e-01 2.267339825630187988e-01 2.155054658651351929e-01 1.202905699610710144e-01 2.221014350652694702e-01 2.803247272968292236e-01 4.731056094169616699e-01 2.905240952968597412e-01
1.661177426576614380e-01 4.381611347198486328e-01 2.723023295402526855e-01 1.254400014877319336e-01 1.448173820972442627e-01 3.982751071453094482e-01 2.221014350652694702e-01 2.803247272968292236e-01 4.731056094169616699e-01 2.905240952968597412e-01
9.028232097625732422e-02 6.023519635200500488e-01 2.723023295402526855e-01 2.262424081563949585e-01 3.106513917446136475e-01 6.674181818962097168e-01 2.221014350652694702e-01 2.803247272968292236e-01 2.788858115673065186e-01 5.982995778322219849e-02
7.880461215972900391e-02 3.550216555595397949e-01 2.723023295402526855e-01 3.308857381343841553e-01 1.283035874366760254e-01 1.748862713575363159e-01 2.762996554374694824e-01 2.803247272968292236e-01 2.788858115673065186e-01 4.139291122555732727e-02
3.337962925434112549e-02 2.313624471426010132e-01 4.870425164699554443e-01 2.876912951469421387e-01 2.328194081783294678e-01 1.186762526631355286e-01 2.762996554374694824e-01 2.803247272968292236e-01 2.788858115673065186e-01 4.934851825237274170e-02
1.514454185962677002e-01 6.023519635200500488e-01 4.870425164699554443e-01 3.280438780784606934e-01 3.707138597965240479e-01 1.846134215593338013e-01 2.221014350652694702e-01 2.803247272968292236e-01 2.788858115673065186e-01 6.596021652221679688e-01
2.031959965825080872e-02 6.023519635200500488e-01 2.723023295402526855e-01 6.430869102478027344e-01 1.796166300773620605e-01 3.596558868885040283e-01 4.250600636005401611e-01 2.803247272968292236e-01 2.788858115673065186e-01 2.048248052597045898e-01
2.763116359710693359e-02 4.530583918094635010e-01 4.870425164699554443e-01 2.231888473033905029e-01 1.579449623823165894e-01 4.566559791564941406e-01 2.762996554374694824e-01 2.803247272968292236e-01 4.731056094169616699e-01 3.455034196376800537e-01
2.635707892477512360e-02 6.023519635200500488e-01 4.870425164699554443e-01 9.292151033878326416e-02 5.505425333976745605e-01 5.769022703170776367e-01 2.221014350652694702e-01 4.109615087509155273e-01 4.463637173175811768e-01 5.483244657516479492e-01
6.241994351148605347e-02 6.023519635200500488e-01 2.723023295402526855e-01 3.302648365497589111e-01 7.530900835990905762e-02 4.679852724075317383e-01 2.762996554374694824e-01 2.803247272968292236e-01 2.788858115673065186e-01 2.341237217187881470e-01
1.084607392549514771e-01 6.390452980995178223e-01 4.870425164699554443e-01 3.318633139133453369e-01 7.458106279373168945e-01 5.727726817131042480e-01 2.966865301132202148e-01 2.803247272968292236e-01 4.731056094169616699e-01 7.401446104049682617e-01
2.134392857551574707e-01 3.128794431686401367e-01 4.870425164699554443e-01 2.667559981346130371e-01 3.359052240848541260e-01 1.986591219902038574e-01 3.158086538314819336e-01 2.803247272968292236e-01 4.750233292579650879e-01 2.723820805549621582e-01
6.934716552495956421e-02 6.023519635200500488e-01 4.870425164699554443e-01 9.569071978330612183e-02 1.940255314111709595e-01 1.986591219902038574e-01 3.158086538314819336e-01 2.803247272968292236e-01 2.788858115673065186e-01 3.613916039466857910e-01
1.057313010096549988e-01 3.128794431686401367e-01 2.723023295402526855e-01 4.023668169975280762e-01 1.798222362995147705e-01 5.727726817131042480e-01 2.966865301132202148e-01 2.803247272968292236e-01 4.731056094169616699e-01 4.873152673244476318e-01
1.708311140537261963e-01 6.023519635200500488e-01 4.870425164699554443e-01 2.394639998674392700e-01 4.482904374599456787e-01 5.317826271057128906e-01 3.579066097736358643e-01 2.803247272968292236e-01 2.788858115673065186e-01 5.448951125144958496e-01
6.255629658699035645e-01 6.023519635200500488e-01 3.834340572357177734e-01 5.785024762153625488e-01 3.266682028770446777e-01 4.072301983833312988e-01 3.158086538314819336e-01 2.803247272968292236e-01 4.731056094169616699e-01 5.321297049522399902e-01
1.252116858959197998e-01 3.128794431686401367e-01 4.870425164699554443e-01 2.667559981346130371e-01 3.359052240848541260e-01 4.679852724075317383e-01 3.158086538314819336e-01 2.803247272968292236e-01 2.788858115673065186e-01 3.188794851303100586e-01
1.035670936107635498e-01 3.128794431686401367e-01 4.870425164699554443e-01 9.415954351425170898e-02 3.036732673645019531e-01 3.002045154571533203e-01 3.026006817817687988e-01 2.803247272968292236e-01 2.788858115673065186e-01 2.272011935710906982e-01
1.483714580535888672e-01 3.782815933227539062e-01 4.419327676296234131e-01 8.084393292665481567e-02 2.304420769214630127e-01 1.456263214349746704e-01 3.026006817817687988e-01 2.803247272968292236e-01 4.731056094169616699e-01 4.024747908115386963e-01
4.279608726501464844e-01 4.381611347198486328e-01 4.419327676296234131e-01 1.269336789846420288e-01 3.837176561355590820e-01 1.456263214349746704e-01 2.221014350652694702e-01 2.803247272968292236e-01 4.731056094169616699e-01 2.612788379192352295e-01
1.621919125318527222e-02 4.381611347198486328e-01 4.174314141273498535e-01 1.736523658037185669e-01 2.261312603950500488e-01 1.675154864788055420e-01 2.221014350652694702e-01 2.803247272968292236e-01 2.788858115673065186e-01 4.159211739897727966e-02
1.669252850115299225e-02 2.619819343090057373e-01 4.174314141273498535e-01 5.202882885932922363e-01 1.210064440965652466e-01 8.366283178329467773e-01 3.114781975746154785e-01 2.803247272968292236e-01 2.788858115673065186e-01 2.278189212083816528e-01
2.933581173419952393e-02 2.619819343090057373e-01 4.174314141273498535e-01 3.239875733852386475e-01 4.483306109905242920e-01 5.007709860801696777e-01 3.114781975746154785e-01 2.803247272968292236e-01 2.788858115673065186e-01 5.477975010871887207e-01
7.053914070129394531e-01 2.619819343090057373e-01 4.174314141273498535e-01 3.239875733852386475e-01 6.118481159210205078e-01 9.161218404769897461e-01 4.509705007076263428e-01 4.109615087509155273e-01 4.463637173175811768e-01 6.252170205116271973e-01
5.636496543884277344e-01 2.619819343090057373e-01 4.174314141273498535e-01 7.071495652198791504e-01 6.990327239036560059e-01 9.066461920738220215e-01 1.560662984848022461e-01 4.109615087509155273e-01 4.463637173175811768e-01 6.782481074333190918e-01
8.611055016517639160e-01 6.256918907165527344e-01 4.860064983367919922e-01 6.490591764450073242e-01 3.866045773029327393e-01 5.408287644386291504e-01 4.180433452129364014e-01 5.221369862556457520e-01 4.463637173175811768e-01 6.937904953956604004e-01
5.889857411384582520e-01 6.256918907165527344e-01 4.860064983367919922e-01 7.888036370277404785e-01 2.683795094490051270e-01 7.715034484863281250e-01 5.820160508155822754e-01 6.076610684394836426e-01 6.816573143005371094e-01 3.093436360359191895e-01
8.609014153480529785e-01 6.256918907165527344e-01 4.860064983367919922e-01 1.803077757358551025e-01 1.299929916858673096e-01 8.264773488044738770e-01 5.820160508155822754e-01 6.076610684394836426e-01 6.816573143005371094e-01 7.830181121826171875e-01
9.583332538604736328e-01 6.256918907165527344e-01 6.082571148872375488e-01 3.615140318870544434e-01 1.299929916858673096e-01 9.064974784851074219e-01 6.739050745964050293e-01 5.221369862556457520e-01 6.816573143005371094e-01 6.755366921424865723e-01
7.053065299987792969e-01 7.331265807151794434e-01 6.082571148872375488e-01 5.694954991340637207e-01 4.673603475093841553e-01 4.457438588142395020e-01 2.788694798946380615e-01 5.221369862556457520e-01 6.816573143005371094e-01 7.267006039619445801e-01
6.023799180984497070e-01 4.767657816410064697e-01 4.833411574363708496e-01 4.062782824039459229e-01 7.006808519363403320e-01 7.511801719665527344e-01 2.788694798946380615e-01 5.221369862556457520e-01 3.543459773063659668e-01 1.258768737316131592e-01
4.889599084854125977e-01 4.767657816410064697e-01 4.833411574363708496e-01 4.062782824039459229e-01 5.753988027572631836e-01 5.713035464286804199e-01 2.788694798946380615e-01 5.221369862556457520e-01 6.816573143005371094e-01 5.663029551506042480e-01
1.480709910392761230e-01 4.767657816410064697e-01 4.833411574363708496e-01 3.490445315837860107e-01 7.026247382164001465e-01 8.456004261970520020e-01 3.738477230072021484e-01 5.221369862556457520e-01 4.931390583515167236e-01 7.403053045272827148e-01
4.323181509971618652e-01 3.143022656440734863e-01 4.833411574363708496e-01 5.722361803054809570e-01 5.306517481803894043e-01 8.703404068946838379e-01 6.072295904159545898e-01 5.221369862556457520e-01 4.931390583515167236e-01 7.469683289527893066e-01
7.169330120086669922e-01 3.143022656440734863e-01 4.833411574363708496e-01 6.330627202987670898e-01 7.139136791229248047e-01 5.841441750526428223e-01 4.439429640769958496e-01 5.221369862556457520e-01 6.816573143005371094e-01 9.436887502670288086e-01
1.344614475965499878e-01 2.199259400367736816e-01 5.498331189155578613e-01 7.335665822029113770e-01 3.630033433437347412e-01 2.601169347763061523e-01 4.106327593326568604e-01 5.221369862556457520e-01 4.304557442665100098e-01 3.256901800632476807e-01
8.878893256187438965e-01 6.435946822166442871e-01 6.614044308662414551e-01 3.673513531684875488e-01 7.489460706710815430e-01 1.848427802324295044e-01 4.106327593326568604e-01 3.959861993789672852e-01 4.304557442665100098e-01 3.298587799072265625e-01
1.925504803657531738e-01 7.870024442672729492e-01 6.614044308662414551e-01 5.759787559509277344e-01 5.945312380790710449e-01 6.490446627140045166e-02 3.579066097736358643e-01 3.959861993789672852e-01 6.816573143005371094e-01 2.033008933067321777e-01
7.157360911369323730e-01 4.839726686477661133e-01 3.834340572357177734e-01 5.013929605484008789e-01 3.728965818881988525e-01 3.345770835876464844e-01 5.619410872459411621e-01 4.158573150634765625e-01 4.750233292579650879e-01 1.387854069471359253e-01
2.293635606765747070e-01 4.919073283672332764e-01 3.834340572357177734e-01 7.005084156990051270e-01 7.103292942047119141e-01 2.821656763553619385e-01 2.704624533653259277e-01 4.158573150634765625e-01 3.318130373954772949e-01 2.540488839149475098e-01
1.680051535367965698e-01 6.390452980995178223e-01 3.834340572357177734e-01 3.605270087718963623e-01 6.144217252731323242e-01 4.090371727943420410e-01 3.579066097736358643e-01 4.158573150634765625e-01 3.318130373954772949e-01 1.303448528051376343e-01
4.464966356754302979e-01 6.390452980995178223e-01 3.834340572357177734e-01 5.013929605484008789e-01 6.099846959114074707e-01 8.291893005371093750e-01 6.585546135902404785e-01 4.158573150634765625e-01 4.750233292579650879e-01 6.089425683021545410e-01
4.683694839477539062e-01 6.390452980995178223e-01 3.834340572357177734e-01 5.385794639587402344e-01 7.445571422576904297e-01 3.344843387603759766e-01 3.579066097736358643e-01 4.158573150634765625e-01 4.750233292579650879e-01 4.382712543010711670e-01
3.680891692638397217e-01 6.390452980995178223e-01 3.834340572357177734e-01 6.019644141197204590e-01 2.695685029029846191e-01 7.074318528175354004e-01 6.784995794296264648e-01 4.158573150634765625e-01 4.750233292579650879e-01 9.904991835355758667e-02
4.300615191459655762e-01 6.390452980995178223e-01 3.834340572357177734e-01 4.843676388263702393e-01 4.391003251075744629e-01 6.719158291816711426e-01 3.579066097736358643e-01 4.109615087509155273e-01 4.750233292579650879e-01 1.378984302282333374e-01
2.861882746219635010e-01 3.473418653011322021e-01 3.834340572357177734e-01 5.964415669441223145e-01 4.140268266201019287e-01 5.826194882392883301e-01 6.784995794296264648e-01 4.109615087509155273e-01 4.750233292579650879e-01 2.800271809101104736e-01
1.564537733793258667e-01 4.919073283672332764e-01 3.834340572357177734e-01 3.577337265014648438e-01 4.224054515361785889e-01 3.165778219699859619e-01 3.788490593433380127e-01 4.109615087509155273e-01 4.750233292579650879e-01 6.820427179336547852e-01
1.493400484323501587e-01 3.473418653011322021e-01 3.834340572357177734e-01 5.429321527481079102e-01 5.021812915802001953e-01 3.165778219699859619e-01 3.788490593433380127e-01 4.109615087509155273e-01 3.318130373954772949e-01 5.553494691848754883e-01
1.493400484323501587e-01 4.919073283672332764e-01 3.834340572357177734e-01 4.301945567131042480e-01 3.714949190616607666e-01 3.165778219699859619e-01 3.788490593433380127e-01 4.109615087509155273e-01 3.318130373954772949e-01 5.487529039382934570e-01
1.685519665479660034e-01 4.919073283672332764e-01 3.834340572357177734e-01 5.429321527481079102e-01 2.743167877197265625e-01 3.165778219699859619e-01 2.704624533653259277e-01 4.109615087509155273e-01 3.318130373954772949e-01 4.169268310070037842e-01
2.649809122085571289e-01 3.259011507034301758e-01 3.834340572357177734e-01 4.301945567131042480e-01 4.041031002998352051e-01 4.466283321380615234e-01 6.269881725311279297e-01 4.109615087509155273e-01 3.318130373954772949e-01 9.111992269754409790e-02
2.651172876358032227e-01 6.564128994941711426e-01 3.834340572357177734e-01 2.667603492736816406e-01 1.813297867774963379e-01 3.418881893157958984e-01 5.054504275321960449e-01 4.109615087509155273e-01 5.106023550033569336e-01 8.886854350566864014e-02
1.997482478618621826e-01 6.564128994941711426e-01 3.834340572357177734e-01 3.799978792667388916e-01 5.425131320953369141e-01 6.871590018272399902e-01 6.124923825263977051e-01 4.109615087509155273e-01 5.106023550033569336e-01 7.052229046821594238e-01
8.709055185317993164e-01 5.122421979904174805e-01 3.834340572357177734e-01 2.892074286937713623e-01 6.696183681488037109e-01 8.039027452468872070e-01 6.270645260810852051e-01 4.109615087509155273e-01 5.106023550033569336e-01 8.257049918174743652e-01
6.264362335205078125e-01 4.798510372638702393e-01 4.174314141273498535e-01 9.847709536552429199e-02 3.956537544727325439e-01 5.978217720985412598e-01 5.098195672035217285e-01 4.109615087509155273e-01 5.106023550033569336e-01 2.081838846206665039e-01
4.327140152454376221e-01 4.798510372638702393e-01 3.834340572357177734e-01 4.222652316093444824e-01 6.230731606483459473e-01 3.542531728744506836e-01 5.098195672035217285e-01 4.109615087509155273e-01 5.106023550033569336e-01 1.926844269037246704e-01
3.228068649768829346e-01 3.498987853527069092e-01 5.000000000000000000e-01 3.226367235183715820e-01 3.095527291297912598e-01 5.954647064208984375e-01 5.098195672035217285e-01 4.109615087509155273e-01 5.106023550033569336e-01 8.232963830232620239e-02
7.433001995086669922e-01 2.200067192316055298e-01 5.000000000000000000e-01 1.557273417711257935e-01 6.506243944168090820e-01 3.816979229450225830e-01 2.987086772918701172e-01 4.109615087509155273e-01 3.754081726074218750e-01 4.060198068618774414e-01
4.900271296501159668e-01 2.200067192316055298e-01 5.000000000000000000e-01 3.770141303539276123e-01 7.347543835639953613e-01 2.207369506359100342e-01 3.738477230072021484e-01 4.109615087509155273e-01 6.816573143005371094e-01 1.869132071733474731e-01
6.508420109748840332e-01 4.798510372638702393e-01 5.498331189155578613e-01 4.138258695602416992e-01 6.969935894012451172e-01 3.726125955581665039e-01 7.875511050224304199e-01 4.109615087509155273e-01 6.816573143005371094e-01 1.830593049526214600e-01
6.529353857040405273e-01 4.669571518898010254e-01 5.498331189155578613e-01 3.559446632862091064e-01 5.003145337104797363e-01 8.213046789169311523e-01 3.754203319549560547e-01 3.912411928176879883e-01 6.816573143005371094e-01 7.260632514953613281e-01
1.262955814599990845e-01 7.758715152740478516e-01 5.000000000000000000e-01 3.377165198326110840e-01 7.489455342292785645e-01 7.741723656654357910e-01 2.398028820753097534e-01 5.221369862556457520e-01 6.816573143005371094e-01 8.902382254600524902e-01
8.266384601593017578e-01 2.506367862224578857e-01 5.498331189155578613e-01 5.243192911148071289e-01 6.159683465957641602e-01 6.015699505805969238e-01 3.754203319549560547e-01 3.912411928176879883e-01 6.816573143005371094e-01 7.617344260215759277e-01
5.603352189064025879e-01 2.619819343090057373e-01 2.845618724822998047e-01 2.580319046974182129e-01 6.159683465957641602e-01 5.715269446372985840e-01 2.398028820753097534e-01 5.221369862556457520e-01 2.788858115673065186e-01 5.889770388603210449e-01
4.398042559623718262e-01 1.493791788816452026e-01 2.845618724822998047e-01 4.809888899326324463e-01 3.121991455554962158e-01 6.005009412765502930e-01 3.754203319549560547e-01 3.912411928176879883e-01 4.731056094169616699e-01 4.340861439704895020e-01
1.579621881246566772e-01 5.243732333183288574e-01 2.845618724822998047e-01 2.262413203716278076e-01 3.121991455554962158e-01 4.306931197643280029e-01 2.398028820753097534e-01 5.221369862556457520e-01 2.788858115673065186e-01 9.693087637424468994e-02
3.148684501647949219e-01 2.619819343090057373e-01 2.845618724822998047e-01 2.990979254245758057e-01 4.030523300170898438e-01 5.759359002113342285e-01 1.381350159645080566e-01 5.221369862556457520e-01 5.361413359642028809e-01 6.533107757568359375e-01
3.984631001949310303e-01 6.480150818824768066e-01 3.930586874485015869e-01 3.398587405681610107e-01 5.306517481803894043e-01 1.555236577987670898e-01 4.180433452129364014e-01 5.221369862556457520e-01 2.788858115673065186e-01 4.405991733074188232e-01
5.147319436073303223e-01 6.256918907165527344e-01 3.930586874485015869e-01 3.203880488872528076e-01 5.663362741470336914e-01 2.177898883819580078e-01 2.327492833137512207e-01 5.221369862556457520e-01 5.361413359642028809e-01 1.137399896979331970e-01
6.485214233398437500e-01 6.435946822166442871e-01 3.930586874485015869e-01 4.042578041553497314e-01 5.919235348701477051e-01 1.811174750328063965e-01 4.271531999111175537e-01 5.221369862556457520e-01 5.361413359642028809e-01 5.129888057708740234e-01
3.746963739395141602e-01 6.435946822166442871e-01 3.930586874485015869e-01 4.449619948863983154e-01 7.124148607254028320e-01 6.743465662002563477e-01 4.271531999111175537e-01 5.221369862556457520e-01 2.788858115673065186e-01 5.977143049240112305e-01
8.327079415321350098e-01 1.493791788816452026e-01 3.930586874485015869e-01 4.090054333209991455e-01 6.645657420158386230e-01 6.646508574485778809e-01 6.587999463081359863e-01 5.221369862556457520e-01 5.361413359642028809e-01 8.827804327011108398e-01
3.400480747222900391e-01 2.119871973991394043e-01 4.870425164699554443e-01 5.211291909217834473e-01 8.798421621322631836e-01 6.389461159706115723e-01 4.992736876010894775e-01 3.959861993789672852e-01 2.788858115673065186e-01 8.579677343368530273e-01
8.060485720634460449e-01 3.550216555595397949e-01 4.870425164699554443e-01 6.892914772033691406e-01 7.603191733360290527e-01 8.429020047187805176e-01 4.992736876010894775e-01 3.959861993789672852e-01 5.361413359642028809e-01 7.911390066146850586e-01
1.404099464416503906e-01 3.550216555595397949e-01 4.870425164699554443e-01 7.385850548744201660e-01 5.629835724830627441e-01 2.310114502906799316e-01 4.915328621864318848e-01 3.959861993789672852e-01 2.788858115673065186e-01 8.968142867088317871e-01
5.695576220750808716e-02 3.000627756118774414e-01 4.870425164699554443e-01 3.954586684703826904e-01 3.440094292163848877e-01 2.310114502906799316e-01 3.155423104763031006e-01 2.923075556755065918e-01 4.731056094169616699e-01 5.174347162246704102e-01
4.959509670734405518e-01 3.000627756118774414e-01 4.870425164699554443e-01 7.174189090728759766e-01 5.269237756729125977e-01 7.278490662574768066e-01 3.155423104763031006e-01 4.158573150634765625e-01 4.731056094169616699e-01 4.381604790687561035e-01
6.881017088890075684e-01 5.039767026901245117e-01 4.419327676296234131e-01 7.218801379203796387e-01 6.509740948677062988e-01 5.752469897270202637e-01 3.155423104763031006e-01 6.645672321319580078e-01 4.731056094169616699e-01 8.254435658454895020e-01
6.379943341016769409e-02 2.303081601858139038e-01 4.419327676296234131e-01 4.825302064418792725e-01 3.739880621433258057e-01 1.113512814044952393e-01 3.155423104763031006e-01 5.089715719223022461e-01 4.731056094169616699e-01 4.411446750164031982e-01
2.150474786758422852e-01 3.877689838409423828e-01 6.145917177200317383e-01 5.822215080261230469e-01 4.114527404308319092e-01 8.275261521339416504e-01 3.864439427852630615e-01 2.923075556755065918e-01 5.106023550033569336e-01 1.140334233641624451e-01
8.438552618026733398e-01 3.877689838409423828e-01 6.145917177200317383e-01 6.077750325202941895e-01 4.114527404308319092e-01 6.541321873664855957e-01 3.562687635421752930e-01 4.109615087509155273e-01 5.106023550033569336e-01 5.517087578773498535e-01
4.606349170207977295e-01 3.877689838409423828e-01 6.145917177200317383e-01 8.803107738494873047e-01 3.427514135837554932e-01 1.645182967185974121e-01 3.246227502822875977e-01 5.221369862556457520e-01 6.816573143005371094e-01 3.655321300029754639e-01
5.969238877296447754e-01 6.629711389541625977e-01 6.145917177200317383e-01 6.896225810050964355e-01 7.854054570198059082e-01 4.894424974918365479e-01 6.223482489585876465e-01 5.221369862556457520e-01 6.816573143005371094e-01 5.119904875755310059e-01
8.081559538841247559e-01 6.488000154495239258e-01 4.833411574363708496e-01 3.940495848655700684e-01 5.080013871192932129e-01 4.894816875457763672e-01 2.788694798946380615e-01 5.221369862556457520e-01 4.931390583515167236e-01 7.677056193351745605e-01
5.917406678199768066e-01 6.256918907165527344e-01 5.000000000000000000e-01 2.895465493202209473e-01 3.900006413459777832e-01 6.857265233993530273e-01 3.738477230072021484e-01 5.221369862556457520e-01 6.816573143005371094e-01 4.734161198139190674e-01
2.741907835006713867e-01 6.256918907165527344e-01 5.000000000000000000e-01 3.048137724399566650e-01 4.304297864437103271e-01 6.183721423149108887e-01 3.738477230072021484e-01 5.221369862556457520e-01 6.816573143005371094e-01 6.710476279258728027e-01
8.036930561065673828e-01 6.435946822166442871e-01 6.614044308662414551e-01 3.048137724399566650e-01 5.005524754524230957e-01 9.327064752578735352e-01 3.633082509040832520e-01 5.221369862556457520e-01 6.816573143005371094e-01 9.266470074653625488e-01
5.400308966636657715e-01 6.435946822166442871e-01 6.614044308662414551e-01 2.996389269828796387e-01 5.005524754524230957e-01 6.386146545410156250e-01 4.439429640769958496e-01 5.221369862556457520e-01 4.304557442665100098e-01 9.269694089889526367e-01
9.256748557090759277e-01 6.435946822166442871e-01 6.614044308662414551e-01 6.330627202987670898e-01 8.798424601554870605e-01 6.386146545410156250e-01 4.823124706745147705e-01 5.221369862556457520e-01 4.304557442665100098e-01 4.348183572292327881e-01
6.706508994102478027e-01 4.839726686477661133e-01 3.834340572357177734e-01 6.163915991783142090e-01 7.603197097778320312e-01 5.218619108200073242e-01 4.823124706745147705e-01 3.959861993789672852e-01 4.304557442665100098e-01 7.548785209655761719e-01
7.739711403846740723e-01 6.390452980995178223e-01 3.834340572357177734e-01 6.163915991783142090e-01 7.161659598350524902e-01 5.218619108200073242e-01 6.503432989120483398e-01 3.959861993789672852e-01 4.304557442665100098e-01 2.008818686008453369e-01
3.569974005222320557e-01 6.390452980995178223e-01 3.834340572357177734e-01 6.163915991783142090e-01 5.538900494575500488e-01 7.679356932640075684e-01 5.017754435539245605e-01 5.291307568550109863e-01 4.304557442665100098e-01 6.469591259956359863e-01
7.611016631126403809e-01 6.390452980995178223e-01 3.834340572357177734e-01 6.125912070274353027e-01 7.681609392166137695e-01 3.979456424713134766e-01 5.017754435539245605e-01 4.158573150634765625e-01 4.750233292579650879e-01 8.017351031303405762e-01
4.376336038112640381e-01 6.390452980995178223e-01 3.834340572357177734e-01 4.955027103424072266e-01 6.969687938690185547e-01 2.670562267303466797e-01 5.017754435539245605e-01 4.158573150634765625e-01 4.750233292579650879e-01 7.748404741287231445e-01
