7.982565164566040039e-01 7.928071618080139160e-01 2.294588536024093628e-01 5.927864909172058105e-01 4.209439158439636230e-01 5.952541828155517578e-01 5.687705278396606445e-01 3.798243105411529541e-01 6.715574264526367188e-01 6.659458279609680176e-01
4.071862995624542236e-01 6.401435136795043945e-01 7.739487886428833008e-01 9.224717020988464355e-01 4.209439158439636230e-01 7.719355821609497070e-01 4.652740955352783203e-01 3.798243105411529541e-01 6.778575778007507324e-01 6.659458279609680176e-01
7.982565164566040039e-01 7.928071618080139160e-01 5.546739101409912109e-01 9.410347938537597656e-01 4.209439158439636230e-01 6.660863757133483887e-01 4.652740955352783203e-01 3.798243105411529541e-01 6.778575778007507324e-01 6.659458279609680176e-01
7.982565164566040039e-01 7.928071618080139160e-01 6.656318306922912598e-01 9.597903490066528320e-01 5.000000000000000000e-01 9.638145565986633301e-01 8.290029764175415039e-01 7.873600721359252930e-01 8.852411508560180664e-01 7.873600721359252930e-01
6.814949512481689453e-01 5.000000000000000000e-01 9.763092398643493652e-01 8.373955488204956055e-01 7.702543735504150391e-01 7.516999840736389160e-01 8.080269694328308105e-01 5.744400620460510254e-01 6.082076430320739746e-01 5.137868523597717285e-01
6.814949512481689453e-01 5.000000000000000000e-01 9.704900383949279785e-01 6.252250671386718750e-01 7.702543735504150391e-01 7.516999840736389160e-01 8.080269694328308105e-01 5.744400620460510254e-01 6.082076430320739746e-01 5.137868523597717285e-01
6.814949512481689453e-01 5.000000000000000000e-01 4.145694077014923096e-01 6.127706170082092285e-01 5.000000000000000000e-01 7.117468714714050293e-01 8.290029764175415039e-01 5.744400620460510254e-01 6.082076430320739746e-01 5.137868523597717285e-01
6.814949512481689453e-01 5.000000000000000000e-01 7.728719711303710938e-01 7.551215291023254395e-01 7.702543735504150391e-01 7.117468714714050293e-01 8.290029764175415039e-01 5.744400620460510254e-01 6.082076430320739746e-01 5.137868523597717285e-01
5.558401346206665039e-01 6.401435136795043945e-01 5.635080933570861816e-01 9.675424098968505859e-01 5.975555777549743652e-01 6.632913947105407715e-01 5.238912701606750488e-01 5.297380685806274414e-01 4.625360667705535889e-01 6.659458279609680176e-01
6.814949512481689453e-01 5.000000000000000000e-01 3.278293013572692871e-01 8.640782237052917480e-01 7.976090312004089355e-01 6.027899384498596191e-01 7.925531864166259766e-01 6.623256802558898926e-01 7.895463705062866211e-01 6.659458279609680176e-01
6.814949512481689453e-01 5.000000000000000000e-01 2.963722050189971924e-01 9.427517652511596680e-01 5.000000000000000000e-01 9.221149682998657227e-01 7.925531864166259766e-01 6.623256802558898926e-01 7.895463705062866211e-01 6.659458279609680176e-01
6.814949512481689453e-01 6.401435136795043945e-01 2.980470657348632812e-01 9.421084523200988770e-01 5.975555777549743652e-01 4.961797893047332764e-01 5.115674734115600586e-01 5.297380685806274414e-01 4.625360667705535889e-01 6.659458279609680176e-01
6.814949512481689453e-01 5.000000000000000000e-01 5.885847210884094238e-01 9.439502358436584473e-01 7.976090312004089355e-01 7.750207781791687012e-01 7.925531864166259766e-01 6.623256802558898926e-01 7.593184113502502441e-01 6.659458279609680176e-01
5.558401346206665039e-01 6.401435136795043945e-01 5.525588989257812500e-01 7.536349296569824219e-01 5.975555777549743652e-01 2.879578769207000732e-01 3.887097239494323730e-01 5.297380685806274414e-01 7.495795488357543945e-01 6.659458279609680176e-01
5.026484727859497070e-01 4.947375655174255371e-01 1.726544052362442017e-01 6.446533203125000000e-01 4.149458706378936768e-01 7.112319022417068481e-02 3.887097239494323730e-01 5.297380685806274414e-01 5.636665225028991699e-01 7.012636661529541016e-01
5.531293153762817383e-01 7.928071618080139160e-01 4.933698177337646484e-01 7.794656157493591309e-01 5.793240070343017578e-01 6.606698036193847656e-01 8.897157907485961914e-01 5.297380685806274414e-01 5.188738107681274414e-01 7.873600721359252930e-01
7.982565164566040039e-01 7.928071618080139160e-01 6.095371842384338379e-01 9.275768399238586426e-01 5.975555777549743652e-01 7.719355821609497070e-01 5.614500045776367188e-01 5.297380685806274414e-01 4.554081559181213379e-01 6.659458279609680176e-01
6.814949512481689453e-01 5.000000000000000000e-01 9.100252389907836914e-01 9.260011315345764160e-01 5.000000000000000000e-01 8.116155266761779785e-01 8.064593672752380371e-01 7.873600721359252930e-01 5.677683949470520020e-01 7.873600721359252930e-01
6.814949512481689453e-01 5.000000000000000000e-01 9.534175395965576172e-01 9.738793373107910156e-01 7.702543735504150391e-01 8.116155266761779785e-01 8.064593672752380371e-01 7.873600721359252930e-01 5.677683949470520020e-01 7.873600721359252930e-01
5.531293153762817383e-01 7.928071618080139160e-01 6.136019825935363770e-01 6.682660579681396484e-01 5.975555777549743652e-01 6.012887954711914062e-01 6.819103956222534180e-01 5.297380685806274414e-01 7.769864201545715332e-01 7.873600721359252930e-01
5.531293153762817383e-01 5.000000000000000000e-01 8.624583482742309570e-01 8.367510437965393066e-01 7.976090312004089355e-01 8.658528923988342285e-01 9.010345935821533203e-01 7.873600721359252930e-01 8.455066680908203125e-01 7.873600721359252930e-01
5.531293153762817383e-01 5.000000000000000000e-01 9.750224947929382324e-01 9.837864041328430176e-01 5.000000000000000000e-01 7.665414214134216309e-01 9.010345935821533203e-01 6.623256802558898926e-01 6.635032296180725098e-01 7.873600721359252930e-01
5.531293153762817383e-01 5.000000000000000000e-01 5.432205200195312500e-01 8.758629560470581055e-01 5.000000000000000000e-01 7.665414214134216309e-01 9.010345935821533203e-01 6.623256802558898926e-01 6.635032296180725098e-01 7.873600721359252930e-01
6.814949512481689453e-01 5.000000000000000000e-01 7.818017601966857910e-01 8.138211369514465332e-01 7.702543735504150391e-01 7.661525607109069824e-01 8.290029764175415039e-01 6.623256802558898926e-01 7.593184113502502441e-01 7.873600721359252930e-01
7.982565164566040039e-01 7.928071618080139160e-01 7.222926616668701172e-01 3.195240199565887451e-01 7.702543735504150391e-01 7.661525607109069824e-01 8.290029764175415039e-01 6.623256802558898926e-01 8.852411508560180664e-01 7.873600721359252930e-01
5.531293153762817383e-01 7.928071618080139160e-01 7.877594232559204102e-01 6.724559068679809570e-01 7.702543735504150391e-01 7.045081257820129395e-01 6.504096388816833496e-01 6.623256802558898926e-01 6.635032296180725098e-01 7.873600721359252930e-01
5.531293153762817383e-01 7.928071618080139160e-01 8.391856551170349121e-01 8.229581117630004883e-01 5.000000000000000000e-01 7.948909997940063477e-01 6.840077638626098633e-01 6.623256802558898926e-01 8.256548047065734863e-01 7.873600721359252930e-01
5.531293153762817383e-01 5.000000000000000000e-01 8.217818737030029297e-01 8.229581117630004883e-01 7.702543735504150391e-01 7.045081257820129395e-01 6.504096388816833496e-01 6.623256802558898926e-01 6.635032296180725098e-01 7.873600721359252930e-01
5.558401346206665039e-01 6.401435136795043945e-01 7.246162295341491699e-01 9.003450870513916016e-01 5.975555777549743652e-01 8.376996517181396484e-01 2.648575901985168457e-01 3.798243105411529541e-01 3.519102931022644043e-01 7.873600721359252930e-01
5.531293153762817383e-01 7.928071618080139160e-01 9.031539559364318848e-01 6.885292530059814453e-01 7.702543735504150391e-01 7.948909997940063477e-01 6.840077638626098633e-01 6.623256802558898926e-01 8.256548047065734863e-01 7.873600721359252930e-01
7.982565164566040039e-01 7.928071618080139160e-01 8.706901073455810547e-01 6.635889410972595215e-01 7.702543735504150391e-01 5.997447967529296875e-01 3.633014261722564697e-01 6.623256802558898926e-01 8.852411508560180664e-01 7.873600721359252930e-01
5.531293153762817383e-01 7.928071618080139160e-01 8.731855750083923340e-01 9.203932881355285645e-01 7.702543735504150391e-01 7.948909997940063477e-01 6.840077638626098633e-01 6.623256802558898926e-01 8.256548047065734863e-01 7.873600721359252930e-01
5.531293153762817383e-01 7.928071618080139160e-01 8.815444707870483398e-01 7.202770709991455078e-01 7.702543735504150391e-01 7.045081257820129395e-01 6.504096388816833496e-01 6.623256802558898926e-01 6.635032296180725098e-01 7.873600721359252930e-01
5.531293153762817383e-01 7.928071618080139160e-01 9.404053092002868652e-01 8.647832870483398438e-01 7.702543735504150391e-01 7.045081257820129395e-01 6.504096388816833496e-01 6.623256802558898926e-01 6.635032296180725098e-01 7.873600721359252930e-01
5.531293153762817383e-01 5.000000000000000000e-01 8.638965487480163574e-01 8.527934551239013672e-01 7.702543735504150391e-01 7.948909997940063477e-01 6.840077638626098633e-01 6.623256802558898926e-01 8.256548047065734863e-01 7.873600721359252930e-01
5.531293153762817383e-01 7.928071618080139160e-01 8.776890635490417480e-01 9.570627212524414062e-01 7.702543735504150391e-01 7.948909997940063477e-01 6.840077638626098633e-01 6.623256802558898926e-01 8.256548047065734863e-01 7.873600721359252930e-01
5.531293153762817383e-01 7.928071618080139160e-01 8.987734913825988770e-01 8.836280703544616699e-01 7.702543735504150391e-01 7.045081257820129395e-01 6.504096388816833496e-01 6.623256802558898926e-01 6.635032296180725098e-01 7.873600721359252930e-01
6.814949512481689453e-01 5.000000000000000000e-01 7.884107828140258789e-01 9.113234877586364746e-01 7.702543735504150391e-01 7.040557861328125000e-01 6.840077638626098633e-01 6.623256802558898926e-01 7.593184113502502441e-01 7.873600721359252930e-01
6.814949512481689453e-01 5.000000000000000000e-01 9.603314995765686035e-01 8.955742120742797852e-01 7.702543735504150391e-01 8.105223178863525391e-01 8.560557961463928223e-01 5.744400620460510254e-01 7.386910319328308105e-01 5.137868523597717285e-01
6.814949512481689453e-01 5.000000000000000000e-01 6.680690646171569824e-01 7.659866809844970703e-01 7.702543735504150391e-01 8.105223178863525391e-01 8.570384979248046875e-01 5.744400620460510254e-01 7.386910319328308105e-01 5.137868523597717285e-01
6.814949512481689453e-01 5.000000000000000000e-01 6.406060457229614258e-01 9.258940815925598145e-01 7.702543735504150391e-01 6.873316764831542969e-01 8.570384979248046875e-01 5.744400620460510254e-01 7.386910319328308105e-01 5.137868523597717285e-01
6.814949512481689453e-01 5.000000000000000000e-01 8.932014703750610352e-01 9.570627212524414062e-01 7.702543735504150391e-01 7.265750169754028320e-01 8.726112246513366699e-01 6.623256802558898926e-01 7.593184113502502441e-01 7.873600721359252930e-01
5.531293153762817383e-01 5.000000000000000000e-01 7.262680530548095703e-01 9.570627212524414062e-01 7.702543735504150391e-01 5.299913287162780762e-01 8.726112246513366699e-01 6.623256802558898926e-01 8.256548047065734863e-01 7.873600721359252930e-01
6.814949512481689453e-01 5.000000000000000000e-01 9.301100969314575195e-01 7.646257877349853516e-01 7.702543735504150391e-01 4.893139302730560303e-01 8.726112246513366699e-01 6.623256802558898926e-01 8.517431020736694336e-01 7.873600721359252930e-01
5.531293153762817383e-01 7.928071618080139160e-01 6.419293284416198730e-01 7.808166146278381348e-01 7.702543735504150391e-01 7.948909997940063477e-01 8.726112246513366699e-01 6.623256802558898926e-01 8.256548047065734863e-01 7.873600721359252930e-01
5.531293153762817383e-01 5.000000000000000000e-01 8.003909587860107422e-01 7.808166146278381348e-01 7.702543735504150391e-01 6.204619407653808594e-01 8.548099398612976074e-01 6.623256802558898926e-01 7.010267972946166992e-01 7.873600721359252930e-01
5.531293153762817383e-01 5.000000000000000000e-01 5.365799665451049805e-01 8.229581117630004883e-01 7.702543735504150391e-01 7.271834611892700195e-01 8.548099398612976074e-01 6.623256802558898926e-01 6.635032296180725098e-01 7.873600721359252930e-01
5.531293153762817383e-01 5.000000000000000000e-01 6.923142075538635254e-01 8.229581117630004883e-01 7.702543735504150391e-01 7.948909997940063477e-01 8.726112246513366699e-01 6.623256802558898926e-01 8.960914611816406250e-01 7.873600721359252930e-01
5.531293153762817383e-01 7.928071618080139160e-01 8.605704307556152344e-01 3.621920347213745117e-01 7.702543735504150391e-01 7.271834611892700195e-01 8.548099398612976074e-01 6.623256802558898926e-01 6.635032296180725098e-01 7.873600721359252930e-01
5.531293153762817383e-01 7.928071618080139160e-01 1.691253334283828735e-01 7.044178843498229980e-01 7.702543735504150391e-01 7.271834611892700195e-01 8.548099398612976074e-01 6.623256802558898926e-01 6.635032296180725098e-01 7.012636661529541016e-01
6.690711975097656250e-01 3.697428703308105469e-01 1.924313604831695557e-01 9.441016912460327148e-01 5.428419113159179688e-01 7.712385058403015137e-01 5.327339172363281250e-01 3.798243105411529541e-01 6.418572068214416504e-01 5.000000000000000000e-01
5.558401346206665039e-01 6.401435136795043945e-01 7.711927294731140137e-01 8.873214125633239746e-01 4.149458706378936768e-01 7.712385058403015137e-01 5.327339172363281250e-01 3.798243105411529541e-01 7.276878356933593750e-01 5.000000000000000000e-01
5.531293153762817383e-01 7.928071618080139160e-01 9.592210650444030762e-01 5.925653576850891113e-01 7.702543735504150391e-01 4.767489731311798096e-01 8.548099398612976074e-01 6.623256802558898926e-01 6.635032296180725098e-01 7.012636661529541016e-01
3.783539533615112305e-01 3.697428703308105469e-01 1.919666230678558350e-01 7.952090501785278320e-01 5.793240070343017578e-01 5.338414907455444336e-01 5.809384584426879883e-01 3.798243105411529541e-01 6.011326909065246582e-01 7.012636661529541016e-01
3.783539533615112305e-01 3.697428703308105469e-01 1.866539567708969116e-01 4.892276227474212646e-01 5.793240070343017578e-01 4.443415999412536621e-01 6.636270880699157715e-01 5.297380685806274414e-01 7.495795488357543945e-01 5.000000000000000000e-01
5.531293153762817383e-01 7.928071618080139160e-01 5.888944268226623535e-01 7.670567631721496582e-01 4.209439158439636230e-01 3.715773224830627441e-01 8.391480445861816406e-01 3.798243105411529541e-01 7.276878356933593750e-01 7.012636661529541016e-01
5.531293153762817383e-01 7.928071618080139160e-01 8.583871126174926758e-01 8.498489856719970703e-01 7.702543735504150391e-01 6.417165994644165039e-01 8.548099398612976074e-01 7.873600721359252930e-01 7.821665406227111816e-01 7.873600721359252930e-01
5.531293153762817383e-01 7.928071618080139160e-01 5.206149816513061523e-01 9.786943793296813965e-01 7.702543735504150391e-01 6.417165994644165039e-01 8.548099398612976074e-01 7.873600721359252930e-01 6.635032296180725098e-01 7.873600721359252930e-01
5.531293153762817383e-01 7.928071618080139160e-01 7.211660146713256836e-01 8.498489856719970703e-01 7.702543735504150391e-01 6.417165994644165039e-01 8.548099398612976074e-01 7.873600721359252930e-01 8.455066680908203125e-01 7.873600721359252930e-01
5.531293153762817383e-01 7.928071618080139160e-01 7.293539643287658691e-01 7.579210996627807617e-01 7.702543735504150391e-01 6.417165994644165039e-01 8.548099398612976074e-01 7.873600721359252930e-01 8.455066680908203125e-01 7.873600721359252930e-01
4.071862995624542236e-01 6.401435136795043945e-01 1.738324016332626343e-01 9.121751189231872559e-01 4.209439158439636230e-01 3.715773224830627441e-01 6.174477338790893555e-01 3.798243105411529541e-01 7.276878356933593750e-01 7.012636661529541016e-01
4.071862995624542236e-01 6.401435136795043945e-01 4.255585670471191406e-01 6.630423069000244141e-01 4.209439158439636230e-01 8.376996517181396484e-01 5.327339172363281250e-01 3.798243105411529541e-01 6.011326909065246582e-01 7.012636661529541016e-01
4.071862995624542236e-01 6.401435136795043945e-01 4.782509505748748779e-01 7.854338884353637695e-01 4.209439158439636230e-01 3.715773224830627441e-01 6.636270880699157715e-01 3.798243105411529541e-01 6.011326909065246582e-01 7.012636661529541016e-01
4.071862995624542236e-01 6.401435136795043945e-01 3.631972372531890869e-01 8.627476692199707031e-01 4.209439158439636230e-01 5.466340780258178711e-01 5.238912701606750488e-01 3.798243105411529541e-01 3.519102931022644043e-01 7.012636661529541016e-01
6.690711975097656250e-01 3.697428703308105469e-01 5.152778029441833496e-01 3.430681526660919189e-01 5.428419113159179688e-01 5.037146806716918945e-01 3.887097239494323730e-01 3.798243105411529541e-01 6.418572068214416504e-01 5.000000000000000000e-01
4.583066403865814209e-01 6.401435136795043945e-01 2.429822385311126709e-01 6.973453164100646973e-01 4.071506559848785400e-01 6.634622216224670410e-01 5.327339172363281250e-01 3.798243105411529541e-01 3.519102931022644043e-01 5.000000000000000000e-01
6.690711975097656250e-01 3.697428703308105469e-01 2.871571481227874756e-01 8.300793170928955078e-01 5.793240070343017578e-01 6.032667756080627441e-01 3.887097239494323730e-01 3.798243105411529541e-01 3.519102931022644043e-01 5.000000000000000000e-01
4.071862995624542236e-01 6.401435136795043945e-01 2.675075829029083252e-01 5.883647203445434570e-01 4.209439158439636230e-01 3.128831088542938232e-01 3.887097239494323730e-01 3.798243105411529541e-01 6.011326909065246582e-01 7.012636661529541016e-01
6.690711975097656250e-01 3.697428703308105469e-01 2.231321185827255249e-01 6.761670112609863281e-01 5.793240070343017578e-01 4.850918650627136230e-01 3.887097239494323730e-01 3.798243105411529541e-01 3.519102931022644043e-01 7.012636661529541016e-01
5.026484727859497070e-01 4.947375655174255371e-01 8.044083714485168457e-01 6.992189884185791016e-01 4.149458706378936768e-01 5.626941323280334473e-01 4.819027185440063477e-01 3.798243105411529541e-01 7.819209098815917969e-01 5.000000000000000000e-01
6.098727583885192871e-01 6.278434991836547852e-01 3.977215588092803955e-01 8.161680698394775391e-01 5.793240070343017578e-01 5.037146806716918945e-01 3.887097239494323730e-01 3.798243105411529541e-01 7.819209098815917969e-01 5.000000000000000000e-01
6.098727583885192871e-01 6.278434991836547852e-01 3.858718872070312500e-01 5.893237590789794922e-01 5.428419113159179688e-01 7.171482443809509277e-01 4.905171096324920654e-01 5.799168944358825684e-01 8.178471922874450684e-01 5.000000000000000000e-01
6.098727583885192871e-01 6.278434991836547852e-01 3.858718872070312500e-01 6.359225511550903320e-01 5.428419113159179688e-01 7.627116441726684570e-01 4.905171096324920654e-01 5.799168944358825684e-01 8.178471922874450684e-01 5.000000000000000000e-01
4.764903187751770020e-01 2.126406282186508179e-01 7.075091451406478882e-02 3.516839146614074707e-01 5.428419113159179688e-01 5.183502435684204102e-01 4.905171096324920654e-01 3.798243105411529541e-01 6.418572068214416504e-01 5.000000000000000000e-01
3.427566289901733398e-01 6.401435136795043945e-01 7.295694947242736816e-02 4.381729960441589355e-01 4.071506559848785400e-01 4.852827787399291992e-01 4.905171096324920654e-01 3.798243105411529541e-01 6.011326909065246582e-01 5.000000000000000000e-01
6.098727583885192871e-01 6.278434991836547852e-01 1.805090010166168213e-01 5.893237590789794922e-01 5.428419113159179688e-01 5.183502435684204102e-01 4.905171096324920654e-01 5.799168944358825684e-01 9.147478938102722168e-01 5.000000000000000000e-01
6.098727583885192871e-01 6.278434991836547852e-01 1.338861584663391113e-01 5.893237590789794922e-01 5.793240070343017578e-01 5.183502435684204102e-01 4.905171096324920654e-01 5.799168944358825684e-01 8.185162544250488281e-01 5.000000000000000000e-01
4.764903187751770020e-01 2.126406282186508179e-01 9.250180423259735107e-02 4.997018575668334961e-01 5.793240070343017578e-01 6.628111600875854492e-01 4.819027185440063477e-01 3.798243105411529541e-01 5.813638567924499512e-01 5.000000000000000000e-01
4.764903187751770020e-01 2.126406282186508179e-01 1.263975948095321655e-01 5.933448672294616699e-01 5.793240070343017578e-01 4.997312128543853760e-01 4.819027185440063477e-01 3.798243105411529541e-01 6.011326909065246582e-01 5.000000000000000000e-01
3.427566289901733398e-01 6.401435136795043945e-01 1.145742312073707581e-01 6.513997912406921387e-01 4.071506559848785400e-01 1.431401818990707397e-01 4.819027185440063477e-01 3.798243105411529541e-01 5.813638567924499512e-01 7.012636661529541016e-01
6.098727583885192871e-01 6.278434991836547852e-01 6.764865517616271973e-01 9.798095226287841797e-01 5.793240070343017578e-01 4.516055881977081299e-01 6.251443028450012207e-01 3.798243105411529541e-01 6.011326909065246582e-01 5.000000000000000000e-01
3.427566289901733398e-01 6.401435136795043945e-01 3.226943016052246094e-01 5.422292351722717285e-01 4.071506559848785400e-01 2.049225270748138428e-01 4.819027185440063477e-01 3.798243105411529541e-01 7.819209098815917969e-01 5.000000000000000000e-01
3.427566289901733398e-01 6.401435136795043945e-01 2.425894737243652344e-01 8.925434350967407227e-01 4.071506559848785400e-01 1.504756957292556763e-01 3.887097239494323730e-01 3.798243105411529541e-01 7.819209098815917969e-01 5.000000000000000000e-01
3.427566289901733398e-01 6.401435136795043945e-01 4.762439057230949402e-02 4.545360505580902100e-01 4.071506559848785400e-01 6.953582763671875000e-01 2.955856621265411377e-01 3.798243105411529541e-01 7.819209098815917969e-01 5.000000000000000000e-01
3.427566289901733398e-01 6.401435136795043945e-01 7.031323015689849854e-02 4.545360505580902100e-01 4.071506559848785400e-01 6.828100085258483887e-01 3.738968968391418457e-01 3.798243105411529541e-01 7.819209098815917969e-01 5.000000000000000000e-01
3.427566289901733398e-01 6.401435136795043945e-01 3.935779929161071777e-01 8.276081681251525879e-01 4.071506559848785400e-01 2.437302917242050171e-01 4.662473201751708984e-01 3.798243105411529541e-01 6.768180727958679199e-01 7.012636661529541016e-01
3.427566289901733398e-01 6.401435136795043945e-01 1.055613979697227478e-01 5.398907661437988281e-01 4.071506559848785400e-01 3.350653648376464844e-01 7.745637297630310059e-01 3.798243105411529541e-01 4.300486743450164795e-01 7.012636661529541016e-01
3.427566289901733398e-01 6.401435136795043945e-01 2.173458188772201538e-01 8.767678737640380859e-01 4.071506559848785400e-01 4.444605410099029541e-01 7.210662364959716797e-01 3.798243105411529541e-01 4.300486743450164795e-01 7.873600721359252930e-01
6.257290840148925781e-01 6.401435136795043945e-01 6.782793998718261719e-01 8.751593232154846191e-01 4.071506559848785400e-01 4.444605410099029541e-01 7.745637297630310059e-01 3.798243105411529541e-01 7.639011740684509277e-01 7.873600721359252930e-01
6.257290840148925781e-01 6.401435136795043945e-01 9.617869853973388672e-01 9.182181954383850098e-01 4.071506559848785400e-01 4.444605410099029541e-01 7.745637297630310059e-01 4.649699330329895020e-01 7.639011740684509277e-01 7.873600721359252930e-01
6.257290840148925781e-01 6.401435136795043945e-01 7.322142124176025391e-01 9.121135473251342773e-01 6.444817781448364258e-01 8.180328607559204102e-01 7.999006509780883789e-01 4.649699330329895020e-01 7.639011740684509277e-01 7.873600721359252930e-01
6.257290840148925781e-01 6.401435136795043945e-01 3.000045716762542725e-01 9.121135473251342773e-01 6.444817781448364258e-01 8.180328607559204102e-01 7.999006509780883789e-01 4.649699330329895020e-01 4.905219376087188721e-01 7.873600721359252930e-01
6.257290840148925781e-01 6.401435136795043945e-01 3.731985092163085938e-01 9.121135473251342773e-01 6.444817781448364258e-01 8.180328607559204102e-01 7.999006509780883789e-01 4.649699330329895020e-01 6.106322407722473145e-01 7.873600721359252930e-01
7.982565164566040039e-01 6.401435136795043945e-01 2.534402608871459961e-01 8.653469085693359375e-01 4.209439158439636230e-01 8.180328607559204102e-01 7.999006509780883789e-01 3.798243105411529541e-01 6.106322407722473145e-01 5.137868523597717285e-01
6.257290840148925781e-01 6.401435136795043945e-01 2.923290133476257324e-01 8.798325657844543457e-01 4.209439158439636230e-01 5.830082297325134277e-01 7.745637297630310059e-01 3.798243105411529541e-01 8.405164480209350586e-01 5.137868523597717285e-01
7.982565164566040039e-01 7.928071618080139160e-01 6.276865005493164062e-01 9.121135473251342773e-01 4.209439158439636230e-01 8.180328607559204102e-01 7.999006509780883789e-01 3.965512216091156006e-01 6.106322407722473145e-01 5.137868523597717285e-01
7.982565164566040039e-01 7.928071618080139160e-01 5.490236282348632812e-01 8.798325657844543457e-01 4.209439158439636230e-01 8.180328607559204102e-01 7.999006509780883789e-01 3.965512216091156006e-01 6.106322407722473145e-01 7.873600721359252930e-01
6.814949512481689453e-01 5.000000000000000000e-01 2.478361725807189941e-01 9.723173975944519043e-01 5.000000000000000000e-01 9.315888285636901855e-01 9.460983872413635254e-01 7.873600721359252930e-01 7.593184113502502441e-01 7.873600721359252930e-01
6.814949512481689453e-01 5.000000000000000000e-01 6.325974464416503906e-01 8.686807751655578613e-01 7.702543735504150391e-01 9.315888285636901855e-01 9.460983872413635254e-01 7.873600721359252930e-01 7.593184113502502441e-01 7.873600721359252930e-01
6.814949512481689453e-01 5.000000000000000000e-01 9.636822342872619629e-01 7.057964801788330078e-01 7.702543735504150391e-01 8.392464518547058105e-01 9.460983872413635254e-01 5.744400620460510254e-01 6.082076430320739746e-01 5.137868523597717285e-01
6.814949512481689453e-01 5.000000000000000000e-01 5.879058837890625000e-01 7.057964801788330078e-01 7.702543735504150391e-01 8.392464518547058105e-01 9.460983872413635254e-01 5.744400620460510254e-01 6.082076430320739746e-01 5.137868523597717285e-01
6.814949512481689453e-01 5.000000000000000000e-01 9.326806664466857910e-01 8.506619334220886230e-01 7.702543735504150391e-01 9.450235366821289062e-01 9.460983872413635254e-01 5.744400620460510254e-01 6.082076430320739746e-01 5.137868523597717285e-01
6.814949512481689453e-01 5.000000000000000000e-01 9.895562529563903809e-01 8.463203310966491699e-01 7.702543735504150391e-01 9.450235366821289062e-01 8.278661370277404785e-01 5.744400620460510254e-01 7.386910319328308105e-01 5.137868523597717285e-01
6.814949512481689453e-01 5.000000000000000000e-01 9.255844354629516602e-01 9.899460673332214355e-01 7.702543735504150391e-01 9.494767189025878906e-01 8.290029764175415039e-01 7.873600721359252930e-01 8.517431020736694336e-01 7.873600721359252930e-01
6.814949512481689453e-01 5.000000000000000000e-01 2.522808313369750977e-01 9.837684035301208496e-01 7.702543735504150391e-01 9.315888285636901855e-01 8.290029764175415039e-01 7.873600721359252930e-01 7.593184113502502441e-01 7.873600721359252930e-01
5.558401346206665039e-01 6.401435136795043945e-01 7.713703513145446777e-01 9.327552318572998047e-01 5.975555777549743652e-01 8.546935915946960449e-01 5.826911926269531250e-01 5.297380685806274414e-01 3.907621502876281738e-01 7.873600721359252930e-01
6.814949512481689453e-01 5.000000000000000000e-01 2.102391123771667480e-01 9.522930979728698730e-01 7.702543735504150391e-01 6.527268290519714355e-01 8.290029764175415039e-01 7.873600721359252930e-01 8.517431020736694336e-01 7.873600721359252930e-01
6.814949512481689453e-01 5.000000000000000000e-01 1.165121495723724365e-01 7.522097229957580566e-01 7.702543735504150391e-01 9.214420914649963379e-01 8.290029764175415039e-01 7.873600721359252930e-01 7.895463705062866211e-01 7.873600721359252930e-01
6.814949512481689453e-01 5.000000000000000000e-01 3.425146341323852539e-01 9.123843908309936523e-01 5.000000000000000000e-01 9.335740208625793457e-01 8.064593672752380371e-01 7.873600721359252930e-01 5.677683949470520020e-01 7.873600721359252930e-01
6.814949512481689453e-01 5.000000000000000000e-01 1.742848157882690430e-01 8.304492831230163574e-01 4.209439158439636230e-01 9.186912178993225098e-01 6.189849376678466797e-01 5.297380685806274414e-01 3.907621502876281738e-01 7.873600721359252930e-01
6.814949512481689453e-01 5.000000000000000000e-01 5.637344717979431152e-01 9.466366171836853027e-01 7.702543735504150391e-01 9.010806679725646973e-01 8.064593672752380371e-01 7.873600721359252930e-01 5.677683949470520020e-01 7.873600721359252930e-01
3.783539533615112305e-01 3.697428703308105469e-01 3.781162798404693604e-01 6.666767597198486328e-01 5.793240070343017578e-01 7.518979310989379883e-01 7.531415224075317383e-01 5.297380685806274414e-01 4.905219376087188721e-01 7.873600721359252930e-01
6.814949512481689453e-01 5.000000000000000000e-01 5.281618833541870117e-01 9.212949275970458984e-01 7.702543735504150391e-01 8.674193024635314941e-01 8.064593672752380371e-01 7.873600721359252930e-01 7.051916718482971191e-01 7.873600721359252930e-01
6.814949512481689453e-01 5.000000000000000000e-01 5.941322445869445801e-01 9.260011315345764160e-01 7.702543735504150391e-01 8.116155266761779785e-01 9.010345935821533203e-01 7.873600721359252930e-01 7.051916718482971191e-01 7.873600721359252930e-01
6.814949512481689453e-01 5.000000000000000000e-01 5.441526770591735840e-01 9.466366171836853027e-01 7.702543735504150391e-01 8.116155266761779785e-01 9.010345935821533203e-01 7.873600721359252930e-01 7.051916718482971191e-01 7.873600721359252930e-01
6.814949512481689453e-01 5.000000000000000000e-01 7.725761532783508301e-01 9.728173613548278809e-01 7.702543735504150391e-01 8.658528923988342285e-01 9.010345935821533203e-01 7.873600721359252930e-01 7.051916718482971191e-01 7.873600721359252930e-01
6.814949512481689453e-01 5.000000000000000000e-01 6.863698363304138184e-01 8.720071911811828613e-01 7.702543735504150391e-01 9.263147115707397461e-01 9.010345935821533203e-01 7.873600721359252930e-01 8.455066680908203125e-01 7.873600721359252930e-01
5.531293153762817383e-01 7.928071618080139160e-01 1.978252679109573364e-01 5.467541813850402832e-01 4.209439158439636230e-01 8.148304820060729980e-01 7.531415224075317383e-01 5.297380685806274414e-01 7.276878356933593750e-01 7.873600721359252930e-01
5.531293153762817383e-01 5.000000000000000000e-01 1.707071363925933838e-01 9.486582279205322266e-01 7.702543735504150391e-01 9.263147115707397461e-01 9.010345935821533203e-01 7.873600721359252930e-01 7.821665406227111816e-01 7.873600721359252930e-01
5.531293153762817383e-01 6.401435136795043945e-01 3.207461535930633545e-01 5.467541813850402832e-01 4.209439158439636230e-01 8.226861953735351562e-01 7.531415224075317383e-01 3.965512216091156006e-01 4.905219376087188721e-01 7.873600721359252930e-01
5.531293153762817383e-01 5.000000000000000000e-01 5.011106133460998535e-01 8.448632359504699707e-01 7.702543735504150391e-01 9.263147115707397461e-01 8.064593672752380371e-01 7.873600721359252930e-01 6.635032296180725098e-01 7.873600721359252930e-01
4.071862995624542236e-01 6.401435136795043945e-01 9.532708525657653809e-01 9.253577589988708496e-01 4.209439158439636230e-01 8.226861953735351562e-01 7.531415224075317383e-01 3.798243105411529541e-01 7.276878356933593750e-01 7.012636661529541016e-01
4.071862995624542236e-01 6.401435136795043945e-01 7.519195675849914551e-01 7.439479827880859375e-01 4.209439158439636230e-01 8.226861953735351562e-01 7.449889183044433594e-01 3.798243105411529541e-01 7.276878356933593750e-01 5.000000000000000000e-01
5.531293153762817383e-01 7.928071618080139160e-01 4.899282455444335938e-01 8.663703203201293945e-01 4.209439158439636230e-01 7.504495978355407715e-01 9.303994774818420410e-01 3.798243105411529541e-01 4.905219376087188721e-01 7.012636661529541016e-01
6.257290840148925781e-01 6.401435136795043945e-01 2.036671638488769531e-01 9.483156800270080566e-01 4.209439158439636230e-01 7.504495978355407715e-01 8.348556756973266602e-01 3.798243105411529541e-01 4.905219376087188721e-01 7.873600721359252930e-01
6.257290840148925781e-01 6.401435136795043945e-01 2.560504674911499023e-01 8.663703203201293945e-01 6.444817781448364258e-01 5.830082297325134277e-01 8.348556756973266602e-01 4.649699330329895020e-01 4.905219376087188721e-01 7.873600721359252930e-01
6.257290840148925781e-01 6.401435136795043945e-01 6.618874073028564453e-01 8.446158170700073242e-01 6.444817781448364258e-01 6.832563281059265137e-01 7.449889183044433594e-01 3.798243105411529541e-01 4.905219376087188721e-01 7.873600721359252930e-01
6.257290840148925781e-01 6.401435136795043945e-01 8.852222561836242676e-01 9.618763327598571777e-01 6.444817781448364258e-01 4.444605410099029541e-01 8.103645443916320801e-01 4.649699330329895020e-01 7.276878356933593750e-01 7.012636661529541016e-01
6.690711975097656250e-01 3.697428703308105469e-01 3.906218707561492920e-01 5.569761395454406738e-01 4.149458706378936768e-01 5.848909020423889160e-01 7.449889183044433594e-01 4.649699330329895020e-01 6.011326909065246582e-01 5.000000000000000000e-01
