1.055613532662391663e-01 2.169291377067565918e-01 1.833191365003585815e-01 2.516279369592666626e-02 3.741353452205657959e-01 5.592781305313110352e-02 4.094126522541046143e-01 2.229783087968826294e-01 3.456375598907470703e-01 3.372582793235778809e-01
3.655558228492736816e-01 6.477027535438537598e-01 6.276060938835144043e-01 1.662189960479736328e-01 5.769546031951904297e-01 4.424264430999755859e-01 5.912882089614868164e-01 6.706755161285400391e-01 1.771289706230163574e-01 8.590521216392517090e-01
5.947747826576232910e-01 1.682634800672531128e-01 6.951445341110229492e-01 5.167524218559265137e-01 7.011298537254333496e-01 8.791865110397338867e-01 2.491764873266220093e-01 6.706755161285400391e-01 4.179703891277313232e-01 2.310519218444824219e-01
5.947747826576232910e-01 8.718290925025939941e-01 3.242841958999633789e-01 3.607616722583770752e-01 4.852248430252075195e-01 3.008443713188171387e-01 2.491764873266220093e-01 6.706755161285400391e-01 4.179703891277313232e-01 8.489390611648559570e-01
2.703828215599060059e-01 4.239734411239624023e-01 1.439013332128524780e-01 1.276190280914306641e-01 3.309299349784851074e-01 8.450964093208312988e-01 5.209399461746215820e-01 2.455687522888183594e-01 2.168956547975540161e-01 1.760219633579254150e-01
3.655558228492736816e-01 7.311717867851257324e-01 5.745521783828735352e-01 1.358213126659393311e-01 1.685624420642852783e-01 1.802471578121185303e-01 2.491764873266220093e-01 2.455687522888183594e-01 1.979313194751739502e-01 6.449954509735107422e-01
6.948888301849365234e-01 8.081243038177490234e-01 2.254158705472946167e-01 3.142930865287780762e-01 3.309299349784851074e-01 7.936396598815917969e-01 5.209399461746215820e-01 2.229783087968826294e-01 3.335415720939636230e-01 3.836623430252075195e-01
4.153469502925872803e-01 4.918274581432342529e-01 1.517483443021774292e-01 8.314854465425014496e-03 2.709870636463165283e-01 4.286906495690345764e-02 2.917186021804809570e-01 1.832789480686187744e-01 1.511866450309753418e-01 1.056403964757919312e-01
2.795579731464385986e-01 6.904665827751159668e-01 1.394377350807189941e-01 1.830418966710567474e-02 2.237358838319778442e-01 3.907158374786376953e-01 5.209399461746215820e-01 5.437432527542114258e-01 2.434817403554916382e-01 2.677429020404815674e-01
3.564735054969787598e-01 2.078482061624526978e-01 3.769602179527282715e-01 1.630965024232864380e-01 4.585019648075103760e-01 2.602914273738861084e-01 2.917186021804809570e-01 2.229783087968826294e-01 2.782625555992126465e-01 2.104914039373397827e-01
2.753261923789978027e-01 5.259205698966979980e-01 1.028787046670913696e-01 1.165593713521957397e-01 3.200464844703674316e-01 2.602914273738861084e-01 5.912882089614868164e-01 6.706755161285400391e-01 2.782625555992126465e-01 1.019008234143257141e-01
2.574155926704406738e-01 1.786711066961288452e-01 6.639827787876129150e-02 2.706499099731445312e-01 1.381693184375762939e-01 5.611563324928283691e-01 2.917186021804809570e-01 2.229783087968826294e-01 3.456375598907470703e-01 1.019008234143257141e-01
1.055613532662391663e-01 5.489818453788757324e-01 6.639827787876129150e-02 7.186479866504669189e-02 1.381693184375762939e-01 2.354645431041717529e-01 2.917186021804809570e-01 2.229783087968826294e-01 1.536268293857574463e-01 5.493378639221191406e-01
3.655558228492736816e-01 6.477027535438537598e-01 8.437533974647521973e-01 5.336447954177856445e-01 2.252525836229324341e-01 1.128091812133789062e-01 2.491764873266220093e-01 2.191160917282104492e-01 3.007203042507171631e-01 8.590521216392517090e-01
4.245298206806182861e-01 3.883350789546966553e-01 3.077201843261718750e-01 4.714309871196746826e-01 2.826544642448425293e-01 4.135639965534210205e-01 2.491764873266220093e-01 6.706755161285400391e-01 4.179703891277313232e-01 2.911613881587982178e-01
3.655558228492736816e-01 7.107535004615783691e-01 3.358164131641387939e-01 1.341349631547927856e-01 1.227883026003837585e-01 3.953259587287902832e-01 5.912882089614868164e-01 1.832789480686187744e-01 3.851470053195953369e-01 6.495957374572753906e-01
3.145686686038970947e-01 8.698201179504394531e-01 1.257218867540359497e-01 1.078706085681915283e-01 2.340219318866729736e-01 7.510207891464233398e-01 2.491764873266220093e-01 2.455687522888183594e-01 2.773190140724182129e-01 4.125682711601257324e-01
3.655558228492736816e-01 2.565595507621765137e-01 4.087140858173370361e-01 3.592437207698822021e-01 1.378985494375228882e-01 2.980643808841705322e-01 2.491764873266220093e-01 6.706755161285400391e-01 2.773190140724182129e-01 7.657887339591979980e-01
7.382535338401794434e-01 7.932779192924499512e-01 2.254158705472946167e-01 2.945949733257293701e-01 5.341907143592834473e-01 7.271719574928283691e-01 2.491764873266220093e-01 2.455687522888183594e-01 4.179703891277313232e-01 3.932148218154907227e-01
2.322849035263061523e-01 4.819221496582031250e-01 5.859348773956298828e-01 6.885281950235366821e-02 1.688816249370574951e-01 3.117873072624206543e-01 5.209399461746215820e-01 4.296295344829559326e-01 6.060255169868469238e-01 3.198314607143402100e-01
2.725706994533538818e-01 6.275793910026550293e-01 8.974367380142211914e-01 7.075283527374267578e-01 2.109100222587585449e-01 4.131641089916229248e-01 5.912882089614868164e-01 4.296295344829559326e-01 6.775420904159545898e-01 4.260815680027008057e-01
2.322849035263061523e-01 4.314863085746765137e-01 5.929835438728332520e-01 9.368554949760437012e-01 2.787042856216430664e-01 1.712391525506973267e-01 5.209399461746215820e-01 2.229783087968826294e-01 6.750072240829467773e-01 3.198314607143402100e-01
4.245298206806182861e-01 8.681993484497070312e-01 1.783812940120697021e-01 6.703410744667053223e-01 1.450404226779937744e-01 6.853829622268676758e-01 3.946068286895751953e-01 5.389949083328247070e-01 4.296441078186035156e-01 3.476062417030334473e-01
6.285797953605651855e-01 3.573728799819946289e-01 4.779377281665802002e-01 2.912585139274597168e-01 1.933038085699081421e-01 2.824613153934478760e-01 2.491764873266220093e-01 5.389949083328247070e-01 5.558393597602844238e-01 4.283898174762725830e-01
6.152423620223999023e-01 6.219950318336486816e-01 5.444853901863098145e-01 7.934396862983703613e-01 1.933038085699081421e-01 1.336341053247451782e-01 3.989184796810150146e-01 6.092396378517150879e-01 5.558393597602844238e-01 9.162388443946838379e-01
6.178084611892700195e-01 6.254428029060363770e-01 2.902235984802246094e-01 4.377655088901519775e-01 3.894616067409515381e-01 5.696161389350891113e-01 7.431353926658630371e-01 4.094610512256622314e-01 6.826484203338623047e-01 3.836623430252075195e-01
2.795579731464385986e-01 3.059274256229400635e-01 5.196366310119628906e-01 2.559442818164825439e-02 2.237358838319778442e-01 3.038496673107147217e-01 5.209399461746215820e-01 4.296295344829559326e-01 7.874085903167724609e-01 6.051526069641113281e-01
6.335203647613525391e-01 5.272794961929321289e-01 5.817512273788452148e-01 5.083363056182861328e-01 3.827929496765136719e-01 3.984223008155822754e-01 8.030084967613220215e-01 5.008306503295898438e-01 3.041883111000061035e-01 2.709821760654449463e-01
6.726269125938415527e-01 8.995835781097412109e-01 4.777509272098541260e-01 1.736776679754257202e-01 3.929333984851837158e-01 3.406702876091003418e-01 4.390169084072113037e-01 3.420796096324920654e-01 4.172819852828979492e-01 4.883504211902618408e-01
6.197624802589416504e-01 5.819522738456726074e-01 8.838418126106262207e-01 9.166421890258789062e-01 3.177615106105804443e-01 5.897556543350219727e-01 4.454199075698852539e-01 5.730809569358825684e-01 3.354329466819763184e-01 2.989317476749420166e-01
5.354951620101928711e-01 6.709321141242980957e-01 3.269791007041931152e-01 2.837550640106201172e-01 3.753147423267364502e-01 7.927626967430114746e-01 3.236668705940246582e-01 2.174226641654968262e-01 5.154958963394165039e-01 4.587371051311492920e-01
6.286545395851135254e-01 8.783007860183715820e-01 5.884168744087219238e-01 9.651532173156738281e-01 5.059368610382080078e-01 3.879221975803375244e-01 6.616597175598144531e-01 4.595393240451812744e-01 7.553413510322570801e-01 4.943222999572753906e-01
6.667653322219848633e-01 9.308457970619201660e-01 8.243743181228637695e-01 8.533018827438354492e-01 3.347289860248565674e-01 5.133911371231079102e-01 4.626781642436981201e-01 4.226080775260925293e-01 9.065687060356140137e-01 5.129169821739196777e-01
6.667653322219848633e-01 9.875812530517578125e-01 8.200002908706665039e-01 9.628567099571228027e-01 4.538350105285644531e-01 6.306657791137695312e-01 5.912882089614868164e-01 4.226080775260925293e-01 8.128844499588012695e-01 7.872744798660278320e-01
5.427523851394653320e-01 3.676553964614868164e-01 4.863384068012237549e-01 8.027359843254089355e-01 4.538350105285644531e-01 7.769402265548706055e-01 5.912882089614868164e-01 4.226080775260925293e-01 5.802323222160339355e-01 5.454664826393127441e-01
3.274325132369995117e-01 5.114835500717163086e-01 2.981523275375366211e-01 9.404674172401428223e-02 5.994862914085388184e-01 8.112425208091735840e-01 2.917186021804809570e-01 2.229783087968826294e-01 5.802323222160339355e-01 4.211070239543914795e-01
5.251538157463073730e-01 7.535386085510253906e-01 6.509058475494384766e-01 5.675413012504577637e-01 6.044806838035583496e-01 6.106363534927368164e-01 2.481269389390945435e-01 1.832789480686187744e-01 2.563566267490386963e-01 8.188464641571044922e-01
5.329883694648742676e-01 4.923970401287078857e-01 4.366796016693115234e-01 3.896366059780120850e-01 9.043762683868408203e-01 7.558912038803100586e-01 5.209399461746215820e-01 5.437432527542114258e-01 3.378125429153442383e-01 8.717916607856750488e-01
6.763167977333068848e-01 3.800830841064453125e-01 6.436928510665893555e-01 7.085226774215698242e-01 3.593075275421142578e-01 7.984266877174377441e-01 2.917186021804809570e-01 5.437432527542114258e-01 2.821253240108489990e-01 8.694036602973937988e-01
5.884687304496765137e-01 7.093845009803771973e-01 9.161601215600967407e-02 5.149024128913879395e-01 4.965350329875946045e-01 4.258787035942077637e-01 4.390169084072113037e-01 3.420796096324920654e-01 2.821253240108489990e-01 4.211070239543914795e-01
5.852029323577880859e-01 6.655780673027038574e-01 3.589467704296112061e-01 5.140679478645324707e-01 2.750788927078247070e-01 4.340971410274505615e-01 4.626781642436981201e-01 4.226080775260925293e-01 5.022253990173339844e-01 3.475614786148071289e-01
5.808329582214355469e-01 8.193718791007995605e-01 6.419619321823120117e-01 5.636501312255859375e-01 2.763649225234985352e-01 6.952308416366577148e-01 4.626781642436981201e-01 4.226080775260925293e-01 7.553413510322570801e-01 8.633117675781250000e-01
1.530776023864746094e-01 8.563965559005737305e-01 2.193105369806289673e-01 6.498356163501739502e-02 6.121896952390670776e-02 2.472095191478729248e-01 7.221199274063110352e-01 3.490116894245147705e-01 5.202109217643737793e-01 4.465047121047973633e-01
6.708869934082031250e-01 3.890318274497985840e-01 6.201884150505065918e-01 5.590464919805526733e-02 7.156355977058410645e-01 8.077149987220764160e-01 5.312782526016235352e-01 6.985737085342407227e-01 2.714505493640899658e-01 6.681814789772033691e-01
4.650546312332153320e-01 7.502946853637695312e-01 7.827463150024414062e-01 7.400110960006713867e-01 7.669842243194580078e-01 4.531157612800598145e-01 5.312782526016235352e-01 4.813053905963897705e-01 5.040729641914367676e-01 5.136681199073791504e-01
4.205505847930908203e-01 4.853155910968780518e-01 7.622650265693664551e-01 1.991734355688095093e-01 7.669842243194580078e-01 4.243659079074859619e-01 6.560937166213989258e-01 4.813053905963897705e-01 5.040729641914367676e-01 7.703350782394409180e-01
4.965424537658691406e-01 6.155028939247131348e-01 4.543856382369995117e-01 3.688933551311492920e-01 4.617560803890228271e-01 5.556907057762145996e-01 6.560937166213989258e-01 4.813053905963897705e-01 5.040729641914367676e-01 5.068390965461730957e-01
2.253658622503280640e-01 4.871466159820556641e-01 6.239334940910339355e-01 1.881237775087356567e-01 3.963260948657989502e-01 7.333098053932189941e-01 6.560937166213989258e-01 4.813053905963897705e-01 6.801456212997436523e-01 2.761825323104858398e-01
2.253658622503280640e-01 3.451257348060607910e-01 5.118492245674133301e-01 2.877903580665588379e-01 4.617560803890228271e-01 5.798952579498291016e-01 6.560937166213989258e-01 4.813053905963897705e-01 6.801456212997436523e-01 3.363868296146392822e-01
3.895008563995361328e-01 1.635606884956359863e-01 5.685421824455261230e-01 5.431187152862548828e-01 3.963260948657989502e-01 8.202144503593444824e-01 6.560937166213989258e-01 4.813053905963897705e-01 7.780628204345703125e-01 3.657585978507995605e-01
3.895008563995361328e-01 4.761042296886444092e-01 4.543856382369995117e-01 5.431187152862548828e-01 4.617560803890228271e-01 4.426518678665161133e-01 6.560937166213989258e-01 5.538643598556518555e-01 4.536774158477783203e-01 4.345120489597320557e-01
3.895008563995361328e-01 3.072069883346557617e-01 4.689535200595855713e-01 2.786718904972076416e-01 4.617560803890228271e-01 4.426518678665161133e-01 6.560937166213989258e-01 3.247173130512237549e-01 4.536774158477783203e-01 2.188717871904373169e-01
2.730894088745117188e-01 5.929900407791137695e-01 7.127211093902587891e-01 8.948948383331298828e-01 5.289016366004943848e-01 8.732163906097412109e-01 4.104812443256378174e-01 3.247173130512237549e-01 5.406419634819030762e-01 6.141485571861267090e-01
6.589142680168151855e-01 3.479782938957214355e-01 7.005705833435058594e-01 8.950308561325073242e-01 5.216135978698730469e-01 8.657842874526977539e-01 4.637766182422637939e-01 7.538903355598449707e-01 4.818815290927886963e-01 3.934624791145324707e-01
6.111602187156677246e-01 6.279336214065551758e-01 5.931034088134765625e-01 9.320352673530578613e-01 7.805076837539672852e-01 8.912893533706665039e-01 2.926322519779205322e-01 3.515601754188537598e-01 7.835453152656555176e-01 5.679639577865600586e-01
9.199776053428649902e-01 6.715732216835021973e-01 6.994704604148864746e-01 9.803226590156555176e-01 8.881247043609619141e-01 9.479885101318359375e-01 5.220423340797424316e-01 8.329898715019226074e-01 8.917039036750793457e-01 7.912110686302185059e-01
9.199776053428649902e-01 8.726365566253662109e-01 6.138947010040283203e-01 8.651103973388671875e-01 8.010721206665039062e-01 7.376075387001037598e-01 2.926322519779205322e-01 5.456604361534118652e-01 6.610615849494934082e-01 5.679129958152770996e-01
7.125101685523986816e-01 2.024354040622711182e-01 4.521315395832061768e-01 2.557611465454101562e-01 5.917425155639648438e-01 3.935382664203643799e-01 4.637766182422637939e-01 7.538903355598449707e-01 6.610615849494934082e-01 3.897279500961303711e-01
6.282421350479125977e-01 2.797818183898925781e-01 5.931034088134765625e-01 9.663168191909790039e-01 4.136728048324584961e-01 4.861592054367065430e-01 2.926322519779205322e-01 8.329898715019226074e-01 7.220047712326049805e-01 5.405863523483276367e-01
4.189018309116363525e-01 2.826747298240661621e-01 7.455749511718750000e-01 8.076744079589843750e-01 2.466420233249664307e-01 4.093720018863677979e-01 2.926322519779205322e-01 3.621501922607421875e-01 3.808815181255340576e-01 3.052484095096588135e-01
7.164065837860107422e-01 5.995641276240348816e-02 4.666890203952789307e-01 1.115885749459266663e-01 5.351166129112243652e-01 1.937838196754455566e-01 7.032375931739807129e-01 5.915250778198242188e-01 3.808815181255340576e-01 3.994241952896118164e-01
5.307415127754211426e-01 8.470140099525451660e-01 7.306897044181823730e-01 7.288377881050109863e-01 3.334467113018035889e-01 5.831573605537414551e-01 4.637766182422637939e-01 5.915250778198242188e-01 5.159314870834350586e-01 3.653401732444763184e-01
2.576428055763244629e-01 4.509909152984619141e-01 7.005705833435058594e-01 4.298784211277961731e-02 7.382938861846923828e-01 3.757323324680328369e-01 4.637766182422637939e-01 5.915250778198242188e-01 4.079393148422241211e-01 4.519168436527252197e-01
2.201960533857345581e-01 5.345875397324562073e-02 5.424243807792663574e-01 1.277073174715042114e-01 5.426441431045532227e-01 2.329921871423721313e-01 4.637766182422637939e-01 5.915250778198242188e-01 3.170473873615264893e-01 2.251566648483276367e-01
2.201960533857345581e-01 6.123169660568237305e-01 4.416109323501586914e-01 9.058622717857360840e-01 2.052904963493347168e-01 1.173455193638801575e-01 2.926322519779205322e-01 2.977400124073028564e-01 2.211690098047256470e-01 5.016724467277526855e-01
3.982988893985748291e-01 8.475190401077270508e-01 8.129890561103820801e-01 9.578530788421630859e-01 3.657597601413726807e-01 5.252888798713684082e-01 5.220423340797424316e-01 7.021948099136352539e-01 8.215928673744201660e-01 5.220566391944885254e-01
4.792252480983734131e-01 5.930711030960083008e-01 4.416109323501586914e-01 7.592853903770446777e-01 2.052904963493347168e-01 2.329921871423721313e-01 2.926322519779205322e-01 3.621501922607421875e-01 3.808815181255340576e-01 2.441851347684860229e-01
4.792252480983734131e-01 3.047102093696594238e-01 5.931034088134765625e-01 7.032041549682617188e-01 2.052904963493347168e-01 2.329921871423721313e-01 4.637766182422637939e-01 5.915250778198242188e-01 3.808815181255340576e-01 2.485857605934143066e-01
4.792252480983734131e-01 2.771854400634765625e-01 5.931034088134765625e-01 8.568149209022521973e-01 2.401418238878250122e-01 2.329921871423721313e-01 4.266371428966522217e-01 3.621501922607421875e-01 3.808815181255340576e-01 2.485857605934143066e-01
2.201960533857345581e-01 1.503038406372070312e-01 6.282970905303955078e-01 4.074490666389465332e-01 4.641327857971191406e-01 5.819818973541259766e-01 6.087120175361633301e-01 3.759847581386566162e-01 3.808815181255340576e-01 2.485857605934143066e-01
4.489910602569580078e-01 7.505230307579040527e-01 6.451702713966369629e-01 4.361591935157775879e-01 5.670986175537109375e-01 8.297033905982971191e-01 6.087120175361633301e-01 5.915250778198242188e-01 5.888798832893371582e-01 9.110527038574218750e-01
2.470334619283676147e-01 5.290407538414001465e-01 4.607664048671722412e-01 5.003260970115661621e-01 5.258615016937255859e-01 4.962176382541656494e-01 6.069105267524719238e-01 5.008306503295898438e-01 5.136054754257202148e-01 4.561851322650909424e-01
3.166491687297821045e-01 2.171758860349655151e-01 1.512290835380554199e-01 8.598423004150390625e-01 4.983012676239013672e-01 1.287506371736526489e-01 4.390169084072113037e-01 3.420796096324920654e-01 3.130715787410736084e-01 2.081037312746047974e-01
5.679375529289245605e-01 6.841934919357299805e-01 6.837826967239379883e-01 8.201811909675598145e-01 6.342673301696777344e-01 8.665543794631958008e-01 4.626781642436981201e-01 2.191160917282104492e-01 6.580098271369934082e-01 2.951284646987915039e-01
7.236000299453735352e-01 9.368176758289337158e-02 5.012474656105041504e-01 8.899428248405456543e-01 2.563293874263763428e-01 6.284551024436950684e-01 4.094126522541046143e-01 4.255768656730651855e-01 3.452275991439819336e-01 2.908805906772613525e-01
3.592721521854400635e-01 1.076212897896766663e-01 3.427790999412536621e-01 8.345231413841247559e-01 1.328822225332260132e-01 7.201413810253143311e-02 4.626781642436981201e-01 4.226080775260925293e-01 3.452275991439819336e-01 6.306433081626892090e-01
3.274325132369995117e-01 1.526379436254501343e-01 6.909517049789428711e-01 4.263498783111572266e-01 1.445327997207641602e-01 1.974972933530807495e-01 2.917186021804809570e-01 2.229783087968826294e-01 2.000789791345596313e-01 3.510586917400360107e-01
2.732688486576080322e-01 1.535648256540298462e-01 5.931034088134765625e-01 6.074995994567871094e-01 3.524385988712310791e-01 1.931117027997970581e-01 4.626781642436981201e-01 1.832789480686187744e-01 2.237098813056945801e-01 8.004896640777587891e-01
3.274325132369995117e-01 6.240167021751403809e-01 7.302017211914062500e-01 8.066089451313018799e-02 9.748435020446777344e-02 5.326662659645080566e-01 5.209399461746215820e-01 2.229783087968826294e-01 3.072405755519866943e-01 7.221583127975463867e-01
7.129259109497070312e-01 1.061210483312606812e-01 3.508815467357635498e-01 8.666803836822509766e-01 6.454964876174926758e-01 7.222305536270141602e-01 4.390169084072113037e-01 5.008306503295898438e-01 4.573208987712860107e-01 4.318029284477233887e-01
5.884687304496765137e-01 8.877657651901245117e-01 3.275787532329559326e-01 7.420951873064041138e-02 3.318378627300262451e-01 3.698433339595794678e-01 4.454199075698852539e-01 3.420796096324920654e-01 3.130715787410736084e-01 1.659713387489318848e-01
3.679130673408508301e-01 3.471008837223052979e-01 1.699790805578231812e-01 2.840651571750640869e-01 4.122883975505828857e-01 3.879659771919250488e-01 6.616597175598144531e-01 4.595393240451812744e-01 5.615639686584472656e-01 2.717313766479492188e-01
5.808329582214355469e-01 6.561206579208374023e-01 1.038795188069343567e-01 2.921528518199920654e-01 2.563293874263763428e-01 3.095101416110992432e-01 4.626781642436981201e-01 4.226080775260925293e-01 3.452275991439819336e-01 2.717313766479492188e-01
5.770770907402038574e-01 7.398392558097839355e-01 7.547354698181152344e-01 4.297555685043334961e-01 4.099875986576080322e-01 7.676519751548767090e-01 5.374401807785034180e-01 7.793045043945312500e-01 5.136054754257202148e-01 3.326256871223449707e-01
4.712642431259155273e-01 7.058940529823303223e-01 4.178816080093383789e-01 8.266688883304595947e-02 1.240179240703582764e-01 1.618379950523376465e-01 6.069105267524719238e-01 3.420796096324920654e-01 2.000789791345596313e-01 3.500832021236419678e-01
3.551510572433471680e-01 1.605827510356903076e-01 4.423573315143585205e-01 6.211366057395935059e-01 5.270076990127563477e-01 4.380089938640594482e-01 4.390169084072113037e-01 5.008306503295898438e-01 6.580098271369934082e-01 2.207239419221878052e-01
7.136129140853881836e-01 6.540658473968505859e-01 3.275787532329559326e-01 1.332408040761947632e-01 3.318378627300262451e-01 1.927898228168487549e-01 6.795417070388793945e-01 5.730809569358825684e-01 3.130715787410736084e-01 2.870168983936309814e-01
5.911749601364135742e-01 8.468747138977050781e-01 6.146256327629089355e-01 8.482235074043273926e-01 6.681262254714965820e-01 5.561051964759826660e-01 7.083797454833984375e-01 6.844115257263183594e-01 5.615639686584472656e-01 4.937957525253295898e-01
7.236000299453735352e-01 7.583838105201721191e-01 7.547354698181152344e-01 8.638778328895568848e-01 2.563293874263763428e-01 5.370199084281921387e-01 4.094126522541046143e-01 4.255768656730651855e-01 4.536774158477783203e-01 7.546859979629516602e-01
4.551565349102020264e-01 7.410985231399536133e-01 2.835508882999420166e-01 7.791087627410888672e-01 6.245855093002319336e-01 3.295252025127410889e-01 5.560318827629089355e-01 5.456604361534118652e-01 4.536774158477783203e-01 5.367059707641601562e-01
8.392747044563293457e-01 4.856591522693634033e-01 6.197029948234558105e-01 4.832845032215118408e-01 8.190193772315979004e-01 8.225973844528198242e-01 6.087120175361633301e-01 5.494765639305114746e-01 6.610615849494934082e-01 7.813250422477722168e-01
8.979823589324951172e-01 7.760400772094726562e-01 6.688253283500671387e-01 1.815119832754135132e-01 8.246690034866333008e-01 8.818321228027343750e-01 7.710028290748596191e-01 5.494765639305114746e-01 7.716381549835205078e-01 7.041138410568237305e-01
8.438076376914978027e-01 6.173488497734069824e-01 5.273048877716064453e-01 4.477568268775939941e-01 7.482144832611083984e-01 5.125822424888610840e-01 8.497754931449890137e-01 5.494765639305114746e-01 2.188337594270706177e-01 6.746076345443725586e-01
4.891871809959411621e-01 2.583495974540710449e-01 4.854275286197662354e-01 3.295353427529335022e-02 8.229259848594665527e-01 2.285792529582977295e-01 4.637766182422637939e-01 5.773509144783020020e-01 6.019760370254516602e-01 2.093331664800643921e-01
6.520667672157287598e-01 4.728228747844696045e-01 6.509058475494384766e-01 4.101639240980148315e-02 8.205136060714721680e-01 9.580659270286560059e-01 4.037768542766571045e-01 5.773509144783020020e-01 4.112339019775390625e-01 3.856251239776611328e-01
3.333457410335540771e-01 1.754173934459686279e-01 5.197393298149108887e-01 3.759202659130096436e-01 8.608933687210083008e-01 7.777544260025024414e-01 2.489520311355590820e-01 5.381764769554138184e-01 2.265577316284179688e-01 4.486578702926635742e-01
1.291732639074325562e-01 7.259395718574523926e-01 8.971956372261047363e-01 4.654399752616882324e-01 2.857101559638977051e-01 3.853581845760345459e-01 4.580544829368591309e-01 6.608152389526367188e-01 4.451396763324737549e-01 9.403454065322875977e-01
3.212914764881134033e-01 9.191360473632812500e-01 7.880240082740783691e-01 1.927476227283477783e-01 3.353218138217926025e-01 9.089935421943664551e-01 7.182018756866455078e-01 6.608152389526367188e-01 4.323074519634246826e-01 9.214768409729003906e-01
8.623883724212646484e-01 4.976991713047027588e-01 8.511761426925659180e-01 1.891015768051147461e-01 4.809291064739227295e-01 8.155452609062194824e-01 6.477692723274230957e-01 6.608152389526367188e-01 7.139058709144592285e-01 9.505032896995544434e-01
6.296255588531494141e-01 8.543683290481567383e-01 5.439596772193908691e-01 4.784278273582458496e-01 2.348397672176361084e-01 9.634504318237304688e-01 5.658766627311706543e-01 7.135094404220581055e-01 5.856415033340454102e-01 6.946040987968444824e-01
2.064671069383621216e-01 5.375391244888305664e-01 9.031140208244323730e-01 8.463834524154663086e-01 5.795282125473022461e-01 8.054856657981872559e-01 3.989184796810150146e-01 6.160534620285034180e-01 3.394285738468170166e-01 8.231704235076904297e-01
4.508697688579559326e-01 7.544866800308227539e-01 4.555109143257141113e-01 4.519890844821929932e-01 5.560986995697021484e-01 8.805868625640869141e-01 7.431353926658630371e-01 5.983427762985229492e-01 6.801745891571044922e-01 2.071315497159957886e-01
5.856425762176513672e-01 2.683580219745635986e-01 8.974367380142211914e-01 6.429348587989807129e-01 5.755574107170104980e-01 6.838119029998779297e-01 5.912882089614868164e-01 4.296295344829559326e-01 8.561958670616149902e-01 7.066390514373779297e-01
3.761351406574249268e-01 2.229842841625213623e-01 7.508314847946166992e-01 4.108931124210357666e-01 5.560986995697021484e-01 7.624064087867736816e-01 5.912882089614868164e-01 4.115337133407592773e-01 6.801745891571044922e-01 1.193209886550903320e-01
5.427523851394653320e-01 5.361815094947814941e-01 2.297473996877670288e-01 2.985257506370544434e-01 2.795031368732452393e-01 4.420878887176513672e-01 5.912882089614868164e-01 4.226080775260925293e-01 4.404124319553375244e-01 2.401781231164932251e-01
7.771071791648864746e-01 4.966828525066375732e-01 4.080744981765747070e-01 9.576273560523986816e-01 2.138399183750152588e-01 5.175933241844177246e-01 5.912882089614868164e-01 6.706755161285400391e-01 7.656020522117614746e-01 4.089604914188385010e-01
3.655558228492736816e-01 7.938987612724304199e-01 2.983905673027038574e-01 4.307748004794120789e-02 1.290090084075927734e-01 3.039387166500091553e-01 5.912882089614868164e-01 6.706755161285400391e-01 4.827628433704376221e-01 7.399048805236816406e-01
5.947747826576232910e-01 4.803819358348846436e-01 4.067939221858978271e-01 2.171310484409332275e-01 1.588646322488784790e-01 4.624718129634857178e-01 2.491764873266220093e-01 2.191160917282104492e-01 4.179703891277313232e-01 7.806560397148132324e-01
5.947747826576232910e-01 2.690833508968353271e-01 5.680521726608276367e-01 2.310842573642730713e-01 3.577177226543426514e-01 6.858777999877929688e-01 3.946068286895751953e-01 6.706755161285400391e-01 3.851470053195953369e-01 5.847693681716918945e-01
3.176342844963073730e-01 4.715394675731658936e-01 5.745521783828735352e-01 3.389486074447631836e-01 4.464939236640930176e-01 2.109279930591583252e-01 2.491764873266220093e-01 2.455687522888183594e-01 2.773190140724182129e-01 9.580054283142089844e-01
3.986742198467254639e-01 6.960105299949645996e-01 2.254158705472946167e-01 2.147616446018218994e-01 5.341907143592834473e-01 4.278950989246368408e-01 5.209399461746215820e-01 5.437432527542114258e-01 3.335415720939636230e-01 2.726848423480987549e-01
2.795579731464385986e-01 2.530607879161834717e-01 3.214195370674133301e-01 1.398522313684225082e-02 2.237358838319778442e-01 6.134050711989402771e-02 2.917186021804809570e-01 2.455687522888183594e-01 1.511866450309753418e-01 1.383602023124694824e-01
2.322849035263061523e-01 1.584776192903518677e-01 2.017679065465927124e-01 8.123809844255447388e-02 1.105647683143615723e-01 4.143276214599609375e-01 5.209399461746215820e-01 2.229783087968826294e-01 4.060431718826293945e-01 2.138671725988388062e-01
4.861519336700439453e-01 8.105804324150085449e-01 2.385445982217788696e-01 2.127362638711929321e-01 2.709870636463165283e-01 5.444192886352539062e-01 5.912882089614868164e-01 6.706755161285400391e-01 2.782625555992126465e-01 4.621252119541168213e-01
1.314606517553329468e-01 6.535521149635314941e-01 2.963755726814270020e-01 3.038394637405872345e-02 4.727371931076049805e-01 3.797089755535125732e-01 2.917186021804809570e-01 3.563984036445617676e-01 3.456375598907470703e-01 1.131112352013587952e-01
2.577567696571350098e-01 2.609370052814483643e-01 2.963755726814270020e-01 5.767509341239929199e-02 4.727371931076049805e-01 5.444192886352539062e-01 4.390169084072113037e-01 5.008306503295898438e-01 4.356234073638916016e-01 1.145394369959831238e-01
1.348180472850799561e-01 8.445854187011718750e-01 1.779221892356872559e-01 1.045160293579101562e-01 4.114881753921508789e-01 4.498498737812042236e-01 2.917186021804809570e-01 2.229783087968826294e-01 2.782625555992126465e-01 4.203009307384490967e-01
2.577567696571350098e-01 6.851561665534973145e-01 4.451670050621032715e-01 9.500002861022949219e-01 6.702034473419189453e-01 1.992335021495819092e-01 3.236668705940246582e-01 3.490116894245147705e-01 7.025479078292846680e-01 2.296845763921737671e-01
3.445608317852020264e-01 2.818721830844879150e-01 5.707083344459533691e-01 6.058036684989929199e-01 7.036649584770202637e-01 5.837164521217346191e-01 3.236668705940246582e-01 3.490116894245147705e-01 5.390022993087768555e-01 3.635269403457641602e-01
5.024921894073486328e-01 8.627466559410095215e-01 3.835121095180511475e-01 3.057870864868164062e-01 6.345957517623901367e-01 3.094967007637023926e-01 5.684438943862915039e-01 2.174226641654968262e-01 4.978215694427490234e-01 5.993102788925170898e-01
2.219630479812622070e-01 7.804954051971435547e-02 2.657523751258850098e-01 5.820255875587463379e-01 6.345957517623901367e-01 7.318665385246276855e-01 4.094126522541046143e-01 4.255768656730651855e-01 5.412330627441406250e-01 6.069405078887939453e-01
2.574155926704406738e-01 2.215317487716674805e-01 3.673060238361358643e-01 9.446909427642822266e-01 6.702034473419189453e-01 5.955632328987121582e-01 4.094126522541046143e-01 4.255768656730651855e-01 5.412330627441406250e-01 6.501090526580810547e-01
2.656485438346862793e-01 7.436089515686035156e-01 1.705100685358047485e-01 3.819064199924468994e-01 6.688036918640136719e-01 7.053810954093933105e-01 6.616597175598144531e-01 4.595393240451812744e-01 3.220348656177520752e-01 4.116482734680175781e-01
6.667653322219848633e-01 3.775518238544464111e-01 4.437186717987060547e-01 2.256384193897247314e-01 1.205003932118415833e-01 6.249622106552124023e-01 4.626781642436981201e-01 6.706755161285400391e-01 5.988556146621704102e-01 2.858681380748748779e-01
3.564735054969787598e-01 2.196742445230484009e-01 4.392293095588684082e-01 1.153514683246612549e-01 1.381693184375762939e-01 4.304814934730529785e-01 2.917186021804809570e-01 2.229783087968826294e-01 5.802323222160339355e-01 3.086678981781005859e-01
