3.780060410499572754e-01 5.291260480880737305e-01 2.300703525543212891e-01 3.894893527030944824e-01 3.585812747478485107e-01 3.521860539913177490e-01 7.641908526420593262e-01 4.505193829536437988e-01 3.904422521591186523e-01 5.498315095901489258e-01
2.412628531455993652e-01 2.565427720546722412e-01 3.461637198925018311e-01 3.093968927860260010e-01 2.490638494491577148e-01 5.349308252334594727e-01 1.874062418937683105e-01 4.505193829536437988e-01 3.904422521591186523e-01 5.498315095901489258e-01
5.295435190200805664e-01 6.157969832420349121e-01 4.471921920776367188e-01 5.601894259452819824e-01 4.843119680881500244e-01 5.089616179466247559e-01 2.708537876605987549e-01 4.505193829536437988e-01 3.904422521591186523e-01 5.498315095901489258e-01
5.295435190200805664e-01 5.441617965698242188e-01 4.947641789913177490e-01 6.674561500549316406e-01 6.361402869224548340e-01 7.964311838150024414e-01 5.488419532775878906e-01 5.714249610900878906e-01 6.713462471961975098e-01 5.498315095901489258e-01
3.706483542919158936e-01 2.323642522096633911e-01 4.698232114315032959e-01 6.674561500549316406e-01 5.132849216461181641e-01 7.527359724044799805e-01 3.429328501224517822e-01 5.714249610900878906e-01 6.713462471961975098e-01 5.498315095901489258e-01
8.332752585411071777e-01 6.120189428329467773e-01 7.379795908927917480e-01 4.382321238517761230e-01 4.037183225154876709e-01 5.894899964332580566e-01 6.458476185798645020e-01 7.007716298103332520e-01 3.460709154605865479e-01 5.498315095901489258e-01
8.768249750137329102e-01 6.120189428329467773e-01 7.379795908927917480e-01 6.212646961212158203e-01 4.037183225154876709e-01 9.045259356498718262e-01 9.550294280052185059e-01 7.007716298103332520e-01 3.460709154605865479e-01 5.498315095901489258e-01
4.127899706363677979e-01 3.844419419765472412e-01 2.089889496564865112e-01 6.564870476722717285e-01 4.696463048458099365e-01 8.097692131996154785e-01 5.323497653007507324e-01 4.505193829536437988e-01 6.713462471961975098e-01 5.498315095901489258e-01
2.747265696525573730e-01 7.056289911270141602e-01 4.851485192775726318e-01 7.046127915382385254e-01 3.060880899429321289e-01 5.272377133369445801e-01 5.323497653007507324e-01 4.505193829536437988e-01 6.713462471961975098e-01 5.498315095901489258e-01
6.453582644462585449e-01 7.056086063385009766e-01 8.357259035110473633e-01 7.046127915382385254e-01 6.764430403709411621e-01 9.010320305824279785e-01 7.962819933891296387e-01 4.505193829536437988e-01 6.713462471961975098e-01 5.498315095901489258e-01
4.127899706363677979e-01 7.056289911270141602e-01 5.978871583938598633e-01 6.564870476722717285e-01 4.169249236583709717e-01 7.019262313842773438e-01 4.006040096282958984e-01 4.505193829536437988e-01 6.713462471961975098e-01 5.498315095901489258e-01
4.127899706363677979e-01 7.056289911270141602e-01 4.919219911098480225e-01 6.564870476722717285e-01 3.060880899429321289e-01 3.576783835887908936e-01 7.511863708496093750e-01 4.505193829536437988e-01 6.713462471961975098e-01 5.498315095901489258e-01
4.414279460906982422e-01 7.275696992874145508e-01 8.882833719253540039e-01 7.046127915382385254e-01 6.799605488777160645e-01 6.586643457412719727e-01 6.204794645309448242e-01 4.505193829536437988e-01 6.713462471961975098e-01 5.498315095901489258e-01
2.747265696525573730e-01 6.635023951530456543e-01 2.928782105445861816e-01 7.046127915382385254e-01 3.559508919715881348e-01 3.576783835887908936e-01 6.085627675056457520e-01 4.505193829536437988e-01 6.713462471961975098e-01 5.498315095901489258e-01
3.706483542919158936e-01 1.870487779378890991e-01 6.560122966766357422e-01 7.046127915382385254e-01 3.810316920280456543e-01 3.528189063072204590e-01 8.449164032936096191e-01 4.505193829536437988e-01 3.904422521591186523e-01 5.498315095901489258e-01
4.127899706363677979e-01 1.870487779378890991e-01 4.576447904109954834e-01 3.894893527030944824e-01 3.060880899429321289e-01 2.636397480964660645e-01 6.933782696723937988e-01 4.505193829536437988e-01 3.904422521591186523e-01 5.498315095901489258e-01
4.712733924388885498e-01 2.428821623325347900e-01 3.480946719646453857e-01 3.093968927860260010e-01 3.750051856040954590e-01 4.591057598590850830e-01 5.824303030967712402e-01 4.505193829536437988e-01 3.904422521591186523e-01 5.498315095901489258e-01
4.607375860214233398e-01 8.455059528350830078e-01 7.352434396743774414e-01 3.093968927860260010e-01 2.493627518415451050e-01 5.279229283332824707e-01 3.380518555641174316e-01 4.505193829536437988e-01 3.904422521591186523e-01 5.498315095901489258e-01
6.301161646842956543e-01 6.881769895553588867e-01 8.148811459541320801e-01 3.093968927860260010e-01 3.027961552143096924e-01 3.870448768138885498e-01 2.290018200874328613e-01 4.505193829536437988e-01 3.904422521591186523e-01 5.498315095901489258e-01
2.595711052417755127e-01 8.455059528350830078e-01 8.884174227714538574e-01 3.093968927860260010e-01 2.493627518415451050e-01 4.315432012081146240e-01 3.025000393390655518e-01 4.505193829536437988e-01 3.904422521591186523e-01 5.498315095901489258e-01
4.607375860214233398e-01 6.921724081039428711e-01 8.884174227714538574e-01 3.093968927860260010e-01 2.493627518415451050e-01 2.768661975860595703e-01 1.020514667034149170e-01 4.505193829536437988e-01 3.904422521591186523e-01 3.227478265762329102e-01
4.607375860214233398e-01 8.832665681838989258e-01 4.743858277797698975e-01 3.093968927860260010e-01 3.292612731456756592e-01 5.853382349014282227e-01 4.883062243461608887e-01 4.505193829536437988e-01 3.904422521591186523e-01 3.227478265762329102e-01
3.417847156524658203e-01 6.717160940170288086e-01 3.088356852531433105e-01 3.865845799446105957e-01 3.292612731456756592e-01 5.530546307563781738e-01 4.883062243461608887e-01 4.505193829536437988e-01 3.904422521591186523e-01 4.696042239665985107e-01
5.313293337821960449e-01 6.717160940170288086e-01 3.088356852531433105e-01 4.770837128162384033e-01 3.849471509456634521e-01 4.217727482318878174e-01 6.455757021903991699e-01 4.505193829536437988e-01 3.904422521591186523e-01 4.696042239665985107e-01
4.188352823257446289e-01 9.453052878379821777e-01 3.819624781608581543e-01 3.093968927860260010e-01 3.138347566127777100e-01 8.679081201553344727e-01 2.242903560400009155e-01 4.505193829536437988e-01 3.904422521591186523e-01 4.696042239665985107e-01
5.313293337821960449e-01 6.717160940170288086e-01 3.451323211193084717e-01 4.770837128162384033e-01 3.849471509456634521e-01 5.806263685226440430e-01 5.087371468544006348e-01 4.505193829536437988e-01 3.904422521591186523e-01 4.696042239665985107e-01
4.888265728950500488e-01 7.379168868064880371e-01 2.651861608028411865e-01 3.934154212474822998e-01 5.080599784851074219e-01 8.406242728233337402e-01 7.432315945625305176e-01 4.505193829536437988e-01 3.904422521591186523e-01 4.696042239665985107e-01
3.174872398376464844e-01 5.928865075111389160e-01 1.844515055418014526e-01 4.770837128162384033e-01 3.849471509456634521e-01 6.534315347671508789e-01 4.765032827854156494e-01 4.505193829536437988e-01 3.904422521591186523e-01 4.696042239665985107e-01
5.418573617935180664e-01 4.136225581169128418e-01 2.872930765151977539e-01 4.770837128162384033e-01 4.876280128955841064e-01 8.884848356246948242e-01 6.800934672355651855e-01 4.505193829536437988e-01 3.904422521591186523e-01 4.696042239665985107e-01
4.182028770446777344e-01 4.124305546283721924e-01 1.797610074281692505e-01 4.770837128162384033e-01 4.876280128955841064e-01 7.554544806480407715e-01 4.300580024719238281e-01 4.505193829536437988e-01 3.904422521591186523e-01 4.696042239665985107e-01
5.654405355453491211e-01 3.520594835281372070e-01 4.997256696224212646e-01 4.801362454891204834e-01 2.554171681404113770e-01 6.968348622322082520e-01 5.690316557884216309e-01 4.505193829536437988e-01 3.904422521591186523e-01 6.076610684394836426e-01
5.860743522644042969e-01 4.424688816070556641e-01 6.595003008842468262e-01 4.283047020435333252e-01 2.792290151119232178e-01 3.202120959758758545e-01 7.442591190338134766e-01 4.505193829536437988e-01 3.904422521591186523e-01 6.076610684394836426e-01
5.860743522644042969e-01 4.424688816070556641e-01 9.193019270896911621e-01 6.165709495544433594e-01 7.128847837448120117e-01 3.903607726097106934e-01 7.677609324455261230e-01 4.505193829536437988e-01 5.986852645874023438e-01 4.682247638702392578e-01
3.423337042331695557e-01 2.186394929885864258e-01 2.599654495716094971e-01 4.770837128162384033e-01 3.727661073207855225e-01 5.727974772453308105e-01 1.937400847673416138e-01 4.505193829536437988e-01 3.904422521591186523e-01 3.556400537490844727e-01
4.182028770446777344e-01 6.218309998512268066e-01 3.274919390678405762e-01 3.255158960819244385e-01 6.103729009628295898e-01 4.671019911766052246e-01 1.763049513101577759e-01 4.505193829536437988e-01 3.904422521591186523e-01 3.227478265762329102e-01
2.204027324914932251e-01 5.321766734123229980e-01 5.846098065376281738e-01 4.444853365421295166e-01 5.543800592422485352e-01 3.609054684638977051e-01 4.231036305427551270e-01 4.505193829536437988e-01 3.904422521591186523e-01 3.227478265762329102e-01
5.006763935089111328e-01 6.970204710960388184e-01 6.219918131828308105e-01 3.255158960819244385e-01 7.043260335922241211e-01 3.480452597141265869e-01 4.428284764289855957e-01 4.505193829536437988e-01 3.904422521591186523e-01 3.227478265762329102e-01
4.826099276542663574e-01 3.913674056529998779e-01 5.013044476509094238e-01 3.255158960819244385e-01 6.103729009628295898e-01 4.427122473716735840e-01 3.179900348186492920e-01 4.505193829536437988e-01 3.904422521591186523e-01 3.227478265762329102e-01
5.654405355453491211e-01 5.430903434753417969e-01 9.839881956577301025e-02 3.255158960819244385e-01 5.377347469329833984e-01 6.397815346717834473e-01 5.241140127182006836e-01 4.505193829536437988e-01 3.904422521591186523e-01 3.556400537490844727e-01
4.826099276542663574e-01 6.549097299575805664e-01 4.265660941600799561e-01 3.255158960819244385e-01 6.103729009628295898e-01 6.230775713920593262e-01 3.674565255641937256e-01 4.505193829536437988e-01 3.904422521591186523e-01 3.227478265762329102e-01
5.823616981506347656e-01 6.549097299575805664e-01 4.668495059013366699e-01 3.255158960819244385e-01 5.253205895423889160e-01 3.741763234138488770e-01 4.939936101436614990e-01 4.505193829536437988e-01 3.904422521591186523e-01 3.227478265762329102e-01
4.182028770446777344e-01 4.842896759510040283e-01 3.337048888206481934e-01 3.255158960819244385e-01 5.257188677787780762e-01 4.031414687633514404e-01 5.416064262390136719e-01 4.505193829536437988e-01 3.904422521591186523e-01 3.227478265762329102e-01
4.182028770446777344e-01 4.486254155635833740e-01 4.857281744480133057e-01 1.415999680757522583e-01 5.257188677787780762e-01 4.031414687633514404e-01 2.982814610004425049e-01 4.505193829536437988e-01 3.904422521591186523e-01 3.227478265762329102e-01
2.204027324914932251e-01 4.425991475582122803e-01 2.461584359407424927e-01 3.174884319305419922e-01 3.472614288330078125e-01 2.864266932010650635e-01 2.718974947929382324e-01 4.505193829536437988e-01 3.904422521591186523e-01 3.227478265762329102e-01
2.204027324914932251e-01 4.425991475582122803e-01 2.461584359407424927e-01 3.174884319305419922e-01 3.472614288330078125e-01 1.818924248218536377e-01 6.459296345710754395e-01 4.505193829536437988e-01 3.904422521591186523e-01 3.227478265762329102e-01
5.654405355453491211e-01 5.323536992073059082e-01 5.775080919265747070e-01 4.770837128162384033e-01 6.285242438316345215e-01 2.610189020633697510e-01 4.619793295860290527e-01 4.505193829536437988e-01 3.904422521591186523e-01 3.556400537490844727e-01
3.957538604736328125e-01 4.177586138248443604e-01 9.727670252323150635e-02 2.813426554203033447e-01 3.368006646633148193e-01 3.664011359214782715e-01 1.228174716234207153e-01 4.505193829536437988e-01 3.904422521591186523e-01 3.556400537490844727e-01
4.006044864654541016e-01 4.338189661502838135e-01 2.645230293273925781e-01 3.255158960819244385e-01 6.103729009628295898e-01 3.626926243305206299e-01 2.666324675083160400e-01 4.505193829536437988e-01 3.904422521591186523e-01 3.227478265762329102e-01
4.568018019199371338e-01 3.380688428878784180e-01 6.151465177536010742e-01 3.255158960819244385e-01 7.387565970420837402e-01 5.767952203750610352e-01 5.108330845832824707e-01 4.505193829536437988e-01 5.986852645874023438e-01 3.227478265762329102e-01
5.449722409248352051e-01 5.126708745956420898e-01 5.230987071990966797e-01 3.255158960819244385e-01 6.103729009628295898e-01 1.293730586767196655e-01 5.966443419456481934e-01 4.505193829536437988e-01 3.904422521591186523e-01 3.227478265762329102e-01
5.999684929847717285e-01 3.085366189479827881e-01 1.385994702577590942e-01 3.255158960819244385e-01 6.310220956802368164e-01 2.192934155464172363e-01 6.467137336730957031e-01 4.505193829536437988e-01 3.904422521591186523e-01 3.556400537490844727e-01
4.301773607730865479e-01 5.574523806571960449e-01 3.755230307579040527e-01 4.566041827201843262e-01 5.696561932563781738e-01 5.266207456588745117e-01 3.799515366554260254e-01 4.505193829536437988e-01 3.904422521591186523e-01 4.682247638702392578e-01
4.826099276542663574e-01 7.507240176200866699e-01 1.632221043109893799e-01 3.255158960819244385e-01 4.864952266216278076e-01 3.170180916786193848e-01 4.924633502960205078e-01 4.505193829536437988e-01 3.904422521591186523e-01 4.682247638702392578e-01
6.584472060203552246e-01 6.118386983871459961e-01 5.753837227821350098e-01 1.415999680757522583e-01 5.262732505798339844e-01 4.796085059642791748e-01 4.705245792865753174e-01 4.505193829536437988e-01 3.904422521591186523e-01 3.556400537490844727e-01
6.403939723968505859e-01 7.269931435585021973e-01 6.685271263122558594e-01 3.174884319305419922e-01 5.266714692115783691e-01 5.696493387222290039e-01 7.473871111869812012e-01 4.505193829536437988e-01 3.904422521591186523e-01 3.556400537490844727e-01
5.784729719161987305e-01 4.425991475582122803e-01 4.690696001052856445e-01 3.174884319305419922e-01 4.291829764842987061e-01 2.758904993534088135e-01 5.216130018234252930e-01 4.505193829536437988e-01 3.904422521591186523e-01 3.227478265762329102e-01
5.784729719161987305e-01 5.262762904167175293e-01 5.117192864418029785e-01 3.174884319305419922e-01 4.471988976001739502e-01 1.921966820955276489e-01 7.073863744735717773e-01 4.505193829536437988e-01 3.904422521591186523e-01 3.227478265762329102e-01
5.654405355453491211e-01 3.377758562564849854e-01 4.966385066509246826e-01 7.703250646591186523e-01 5.377347469329833984e-01 4.039934575557708740e-01 5.417879819869995117e-01 4.505193829536437988e-01 3.904422521591186523e-01 3.227478265762329102e-01
3.957538604736328125e-01 3.750590384006500244e-01 4.272103309631347656e-01 3.255158960819244385e-01 5.449169278144836426e-01 3.126620054244995117e-01 3.946720063686370850e-01 4.505193829536437988e-01 3.904422521591186523e-01 3.556400537490844727e-01
4.301773607730865479e-01 4.574424624443054199e-01 1.940886229276657104e-01 2.813426554203033447e-01 3.018710911273956299e-01 3.454247117042541504e-01 2.223238945007324219e-01 4.505193829536437988e-01 3.904422521591186523e-01 4.682247638702392578e-01
5.181103944778442383e-01 6.162061691284179688e-01 4.580670297145843506e-01 3.255158960819244385e-01 4.864952266216278076e-01 4.553800523281097412e-01 2.352057993412017822e-01 4.505193829536437988e-01 5.986852645874023438e-01 3.556400537490844727e-01
6.029535531997680664e-01 6.233876943588256836e-01 5.903562307357788086e-01 3.255158960819244385e-01 6.103729009628295898e-01 5.614807009696960449e-01 2.352057993412017822e-01 4.505193829536437988e-01 3.904422521591186523e-01 3.227478265762329102e-01
5.418573617935180664e-01 3.481430709362030029e-01 4.745455980300903320e-01 1.415999680757522583e-01 5.257188677787780762e-01 3.645951449871063232e-01 1.701955497264862061e-01 4.505193829536437988e-01 3.904422521591186523e-01 3.227478265762329102e-01
5.654405355453491211e-01 3.013194799423217773e-01 8.410584926605224609e-01 3.255158960819244385e-01 6.285242438316345215e-01 4.415858089923858643e-01 5.814949870109558105e-01 4.505193829536437988e-01 3.904422521591186523e-01 3.556400537490844727e-01
5.654405355453491211e-01 3.750590384006500244e-01 2.186304181814193726e-01 3.255158960819244385e-01 4.915778040885925293e-01 3.843011856079101562e-01 6.073495745658874512e-01 4.505193829536437988e-01 3.904422521591186523e-01 3.556400537490844727e-01
4.826099276542663574e-01 3.750590384006500244e-01 4.305974841117858887e-01 3.255158960819244385e-01 4.915778040885925293e-01 3.843011856079101562e-01 3.946720063686370850e-01 4.505193829536437988e-01 3.904422521591186523e-01 3.556400537490844727e-01
5.618101954460144043e-01 5.416610836982727051e-01 9.286814928054809570e-02 4.057330191135406494e-01 5.696561932563781738e-01 1.460735648870468140e-01 2.227142304182052612e-01 5.714249610900878906e-01 3.904422521591186523e-01 4.682247638702392578e-01
6.461395025253295898e-01 5.885301828384399414e-01 3.838934302330017090e-01 2.764019072055816650e-01 5.892390608787536621e-01 6.316388845443725586e-01 2.781927585601806641e-01 4.505193829536437988e-01 5.986852645874023438e-01 4.682247638702392578e-01
6.047077775001525879e-01 4.891068637371063232e-01 6.756787300109863281e-01 4.832342267036437988e-01 2.549110352993011475e-01 3.679347038269042969e-01 2.504044473171234131e-01 4.505193829536437988e-01 5.986852645874023438e-01 4.682247638702392578e-01
3.680504858493804932e-01 5.614352822303771973e-01 3.352875709533691406e-01 7.703250646591186523e-01 4.334282279014587402e-01 6.500737667083740234e-01 3.055150210857391357e-01 4.505193829536437988e-01 3.904422521591186523e-01 3.227478265762329102e-01
6.930644512176513672e-01 5.927824378013610840e-01 5.059642195701599121e-01 3.174884319305419922e-01 4.334282279014587402e-01 7.126449346542358398e-01 7.482484579086303711e-01 4.505193829536437988e-01 3.904422521591186523e-01 3.227478265762329102e-01
5.654405355453491211e-01 6.313322782516479492e-01 4.648793935775756836e-01 7.703250646591186523e-01 5.377347469329833984e-01 8.213000893592834473e-01 7.398589253425598145e-01 4.505193829536437988e-01 3.904422521591186523e-01 3.227478265762329102e-01
6.403939723968505859e-01 4.743128418922424316e-01 5.076599121093750000e-01 7.703250646591186523e-01 4.334282279014587402e-01 1.496660113334655762e-01 7.152488231658935547e-01 4.505193829536437988e-01 3.904422521591186523e-01 3.556400537490844727e-01
4.984377622604370117e-01 5.533317923545837402e-01 4.282627105712890625e-01 3.174884319305419922e-01 5.266714692115783691e-01 5.133262872695922852e-01 7.379098534584045410e-01 4.505193829536437988e-01 3.904422521591186523e-01 3.227478265762329102e-01
2.204027324914932251e-01 2.879968285560607910e-01 3.374072909355163574e-01 3.174884319305419922e-01 3.472614288330078125e-01 2.296630442142486572e-01 7.379098534584045410e-01 4.505193829536437988e-01 3.904422521591186523e-01 3.227478265762329102e-01
3.174872398376464844e-01 3.148909509181976318e-01 3.374072909355163574e-01 3.174884319305419922e-01 3.472614288330078125e-01 1.307075768709182739e-01 3.641420602798461914e-01 4.505193829536437988e-01 3.904422521591186523e-01 3.227478265762329102e-01
6.226198077201843262e-01 8.017806410789489746e-01 4.704900085926055908e-01 3.174884319305419922e-01 6.276318430900573730e-01 7.675418853759765625e-01 4.103847146034240723e-01 4.505193829536437988e-01 3.904422521591186523e-01 3.227478265762329102e-01
5.006763935089111328e-01 6.174243688583374023e-01 5.602668523788452148e-01 7.703250646591186523e-01 5.377347469329833984e-01 7.149384617805480957e-01 4.644363820552825928e-01 4.505193829536437988e-01 3.904422521591186523e-01 3.227478265762329102e-01
6.226198077201843262e-01 5.110669732093811035e-01 1.528858542442321777e-01 7.703250646591186523e-01 4.574455320835113525e-01 6.804241538047790527e-01 4.208672344684600830e-01 4.505193829536437988e-01 3.904422521591186523e-01 3.227478265762329102e-01
6.930644512176513672e-01 6.399314999580383301e-01 2.431417107582092285e-01 7.703250646591186523e-01 6.103729009628295898e-01 6.453301310539245605e-01 5.584602355957031250e-01 4.505193829536437988e-01 3.904422521591186523e-01 3.227478265762329102e-01
5.654405355453491211e-01 5.110669732093811035e-01 6.419470906257629395e-01 7.703250646591186523e-01 4.975472092628479004e-01 5.203651189804077148e-01 7.922593355178833008e-01 4.505193829536437988e-01 3.904422521591186523e-01 3.556400537490844727e-01
6.957284808158874512e-01 5.213996171951293945e-01 3.409954011440277100e-01 5.764432549476623535e-01 6.103729009628295898e-01 3.781820833683013916e-01 5.966443419456481934e-01 4.505193829536437988e-01 3.904422521591186523e-01 3.227478265762329102e-01
7.435399889945983887e-01 5.533317923545837402e-01 5.123380422592163086e-01 3.174884319305419922e-01 6.103729009628295898e-01 6.369846463203430176e-01 3.254767656326293945e-01 4.505193829536437988e-01 3.904422521591186523e-01 3.227478265762329102e-01
6.255649924278259277e-01 3.905166983604431152e-01 2.226422131061553955e-01 5.764432549476623535e-01 4.975472092628479004e-01 3.966873884201049805e-01 4.463183581829071045e-01 4.505193829536437988e-01 3.904422521591186523e-01 3.556400537490844727e-01
6.255649924278259277e-01 4.542033374309539795e-01 4.952335059642791748e-01 4.770837128162384033e-01 6.676162481307983398e-01 2.893335819244384766e-01 4.515067040920257568e-01 4.505193829536437988e-01 3.904422521591186523e-01 3.556400537490844727e-01
4.923728704452514648e-01 4.321862459182739258e-01 1.344120204448699951e-01 2.813426554203033447e-01 2.399485707283020020e-01 2.217053771018981934e-01 3.799515366554260254e-01 4.505193829536437988e-01 3.904422521591186523e-01 4.682247638702392578e-01
5.053262114524841309e-01 6.244380474090576172e-01 3.215545713901519775e-01 3.255158960819244385e-01 4.864952266216278076e-01 3.982367813587188721e-01 6.557450294494628906e-01 4.505193829536437988e-01 3.904422521591186523e-01 3.556400537490844727e-01
5.618101954460144043e-01 5.416610836982727051e-01 6.516106128692626953e-01 6.165709495544433594e-01 5.696561932563781738e-01 5.480692386627197266e-01 4.633246660232543945e-01 4.505193829536437988e-01 5.986852645874023438e-01 4.682247638702392578e-01
6.461395025253295898e-01 6.010107994079589844e-01 3.889219164848327637e-01 4.801362454891204834e-01 4.860962033271789551e-01 5.728657245635986328e-01 6.500160098075866699e-01 4.505193829536437988e-01 3.904422521591186523e-01 4.682247638702392578e-01
4.276677966117858887e-01 5.438557267189025879e-01 4.627062082290649414e-01 3.255158960819244385e-01 4.330360591411590576e-01 7.783316373825073242e-01 5.039880275726318359e-01 4.505193829536437988e-01 3.904422521591186523e-01 3.556400537490844727e-01
7.162434458732604980e-01 4.601821005344390869e-01 4.471028447151184082e-01 3.255158960819244385e-01 4.915778040885925293e-01 4.376411736011505127e-01 3.071922957897186279e-01 4.505193829536437988e-01 3.904422521591186523e-01 4.682247638702392578e-01
6.440629363059997559e-01 5.438557267189025879e-01 5.591342449188232422e-01 3.255158960819244385e-01 4.330360591411590576e-01 5.038327574729919434e-01 3.338183760643005371e-01 4.505193829536437988e-01 3.904422521591186523e-01 3.556400537490844727e-01
6.440629363059997559e-01 4.647818505764007568e-01 4.876826703548431396e-01 3.255158960819244385e-01 4.330360591411590576e-01 5.038327574729919434e-01 1.280693411827087402e-01 4.505193829536437988e-01 3.904422521591186523e-01 3.556400537490844727e-01
6.440629363059997559e-01 4.647818505764007568e-01 4.876826703548431396e-01 3.255158960819244385e-01 4.330360591411590576e-01 7.783316373825073242e-01 1.280693411827087402e-01 4.505193829536437988e-01 3.904422521591186523e-01 3.556400537490844727e-01
7.162434458732604980e-01 5.335741043090820312e-01 5.208112597465515137e-01 3.255158960819244385e-01 5.449169278144836426e-01 7.290678620338439941e-01 3.957386016845703125e-01 4.505193829536437988e-01 3.904422521591186523e-01 4.682247638702392578e-01
7.162434458732604980e-01 4.697586596012115479e-01 6.494026184082031250e-01 4.801362454891204834e-01 5.449169278144836426e-01 7.915571331977844238e-01 5.379433035850524902e-01 4.505193829536437988e-01 3.904422521591186523e-01 4.682247638702392578e-01
6.440629363059997559e-01 6.010107994079589844e-01 6.056424975395202637e-01 4.801362454891204834e-01 4.860962033271789551e-01 7.783316373825073242e-01 4.592711031436920166e-01 4.505193829536437988e-01 3.904422521591186523e-01 4.682247638702392578e-01
5.618101954460144043e-01 4.991239905357360840e-01 4.542390108108520508e-01 4.801362454891204834e-01 6.947450637817382812e-01 8.014792203903198242e-01 5.334528088569641113e-01 4.505193829536437988e-01 3.904422521591186523e-01 4.682247638702392578e-01
5.178721547126770020e-01 5.833848118782043457e-01 5.884209871292114258e-01 4.832342267036437988e-01 2.399485707283020020e-01 7.240821719169616699e-01 4.051676988601684570e-01 4.505193829536437988e-01 5.986852645874023438e-01 4.682247638702392578e-01
6.047077775001525879e-01 6.010107994079589844e-01 7.299927473068237305e-01 5.354868173599243164e-01 4.860962033271789551e-01 6.854693293571472168e-01 4.577299356460571289e-01 4.505193829536437988e-01 3.904422521591186523e-01 4.682247638702392578e-01
4.276677966117858887e-01 6.687598824501037598e-01 6.908200383186340332e-01 5.354868173599243164e-01 4.330360591411590576e-01 7.575342059135437012e-01 1.918748021125793457e-01 4.505193829536437988e-01 3.904422521591186523e-01 4.682247638702392578e-01
4.191221892833709717e-01 5.438557267189025879e-01 6.705404520034790039e-01 3.255158960819244385e-01 4.330360591411590576e-01 6.076532602310180664e-01 2.128311395645141602e-01 4.505193829536437988e-01 4.958499372005462646e-01 3.556400537490844727e-01
5.024297833442687988e-01 6.423168778419494629e-01 6.608381271362304688e-01 3.255158960819244385e-01 5.262732505798339844e-01 6.624119877815246582e-01 1.211814433336257935e-01 4.505193829536437988e-01 4.958499372005462646e-01 3.556400537490844727e-01
6.964508295059204102e-01 5.062204003334045410e-01 4.604877531528472900e-01 3.255158960819244385e-01 6.764112114906311035e-01 5.174802541732788086e-01 3.643259406089782715e-01 4.505193829536437988e-01 4.958499372005462646e-01 3.227478265762329102e-01
6.831769347190856934e-01 2.719515860080718994e-01 4.445714354515075684e-01 3.255158960819244385e-01 2.791352272033691406e-01 6.317654848098754883e-01 7.760555744171142578e-01 4.505193829536437988e-01 4.958499372005462646e-01 3.227478265762329102e-01
6.831769347190856934e-01 5.236279964447021484e-01 4.445714354515075684e-01 3.255158960819244385e-01 5.033246874809265137e-01 7.580779194831848145e-01 3.120548725128173828e-01 4.505193829536437988e-01 4.958499372005462646e-01 5.037517547607421875e-01
4.120118916034698486e-01 4.446283876895904541e-01 5.110517740249633789e-01 1.415999680757522583e-01 5.033246874809265137e-01 3.510788083076477051e-01 3.284580409526824951e-01 4.505193829536437988e-01 4.958499372005462646e-01 5.037517547607421875e-01
6.793197989463806152e-01 7.820923328399658203e-01 4.327422082424163818e-01 4.770837128162384033e-01 6.276318430900573730e-01 3.563383221626281738e-01 2.954633533954620361e-01 4.505193829536437988e-01 4.958499372005462646e-01 5.037517547607421875e-01
3.211223483085632324e-01 4.446283876895904541e-01 3.891932070255279541e-01 2.377133667469024658e-01 3.272242546081542969e-01 1.474808007478713989e-01 2.077200114727020264e-01 4.505193829536437988e-01 4.958499372005462646e-01 5.037517547607421875e-01
3.211223483085632324e-01 2.160094082355499268e-01 4.753355085849761963e-01 4.376384019851684570e-01 3.472614288330078125e-01 1.957894265651702881e-01 2.824487090110778809e-01 4.505193829536437988e-01 4.958499372005462646e-01 5.037517547607421875e-01
3.211223483085632324e-01 2.160094082355499268e-01 2.828896939754486084e-01 4.376384019851684570e-01 3.472614288330078125e-01 2.962189018726348877e-01 2.425186932086944580e-01 4.505193829536437988e-01 4.958499372005462646e-01 5.037517547607421875e-01
4.077154994010925293e-01 6.760323643684387207e-01 5.492123365402221680e-01 5.372226834297180176e-01 4.471988976001739502e-01 3.171873390674591064e-01 2.549130916595458984e-01 4.505193829536437988e-01 4.958499372005462646e-01 5.037517547607421875e-01
6.793197989463806152e-01 8.653770089149475098e-01 5.849146246910095215e-01 4.770837128162384033e-01 6.276318430900573730e-01 5.570430159568786621e-01 7.786673307418823242e-01 4.505193829536437988e-01 4.958499372005462646e-01 4.696042239665985107e-01
3.304217755794525146e-01 4.369284212589263916e-01 5.673166513442993164e-01 4.770837128162384033e-01 6.103729009628295898e-01 2.098899483680725098e-01 4.474872350692749023e-01 4.505193829536437988e-01 4.958499372005462646e-01 6.096696257591247559e-01
6.451355814933776855e-01 5.154928565025329590e-01 9.282847046852111816e-01 4.253120720386505127e-01 3.840007185935974121e-01 2.230789661407470703e-01 2.454534173011779785e-01 4.505193829536437988e-01 4.958499372005462646e-01 6.076610684394836426e-01
6.451355814933776855e-01 6.138354539871215820e-01 9.724639058113098145e-01 6.136749386787414551e-01 6.466526389122009277e-01 3.747989833354949951e-01 3.436449468135833740e-01 4.505193829536437988e-01 4.958499372005462646e-01 6.076610684394836426e-01
4.006044864654541016e-01 6.927567124366760254e-01 7.008451223373413086e-01 4.770837128162384033e-01 4.888316988945007324e-01 4.302155077457427979e-01 8.920558542013168335e-02 4.505193829536437988e-01 4.958499372005462646e-01 6.076610684394836426e-01
4.006044864654541016e-01 5.802069902420043945e-01 4.568639695644378662e-01 4.770837128162384033e-01 4.888316988945007324e-01 4.972470104694366455e-01 6.324912607669830322e-02 4.505193829536437988e-01 4.958499372005462646e-01 6.076610684394836426e-01
5.449722409248352051e-01 5.802069902420043945e-01 6.036398410797119141e-01 4.770837128162384033e-01 4.888316988945007324e-01 4.258024394512176514e-01 3.974838852882385254e-01 4.505193829536437988e-01 4.958499372005462646e-01 3.556400537490844727e-01
6.255649924278259277e-01 7.366527318954467773e-01 5.467032790184020996e-01 3.255158960819244385e-01 4.597674012184143066e-01 2.669825553894042969e-01 6.393077969551086426e-01 4.505193829536437988e-01 4.958499372005462646e-01 3.556400537490844727e-01
6.255649924278259277e-01 7.366527318954467773e-01 2.238058298826217651e-01 3.255158960819244385e-01 5.427182912826538086e-01 3.235791921615600586e-01 7.731220722198486328e-01 4.505193829536437988e-01 4.958499372005462646e-01 3.556400537490844727e-01
5.999684929847717285e-01 8.598994612693786621e-01 5.240918397903442383e-01 3.255158960819244385e-01 3.478364050388336182e-01 6.018700003623962402e-01 7.731220722198486328e-01 4.505193829536437988e-01 4.958499372005462646e-01 4.682247638702392578e-01
4.006044864654541016e-01 4.280540049076080322e-01 6.151190996170043945e-01 3.255158960819244385e-01 6.099929213523864746e-01 3.678070306777954102e-01 2.942014336585998535e-01 4.505193829536437988e-01 4.958499372005462646e-01 5.037517547607421875e-01
4.006044864654541016e-01 5.787287354469299316e-01 4.712879061698913574e-01 5.764432549476623535e-01 4.330360591411590576e-01 5.354299545288085938e-01 2.495497018098831177e-01 4.505193829536437988e-01 4.958499372005462646e-01 5.037517547607421875e-01
3.304217755794525146e-01 5.787287354469299316e-01 4.712879061698913574e-01 3.174884319305419922e-01 4.334282279014587402e-01 3.479947149753570557e-01 2.106693685054779053e-01 4.505193829536437988e-01 4.958499372005462646e-01 5.037517547607421875e-01
