6.892458200454711914e-01 6.855784654617309570e-01 2.053620964288711548e-01 5.734816789627075195e-01 5.940991044044494629e-01 4.841156005859375000e-01 7.178613543510437012e-01 8.105609416961669922e-01 5.522273778915405273e-01 3.804166913032531738e-01
4.236087203025817871e-01 9.717119932174682617e-01 8.219856023788452148e-01 8.809084296226501465e-01 5.940991044044494629e-01 5.789626240730285645e-01 4.961459934711456299e-01 8.631519675254821777e-01 7.402623295783996582e-01 1.796365827322006226e-01
2.778027057647705078e-01 7.298581004142761230e-01 5.424661040306091309e-01 8.192790746688842773e-01 5.940991044044494629e-01 5.789626240730285645e-01 7.609526515007019043e-01 8.956795930862426758e-01 6.844106912612915039e-01 7.675587534904479980e-01
4.504444003105163574e-01 3.158292770385742188e-01 3.642422556877136230e-01 4.168168008327484131e-01 4.578532576560974121e-01 5.395433902740478516e-01 4.594089984893798828e-01 6.558972597122192383e-01 7.062305808067321777e-01 3.579624295234680176e-01
6.487496495246887207e-01 2.873880863189697266e-01 8.104144334793090820e-01 6.340366601943969727e-01 7.404416203498840332e-01 5.395433902740478516e-01 2.858591675758361816e-01 2.675526738166809082e-01 4.301111400127410889e-01 8.432151079177856445e-01
4.230248332023620605e-01 7.553666234016418457e-01 5.571050643920898438e-01 5.167921185493469238e-01 4.578532576560974121e-01 6.119822263717651367e-01 3.269150555133819580e-01 6.440047621726989746e-01 4.050593674182891846e-01 6.302836537361145020e-01
4.967876970767974854e-01 6.468568444252014160e-01 5.502826571464538574e-01 7.349135279655456543e-01 4.013171494007110596e-01 6.119822263717651367e-01 2.858591675758361816e-01 1.110812872648239136e-01 4.050593674182891846e-01 7.801407575607299805e-01
3.816058635711669922e-01 5.189785957336425781e-01 7.746589183807373047e-01 4.744084477424621582e-01 4.501709640026092529e-01 6.119822263717651367e-01 7.178613543510437012e-01 3.121087551116943359e-01 5.889855027198791504e-01 3.478813767433166504e-01
8.153439164161682129e-01 6.805077791213989258e-01 8.425538539886474609e-01 8.392840623855590820e-01 7.404416203498840332e-01 6.119822263717651367e-01 8.869203329086303711e-01 9.343426823616027832e-01 6.280958056449890137e-01 9.528529047966003418e-01
7.053554654121398926e-01 3.161607384681701660e-01 2.868841290473937988e-01 4.869830310344696045e-01 5.940991044044494629e-01 6.119822263717651367e-01 7.521977424621582031e-01 5.086116194725036621e-01 4.841199517250061035e-01 8.092163801193237305e-01
2.489977329969406128e-01 6.444047093391418457e-01 2.868841290473937988e-01 5.734816789627075195e-01 7.404416203498840332e-01 5.395433902740478516e-01 5.219851136207580566e-01 5.598024725914001465e-01 3.753523528575897217e-01 9.530444741249084473e-01
7.993364930152893066e-01 5.627954602241516113e-01 4.350213110446929932e-01 3.018947243690490723e-01 7.404416203498840332e-01 5.395433902740478516e-01 4.961459934711456299e-01 8.279980421066284180e-01 8.099199533462524414e-01 8.092393279075622559e-01
6.236905455589294434e-01 9.505791068077087402e-01 7.168940305709838867e-01 9.110128283500671387e-01 7.404416203498840332e-01 5.395433902740478516e-01 1.692149788141250610e-01 1.026516705751419067e-01 5.889855027198791504e-01 4.792992770671844482e-01
9.765304923057556152e-01 6.339153647422790527e-01 7.860262989997863770e-01 3.928073644638061523e-01 4.501709640026092529e-01 5.395433902740478516e-01 7.178613543510437012e-01 6.195750236511230469e-01 7.402623295783996582e-01 5.948477983474731445e-01
9.810181856155395508e-01 9.621850252151489258e-01 9.288143515586853027e-01 9.092853069305419922e-01 7.404416203498840332e-01 5.395433902740478516e-01 7.178613543510437012e-01 8.279980421066284180e-01 7.402623295783996582e-01 8.303123116493225098e-01
8.744478821754455566e-01 7.876785397529602051e-01 5.451648831367492676e-01 8.252114653587341309e-01 7.404416203498840332e-01 5.860215425491333008e-01 8.869203329086303711e-01 8.279980421066284180e-01 6.844106912612915039e-01 8.443107604980468750e-01
6.511744856834411621e-01 8.289222121238708496e-01 2.053620964288711548e-01 3.565280735492706299e-01 7.404416203498840332e-01 5.125961899757385254e-01 3.724030554294586182e-01 4.447742104530334473e-01 4.841199517250061035e-01 1.584623754024505615e-01
5.052445530891418457e-01 5.693292617797851562e-01 4.918328225612640381e-01 5.611165165901184082e-01 7.404416203498840332e-01 5.125961899757385254e-01 1.654525846242904663e-01 3.223459422588348389e-01 6.116155982017517090e-01 1.584623754024505615e-01
5.697046518325805664e-01 3.494550883769989014e-01 7.322535514831542969e-01 3.174464106559753418e-01 4.578532576560974121e-01 5.125961899757385254e-01 3.724030554294586182e-01 3.223459422588348389e-01 4.050593674182891846e-01 1.584623754024505615e-01
8.267815113067626953e-01 6.662641167640686035e-01 8.105585575103759766e-01 3.174464106559753418e-01 4.578532576560974121e-01 6.119822263717651367e-01 2.858591675758361816e-01 4.082276523113250732e-01 4.050593674182891846e-01 5.871052742004394531e-01
6.946458220481872559e-01 7.294421195983886719e-01 8.097879290580749512e-01 6.466200947761535645e-01 7.404416203498840332e-01 5.860215425491333008e-01 3.406434655189514160e-01 6.448156237602233887e-01 4.050593674182891846e-01 6.535551548004150391e-01
8.131690621376037598e-01 7.208579182624816895e-01 7.322535514831542969e-01 3.018947243690490723e-01 7.404416203498840332e-01 6.119822263717651367e-01 5.219851136207580566e-01 5.877826213836669922e-01 4.050593674182891846e-01 6.535551548004150391e-01
6.946458220481872559e-01 8.307902812957763672e-01 5.451648831367492676e-01 5.786848068237304688e-01 5.940991044044494629e-01 5.860215425491333008e-01 8.773370385169982910e-01 7.664285302162170410e-01 4.050593674182891846e-01 7.142872810363769531e-01
7.519555091857910156e-01 5.912236571311950684e-01 7.535895109176635742e-01 6.827360987663269043e-01 5.940991044044494629e-01 3.110331296920776367e-01 3.824962973594665527e-01 2.313901633024215698e-01 4.841199517250061035e-01 4.920115470886230469e-01
7.519555091857910156e-01 8.183876872062683105e-01 6.266594529151916504e-01 7.071129679679870605e-01 7.404416203498840332e-01 5.125961899757385254e-01 3.824962973594665527e-01 3.565907776355743408e-01 4.050593674182891846e-01 5.834908485412597656e-01
5.920937657356262207e-01 7.325958013534545898e-01 5.278689861297607422e-01 3.018947243690490723e-01 7.404416203498840332e-01 5.125961899757385254e-01 8.292613625526428223e-01 5.253362655639648438e-01 4.301111400127410889e-01 3.351240456104278564e-01
8.127710223197937012e-01 7.203283905982971191e-01 6.939417123794555664e-01 3.018947243690490723e-01 7.404416203498840332e-01 5.125961899757385254e-01 5.576788187026977539e-01 2.841498255729675293e-01 8.099199533462524414e-01 8.460177779197692871e-01
9.564904570579528809e-01 9.376856684684753418e-01 9.153779745101928711e-01 5.786848068237304688e-01 7.404416203498840332e-01 5.125961899757385254e-01 6.988159418106079102e-01 5.253362655639648438e-01 8.099199533462524414e-01 9.392531514167785645e-01
9.299868941307067871e-01 9.735414981842041016e-01 9.288143515586853027e-01 5.786848068237304688e-01 7.404416203498840332e-01 5.125961899757385254e-01 6.988159418106079102e-01 5.253362655639648438e-01 9.313768744468688965e-01 8.975778222084045410e-01
9.013450145721435547e-01 8.526911735534667969e-01 7.792255282402038574e-01 6.605008840560913086e-01 7.404416203498840332e-01 5.125961899757385254e-01 6.988159418106079102e-01 5.253362655639648438e-01 6.844106912612915039e-01 7.840880155563354492e-01
8.659673333168029785e-01 8.191370368003845215e-01 7.200483679771423340e-01 3.798602819442749023e-01 4.013171494007110596e-01 5.125961899757385254e-01 5.962980985641479492e-01 7.915658354759216309e-01 6.844106912612915039e-01 5.664620399475097656e-01
4.576346576213836670e-01 2.895280122756958008e-01 4.766626060009002686e-01 3.874664306640625000e-01 4.578532576560974121e-01 2.435006201267242432e-01 1.120662838220596313e-01 5.124084651470184326e-02 4.050593674182891846e-01 1.584623754024505615e-01
5.376276969909667969e-01 9.394480846822261810e-03 2.278150916099548340e-01 3.118565380573272705e-01 4.578532576560974121e-01 2.435006201267242432e-01 1.717164963483810425e-01 5.331962704658508301e-01 4.922949075698852539e-01 1.584623754024505615e-01
5.814300775527954102e-01 3.564464747905731201e-01 6.547467708587646484e-01 4.136833548545837402e-01 4.578532576560974121e-01 2.435006201267242432e-01 6.923848390579223633e-01 5.081123113632202148e-01 4.050593674182891846e-01 3.083543479442596436e-01
4.087208807468414307e-01 3.911119997501373291e-01 3.084595799446105957e-01 4.285896122455596924e-01 4.578532576560974121e-01 2.435006201267242432e-01 7.081384658813476562e-01 4.136128425598144531e-01 4.050593674182891846e-01 3.863029181957244873e-01
4.087208807468414307e-01 2.435347735881805420e-01 5.343129038810729980e-01 4.285896122455596924e-01 4.578532576560974121e-01 4.726302325725555420e-01 4.241819083690643311e-01 2.164151966571807861e-01 5.168679952621459961e-01 5.658017396926879883e-01
5.896326899528503418e-01 4.531328380107879639e-01 5.010249614715576172e-01 6.411575078964233398e-01 4.578532576560974121e-01 7.281252145767211914e-01 6.821675896644592285e-01 5.125991702079772949e-01 5.168679952621459961e-01 6.800389885902404785e-01
9.603054523468017578e-01 8.153121471405029297e-01 6.859870553016662598e-01 7.287397384643554688e-01 4.578532576560974121e-01 6.930981874465942383e-01 8.086369633674621582e-01 9.363405704498291016e-01 8.147875666618347168e-01 3.816666007041931152e-01
3.602194488048553467e-01 3.166728913784027100e-01 2.960228621959686279e-01 3.667291998863220215e-01 3.360721468925476074e-01 3.942247629165649414e-01 4.335741102695465088e-01 4.553757011890411377e-01 4.922949075698852539e-01 2.861875593662261963e-01
7.267118096351623535e-01 8.728755116462707520e-01 5.690959692001342773e-01 5.833973884582519531e-01 4.578532576560974121e-01 6.212000250816345215e-01 6.682682037353515625e-01 3.982613384723663330e-01 6.554059982299804688e-01 5.113052725791931152e-01
7.426518797874450684e-01 8.145129084587097168e-01 5.336115956306457520e-01 6.974630355834960938e-01 4.578532576560974121e-01 5.685701370239257812e-01 4.064512848854064941e-01 2.177549749612808228e-01 4.922949075698852539e-01 5.344756245613098145e-01
5.562769174575805664e-01 5.648537278175354004e-01 4.190686643123626709e-01 6.783850193023681641e-01 6.037310957908630371e-01 3.258753418922424316e-01 4.256006181240081787e-01 2.803723514080047607e-01 3.412691354751586914e-01 5.113052725791931152e-01
8.497843742370605469e-01 6.911110877990722656e-01 5.917051434516906738e-01 7.045975923538208008e-01 6.037310957908630371e-01 4.847263395786285400e-01 5.487678647041320801e-01 4.848794341087341309e-01 5.168679952621459961e-01 5.336690545082092285e-01
8.655396699905395508e-01 6.242573261260986328e-01 7.319599986076354980e-01 7.045975923538208008e-01 6.037310957908630371e-01 4.847263395786285400e-01 6.176707148551940918e-01 5.377726554870605469e-01 5.168679952621459961e-01 5.336690545082092285e-01
6.418430209159851074e-01 8.878872990608215332e-01 7.319599986076354980e-01 6.307325363159179688e-01 6.037310957908630371e-01 4.847263395786285400e-01 6.176707148551940918e-01 9.183380007743835449e-01 5.168679952621459961e-01 5.113052725791931152e-01
4.714581072330474854e-01 6.528857946395874023e-01 4.996501803398132324e-01 5.845475792884826660e-01 3.360721468925476074e-01 6.212000250816345215e-01 6.176707148551940918e-01 7.990269064903259277e-01 6.554059982299804688e-01 5.113052725791931152e-01
4.322202205657958984e-01 1.911164373159408569e-01 5.631402730941772461e-01 5.203625559806823730e-01 3.360721468925476074e-01 3.775286376476287842e-01 2.790929973125457764e-01 7.392168641090393066e-01 6.226709485054016113e-01 4.027568995952606201e-01
3.770924806594848633e-01 6.684813499450683594e-01 6.916871666908264160e-01 4.589191973209381104e-01 3.360721468925476074e-01 5.129724740982055664e-01 3.270228207111358643e-01 5.207600072026252747e-02 6.226709485054016113e-01 3.251782953739166260e-01
2.557196915149688721e-01 6.684813499450683594e-01 1.734252423048019409e-01 2.101358026266098022e-01 5.904219150543212891e-01 3.055470585823059082e-01 1.912380158901214600e-01 1.757003664970397949e-01 6.226709485054016113e-01 3.251782953739166260e-01
3.729440569877624512e-01 7.882342338562011719e-01 4.931517541408538818e-01 5.603269934654235840e-01 5.904219150543212891e-01 4.533903896808624268e-01 4.394690096378326416e-01 1.566569358110427856e-01 8.583232164382934570e-01 5.790819525718688965e-01
4.359465837478637695e-01 2.193375378847122192e-01 4.608865976333618164e-01 4.129942953586578369e-01 4.578532576560974121e-01 4.068060815334320068e-01 7.459853887557983398e-01 4.899808764457702637e-01 6.226709485054016113e-01 4.335927665233612061e-01
4.359465837478637695e-01 4.690679311752319336e-01 3.392040729522705078e-01 1.824769824743270874e-01 5.904219150543212891e-01 4.998746216297149658e-01 6.537593007087707520e-01 5.349437594413757324e-01 3.668264448642730713e-01 5.832261443138122559e-01
1.953813284635543823e-01 3.195797502994537354e-01 1.663608402013778687e-01 3.550806343555450439e-01 4.578532576560974121e-01 3.942247629165649414e-01 2.289328277111053467e-01 4.082635641098022461e-01 4.050593674182891846e-01 3.049567043781280518e-01
5.091539621353149414e-01 4.177238345146179199e-01 2.055655270814895630e-01 4.126695394515991211e-01 4.578532576560974121e-01 3.633479475975036621e-01 2.289328277111053467e-01 4.294594824314117432e-01 4.050593674182891846e-01 3.049567043781280518e-01
4.001121819019317627e-01 3.227637410163879395e-01 3.309684991836547852e-01 2.376088351011276245e-01 4.578532576560974121e-01 3.633479475975036621e-01 3.514233231544494629e-01 5.050876140594482422e-01 4.050593674182891846e-01 3.049567043781280518e-01
1.931305527687072754e-01 3.865522742271423340e-01 3.242301344871520996e-01 2.850304543972015381e-01 4.578532576560974121e-01 3.633479475975036621e-01 5.590691566467285156e-01 3.540108799934387207e-01 4.050593674182891846e-01 4.596333205699920654e-01
7.851321697235107422e-01 3.050657510757446289e-01 2.186224907636642456e-01 7.215018272399902344e-01 4.578532576560974121e-01 5.426144599914550781e-01 4.074260890483856201e-01 4.961531460285186768e-01 5.168679952621459961e-01 4.498681128025054932e-01
7.369105219841003418e-01 3.400774002075195312e-01 2.818454205989837646e-01 8.702141046524047852e-01 4.578532576560974121e-01 5.749673247337341309e-01 4.756387770175933838e-01 6.851572394371032715e-01 4.765346944332122803e-01 6.554684638977050781e-01
2.095876485109329224e-01 6.971594095230102539e-01 8.176860213279724121e-01 2.616180777549743652e-01 4.578532576560974121e-01 5.749673247337341309e-01 2.885907292366027832e-01 4.217536747455596924e-01 5.494243502616882324e-01 5.883855223655700684e-01
7.292207330465316772e-02 2.509978711605072021e-01 2.476657330989837646e-01 1.675769537687301636e-01 5.173808336257934570e-01 5.749673247337341309e-01 1.648544967174530029e-01 6.630128026008605957e-01 3.059608042240142822e-01 5.997785329818725586e-01
2.497281730175018311e-01 2.254314534366130829e-02 3.583552837371826172e-01 1.749495565891265869e-01 4.578532576560974121e-01 4.683467447757720947e-01 9.527248889207839966e-02 1.478591859340667725e-01 3.059608042240142822e-01 2.320150434970855713e-01
5.191667079925537109e-01 7.741109728813171387e-01 3.125927448272705078e-01 2.240598201751708984e-01 4.578532576560974121e-01 4.068060815334320068e-01 2.496650516986846924e-01 3.666153550148010254e-01 3.412691354751586914e-01 4.944180548191070557e-01
4.052076935768127441e-01 6.796390414237976074e-01 7.011778354644775391e-01 4.195843935012817383e-01 5.904219150543212891e-01 7.382609248161315918e-01 6.537593007087707520e-01 2.911273539066314697e-01 5.889855027198791504e-01 9.024971127510070801e-01
5.711712241172790527e-01 6.736524701118469238e-01 4.936950802803039551e-01 4.439899623394012451e-01 4.578532576560974121e-01 6.405572295188903809e-01 6.537593007087707520e-01 3.292329311370849609e-01 4.050593674182891846e-01 5.832261443138122559e-01
6.318095922470092773e-01 5.950101017951965332e-01 7.011778354644775391e-01 5.923685431480407715e-01 4.578532576560974121e-01 4.841156005859375000e-01 8.806522488594055176e-01 4.952062070369720459e-01 3.668264448642730713e-01 4.117074310779571533e-01
5.187656879425048828e-01 4.617944955825805664e-01 3.041622340679168701e-01 5.752316713333129883e-01 4.578532576560974121e-01 3.110331296920776367e-01 5.370989441871643066e-01 4.506208300590515137e-01 4.050593674182891846e-01 2.528339028358459473e-01
3.179824650287628174e-01 1.669987589120864868e-01 8.209612369537353516e-01 3.195389807224273682e-01 4.578532576560974121e-01 3.633479475975036621e-01 2.119498699903488159e-01 6.476665735244750977e-01 4.050593674182891846e-01 2.529106438159942627e-01
1.663108766078948975e-01 7.761091738939285278e-02 1.796450018882751465e-01 4.937868416309356689e-01 4.578532576560974121e-01 4.726302325725555420e-01 1.275128573179244995e-01 6.753482669591903687e-02 2.766284048557281494e-01 1.027111336588859558e-01
3.156480491161346436e-01 9.082031995058059692e-02 2.696793675422668457e-01 5.010261535644531250e-01 4.578532576560974121e-01 2.435006201267242432e-01 5.590691566467285156e-01 2.877560257911682129e-01 2.766284048557281494e-01 1.237283051013946533e-01
3.060698807239532471e-01 4.249248802661895752e-01 5.350704193115234375e-01 2.306066453456878662e-01 4.578532576560974121e-01 3.633479475975036621e-01 4.205923378467559814e-01 1.410837173461914062e-01 4.050593674182891846e-01 2.272087782621383667e-01
3.643289208412170410e-01 4.307230114936828613e-01 3.423244953155517578e-01 4.098672866821289062e-01 4.578532576560974121e-01 2.435006201267242432e-01 2.576273083686828613e-01 6.286405324935913086e-01 4.050593674182891846e-01 2.345412820577621460e-01
5.048997402191162109e-01 1.003724783658981323e-01 4.961837828159332275e-01 6.337662935256958008e-01 4.578532576560974121e-01 3.633479475975036621e-01 7.398342490196228027e-01 4.771606922149658203e-01 4.301111400127410889e-01 2.037035375833511353e-01
3.545742034912109375e-01 1.440996676683425903e-01 3.520959317684173584e-01 3.920208811759948730e-01 4.578532576560974121e-01 3.942247629165649414e-01 5.149760842323303223e-01 6.313100457191467285e-02 7.731250524520874023e-01 4.917925596237182617e-01
7.210374474525451660e-01 5.923283696174621582e-01 2.022919803857803345e-01 5.488083958625793457e-01 4.578532576560974121e-01 4.683467447757720947e-01 7.144313454627990723e-01 7.755837440490722656e-01 4.301111400127410889e-01 4.917925596237182617e-01
5.126727223396301270e-01 6.287752985954284668e-01 1.693999767303466797e-01 2.695350646972656250e-01 4.578532576560974121e-01 4.683467447757720947e-01 2.372047454118728638e-01 1.292516887187957764e-01 5.929303765296936035e-01 4.917925596237182617e-01
2.218667268753051758e-01 4.306917786598205566e-01 4.530360698699951172e-01 3.041904270648956299e-01 4.578532576560974121e-01 3.942247629165649414e-01 4.963339865207672119e-01 6.431639194488525391e-01 4.670449793338775635e-01 6.965721249580383301e-01
5.708833336830139160e-01 6.274958252906799316e-01 4.530360698699951172e-01 5.681409239768981934e-01 4.578532576560974121e-01 2.435006201267242432e-01 3.993642330169677734e-01 4.759359955787658691e-01 4.670449793338775635e-01 6.332133412361145020e-01
5.708833336830139160e-01 7.736425846815109253e-02 2.352902144193649292e-01 3.905756771564483643e-01 4.578532576560974121e-01 7.281252145767211914e-01 2.377313971519470215e-01 4.353976547718048096e-01 4.670449793338775635e-01 5.197712779045104980e-01
2.809866964817047119e-01 7.285183668136596680e-01 6.214029788970947266e-01 3.837050497531890869e-01 4.578532576560974121e-01 2.435006201267242432e-01 5.006221532821655273e-01 7.120366692543029785e-01 4.670449793338775635e-01 6.332133412361145020e-01
5.708833336830139160e-01 1.281255334615707397e-01 5.460535287857055664e-01 3.905756771564483643e-01 4.578532576560974121e-01 7.281252145767211914e-01 5.006221532821655273e-01 8.510628342628479004e-01 4.670449793338775635e-01 6.332115530967712402e-01
2.809866964817047119e-01 4.560472965240478516e-01 6.875054836273193359e-01 4.433291554450988770e-01 4.578532576560974121e-01 2.435006201267242432e-01 5.006221532821655273e-01 1.340062618255615234e-01 4.670449793338775635e-01 3.907931149005889893e-01
5.708833336830139160e-01 1.238325610756874084e-01 5.905377864837646484e-01 5.116170644760131836e-01 4.578532576560974121e-01 5.524085760116577148e-01 6.738736629486083984e-01 6.497691571712493896e-02 5.168679952621459961e-01 4.917905926704406738e-01
1.904897540807723999e-01 4.483296275138854980e-01 2.280600816011428833e-01 2.518585622310638428e-01 4.578532576560974121e-01 3.942247629165649414e-01 5.126857757568359375e-01 2.850156836211681366e-02 4.670449793338775635e-01 3.143061995506286621e-01
5.100315213203430176e-01 8.288294672966003418e-01 1.901995986700057983e-01 4.430797696113586426e-01 4.578532576560974121e-01 5.524085760116577148e-01 5.881125330924987793e-01 5.181517824530601501e-02 3.412691354751586914e-01 3.143061995506286621e-01
4.438071250915527344e-01 6.280843615531921387e-01 3.634452223777770996e-01 4.017370045185089111e-01 4.578532576560974121e-01 3.942247629165649414e-01 5.126857757568359375e-01 1.917061060667037964e-01 4.670449793338775635e-01 3.143061995506286621e-01
5.595077276229858398e-01 4.944581985473632812e-01 3.152759671211242676e-01 3.920208811759948730e-01 4.578532576560974121e-01 3.942247629165649414e-01 5.576825737953186035e-01 8.051972985267639160e-01 4.670449793338775635e-01 4.498681128025054932e-01
5.590897202491760254e-01 8.966842889785766602e-01 2.832696437835693359e-01 4.419302046298980713e-01 4.578532576560974121e-01 4.683467447757720947e-01 5.576825737953186035e-01 4.934579730033874512e-01 2.979345917701721191e-01 3.143061995506286621e-01
6.483621597290039062e-01 7.018972039222717285e-01 1.803898811340332031e-01 3.041904270648956299e-01 4.578532576560974121e-01 3.942247629165649414e-01 5.006221532821655273e-01 6.868199706077575684e-01 2.979345917701721191e-01 4.814475774765014648e-01
5.684717297554016113e-01 7.735245823860168457e-01 3.176291286945343018e-01 4.195843935012817383e-01 4.578532576560974121e-01 3.942247629165649414e-01 2.919245660305023193e-01 7.104150652885437012e-01 4.670449793338775635e-01 4.969336688518524170e-01
5.708833336830139160e-01 3.399856686592102051e-01 3.085967600345611572e-01 3.837050497531890869e-01 4.578532576560974121e-01 7.281252145767211914e-01 2.919245660305023193e-01 2.560078203678131104e-01 4.670449793338775635e-01 1.850476264953613281e-01
5.576738119125366211e-01 5.722475051879882812e-01 6.637849807739257812e-01 5.681409239768981934e-01 4.578532576560974121e-01 7.489914298057556152e-01 4.557978808879852295e-01 2.138695567846298218e-01 7.772966027259826660e-01 4.818330705165863037e-01
4.242398440837860107e-01 9.181380867958068848e-01 6.637849807739257812e-01 1.692157983779907227e-01 5.940991044044494629e-01 7.489914298057556152e-01 6.136306524276733398e-01 5.966659784317016602e-01 5.399804115295410156e-01 7.336316108703613281e-01
4.438902735710144043e-01 9.181380867958068848e-01 8.398485183715820312e-01 5.120587348937988281e-01 5.940991044044494629e-01 7.489914298057556152e-01 6.029818058013916016e-01 5.242583751678466797e-01 2.944485545158386230e-01 5.151444673538208008e-01
4.470135867595672607e-01 5.488190650939941406e-01 6.010578274726867676e-01 8.252114653587341309e-01 5.940991044044494629e-01 5.789626240730285645e-01 4.795136451721191406e-01 5.904061719775199890e-02 5.804321765899658203e-01 3.456652462482452393e-01
5.390583276748657227e-01 8.575193881988525391e-01 6.010578274726867676e-01 8.024001121520996094e-01 5.940991044044494629e-01 4.203154444694519043e-01 7.801710367202758789e-01 5.242583751678466797e-01 4.459939897060394287e-01 6.212376356124877930e-01
1.413977891206741333e-01 7.426256537437438965e-01 6.731126904487609863e-01 7.593778371810913086e-01 7.404416203498840332e-01 5.789626240730285645e-01 4.869351983070373535e-01 4.056805968284606934e-01 2.327379137277603149e-01 7.392716407775878906e-01
1.786935180425643921e-01 2.952046990394592285e-01 5.401386618614196777e-01 3.888953626155853271e-01 4.501709640026092529e-01 5.395433902740478516e-01 5.208500623703002930e-01 7.159857749938964844e-01 4.050593674182891846e-01 5.592195987701416016e-01
3.508898019790649414e-01 4.075044095516204834e-01 2.937777936458587646e-01 6.389244794845581055e-01 4.501709640026092529e-01 5.395433902740478516e-01 7.103374004364013672e-01 3.432139754295349121e-01 2.327379137277603149e-01 4.059288501739501953e-01
6.185463666915893555e-01 5.848047733306884766e-01 6.994131803512573242e-01 3.888953626155853271e-01 4.501709640026092529e-01 6.119822263717651367e-01 7.439865469932556152e-01 3.121087551116943359e-01 4.050593674182891846e-01 3.039826154708862305e-01
2.381770759820938110e-01 7.427155971527099609e-01 3.219024240970611572e-01 2.811800837516784668e-01 4.013171494007110596e-01 5.860215425491333008e-01 4.172426164150238037e-01 3.832770884037017822e-01 2.766284048557281494e-01 6.028690934181213379e-01
3.899149596691131592e-01 4.518406093120574951e-01 1.967393904924392700e-01 4.215205609798431396e-01 4.578532576560974121e-01 4.996301233768463135e-01 6.589832901954650879e-01 3.942605555057525635e-01 2.766284048557281494e-01 6.863173842430114746e-01
4.848052263259887695e-01 4.333946406841278076e-01 1.967393904924392700e-01 6.800529360771179199e-01 4.578532576560974121e-01 5.395433902740478516e-01 4.212931096553802490e-01 5.711115598678588867e-01 2.766284048557281494e-01 6.863173842430114746e-01
7.634859681129455566e-01 4.333946406841278076e-01 1.967393904924392700e-01 6.800529360771179199e-01 4.578532576560974121e-01 5.395433902740478516e-01 4.212931096553802490e-01 8.977510333061218262e-01 9.313768744468688965e-01 7.974764108657836914e-01
7.700868248939514160e-01 9.397659897804260254e-01 4.889117479324340820e-01 4.038872718811035156e-01 4.013171494007110596e-01 5.395433902740478516e-01 4.378666877746582031e-01 8.506730794906616211e-01 6.116155982017517090e-01 3.863029181957244873e-01
8.758294582366943359e-01 4.639806151390075684e-01 3.440918326377868652e-01 3.018947243690490723e-01 4.013171494007110596e-01 3.110331296920776367e-01 1.433611065149307251e-01 1.023153886198997498e-01 7.731250524520874023e-01 1.596426963806152344e-01
8.202077150344848633e-01 1.575709730386734009e-01 3.440918326377868652e-01 3.798602819442749023e-01 4.013171494007110596e-01 5.524085760116577148e-01 8.335828036069869995e-02 9.745045751333236694e-02 8.099199533462524414e-01 5.894095897674560547e-01
5.678035616874694824e-01 9.135830402374267578e-01 6.191568970680236816e-01 4.318604171276092529e-01 4.013171494007110596e-01 3.110331296920776367e-01 1.433611065149307251e-01 4.731087386608123779e-01 5.168679952621459961e-01 4.917925596237182617e-01
6.188073158264160156e-01 5.926927328109741211e-01 2.621250748634338379e-01 4.582622051239013672e-01 4.578532576560974121e-01 2.435006201267242432e-01 2.472221702337265015e-01 4.876061081886291504e-01 7.062305808067321777e-01 3.124303817749023438e-01
3.408414125442504883e-01 3.801135122776031494e-01 4.321507513523101807e-01 3.303044438362121582e-01 4.578532576560974121e-01 2.435006201267242432e-01 5.490056872367858887e-01 3.804681897163391113e-01 5.168679952621459961e-01 6.980326771736145020e-01
3.060698807239532471e-01 5.742715597152709961e-01 4.321507513523101807e-01 2.582740485668182373e-01 4.578532576560974121e-01 4.726302325725555420e-01 3.575141429901123047e-01 6.447862386703491211e-01 5.168679952621459961e-01 4.041023850440979004e-01
6.739782691001892090e-01 5.191436409950256348e-01 4.889117479324340820e-01 2.582740485668182373e-01 4.578532576560974121e-01 5.860215425491333008e-01 5.871278643608093262e-01 3.254798352718353271e-01 8.099199533462524414e-01 9.006555676460266113e-01
5.044038891792297363e-01 1.806757450103759766e-01 4.889117479324340820e-01 4.215205609798431396e-01 4.578532576560974121e-01 3.110331296920776367e-01 5.490056872367858887e-01 3.804681897163391113e-01 5.168679952621459961e-01 3.475428521633148193e-01
5.044038891792297363e-01 7.568162679672241211e-01 4.889117479324340820e-01 4.821688532829284668e-01 4.578532576560974121e-01 3.110331296920776367e-01 6.473149657249450684e-01 5.157688260078430176e-01 7.731250524520874023e-01 4.917905926704406738e-01
5.440422296524047852e-01 4.442894756793975830e-01 7.492728233337402344e-01 4.991786777973175049e-01 4.578532576560974121e-01 5.860215425491333008e-01 1.910422593355178833e-01 4.451199769973754883e-01 5.168679952621459961e-01 4.358205795288085938e-01
2.853063941001892090e-01 1.374415904283523560e-01 2.620606720447540283e-01 4.035137295722961426e-01 4.578532576560974121e-01 4.726302325725555420e-01 2.060217708349227905e-01 8.795006573200225830e-02 4.301111400127410889e-01 3.506030142307281494e-01
3.060698807239532471e-01 3.079364597797393799e-01 4.321507513523101807e-01 3.877530395984649658e-01 4.578532576560974121e-01 3.110331296920776367e-01 2.321717292070388794e-01 2.234264314174652100e-01 5.168679952621459961e-01 1.001746430993080139e-01
3.060698807239532471e-01 3.421574831008911133e-01 4.321507513523101807e-01 3.877530395984649658e-01 4.578532576560974121e-01 2.435006201267242432e-01 7.934737801551818848e-01 3.804681897163391113e-01 5.168679952621459961e-01 4.917905926704406738e-01
3.060698807239532471e-01 5.742715597152709961e-01 4.321507513523101807e-01 3.877530395984649658e-01 4.578532576560974121e-01 3.110331296920776367e-01 7.934737801551818848e-01 7.033873796463012695e-01 5.168679952621459961e-01 4.917905926704406738e-01
2.305107712745666504e-01 4.811833500862121582e-01 5.343129038810729980e-01 2.306066453456878662e-01 4.578532576560974121e-01 5.860215425491333008e-01 6.473149657249450684e-01 6.978673934936523438e-01 5.168679952621459961e-01 4.917905926704406738e-01
3.060698807239532471e-01 4.079044759273529053e-01 3.842209577560424805e-01 2.769363522529602051e-01 4.578532576560974121e-01 7.281252145767211914e-01 4.791598916053771973e-01 4.278464019298553467e-01 5.168679952621459961e-01 5.658017396926879883e-01
5.119949579238891602e-01 8.021320700645446777e-01 6.968338489532470703e-01 5.225285887718200684e-01 4.578532576560974121e-01 2.435006201267242432e-01 4.791598916053771973e-01 4.683334529399871826e-01 5.168679952621459961e-01 3.143061995506286621e-01
6.870607733726501465e-01 1.110568046569824219e-01 2.960228621959686279e-01 4.502369165420532227e-01 4.578532576560974121e-01 2.435006201267242432e-01 3.014461398124694824e-01 3.488161861896514893e-01 3.412691354751586914e-01 5.752351880073547363e-01
5.119949579238891602e-01 1.571608483791351318e-01 5.182951688766479492e-01 2.533394098281860352e-01 4.578532576560974121e-01 2.435006201267242432e-01 5.487678647041320801e-01 3.948142528533935547e-01 5.168679952621459961e-01 3.594185113906860352e-01
3.757734298706054688e-01 1.885627955198287964e-01 5.182951688766479492e-01 1.611178666353225708e-01 4.578532576560974121e-01 2.435006201267242432e-01 5.487678647041320801e-01 6.653415560722351074e-01 5.168679952621459961e-01 7.072578668594360352e-01
6.150668263435363770e-01 4.885291755199432373e-01 5.182951688766479492e-01 3.144094347953796387e-01 4.578532576560974121e-01 7.281252145767211914e-01 7.414173483848571777e-01 6.402470469474792480e-01 5.168679952621459961e-01 6.883574724197387695e-01
7.035654187202453613e-01 3.720381557941436768e-01 6.214029788970947266e-01 4.878656566143035889e-01 3.360721468925476074e-01 3.942247629165649414e-01 7.909137606620788574e-01 7.341123223304748535e-01 5.168679952621459961e-01 5.113052725791931152e-01
8.707107901573181152e-01 3.943777084350585938e-01 4.909553825855255127e-01 8.388326764106750488e-01 6.037310957908630371e-01 4.847263395786285400e-01 6.682682037353515625e-01 5.595863461494445801e-01 5.168679952621459961e-01 5.113052725791931152e-01
8.184640407562255859e-01 7.010144591331481934e-01 5.074420571327209473e-01 8.388326764106750488e-01 6.037310957908630371e-01 5.601304769515991211e-01 8.260686993598937988e-01 3.432807028293609619e-01 4.922949075698852539e-01 5.113052725791931152e-01
