4.750366806983947754e-01 4.466526210308074951e-01 4.973749220371246338e-01 4.528160393238067627e-01 4.674274325370788574e-01 4.171806275844573975e-01 4.299211502075195312e-01 4.733657836914062500e-01 4.366603493690490723e-01 4.519867897033691406e-01
4.750366806983947754e-01 5.671464204788208008e-01 4.973749220371246338e-01 5.294148921966552734e-01 4.674274325370788574e-01 4.171806275844573975e-01 5.072945952415466309e-01 4.733657836914062500e-01 4.885042011737823486e-01 4.519867897033691406e-01
4.750366806983947754e-01 4.452826082706451416e-01 4.973749220371246338e-01 4.528160393238067627e-01 4.674274325370788574e-01 4.171806275844573975e-01 4.299211502075195312e-01 4.733657836914062500e-01 4.618723988533020020e-01 5.492324829101562500e-01
4.750366806983947754e-01 5.671464204788208008e-01 4.973749220371246338e-01 4.889715313911437988e-01 4.674274325370788574e-01 4.171806275844573975e-01 5.072945952415466309e-01 4.733657836914062500e-01 4.885042011737823486e-01 4.519867897033691406e-01
4.750366806983947754e-01 5.307040810585021973e-01 4.973749220371246338e-01 5.294148921966552734e-01 4.674274325370788574e-01 4.285199940204620361e-01 5.072945952415466309e-01 4.733657836914062500e-01 5.139785408973693848e-01 5.492324829101562500e-01
5.597974658012390137e-01 5.940669775009155273e-01 4.260636568069458008e-01 5.294148921966552734e-01 4.674274325370788574e-01 6.566671729087829590e-01 4.620239138603210449e-01 4.733657836914062500e-01 6.844558715820312500e-01 5.492324829101562500e-01
5.597974658012390137e-01 5.940669775009155273e-01 4.260636568069458008e-01 5.294148921966552734e-01 4.674274325370788574e-01 6.566671729087829590e-01 4.620239138603210449e-01 4.733657836914062500e-01 6.844558715820312500e-01 5.492324829101562500e-01
4.750366806983947754e-01 5.127697587013244629e-01 4.973749220371246338e-01 4.528160393238067627e-01 4.674274325370788574e-01 5.746954083442687988e-01 4.299211502075195312e-01 4.733657836914062500e-01 4.618723988533020020e-01 5.492324829101562500e-01
4.750366806983947754e-01 3.816173970699310303e-01 4.973749220371246338e-01 4.130876362323760986e-01 4.674274325370788574e-01 5.746954083442687988e-01 4.299211502075195312e-01 4.733657836914062500e-01 3.526502847671508789e-01 4.519867897033691406e-01
4.750366806983947754e-01 3.128023743629455566e-01 3.296746611595153809e-01 4.130876362323760986e-01 4.674274325370788574e-01 4.878232181072235107e-01 4.299211502075195312e-01 4.733657836914062500e-01 3.526502847671508789e-01 4.519867897033691406e-01
4.201917946338653564e-01 5.087496638298034668e-01 4.500290453433990479e-01 3.950078189373016357e-01 4.674274325370788574e-01 4.878232181072235107e-01 4.299211502075195312e-01 4.733657836914062500e-01 4.366603493690490723e-01 4.519867897033691406e-01
4.201917946338653564e-01 4.131456017494201660e-01 4.973749220371246338e-01 3.950078189373016357e-01 4.674274325370788574e-01 4.171806275844573975e-01 4.625009000301361084e-01 4.733657836914062500e-01 4.366603493690490723e-01 4.519867897033691406e-01
4.750366806983947754e-01 3.976700901985168457e-01 4.973749220371246338e-01 4.528160393238067627e-01 4.674274325370788574e-01 4.171806275844573975e-01 4.625009000301361084e-01 4.733657836914062500e-01 4.366603493690490723e-01 4.519867897033691406e-01
4.201917946338653564e-01 3.446530997753143311e-01 4.500290453433990479e-01 3.950078189373016357e-01 4.674274325370788574e-01 4.096052050590515137e-01 4.824787974357604980e-01 4.733657836914062500e-01 4.366603493690490723e-01 4.519867897033691406e-01
4.201917946338653564e-01 2.816001474857330322e-01 4.973749220371246338e-01 3.950078189373016357e-01 4.674274325370788574e-01 4.096052050590515137e-01 4.789161980152130127e-01 4.733657836914062500e-01 4.366603493690490723e-01 4.519867897033691406e-01
4.750366806983947754e-01 4.335532188415527344e-01 4.973749220371246338e-01 4.528160393238067627e-01 4.674274325370788574e-01 4.096052050590515137e-01 4.625009000301361084e-01 4.733657836914062500e-01 4.366603493690490723e-01 4.519867897033691406e-01
4.750366806983947754e-01 3.957704603672027588e-01 4.973749220371246338e-01 4.528160393238067627e-01 4.674274325370788574e-01 4.726668298244476318e-01 4.824787974357604980e-01 4.733657836914062500e-01 4.366603493690490723e-01 4.519867897033691406e-01
4.750366806983947754e-01 4.976682364940643311e-01 4.973749220371246338e-01 4.528160393238067627e-01 4.674274325370788574e-01 4.726668298244476318e-01 4.299211502075195312e-01 4.733657836914062500e-01 4.366603493690490723e-01 4.519867897033691406e-01
4.750366806983947754e-01 4.834083914756774902e-01 4.973749220371246338e-01 4.528160393238067627e-01 4.674274325370788574e-01 4.726668298244476318e-01 4.299211502075195312e-01 4.733657836914062500e-01 4.366603493690490723e-01 4.519867897033691406e-01
4.750366806983947754e-01 4.466526210308074951e-01 4.973749220371246338e-01 4.528160393238067627e-01 4.674274325370788574e-01 4.726668298244476318e-01 4.299211502075195312e-01 4.733657836914062500e-01 4.366603493690490723e-01 4.519867897033691406e-01
4.750366806983947754e-01 5.671464204788208008e-01 4.973749220371246338e-01 5.294148921966552734e-01 4.674274325370788574e-01 4.726668298244476318e-01 5.072945952415466309e-01 4.733657836914062500e-01 4.885042011737823486e-01 4.519867897033691406e-01
4.750366806983947754e-01 5.657847523689270020e-01 4.973749220371246338e-01 5.294148921966552734e-01 4.674274325370788574e-01 4.726668298244476318e-01 5.072945952415466309e-01 4.733657836914062500e-01 5.139785408973693848e-01 5.492324829101562500e-01
4.750366806983947754e-01 5.657847523689270020e-01 4.973749220371246338e-01 5.294148921966552734e-01 4.674274325370788574e-01 4.726668298244476318e-01 5.072945952415466309e-01 4.733657836914062500e-01 5.139785408973693848e-01 5.492324829101562500e-01
4.750366806983947754e-01 4.106080830097198486e-01 4.973749220371246338e-01 4.130876362323760986e-01 4.674274325370788574e-01 4.726668298244476318e-01 4.299211502075195312e-01 4.733657836914062500e-01 4.618723988533020020e-01 5.492324829101562500e-01
5.597974658012390137e-01 5.054873824119567871e-01 4.260636568069458008e-01 4.514197111129760742e-01 4.674274325370788574e-01 8.136173486709594727e-01 4.316177666187286377e-01 6.003152132034301758e-01 7.036666274070739746e-01 4.460028111934661865e-01
5.597974658012390137e-01 5.053442120552062988e-01 4.930387139320373535e-01 5.280103683471679688e-01 6.073111295700073242e-01 6.053959131240844727e-01 5.090238451957702637e-01 6.003152132034301758e-01 5.365403294563293457e-01 6.995656490325927734e-01
5.597974658012390137e-01 4.629656672477722168e-01 5.870115160942077637e-01 4.514197111129760742e-01 4.845905900001525879e-01 8.051841259002685547e-01 4.316177666187286377e-01 6.003152132034301758e-01 7.244691252708435059e-01 5.432372093200683594e-01
5.597974658012390137e-01 5.921503305435180664e-01 4.930387139320373535e-01 5.280103683471679688e-01 6.073111295700073242e-01 7.517957091331481934e-01 5.090238451957702637e-01 6.003152132034301758e-01 6.253072619438171387e-01 6.995656490325927734e-01
5.597974658012390137e-01 6.909848451614379883e-01 5.870115160942077637e-01 6.060263514518737793e-01 6.073111295700073242e-01 8.042166233062744141e-01 6.474115848541259766e-01 6.003152132034301758e-01 8.115833401679992676e-01 7.747705578804016113e-01
6.386980414390563965e-01 8.305901288986206055e-01 6.674698591232299805e-01 7.317569851875305176e-01 6.073111295700073242e-01 8.136549592018127441e-01 6.922616362571716309e-01 6.003152132034301758e-01 7.244691252708435059e-01 7.747705578804016113e-01
5.571100115776062012e-01 6.761233806610107422e-01 3.309326469898223877e-01 5.831429958343505859e-01 4.845905900001525879e-01 5.004613995552062988e-01 5.424745082855224609e-01 4.634312391281127930e-01 6.302287578582763672e-01 5.432372093200683594e-01
4.750366806983947754e-01 6.262009739875793457e-01 4.596565067768096924e-01 4.130876362323760986e-01 4.845905900001525879e-01 5.340391993522644043e-01 4.299211502075195312e-01 4.733657836914062500e-01 3.526502847671508789e-01 4.519867897033691406e-01
3.254581093788146973e-01 3.486382067203521729e-01 4.582443237304687500e-01 3.414654433727264404e-01 4.674274325370788574e-01 3.147108256816864014e-01 4.299211502075195312e-01 4.733657836914062500e-01 3.526502847671508789e-01 4.519867897033691406e-01
4.750366806983947754e-01 5.835207700729370117e-01 3.296746611595153809e-01 3.965742290019989014e-01 4.674274325370788574e-01 3.147108256816864014e-01 2.917313277721405029e-01 4.733657836914062500e-01 4.366603493690490723e-01 4.519867897033691406e-01
4.201917946338653564e-01 3.727481067180633545e-01 4.500290453433990479e-01 3.950078189373016357e-01 4.674274325370788574e-01 4.096052050590515137e-01 5.250778198242187500e-01 4.733657836914062500e-01 5.119912624359130859e-01 4.519867897033691406e-01
4.741683006286621094e-01 3.353189826011657715e-01 5.354737043380737305e-01 5.359728932380676270e-01 5.611314177513122559e-01 4.883975088596343994e-01 5.805685520172119141e-01 5.553277730941772461e-01 5.239074826240539551e-01 5.864191055297851562e-01
4.750366806983947754e-01 4.265697300434112549e-01 4.973749220371246338e-01 4.528160393238067627e-01 4.674274325370788574e-01 5.026039481163024902e-01 4.789161980152130127e-01 4.733657836914062500e-01 4.366603493690490723e-01 4.519867897033691406e-01
4.750366806983947754e-01 3.888245522975921631e-01 4.973749220371246338e-01 4.528160393238067627e-01 4.674274325370788574e-01 4.726668298244476318e-01 4.989449679851531982e-01 4.733657836914062500e-01 4.366603493690490723e-01 4.519867897033691406e-01
4.750366806983947754e-01 4.903853833675384521e-01 4.973749220371246338e-01 4.528160393238067627e-01 4.674274325370788574e-01 4.726668298244476318e-01 4.989449679851531982e-01 4.733657836914062500e-01 4.366603493690490723e-01 4.519867897033691406e-01
4.750366806983947754e-01 4.976682364940643311e-01 4.973749220371246338e-01 4.528160393238067627e-01 4.674274325370788574e-01 4.726668298244476318e-01 4.299211502075195312e-01 4.733657836914062500e-01 4.366603493690490723e-01 4.519867897033691406e-01
4.750366806983947754e-01 4.907219409942626953e-01 4.973749220371246338e-01 4.514197111129760742e-01 4.674274325370788574e-01 5.142322182655334473e-01 4.765482246875762939e-01 4.634312391281127930e-01 4.844267070293426514e-01 4.460028111934661865e-01
4.750366806983947754e-01 4.907219409942626953e-01 4.987966716289520264e-01 4.514197111129760742e-01 4.845905900001525879e-01 5.142322182655334473e-01 4.765482246875762939e-01 4.634312391281127930e-01 3.448353409767150879e-01 4.460028111934661865e-01
4.201917946338653564e-01 4.370959699153900146e-01 4.987966716289520264e-01 3.936615586280822754e-01 4.845905900001525879e-01 5.142322182655334473e-01 3.382652997970581055e-01 4.634312391281127930e-01 3.448353409767150879e-01 4.460028111934661865e-01
4.201917946338653564e-01 3.524525165557861328e-01 3.925963640213012695e-01 4.462226927280426025e-01 4.845905900001525879e-01 3.261603116989135742e-01 2.871273458003997803e-01 4.634312391281127930e-01 3.448353409767150879e-01 4.460028111934661865e-01
4.201917946338653564e-01 3.381481170654296875e-01 3.925963640213012695e-01 4.462226927280426025e-01 4.845905900001525879e-01 3.261603116989135742e-01 2.871273458003997803e-01 4.634312391281127930e-01 3.448353409767150879e-01 4.460028111934661865e-01
4.201917946338653564e-01 6.082247495651245117e-01 3.925963640213012695e-01 3.950078189373016357e-01 5.656844377517700195e-01 4.291671812534332275e-01 4.823916852474212646e-01 4.733657836914062500e-01 4.448314309120178223e-01 4.519867897033691406e-01
6.637284159660339355e-01 6.920142769813537598e-01 5.822913646697998047e-01 5.941508412361145020e-01 5.611314177513122559e-01 5.323023200035095215e-01 5.839549899101257324e-01 5.553277730941772461e-01 5.983042120933532715e-01 5.864191055297851562e-01
6.637284159660339355e-01 6.621397733688354492e-01 5.822913646697998047e-01 5.941508412361145020e-01 5.611314177513122559e-01 5.619912147521972656e-01 6.877094507217407227e-01 5.553277730941772461e-01 5.983042120933532715e-01 5.864191055297851562e-01
5.296230316162109375e-01 5.733247399330139160e-01 5.822913646697998047e-01 5.941508412361145020e-01 5.611314177513122559e-01 5.619912147521972656e-01 5.840396881103515625e-01 5.553277730941772461e-01 5.239074826240539551e-01 5.864191055297851562e-01
4.750366806983947754e-01 4.996442794799804688e-01 4.973749220371246338e-01 5.294148921966552734e-01 4.674274325370788574e-01 5.026039481163024902e-01 5.486710667610168457e-01 4.733657836914062500e-01 4.967899322509765625e-01 4.519867897033691406e-01
6.637284159660339355e-01 4.756271839141845703e-01 5.822913646697998047e-01 5.941508412361145020e-01 5.611314177513122559e-01 4.478473067283630371e-01 5.728386640548706055e-01 5.553277730941772461e-01 5.321689248085021973e-01 5.864191055297851562e-01
6.637284159660339355e-01 5.968601107597351074e-01 5.822913646697998047e-01 5.941508412361145020e-01 5.611314177513122559e-01 4.776363074779510498e-01 5.728386640548706055e-01 5.553277730941772461e-01 5.836048722267150879e-01 5.864191055297851562e-01
5.296230316162109375e-01 4.066618680953979492e-01 5.822913646697998047e-01 5.941508412361145020e-01 5.611314177513122559e-01 5.701588392257690430e-01 5.306946635246276855e-01 5.553277730941772461e-01 5.492455959320068359e-01 5.864191055297851562e-01
4.013639688491821289e-01 4.426200985908508301e-01 4.500290453433990479e-01 4.181298911571502686e-01 4.674274325370788574e-01 5.065855383872985840e-01 4.288463592529296875e-01 4.733657836914062500e-01 4.461651444435119629e-01 4.519867897033691406e-01
4.013639688491821289e-01 4.731028378009796143e-01 4.973749220371246338e-01 3.793349862098693848e-01 4.674274325370788574e-01 4.766384661197662354e-01 4.288463592529296875e-01 4.733657836914062500e-01 4.461651444435119629e-01 4.519867897033691406e-01
4.013639688491821289e-01 5.570738911628723145e-01 4.973749220371246338e-01 4.181298911571502686e-01 4.674274325370788574e-01 4.882401227951049805e-01 5.050574541091918945e-01 4.733657836914062500e-01 4.382524788379669189e-01 4.519867897033691406e-01
4.548191428184509277e-01 4.759299457073211670e-01 5.822913646697998047e-01 5.597125291824340820e-01 5.611314177513122559e-01 4.766384661197662354e-01 5.306946635246276855e-01 5.553277730941772461e-01 5.335128307342529297e-01 5.864191055297851562e-01
4.013639688491821289e-01 3.983209133148193359e-01 4.973749220371246338e-01 4.181298911571502686e-01 4.674274325370788574e-01 5.065855383872985840e-01 4.710198938846588135e-01 4.733657836914062500e-01 4.543706774711608887e-01 4.519867897033691406e-01
5.938985347747802734e-01 5.098636746406555176e-01 5.822913646697998047e-01 5.597125291824340820e-01 5.611314177513122559e-01 4.766384661197662354e-01 5.728386640548706055e-01 5.553277730941772461e-01 5.417534112930297852e-01 5.864191055297851562e-01
3.748128116130828857e-01 3.800624608993530273e-01 5.111874938011169434e-01 3.191272020339965820e-01 5.611314177513122559e-01 3.235793709754943848e-01 3.974546194076538086e-01 5.553277730941772461e-01 4.277390539646148682e-01 4.126976430416107178e-01
4.037376940250396729e-01 3.800624608993530273e-01 4.260636568069458008e-01 4.011091291904449463e-01 4.674274325370788574e-01 3.235793709754943848e-01 3.742043077945709229e-01 4.733657836914062500e-01 3.449048995971679688e-01 4.519867897033691406e-01
4.013639688491821289e-01 4.412526488304138184e-01 4.973749220371246338e-01 5.935892462730407715e-01 4.674274325370788574e-01 4.766384661197662354e-01 5.061980485916137695e-01 4.733657836914062500e-01 4.714666903018951416e-01 5.492324829101562500e-01
4.037376940250396729e-01 3.787569403648376465e-01 4.260636568069458008e-01 2.952840328216552734e-01 4.674274325370788574e-01 2.979187071323394775e-01 3.045814931392669678e-01 4.733657836914062500e-01 3.682825863361358643e-01 5.492324829101562500e-01
4.037376940250396729e-01 3.721966445446014404e-01 4.260636568069458008e-01 3.629085123538970947e-01 4.674274325370788574e-01 3.441885709762573242e-01 3.742043077945709229e-01 4.733657836914062500e-01 3.449048995971679688e-01 4.519867897033691406e-01
4.013639688491821289e-01 4.330049455165863037e-01 4.973749220371246338e-01 5.179244279861450195e-01 4.674274325370788574e-01 5.297226309776306152e-01 4.299211502075195312e-01 4.733657836914062500e-01 4.714666903018951416e-01 5.492324829101562500e-01
4.013639688491821289e-01 4.426200985908508301e-01 4.973749220371246338e-01 4.774682521820068359e-01 4.674274325370788574e-01 4.171806275844573975e-01 4.299211502075195312e-01 4.733657836914062500e-01 4.461651444435119629e-01 4.519867897033691406e-01
4.013639688491821289e-01 5.835771560668945312e-01 4.973749220371246338e-01 4.181298911571502686e-01 4.674274325370788574e-01 4.695843160152435303e-01 4.721130132675170898e-01 4.733657836914062500e-01 5.886979699134826660e-01 4.519867897033691406e-01
5.938985347747802734e-01 4.493370056152343750e-01 5.822913646697998047e-01 5.597125291824340820e-01 5.611314177513122559e-01 4.580291509628295898e-01 5.739117264747619629e-01 5.553277730941772461e-01 5.417534112930297852e-01 5.864191055297851562e-01
6.125168204307556152e-01 4.983064234256744385e-01 5.822913646697998047e-01 5.359728932380676270e-01 5.611314177513122559e-01 4.982728660106658936e-01 6.058076024055480957e-01 5.553277730941772461e-01 5.321689248085021973e-01 5.864191055297851562e-01
4.741683006286621094e-01 2.307722419500350952e-01 5.354737043380737305e-01 5.877098441123962402e-01 5.611314177513122559e-01 4.801719486713409424e-01 6.373038887977600098e-01 4.634312391281127930e-01 6.180666089057922363e-01 5.805407762527465820e-01
4.201917946338653564e-01 1.658175438642501831e-01 4.514370262622833252e-01 4.462226927280426025e-01 5.656844377517700195e-01 3.349027037620544434e-01 4.395706057548522949e-01 5.724589824676513672e-01 3.523629307746887207e-01 5.224298238754272461e-01
6.637284159660339355e-01 4.207361638545989990e-01 4.951629042625427246e-01 6.437131166458129883e-01 5.656844377517700195e-01 3.261603116989135742e-01 6.331824064254760742e-01 5.724589824676513672e-01 3.523629307746887207e-01 6.528539657592773438e-01
6.637284159660339355e-01 7.331325411796569824e-01 6.016270518302917480e-01 6.437131166458129883e-01 5.656844377517700195e-01 5.440857410430908203e-01 7.629168629646301270e-01 5.724589824676513672e-01 6.865526437759399414e-01 6.528539657592773438e-01
6.125168204307556152e-01 6.256784200668334961e-01 4.951629042625427246e-01 5.877098441123962402e-01 5.656844377517700195e-01 5.002484917640686035e-01 7.629168629646301270e-01 5.724589824676513672e-01 6.865526437759399414e-01 6.528539657592773438e-01
6.125168204307556152e-01 5.975751280784606934e-01 4.951629042625427246e-01 5.877098441123962402e-01 5.656844377517700195e-01 5.002484917640686035e-01 6.722405552864074707e-01 5.724589824676513672e-01 6.865526437759399414e-01 6.528539657592773438e-01
6.125168204307556152e-01 4.909622669219970703e-01 4.951629042625427246e-01 5.966827273368835449e-01 5.656844377517700195e-01 5.002484917640686035e-01 6.722405552864074707e-01 5.724589824676513672e-01 6.258609890937805176e-01 6.528539657592773438e-01
6.125168204307556152e-01 4.909622669219970703e-01 6.016270518302917480e-01 6.889358758926391602e-01 5.656844377517700195e-01 5.440857410430908203e-01 6.722405552864074707e-01 5.724589824676513672e-01 6.865526437759399414e-01 6.528539657592773438e-01
6.637284159660339355e-01 5.820430517196655273e-01 6.016270518302917480e-01 7.373344302177429199e-01 5.656844377517700195e-01 4.992920756340026855e-01 6.722405552864074707e-01 5.724589824676513672e-01 6.865526437759399414e-01 6.528539657592773438e-01
6.637284159660339355e-01 7.102388143539428711e-01 6.016270518302917480e-01 7.373344302177429199e-01 5.656844377517700195e-01 4.992920756340026855e-01 7.629168629646301270e-01 5.724589824676513672e-01 6.865526437759399414e-01 6.528539657592773438e-01
6.508428454399108887e-01 5.424081683158874512e-01 6.016270518302917480e-01 4.995010197162628174e-01 5.656844377517700195e-01 5.173963904380798340e-01 5.201959609985351562e-01 4.816161990165710449e-01 4.641995728015899658e-01 5.082920789718627930e-01
4.273388087749481201e-01 4.927161037921905518e-01 4.283421933650970459e-01 4.995010197162628174e-01 3.962889611721038818e-01 5.173963904380798340e-01 5.191009640693664551e-01 4.816161990165710449e-01 4.641995728015899658e-01 5.082920789718627930e-01
4.273388087749481201e-01 5.188726782798767090e-01 4.283421933650970459e-01 3.957595229148864746e-01 3.962889611721038818e-01 4.846157729625701904e-01 5.191009640693664551e-01 3.956056535243988037e-01 3.796798288822174072e-01 5.082920789718627930e-01
4.273388087749481201e-01 5.188726782798767090e-01 3.825659155845642090e-01 3.957595229148864746e-01 3.962889611721038818e-01 4.409359991550445557e-01 4.493981003761291504e-01 3.956056535243988037e-01 3.796798288822174072e-01 5.082920789718627930e-01
4.569506049156188965e-01 6.399475336074829102e-01 4.667439460754394531e-01 3.406999707221984863e-01 4.911777079105377197e-01 4.409359991550445557e-01 3.553272187709808350e-01 3.956056535243988037e-01 3.796798288822174072e-01 4.864079952239990234e-01
4.734991788864135742e-01 6.888273954391479492e-01 5.142042040824890137e-01 3.625481128692626953e-01 4.911777079105377197e-01 4.846157729625701904e-01 3.268298506736755371e-01 3.956056535243988037e-01 3.888003230094909668e-01 4.864079952239990234e-01
3.897781670093536377e-01 4.105907976627349854e-01 4.283421933650970459e-01 4.598778486251831055e-01 3.962889611721038818e-01 3.494062125682830811e-01 4.659025073051452637e-01 3.956056535243988037e-01 4.544250369071960449e-01 3.675169348716735840e-01
3.897781670093536377e-01 3.153931796550750732e-01 4.283421933650970459e-01 4.598778486251831055e-01 3.962889611721038818e-01 3.494062125682830811e-01 4.659025073051452637e-01 4.816161990165710449e-01 5.410705804824829102e-01 3.675169348716735840e-01
3.897781670093536377e-01 2.907997667789459229e-01 3.598425388336181641e-01 3.727031648159027100e-01 3.962889611721038818e-01 3.477990031242370605e-01 2.432911843061447144e-01 4.816161990165710449e-01 3.704628348350524902e-01 3.675169348716735840e-01
3.897781670093536377e-01 2.896258234977722168e-01 3.598425388336181641e-01 2.490428537130355835e-01 3.962889611721038818e-01 2.921667695045471191e-01 2.432911843061447144e-01 3.956056535243988037e-01 2.936562299728393555e-01 3.675169348716735840e-01
4.815540611743927002e-01 4.253606200218200684e-01 4.283421933650970459e-01 6.008551120758056641e-01 3.962889611721038818e-01 4.305291771888732910e-01 3.553272187709808350e-01 3.956056535243988037e-01 5.222987532615661621e-01 3.675169348716735840e-01
3.897781670093536377e-01 2.907679080963134766e-01 3.598425388336181641e-01 2.490428537130355835e-01 3.962889611721038818e-01 2.921667695045471191e-01 2.432911843061447144e-01 3.956056535243988037e-01 2.936562299728393555e-01 3.675169348716735840e-01
4.815540611743927002e-01 3.903532326221466064e-01 3.598425388336181641e-01 4.083864390850067139e-01 3.962889611721038818e-01 3.792564570903778076e-01 2.432911843061447144e-01 3.956056535243988037e-01 4.167619645595550537e-01 3.675169348716735840e-01
3.897781670093536377e-01 3.123788535594940186e-01 3.598425388336181641e-01 2.805354595184326172e-01 3.962889611721038818e-01 3.276561796665191650e-01 2.432911843061447144e-01 3.956056535243988037e-01 2.936562299728393555e-01 3.675169348716735840e-01
3.897781670093536377e-01 3.468511104583740234e-01 4.283421933650970459e-01 4.595540761947631836e-01 3.962889611721038818e-01 3.761804699897766113e-01 3.553272187709808350e-01 3.956056535243988037e-01 3.888003230094909668e-01 3.675169348716735840e-01
3.897781670093536377e-01 3.135710954666137695e-01 3.598425388336181641e-01 2.805354595184326172e-01 3.962889611721038818e-01 3.276561796665191650e-01 2.432911843061447144e-01 3.956056535243988037e-01 2.936562299728393555e-01 3.675169348716735840e-01
3.897781670093536377e-01 3.135710954666137695e-01 3.598425388336181641e-01 2.805354595184326172e-01 3.962889611721038818e-01 3.276561796665191650e-01 2.432911843061447144e-01 3.956056535243988037e-01 2.936562299728393555e-01 3.675169348716735840e-01
3.897781670093536377e-01 2.867538630962371826e-01 3.598425388336181641e-01 2.805354595184326172e-01 3.962889611721038818e-01 3.276561796665191650e-01 2.132863849401473999e-01 3.956056535243988037e-01 3.081200420856475830e-01 3.675169348716735840e-01
3.897781670093536377e-01 3.470496237277984619e-01 3.598425388336181641e-01 2.636143565177917480e-01 3.962889611721038818e-01 3.699615895748138428e-01 2.802536487579345703e-01 3.956056535243988037e-01 3.081200420856475830e-01 3.675169348716735840e-01
3.897781670093536377e-01 3.394928574562072754e-01 3.598425388336181641e-01 3.573534786701202393e-01 3.962889611721038818e-01 4.138886332511901855e-01 4.081490337848663330e-01 3.956056535243988037e-01 3.081200420856475830e-01 3.675169348716735840e-01
4.815540611743927002e-01 2.582781016826629639e-01 4.425280094146728516e-01 3.987929522991180420e-01 3.962889611721038818e-01 4.836942553520202637e-01 3.762641847133636475e-01 3.956056535243988037e-01 3.081200420856475830e-01 4.400943219661712646e-01
3.560463786125183105e-01 5.546595454216003418e-01 4.283421933650970459e-01 6.992927193641662598e-01 3.962889611721038818e-01 5.836858153343200684e-01 4.548908770084381104e-01 4.634312391281127930e-01 4.940593540668487549e-01 6.953868865966796875e-01
4.750366806983947754e-01 4.746064841747283936e-01 4.987966716289520264e-01 5.308468937873840332e-01 4.845905900001525879e-01 5.033332705497741699e-01 4.765482246875762939e-01 4.634312391281127930e-01 5.099003314971923828e-01 5.432372093200683594e-01
4.750366806983947754e-01 4.838112592697143555e-01 4.987966716289520264e-01 4.732964038848876953e-01 4.845905900001525879e-01 3.692940175533294678e-01 4.765482246875762939e-01 4.634312391281127930e-01 4.844267070293426514e-01 4.460028111934661865e-01
4.750366806983947754e-01 4.485625624656677246e-01 4.987966716289520264e-01 5.308468937873840332e-01 4.845905900001525879e-01 4.917175471782684326e-01 4.765482246875762939e-01 4.634312391281127930e-01 4.844267070293426514e-01 4.460028111934661865e-01
4.750366806983947754e-01 4.568678438663482666e-01 4.987966716289520264e-01 4.514197111129760742e-01 4.845905900001525879e-01 4.503611624240875244e-01 4.765482246875762939e-01 4.634312391281127930e-01 4.844267070293426514e-01 4.460028111934661865e-01
4.201917946338653564e-01 4.031240344047546387e-01 3.925963640213012695e-01 3.936615586280822754e-01 4.845905900001525879e-01 4.503611624240875244e-01 4.765482246875762939e-01 4.634312391281127930e-01 4.844267070293426514e-01 4.460028111934661865e-01
4.201917946338653564e-01 3.783857524394989014e-01 3.925963640213012695e-01 3.936615586280822754e-01 4.845905900001525879e-01 3.087539672851562500e-01 3.321019411087036133e-01 4.634312391281127930e-01 4.844267070293426514e-01 4.460028111934661865e-01
4.750366806983947754e-01 3.634060621261596680e-01 4.987966716289520264e-01 4.514197111129760742e-01 4.845905900001525879e-01 3.087539672851562500e-01 3.321019411087036133e-01 4.634312391281127930e-01 4.844267070293426514e-01 4.460028111934661865e-01
4.201917946338653564e-01 5.610569119453430176e-01 3.925963640213012695e-01 4.462226927280426025e-01 4.845905900001525879e-01 4.503611624240875244e-01 5.295114517211914062e-01 4.634312391281127930e-01 3.448353409767150879e-01 4.460028111934661865e-01
4.201917946338653564e-01 4.066751301288604736e-01 4.987966716289520264e-01 4.462226927280426025e-01 4.845905900001525879e-01 3.659119009971618652e-01 2.871273458003997803e-01 4.634312391281127930e-01 3.448353409767150879e-01 4.460028111934661865e-01
4.750366806983947754e-01 4.207361638545989990e-01 4.987966716289520264e-01 5.052663683891296387e-01 5.656844377517700195e-01 3.659119009971618652e-01 4.823916852474212646e-01 5.724589824676513672e-01 3.523629307746887207e-01 5.224298238754272461e-01
6.637284159660339355e-01 6.359906196594238281e-01 6.016270518302917480e-01 6.437131166458129883e-01 5.656844377517700195e-01 5.142322182655334473e-01 7.629168629646301270e-01 5.724589824676513672e-01 4.160237014293670654e-01 6.528539657592773438e-01
6.637284159660339355e-01 5.982396006584167480e-01 6.016270518302917480e-01 5.927908420562744141e-01 5.656844377517700195e-01 5.440857410430908203e-01 7.224563956260681152e-01 5.724589824676513672e-01 6.258609890937805176e-01 6.528539657592773438e-01
6.637284159660339355e-01 5.982396006584167480e-01 4.951629042625427246e-01 6.437131166458129883e-01 5.656844377517700195e-01 5.002484917640686035e-01 7.224563956260681152e-01 5.724589824676513672e-01 6.258609890937805176e-01 6.528539657592773438e-01
5.296230316162109375e-01 5.525242686271667480e-01 6.016270518302917480e-01 6.437131166458129883e-01 4.845905900001525879e-01 5.440857410430908203e-01 5.294071435928344727e-01 4.634312391281127930e-01 6.180666089057922363e-01 5.805407762527465820e-01
4.750366806983947754e-01 5.694131851196289062e-01 3.925963640213012695e-01 5.052663683891296387e-01 5.656844377517700195e-01 5.002484917640686035e-01 5.418717861175537109e-01 5.724589824676513672e-01 6.258609890937805176e-01 5.224298238754272461e-01
6.125168204307556152e-01 4.228141903877258301e-01 4.951629042625427246e-01 6.421673893928527832e-01 5.656844377517700195e-01 4.883975088596343994e-01 6.877094507217407227e-01 5.553277730941772461e-01 5.983042120933532715e-01 5.864191055297851562e-01
6.125168204307556152e-01 4.983812570571899414e-01 5.822913646697998047e-01 5.452004075050354004e-01 5.611314177513122559e-01 5.619912147521972656e-01 5.839549899101257324e-01 5.553277730941772461e-01 5.321689248085021973e-01 5.864191055297851562e-01
6.637284159660339355e-01 4.956547617912292480e-01 5.822913646697998047e-01 6.946171522140502930e-01 5.611314177513122559e-01 5.173963904380798340e-01 5.839549899101257324e-01 5.553277730941772461e-01 5.983042120933532715e-01 5.864191055297851562e-01
6.637284159660339355e-01 5.926280617713928223e-01 5.822913646697998047e-01 6.946171522140502930e-01 5.611314177513122559e-01 5.173963904380798340e-01 6.247802972793579102e-01 5.553277730941772461e-01 5.983042120933532715e-01 5.864191055297851562e-01
5.123537182807922363e-01 5.130194425582885742e-01 5.142042040824890137e-01 4.995010197162628174e-01 4.911777079105377197e-01 5.173963904380798340e-01 4.493981003761291504e-01 4.816161990165710449e-01 4.641995728015899658e-01 5.082920789718627930e-01
4.273388087749481201e-01 5.202952623367309570e-01 4.283421933650970459e-01 4.995010197162628174e-01 3.962889611721038818e-01 4.846157729625701904e-01 4.493981003761291504e-01 4.816161990165710449e-01 4.641995728015899658e-01 5.082920789718627930e-01
3.740767240524291992e-01 4.289600849151611328e-01 3.825659155845642090e-01 3.406999707221984863e-01 3.962889611721038818e-01 4.409359991550445557e-01 4.493981003761291504e-01 4.816161990165710449e-01 4.641995728015899658e-01 5.082920789718627930e-01
4.569506049156188965e-01 6.065948605537414551e-01 4.667439460754394531e-01 3.406999707221984863e-01 4.911777079105377197e-01 4.409359991550445557e-01 3.268298506736755371e-01 4.816161990165710449e-01 4.641995728015899658e-01 4.864079952239990234e-01
4.734991788864135742e-01 4.725543856620788574e-01 4.667439460754394531e-01 3.625481128692626953e-01 4.911777079105377197e-01 4.409359991550445557e-01 3.268298506736755371e-01 3.956056535243988037e-01 3.888003230094909668e-01 4.864079952239990234e-01
