3.722054362297058105e-01 9.750125408172607422e-01 8.232492804527282715e-01 2.905145883560180664e-01 4.766068160533905029e-01 4.096261560916900635e-01 4.992002546787261963e-01 2.972984313964843750e-01 2.014419585466384888e-01 7.552006244659423828e-01
3.722054362297058105e-01 1.405829843133687973e-02 5.843018889427185059e-01 3.761925101280212402e-01 4.766068160533905029e-01 4.096261560916900635e-01 4.992002546787261963e-01 2.835658192634582520e-01 1.982517838478088379e-01 7.552006244659423828e-01
5.217592716217041016e-01 1.799969077110290527e-01 3.314722180366516113e-01 2.189995944499969482e-01 4.766068160533905029e-01 4.096261560916900635e-01 4.992002546787261963e-01 2.072000056505203247e-01 2.163442522287368774e-01 3.892551958560943604e-01
5.217592716217041016e-01 1.188608855009078979e-01 7.220110297203063965e-01 9.657969325780868530e-02 4.766068160533905029e-01 6.341233849525451660e-01 4.992002546787261963e-01 3.149999678134918213e-01 3.331664800643920898e-01 3.892551958560943604e-01
5.217592716217041016e-01 3.242838382720947266e-02 3.527617454528808594e-01 3.311589658260345459e-01 4.766068160533905029e-01 6.341233849525451660e-01 4.992002546787261963e-01 7.369484305381774902e-01 3.504446148872375488e-01 6.072314977645874023e-01
5.217592716217041016e-01 7.249150276184082031e-01 7.671486735343933105e-01 3.343394398689270020e-01 4.766068160533905029e-01 6.341233849525451660e-01 4.992002546787261963e-01 7.679264545440673828e-01 3.331664800643920898e-01 7.552006244659423828e-01
5.217592716217041016e-01 2.877775132656097412e-01 2.502702474594116211e-01 5.627111196517944336e-01 2.945756316184997559e-01 4.492592513561248779e-01 4.992002546787261963e-01 6.998589038848876953e-01 1.185277327895164490e-01 3.858023285865783691e-01
5.217592716217041016e-01 1.221762150526046753e-01 3.126441538333892822e-01 7.366374731063842773e-01 2.945756316184997559e-01 2.461740672588348389e-01 4.992002546787261963e-01 3.681869208812713623e-01 1.925442963838577271e-01 6.072314977645874023e-01
7.228229045867919922e-01 1.652029454708099365e-01 8.181025385856628418e-01 1.624841541051864624e-01 4.766068160533905029e-01 6.341233849525451660e-01 4.992002546787261963e-01 6.714937090873718262e-01 3.504446148872375488e-01 3.892551958560943604e-01
5.217592716217041016e-01 4.888720810413360596e-01 1.441113650798797607e-01 1.713959872722625732e-02 2.945756316184997559e-01 2.110587507486343384e-01 3.701795041561126709e-01 5.189533829689025879e-01 6.320433020591735840e-01 3.892551958560943604e-01
5.217592716217041016e-01 2.386330664157867432e-01 6.186901926994323730e-01 6.377642154693603516e-01 4.766068160533905029e-01 4.096261560916900635e-01 4.992002546787261963e-01 7.346355319023132324e-01 5.015628933906555176e-01 7.583568096160888672e-01
5.217592716217041016e-01 1.656812876462936401e-01 3.314722180366516113e-01 1.661295443773269653e-01 4.766068160533905029e-01 6.341233849525451660e-01 4.992002546787261963e-01 4.535233378410339355e-01 4.200473725795745850e-01 3.892551958560943604e-01
5.217592716217041016e-01 4.101800918579101562e-01 5.630440264940261841e-02 8.202573060989379883e-01 4.766068160533905029e-01 3.415699303150177002e-01 4.992002546787261963e-01 7.156771421432495117e-01 3.344289958477020264e-02 3.858023285865783691e-01
5.217592716217041016e-01 1.295960545539855957e-01 1.571866124868392944e-01 6.363695114850997925e-02 4.766068160533905029e-01 6.341233849525451660e-01 4.992002546787261963e-01 5.064793825149536133e-01 3.083732426166534424e-01 7.552006244659423828e-01
5.217592716217041016e-01 9.541688561439514160e-01 6.733469963073730469e-01 2.387980520725250244e-01 4.766068160533905029e-01 3.415699303150177002e-01 4.992002546787261963e-01 3.722869455814361572e-01 5.746278166770935059e-01 3.892551958560943604e-01
5.217592716217041016e-01 8.315526843070983887e-01 9.685566276311874390e-02 4.762817621231079102e-01 2.945756316184997559e-01 1.962471008300781250e-01 3.908919990062713623e-01 3.139251768589019775e-01 2.424938231706619263e-01 3.892551958560943604e-01
5.217592716217041016e-01 9.464399814605712891e-01 6.392443776130676270e-01 1.549219638109207153e-01 2.945756316184997559e-01 4.492592513561248779e-01 3.908919990062713623e-01 6.561584472656250000e-01 5.891653299331665039e-01 5.546608567237854004e-01
5.217592716217041016e-01 5.002152919769287109e-01 2.304596304893493652e-01 3.770002424716949463e-01 4.766068160533905029e-01 3.415699303150177002e-01 3.908919990062713623e-01 1.233362704515457153e-01 5.746278166770935059e-01 2.239971756935119629e-01
5.217592716217041016e-01 1.573869138956069946e-01 8.318826556205749512e-01 8.202573060989379883e-01 4.766068160533905029e-01 6.341233849525451660e-01 3.908919990062713623e-01 8.349550366401672363e-01 5.156038403511047363e-01 5.870085954666137695e-01
5.217592716217041016e-01 8.248233795166015625e-02 2.304596304893493652e-01 5.740564465522766113e-01 4.766068160533905029e-01 6.341233849525451660e-01 3.908919990062713623e-01 3.682372570037841797e-01 5.156038403511047363e-01 2.239971756935119629e-01
5.217592716217041016e-01 6.292412877082824707e-01 4.631117880344390869e-01 4.293333292007446289e-01 4.766068160533905029e-01 6.341233849525451660e-01 3.908919990062713623e-01 5.373542308807373047e-01 5.156038403511047363e-01 7.583568096160888672e-01
5.217592716217041016e-01 7.901255041360855103e-02 1.718292981386184692e-01 4.293333292007446289e-01 4.766068160533905029e-01 6.341233849525451660e-01 3.908919990062713623e-01 5.510964393615722656e-01 5.746278166770935059e-01 7.000928521156311035e-01
3.722054362297058105e-01 5.707401037216186523e-01 2.602739930152893066e-01 9.426079988479614258e-01 4.766068160533905029e-01 6.341233849525451660e-01 3.908919990062713623e-01 5.767685174942016602e-01 1.402735859155654907e-01 8.546951413154602051e-01
3.722054362297058105e-01 8.264946937561035156e-01 3.771499395370483398e-01 3.275533914566040039e-01 4.766068160533905029e-01 6.341233849525451660e-01 3.908919990062713623e-01 2.647397816181182861e-01 2.462617158889770508e-01 2.239971756935119629e-01
2.979738116264343262e-01 1.505990624427795410e-01 9.708236902952194214e-02 2.396400123834609985e-01 4.766068160533905029e-01 6.341233849525451660e-01 3.908919990062713623e-01 1.612563282251358032e-01 2.236867398023605347e-01 2.239971756935119629e-01
2.979738116264343262e-01 2.589989304542541504e-01 3.783378303050994873e-01 1.212688684463500977e-01 4.766068160533905029e-01 4.096261560916900635e-01 3.908919990062713623e-01 2.754463851451873779e-01 3.495603501796722412e-01 8.149756789207458496e-01
2.979738116264343262e-01 1.226204782724380493e-01 1.222952231764793396e-01 3.450867831707000732e-01 4.766068160533905029e-01 6.341233849525451660e-01 3.908919990062713623e-01 2.820584177970886230e-01 6.697974801063537598e-01 2.239971756935119629e-01
1.804518699645996094e-01 9.566755890846252441e-01 1.710997074842453003e-01 2.367560565471649170e-01 4.766068160533905029e-01 4.096261560916900635e-01 3.908919990062713623e-01 3.480499386787414551e-01 4.182683527469635010e-01 2.214785963296890259e-01
5.217592716217041016e-01 4.937416911125183105e-01 1.710997074842453003e-01 1.465435624122619629e-01 4.766068160533905029e-01 6.341233849525451660e-01 3.908919990062713623e-01 6.004112362861633301e-01 1.260956525802612305e-01 4.118339717388153076e-01
3.722054362297058105e-01 5.916468501091003418e-01 3.786083161830902100e-01 1.564964503049850464e-01 4.766068160533905029e-01 6.341233849525451660e-01 3.908919990062713623e-01 4.038766324520111084e-01 1.839262992143630981e-01 5.870085954666137695e-01
3.722054362297058105e-01 7.694005370140075684e-01 4.369052946567535400e-01 2.782206833362579346e-01 4.766068160533905029e-01 4.096261560916900635e-01 3.908919990062713623e-01 2.399959117174148560e-01 8.965450525283813477e-01 5.443271398544311523e-01
3.722054362297058105e-01 5.458543896675109863e-01 1.868148893117904663e-01 3.321330845355987549e-01 4.766068160533905029e-01 4.096261560916900635e-01 3.908919990062713623e-01 6.558076143264770508e-01 3.450379371643066406e-01 8.546951413154602051e-01
1.068672165274620056e-01 9.272943437099456787e-02 3.218962252140045166e-01 8.221564888954162598e-01 4.766068160533905029e-01 4.096261560916900635e-01 3.908919990062713623e-01 4.133007228374481201e-01 8.983517289161682129e-01 2.239971756935119629e-01
2.979738116264343262e-01 9.564052224159240723e-01 5.507895946502685547e-01 3.817937672138214111e-01 4.766068160533905029e-01 4.096261560916900635e-01 3.908919990062713623e-01 8.470739722251892090e-01 3.450379371643066406e-01 8.149756789207458496e-01
1.823818534612655640e-01 7.587055563926696777e-01 5.651296973228454590e-01 5.634946823120117188e-01 4.766068160533905029e-01 4.096261560916900635e-01 3.908919990062713623e-01 9.771034717559814453e-01 1.782357245683670044e-01 8.149756789207458496e-01
1.823818534612655640e-01 8.562976121902465820e-01 9.627739191055297852e-01 5.128164291381835938e-01 6.802295446395874023e-01 6.308118104934692383e-01 6.824084520339965820e-01 8.685169816017150879e-01 9.089795947074890137e-01 3.724683225154876709e-01
6.019508838653564453e-01 7.792071700096130371e-01 7.870379090309143066e-01 1.377585828304290771e-01 8.238784074783325195e-01 7.898003458976745605e-01 8.253298401832580566e-01 8.822031021118164062e-01 3.335970342159271240e-01 8.854675889015197754e-01
5.951983332633972168e-01 3.647843003273010254e-02 4.255701899528503418e-01 8.075683116912841797e-01 8.238784074783325195e-01 7.898003458976745605e-01 8.253298401832580566e-01 9.641736745834350586e-01 8.611279129981994629e-01 8.356891274452209473e-01
5.951983332633972168e-01 4.496482014656066895e-01 8.886834383010864258e-01 8.118428587913513184e-01 8.238784074783325195e-01 7.898003458976745605e-01 8.253298401832580566e-01 9.715988636016845703e-01 4.050848782062530518e-01 8.356891274452209473e-01
7.421030402183532715e-01 7.316859811544418335e-02 6.482710838317871094e-01 3.006219267845153809e-01 4.766068160533905029e-01 6.341233849525451660e-01 3.908919990062713623e-01 4.183072149753570557e-01 8.050257563591003418e-01 3.606468439102172852e-01
7.421030402183532715e-01 8.669739961624145508e-01 7.527700066566467285e-01 5.308785438537597656e-01 4.766068160533905029e-01 4.096261560916900635e-01 3.908919990062713623e-01 5.506287217140197754e-01 2.172267436981201172e-01 3.606468439102172852e-01
5.217592716217041016e-01 2.739502675831317902e-02 1.193065568804740906e-01 6.726229190826416016e-01 4.766068160533905029e-01 4.096261560916900635e-01 3.908919990062713623e-01 2.401705533266067505e-01 3.495603501796722412e-01 5.870085954666137695e-01
1.068672165274620056e-01 1.772731244564056396e-01 5.784529447555541992e-01 7.224541306495666504e-01 4.766068160533905029e-01 4.096261560916900635e-01 3.908919990062713623e-01 1.924297511577606201e-01 7.631112337112426758e-01 4.118339717388153076e-01
3.722054362297058105e-01 7.307339906692504883e-01 2.592864334583282471e-01 3.346479237079620361e-01 4.766068160533905029e-01 4.096261560916900635e-01 3.908919990062713623e-01 2.375312447547912598e-01 7.053211927413940430e-01 5.407165288925170898e-01
3.722054362297058105e-01 1.390673369169235229e-01 2.920718491077423096e-01 5.196059867739677429e-02 4.766068160533905029e-01 4.096261560916900635e-01 3.908919990062713623e-01 1.208107024431228638e-01 3.785474896430969238e-01 5.828455686569213867e-01
1.068672165274620056e-01 1.772699356079101562e-01 9.708236902952194214e-02 7.298377752304077148e-01 4.766068160533905029e-01 4.096261560916900635e-01 3.908919990062713623e-01 5.432761907577514648e-01 4.417662918567657471e-01 2.239971756935119629e-01
4.032426178455352783e-01 4.954044222831726074e-01 3.053531646728515625e-01 3.680991232395172119e-01 4.766068160533905029e-01 4.096261560916900635e-01 3.908919990062713623e-01 1.980773657560348511e-01 6.694622635841369629e-01 5.443271398544311523e-01
2.979738116264343262e-01 8.039711713790893555e-01 2.793080508708953857e-01 1.574147194623947144e-01 4.766068160533905029e-01 4.096261560916900635e-01 3.908919990062713623e-01 4.320202469825744629e-01 5.733573436737060547e-01 2.239971756935119629e-01
7.056211233139038086e-01 9.086365699768066406e-01 1.338034570217132568e-01 8.202573060989379883e-01 4.766068160533905029e-01 6.341233849525451660e-01 3.908919990062713623e-01 5.095469951629638672e-01 7.943180799484252930e-01 4.118339717388153076e-01
2.979738116264343262e-01 3.308910727500915527e-01 1.569649428129196167e-01 7.290875911712646484e-01 4.766068160533905029e-01 4.096261560916900635e-01 3.908919990062713623e-01 6.083340644836425781e-01 6.997957229614257812e-01 5.443271398544311523e-01
2.979738116264343262e-01 9.950443506240844727e-01 6.470991373062133789e-01 6.382911801338195801e-01 4.766068160533905029e-01 6.341233849525451660e-01 3.908919990062713623e-01 4.571608304977416992e-01 5.318616032600402832e-01 4.118339717388153076e-01
4.385359287261962891e-01 9.276873469352722168e-01 4.631117880344390869e-01 2.266952693462371826e-01 4.766068160533905029e-01 4.096261560916900635e-01 3.908919990062713623e-01 4.745342731475830078e-01 5.417177677154541016e-01 4.118339717388153076e-01
2.979738116264343262e-01 1.796765625476837158e-02 4.015980362892150879e-01 2.782206833362579346e-01 4.766068160533905029e-01 4.096261560916900635e-01 3.908919990062713623e-01 1.110026985406875610e-01 5.172178149223327637e-01 5.443271398544311523e-01
2.979738116264343262e-01 1.112740635871887207e-01 2.592864334583282471e-01 6.775888204574584961e-01 4.766068160533905029e-01 6.341233849525451660e-01 3.908919990062713623e-01 5.519577860832214355e-01 3.495603501796722412e-01 7.434368729591369629e-01
2.979738116264343262e-01 8.627867102622985840e-01 6.092954277992248535e-01 3.016886413097381592e-01 4.766068160533905029e-01 4.096261560916900635e-01 3.908919990062713623e-01 1.974412649869918823e-01 6.697974801063537598e-01 4.118339717388153076e-01
2.979738116264343262e-01 3.842895328998565674e-01 1.569649428129196167e-01 4.839166998863220215e-01 4.766068160533905029e-01 4.096261560916900635e-01 3.908919990062713623e-01 3.430734276771545410e-01 3.495603501796722412e-01 2.239971756935119629e-01
4.385359287261962891e-01 2.335701435804367065e-01 5.962273105978965759e-02 1.870982795953750610e-01 4.766068160533905029e-01 4.096261560916900635e-01 3.908919990062713623e-01 7.244361042976379395e-01 5.318616032600402832e-01 2.239971756935119629e-01
7.056211233139038086e-01 7.312503457069396973e-01 7.556351423263549805e-01 6.947722434997558594e-01 4.766068160533905029e-01 6.341233849525451660e-01 3.908919990062713623e-01 5.041974782943725586e-01 2.854463756084442139e-01 5.870085954666137695e-01
2.979738116264343262e-01 3.535349965095520020e-01 4.020239710807800293e-01 4.418591037392616272e-02 4.766068160533905029e-01 4.096261560916900635e-01 3.908919990062713623e-01 1.424748748540878296e-01 1.658085882663726807e-01 5.155880451202392578e-01
2.979738116264343262e-01 6.983018517494201660e-01 3.786083161830902100e-01 7.521572709083557129e-01 4.766068160533905029e-01 6.341233849525451660e-01 3.908919990062713623e-01 2.401705533266067505e-01 2.858799695968627930e-01 7.434368729591369629e-01
2.979738116264343262e-01 6.717737913131713867e-01 6.054695248603820801e-01 9.594840407371520996e-01 4.766068160533905029e-01 4.096261560916900635e-01 3.908919990062713623e-01 5.761349797248840332e-01 3.495603501796722412e-01 5.870085954666137695e-01
4.385359287261962891e-01 4.044312536716461182e-01 1.862903386354446411e-01 5.963033437728881836e-01 4.766068160533905029e-01 6.341233849525451660e-01 3.908919990062713623e-01 3.533457219600677490e-01 8.443671464920043945e-01 5.155880451202392578e-01
5.217592716217041016e-01 2.258768528699874878e-01 3.313595056533813477e-01 6.805077791213989258e-01 4.766068160533905029e-01 4.096261560916900635e-01 3.908919990062713623e-01 3.326840698719024658e-01 1.658085882663726807e-01 8.546951413154602051e-01
3.722054362297058105e-01 3.509288728237152100e-01 3.786083161830902100e-01 1.838419139385223389e-01 4.766068160533905029e-01 4.096261560916900635e-01 3.908919990062713623e-01 2.847148478031158447e-01 6.639996916055679321e-02 7.000928521156311035e-01
2.375615984201431274e-01 1.047288328409194946e-01 6.559767574071884155e-02 3.817937672138214111e-01 4.766068160533905029e-01 4.096261560916900635e-01 3.908919990062713623e-01 3.390850126743316650e-01 3.450379371643066406e-01 3.892551958560943604e-01
3.722054362297058105e-01 2.468280307948589325e-02 6.389153003692626953e-02 3.269056081771850586e-01 4.766068160533905029e-01 6.341233849525451660e-01 3.908919990062713623e-01 2.003957480192184448e-01 7.115538716316223145e-01 6.072314977645874023e-01
5.217592716217041016e-01 6.681190133094787598e-01 2.454177439212799072e-01 6.377642154693603516e-01 4.766068160533905029e-01 4.096261560916900635e-01 4.992002546787261963e-01 1.458077281713485718e-01 2.515875995159149170e-01 6.072314977645874023e-01
3.722054362297058105e-01 2.534886896610260010e-01 2.061408758163452148e-01 5.774054527282714844e-01 4.766068160533905029e-01 4.096261560916900635e-01 4.992002546787261963e-01 6.790590286254882812e-01 8.753990530967712402e-01 6.072314977645874023e-01
3.722054362297058105e-01 1.699501574039459229e-01 7.030507922172546387e-01 5.289303660392761230e-01 4.766068160533905029e-01 4.096261560916900635e-01 4.992002546787261963e-01 2.871432304382324219e-01 4.934672713279724121e-01 6.072314977645874023e-01
3.722054362297058105e-01 5.526236891746520996e-01 3.463951647281646729e-01 4.869609177112579346e-01 4.766068160533905029e-01 6.341233849525451660e-01 4.992002546787261963e-01 3.861312270164489746e-01 8.753990530967712402e-01 7.552006244659423828e-01
3.170289695262908936e-01 4.848917424678802490e-01 6.395033001899719238e-01 3.647422790527343750e-01 4.766068160533905029e-01 6.341233849525451660e-01 4.992002546787261963e-01 6.622468233108520508e-01 6.601518988609313965e-01 7.552006244659423828e-01
3.722054362297058105e-01 7.974582314491271973e-01 9.485603570938110352e-01 5.640558600425720215e-01 4.766068160533905029e-01 3.415699303150177002e-01 4.992002546787261963e-01 7.507333159446716309e-01 4.012979865074157715e-01 7.552006244659423828e-01
3.170289695262908936e-01 1.342613250017166138e-01 4.256923198699951172e-01 1.076275929808616638e-01 3.227515518665313721e-01 4.887961447238922119e-01 3.396302163600921631e-01 4.735671877861022949e-01 8.321535587310791016e-01 5.422025322914123535e-01
3.848401904106140137e-01 7.603102829307317734e-03 9.264667630195617676e-01 7.771052718162536621e-01 8.238784074783325195e-01 7.898003458976745605e-01 8.253298401832580566e-01 8.884941339492797852e-01 5.883095264434814453e-01 9.103038907051086426e-01
3.848401904106140137e-01 1.357085257768630981e-01 2.282675728201866150e-02 1.535991877317428589e-01 4.766068160533905029e-01 6.341233849525451660e-01 4.992002546787261963e-01 2.447709590196609497e-01 2.537840306758880615e-01 1.378533542156219482e-01
3.722054362297058105e-01 2.552291750907897949e-01 9.789580106735229492e-01 5.815074443817138672e-01 4.766068160533905029e-01 6.341233849525451660e-01 4.992002546787261963e-01 4.337089359760284424e-01 4.142698347568511963e-01 4.405083358287811279e-01
3.722054362297058105e-01 2.910276949405670166e-01 8.265675902366638184e-01 1.291859149932861328e-01 4.766068160533905029e-01 3.415699303150177002e-01 4.992002546787261963e-01 6.985636353492736816e-01 7.685966789722442627e-02 5.000880360603332520e-01
3.722054362297058105e-01 5.864753127098083496e-01 5.189990401268005371e-01 6.692529320716857910e-01 4.766068160533905029e-01 3.415699303150177002e-01 4.992002546787261963e-01 1.612592637538909912e-01 1.436068266630172729e-01 6.072314977645874023e-01
3.722054362297058105e-01 7.198932021856307983e-02 5.950470641255378723e-02 2.206835523247718811e-02 4.766068160533905029e-01 3.415699303150177002e-01 4.992002546787261963e-01 1.632004380226135254e-01 7.685966789722442627e-02 3.892551958560943604e-01
3.722054362297058105e-01 6.819088459014892578e-01 4.679292142391204834e-01 9.480968117713928223e-02 4.766068160533905029e-01 3.415699303150177002e-01 3.908919990062713623e-01 4.928929507732391357e-01 1.837501078844070435e-01 3.892551958560943604e-01
5.217592716217041016e-01 3.189797699451446533e-02 2.976065576076507568e-01 4.152923822402954102e-02 4.766068160533905029e-01 3.415699303150177002e-01 3.908919990062713623e-01 3.382704555988311768e-01 2.033503800630569458e-01 7.015000581741333008e-01
5.217592716217041016e-01 3.762720152735710144e-02 1.083088368177413940e-01 4.482217431068420410e-01 4.766068160533905029e-01 3.415699303150177002e-01 3.908919990062713623e-01 7.797422409057617188e-01 2.033503800630569458e-01 5.870085954666137695e-01
3.722054362297058105e-01 3.869884833693504333e-02 5.950470641255378723e-02 1.049557141959667206e-02 4.766068160533905029e-01 3.415699303150177002e-01 3.908919990062713623e-01 1.088991835713386536e-01 1.506558656692504883e-01 2.239971756935119629e-01
5.217592716217041016e-01 1.424747407436370850e-01 3.900732398033142090e-01 5.391994118690490723e-01 4.766068160533905029e-01 3.415699303150177002e-01 3.908919990062713623e-01 7.384167909622192383e-01 1.506558656692504883e-01 5.870085954666137695e-01
3.722054362297058105e-01 3.288967609405517578e-01 3.554816246032714844e-01 6.797381639480590820e-01 4.766068160533905029e-01 3.415699303150177002e-01 3.908919990062713623e-01 3.568895757198333740e-01 2.999289035797119141e-01 7.583568096160888672e-01
3.722054362297058105e-01 2.094737142324447632e-01 3.267425298690795898e-01 9.748592376708984375e-01 4.766068160533905029e-01 3.415699303150177002e-01 3.908919990062713623e-01 7.350217103958129883e-01 2.677659392356872559e-01 4.118339717388153076e-01
7.700173258781433105e-01 6.092088818550109863e-01 1.849857717752456665e-01 2.490491271018981934e-01 4.766068160533905029e-01 6.341233849525451660e-01 3.908919990062713623e-01 3.566699326038360596e-01 6.327797472476959229e-02 2.239971756935119629e-01
3.722054362297058105e-01 5.707757472991943359e-01 5.444657802581787109e-01 8.930285274982452393e-02 4.766068160533905029e-01 3.415699303150177002e-01 3.908919990062713623e-01 5.181418061256408691e-01 6.699977517127990723e-01 5.443271398544311523e-01
3.722054362297058105e-01 7.374082505702972412e-02 4.976170957088470459e-01 6.265853345394134521e-02 4.766068160533905029e-01 3.415699303150177002e-01 3.908919990062713623e-01 3.475260734558105469e-01 3.495603501796722412e-01 3.117980659008026123e-01
7.700173258781433105e-01 1.069364547729492188e-01 1.949400901794433594e-01 7.701900601387023926e-01 4.766068160533905029e-01 6.341233849525451660e-01 3.908919990062713623e-01 1.606982946395874023e-01 4.358884096145629883e-01 7.583568096160888672e-01
8.411470651626586914e-01 4.674187898635864258e-01 4.128470122814178467e-01 4.169564247131347656e-01 4.766068160533905029e-01 6.341233849525451660e-01 3.908919990062713623e-01 6.076921820640563965e-01 5.271730422973632812e-01 4.118339717388153076e-01
5.217592716217041016e-01 1.430941373109817505e-01 4.379242286086082458e-02 1.282447129487991333e-01 4.766068160533905029e-01 4.096261560916900635e-01 3.908919990062713623e-01 3.477631509304046631e-01 6.311878561973571777e-01 6.072314977645874023e-01
5.217592716217041016e-01 9.092217683792114258e-01 2.853794395923614502e-01 4.745528399944305420e-01 6.802295446395874023e-01 6.308118104934692383e-01 6.824084520339965820e-01 3.716439902782440186e-01 9.587412476539611816e-01 1.965850889682769775e-01
4.219423830509185791e-01 6.926820278167724609e-01 1.079634055495262146e-01 5.357272624969482422e-01 2.945756316184997559e-01 1.962471008300781250e-01 4.992002546787261963e-01 6.758591532707214355e-01 6.782546043395996094e-01 7.583568096160888672e-01
4.219423830509185791e-01 1.445048600435256958e-01 4.188900440931320190e-02 1.933846622705459595e-01 2.945756316184997559e-01 4.492592513561248779e-01 3.908919990062713623e-01 4.196673929691314697e-01 9.556106477975845337e-02 7.583568096160888672e-01
4.219423830509185791e-01 3.224182873964309692e-02 2.261248417198657990e-02 1.814016401767730713e-01 2.945756316184997559e-01 1.962471008300781250e-01 3.908919990062713623e-01 2.918834090232849121e-01 1.255824714899063110e-01 3.892551958560943604e-01
7.700173258781433105e-01 2.890008389949798584e-01 1.986569762229919434e-01 8.440206199884414673e-02 4.766068160533905029e-01 3.415699303150177002e-01 3.908919990062713623e-01 5.531865954399108887e-01 2.113714665174484253e-01 5.000880360603332520e-01
5.217592716217041016e-01 7.778444290161132812e-01 3.006411194801330566e-01 2.134086564183235168e-02 4.766068160533905029e-01 3.415699303150177002e-01 3.908919990062713623e-01 4.244833290576934814e-01 2.811278700828552246e-01 2.239971756935119629e-01
5.217592716217041016e-01 2.579998970031738281e-01 8.250932693481445312e-01 6.943149566650390625e-01 8.238784074783325195e-01 7.374831438064575195e-01 8.253298401832580566e-01 9.755203723907470703e-01 7.229255437850952148e-01 8.356891274452209473e-01
8.411470651626586914e-01 6.292530894279479980e-02 4.776687324047088623e-01 2.744721472263336182e-01 4.766068160533905029e-01 3.415699303150177002e-01 3.908919990062713623e-01 4.278677701950073242e-01 4.261769056320190430e-01 5.155880451202392578e-01
5.217592716217041016e-01 3.332764282822608948e-02 2.274882793426513672e-02 1.442124843597412109e-01 4.766068160533905029e-01 6.341233849525451660e-01 3.908919990062713623e-01 9.093225598335266113e-01 2.983399331569671631e-01 5.870085954666137695e-01
7.228229045867919922e-01 8.791571259498596191e-01 4.830423295497894287e-01 7.204558849334716797e-01 2.945756316184997559e-01 1.962471008300781250e-01 3.908919990062713623e-01 6.747339367866516113e-01 1.191278547048568726e-01 6.072314977645874023e-01
5.217592716217041016e-01 6.666778773069381714e-02 7.500371336936950684e-02 7.251847982406616211e-01 2.945756316184997559e-01 1.962471008300781250e-01 4.992002546787261963e-01 7.506825923919677734e-01 1.589820981025695801e-01 5.546608567237854004e-01
5.217592716217041016e-01 1.417913585901260376e-01 6.250935792922973633e-01 7.733678221702575684e-01 4.766068160533905029e-01 6.341233849525451660e-01 3.908919990062713623e-01 9.642746448516845703e-01 9.117298722267150879e-01 7.583568096160888672e-01
5.217592716217041016e-01 4.440229535102844238e-01 5.733057260513305664e-01 2.902320921421051025e-01 3.227515518665313721e-01 2.225139290094375610e-01 3.396302163600921631e-01 7.054380774497985840e-01 9.751087427139282227e-01 5.464555025100708008e-01
6.019508838653564453e-01 9.284651279449462891e-01 8.834108710289001465e-01 9.258924722671508789e-01 8.238784074783325195e-01 9.037132263183593750e-01 8.253298401832580566e-01 7.721520662307739258e-01 4.666728079319000244e-01 9.116941094398498535e-01
3.848401904106140137e-01 8.588052392005920410e-01 8.400038480758666992e-01 6.952959299087524414e-01 8.238784074783325195e-01 9.037132263183593750e-01 8.253298401832580566e-01 9.400172829627990723e-01 9.188253283500671387e-01 8.356891274452209473e-01
4.219423830509185791e-01 7.545319199562072754e-01 2.915368378162384033e-01 1.630381345748901367e-01 2.945756316184997559e-01 2.461740672588348389e-01 4.992002546787261963e-01 6.288838386535644531e-01 1.151425987482070923e-01 5.000880360603332520e-01
4.441437125205993652e-01 4.197246134281158447e-01 9.671430587768554688e-01 5.067438483238220215e-01 8.238784074783325195e-01 7.898003458976745605e-01 8.253298401832580566e-01 7.764251828193664551e-01 8.744989037513732910e-01 9.116941094398498535e-01
7.421030402183532715e-01 3.035370111465454102e-01 4.078247547149658203e-01 2.432798445224761963e-01 4.766068160533905029e-01 6.341233849525451660e-01 4.992002546787261963e-01 7.310762405395507812e-01 5.856451392173767090e-01 6.072314977645874023e-01
5.217592716217041016e-01 9.219537973403930664e-01 7.255668640136718750e-01 6.003942489624023438e-01 4.766068160533905029e-01 3.415699303150177002e-01 4.992002546787261963e-01 9.151338934898376465e-01 9.287780523300170898e-01 3.858023285865783691e-01
5.862898230552673340e-01 1.357253044843673706e-01 7.885598540306091309e-01 7.789456248283386230e-01 4.766068160533905029e-01 6.341233849525451660e-01 4.992002546787261963e-01 3.818571865558624268e-01 5.307648777961730957e-01 7.583568096160888672e-01
5.862898230552673340e-01 3.244878351688385010e-01 9.377928972244262695e-01 9.005360603332519531e-01 4.766068160533905029e-01 4.096261560916900635e-01 4.992002546787261963e-01 1.169731244444847107e-01 5.178511738777160645e-01 6.072314977645874023e-01
5.217592716217041016e-01 5.250982642173767090e-01 7.764317989349365234e-01 4.415070414543151855e-01 4.766068160533905029e-01 4.096261560916900635e-01 4.992002546787261963e-01 7.317200899124145508e-01 3.319281339645385742e-01 6.072314977645874023e-01
3.722054362297058105e-01 2.777940034866333008e-01 2.015396207571029663e-01 3.421096503734588623e-01 4.766068160533905029e-01 4.096261560916900635e-01 4.992002546787261963e-01 1.675631254911422729e-01 4.054879546165466309e-01 3.892551958560943604e-01
7.700173258781433105e-01 4.288912713527679443e-01 7.131227254867553711e-01 6.688682436943054199e-01 4.766068160533905029e-01 4.096261560916900635e-01 3.908919990062713623e-01 5.153363347053527832e-01 6.576839685440063477e-01 6.072314977645874023e-01
3.722054362297058105e-01 1.628550738096237183e-01 6.573985815048217773e-01 1.347657740116119385e-01 4.766068160533905029e-01 4.096261560916900635e-01 3.908919990062713623e-01 4.615056812763214111e-01 1.961752921342849731e-01 3.892551958560943604e-01
3.722054362297058105e-01 1.415211409330368042e-01 2.845402657985687256e-01 6.377642154693603516e-01 4.766068160533905029e-01 4.096261560916900635e-01 3.908919990062713623e-01 4.038766324520111084e-01 4.054879546165466309e-01 4.118339717388153076e-01
7.228229045867919922e-01 8.353959918022155762e-01 4.141303598880767822e-01 3.059112131595611572e-01 4.766068160533905029e-01 4.096261560916900635e-01 3.908919990062713623e-01 2.375312447547912598e-01 7.091712355613708496e-01 5.870085954666137695e-01
5.217592716217041016e-01 7.220898866653442383e-01 4.619615375995635986e-01 6.679093241691589355e-01 4.766068160533905029e-01 4.096261560916900635e-01 4.992002546787261963e-01 4.467053413391113281e-01 1.658085882663726807e-01 2.239971756935119629e-01
3.722054362297058105e-01 2.001694738864898682e-01 3.786083161830902100e-01 9.065620601177215576e-02 4.766068160533905029e-01 4.096261560916900635e-01 4.992002546787261963e-01 2.610488831996917725e-01 3.598833456635475159e-02 7.583568096160888672e-01
5.217592716217041016e-01 3.653356730937957764e-01 3.775524497032165527e-01 5.524892807006835938e-01 4.766068160533905029e-01 4.096261560916900635e-01 4.992002546787261963e-01 3.014363050460815430e-01 3.868028819561004639e-01 6.072314977645874023e-01
5.217592716217041016e-01 7.034020125865936279e-02 4.283263981342315674e-01 1.318640559911727905e-01 4.766068160533905029e-01 4.096261560916900635e-01 4.992002546787261963e-01 2.835658192634582520e-01 3.368962407112121582e-01 3.892551958560943604e-01
5.162724256515502930e-01 1.161661446094512939e-01 2.845402657985687256e-01 2.343057841062545776e-01 4.766068160533905029e-01 4.096261560916900635e-01 4.992002546787261963e-01 6.483899950981140137e-01 6.641925871372222900e-02 6.072314977645874023e-01
3.722054362297058105e-01 3.375747427344322205e-02 8.736801743507385254e-01 1.274944543838500977e-01 4.766068160533905029e-01 4.096261560916900635e-01 4.992002546787261963e-01 6.995269656181335449e-01 3.868028819561004639e-01 3.892551958560943604e-01
3.722054362297058105e-01 2.066853195428848267e-01 5.443984866142272949e-01 1.941093504428863525e-01 4.766068160533905029e-01 4.096261560916900635e-01 4.992002546787261963e-01 3.671841919422149658e-01 1.510872542858123779e-01 6.072314977645874023e-01
3.722054362297058105e-01 8.338302969932556152e-01 5.993210673332214355e-01 8.779323101043701172e-02 4.766068160533905029e-01 4.096261560916900635e-01 4.992002546787261963e-01 2.459186911582946777e-01 5.608870461583137512e-02 3.892551958560943604e-01
3.722054362297058105e-01 6.459200978279113770e-01 3.885901868343353271e-01 4.172120690345764160e-01 4.766068160533905029e-01 4.096261560916900635e-01 4.992002546787261963e-01 2.972984313964843750e-01 3.255801647901535034e-02 3.892551958560943604e-01
