2.854236364364624023e-01 6.952580213546752930e-01 5.097546577453613281e-01 4.084828197956085205e-01 3.716402947902679443e-01 5.708085298538208008e-01 7.017605900764465332e-01 5.235118865966796875e-01 5.612106919288635254e-01 4.226388931274414062e-01
4.570284783840179443e-01 7.601770162582397461e-01 5.097546577453613281e-01 7.510167956352233887e-01 7.630494236946105957e-01 5.708085298538208008e-01 7.851961255073547363e-01 5.235118865966796875e-01 5.612106919288635254e-01 6.828585267066955566e-01
2.200696468353271484e-01 5.168508887290954590e-01 5.097546577453613281e-01 3.560650646686553955e-01 5.847836732864379883e-01 5.954762697219848633e-01 1.487207412719726562e-01 5.235118865966796875e-01 5.612106919288635254e-01 3.555486202239990234e-01
7.234838604927062988e-01 6.804778575897216797e-01 5.097546577453613281e-01 7.551830410957336426e-01 5.204327702522277832e-01 5.954762697219848633e-01 1.618895083665847778e-01 5.235118865966796875e-01 8.182957172393798828e-01 6.133438348770141602e-01
6.063107252120971680e-01 6.301096081733703613e-01 5.097546577453613281e-01 5.786093473434448242e-01 5.204327702522277832e-01 5.954762697219848633e-01 4.294750094413757324e-01 5.235118865966796875e-01 8.182957172393798828e-01 4.586775004863739014e-01
3.526924252510070801e-01 5.772750973701477051e-01 5.097546577453613281e-01 8.551215529441833496e-01 4.162345528602600098e-01 4.810377061367034912e-01 6.068834066390991211e-01 5.235118865966796875e-01 4.263482391834259033e-01 6.133438348770141602e-01
3.526924252510070801e-01 2.812071442604064941e-01 5.097546577453613281e-01 7.091606855392456055e-01 6.182272434234619141e-01 3.674833178520202637e-01 4.157430231571197510e-01 5.235118865966796875e-01 5.516993999481201172e-01 5.205582380294799805e-01
2.726197838783264160e-01 3.350871801376342773e-01 5.097546577453613281e-01 7.091606855392456055e-01 4.460029006004333496e-01 3.674833178520202637e-01 2.282042354345321655e-01 4.750233292579650879e-01 1.345941722393035889e-01 1.191177889704704285e-01
4.098075330257415771e-01 9.248540997505187988e-01 5.097546577453613281e-01 5.116752982139587402e-01 4.328322410583496094e-01 3.674833178520202637e-01 3.096424937248229980e-01 4.750233292579650879e-01 3.525458276271820068e-01 5.610768198966979980e-01
6.544470191001892090e-01 4.607832133769989014e-01 5.097546577453613281e-01 5.306792259216308594e-01 6.629104614257812500e-01 3.674833178520202637e-01 9.199459552764892578e-01 2.620602250099182129e-01 1.645569652318954468e-01 4.056029021739959717e-01
6.544470191001892090e-01 6.577186584472656250e-01 4.161840081214904785e-01 5.306792259216308594e-01 8.163359165191650391e-01 5.708085298538208008e-01 8.635329604148864746e-01 5.235118865966796875e-01 4.001404941082000732e-01 6.525734066963195801e-01
3.979220688343048096e-01 5.835454463958740234e-01 4.161840081214904785e-01 6.720353364944458008e-01 7.048109769821166992e-01 5.708085298538208008e-01 4.617991447448730469e-01 5.235118865966796875e-01 2.998024225234985352e-01 4.477316141128540039e-01
2.660525143146514893e-01 5.021669864654541016e-01 4.161840081214904785e-01 5.204619169235229492e-01 5.118668675422668457e-01 5.708085298538208008e-01 5.243806242942810059e-01 5.235118865966796875e-01 2.998024225234985352e-01 3.116371035575866699e-01
7.400152832269668579e-02 3.391951322555541992e-01 4.161840081214904785e-01 6.835403442382812500e-01 6.232831478118896484e-01 4.798878133296966553e-01 5.253751277923583984e-01 5.235118865966796875e-01 2.998024225234985352e-01 3.116371035575866699e-01
5.409163832664489746e-01 5.219277739524841309e-01 6.302592158317565918e-01 5.019873380661010742e-01 4.087905585765838623e-01 3.618892729282379150e-01 2.582499384880065918e-01 5.235118865966796875e-01 4.900904595851898193e-01 2.425885647535324097e-01
5.314871072769165039e-01 3.565625250339508057e-01 2.946901619434356689e-01 5.328391790390014648e-01 7.060615420341491699e-01 3.618892729282379150e-01 7.578297257423400879e-01 5.235118865966796875e-01 3.577166497707366943e-01 3.297159373760223389e-01
5.314871072769165039e-01 3.255042135715484619e-01 2.946901619434356689e-01 4.660946428775787354e-01 5.708504915237426758e-01 3.618892729282379150e-01 8.928384184837341309e-01 5.235118865966796875e-01 3.577166497707366943e-01 4.534116089344024658e-01
1.399963051080703735e-01 1.093219965696334839e-01 2.946901619434356689e-01 5.161494016647338867e-01 7.185150980949401855e-01 4.798878133296966553e-01 3.263768255710601807e-01 5.235118865966796875e-01 6.478641033172607422e-01 4.013791382312774658e-01
2.127058058977127075e-01 5.956835150718688965e-01 5.097546577453613281e-01 6.269760131835937500e-01 4.661629498004913330e-01 5.688941478729248047e-01 6.391186714172363281e-01 6.369506716728210449e-01 4.165505468845367432e-01 4.781880378723144531e-01
3.490416109561920166e-01 5.647346377372741699e-02 6.302592158317565918e-01 7.243770360946655273e-01 4.745446741580963135e-01 5.688941478729248047e-01 3.621972203254699707e-01 6.369506716728210449e-01 4.165505468845367432e-01 5.956460833549499512e-01
5.417274236679077148e-01 2.277409583330154419e-01 6.302592158317565918e-01 6.376849412918090820e-01 4.745446741580963135e-01 5.688941478729248047e-01 4.664347171783447266e-01 6.369506716728210449e-01 4.165505468845367432e-01 5.187255740165710449e-01
7.167479991912841797e-01 6.861997842788696289e-01 6.302592158317565918e-01 6.834421157836914062e-01 7.497014403343200684e-01 3.618892729282379150e-01 6.717184185981750488e-01 6.369506716728210449e-01 7.108268737792968750e-01 3.562573790550231934e-01
2.578795552253723145e-01 2.986561954021453857e-01 2.946901619434356689e-01 8.114187717437744141e-01 7.497014403343200684e-01 3.618892729282379150e-01 5.885085463523864746e-01 5.235118865966796875e-01 7.108268737792968750e-01 1.382300555706024170e-01
5.845490694046020508e-01 1.987353861331939697e-01 2.946901619434356689e-01 3.758558630943298340e-01 7.497014403343200684e-01 3.618892729282379150e-01 4.532856643199920654e-01 5.235118865966796875e-01 7.108268737792968750e-01 1.961792558431625366e-01
3.848277926445007324e-01 7.989326864480972290e-02 4.667192995548248291e-01 2.625955045223236084e-01 7.497014403343200684e-01 3.618892729282379150e-01 3.120980858802795410e-01 4.013155400753021240e-01 7.108268737792968750e-01 1.961792558431625366e-01
3.411780297756195068e-01 3.262153565883636475e-01 4.667192995548248291e-01 3.900148570537567139e-01 5.099491477012634277e-01 4.478551447391510010e-01 5.408794283866882324e-01 4.013155400753021240e-01 3.190379142761230469e-01 1.961792558431625366e-01
4.888494610786437988e-01 3.262153565883636475e-01 4.667192995548248291e-01 4.886344373226165771e-01 3.763098120689392090e-01 4.478551447391510010e-01 5.015046000480651855e-01 4.013155400753021240e-01 4.925277233123779297e-01 2.271820753812789917e-01
7.904031872749328613e-01 5.365963578224182129e-01 6.302592158317565918e-01 4.886344373226165771e-01 3.763098120689392090e-01 2.631402909755706787e-01 4.169574379920959473e-01 6.369506716728210449e-01 3.082117736339569092e-01 2.271820753812789917e-01
9.110791087150573730e-01 5.635969042778015137e-01 6.302592158317565918e-01 4.085780084133148193e-01 4.050220549106597900e-01 3.618892729282379150e-01 4.678092598915100098e-01 6.369506716728210449e-01 7.108268737792968750e-01 1.382300555706024170e-01
5.360207557678222656e-01 3.624096512794494629e-01 4.667192995548248291e-01 5.405620932579040527e-01 7.010361552238464355e-01 7.504301667213439941e-01 7.954639196395874023e-01 4.013155400753021240e-01 7.780942916870117188e-01 5.956460833549499512e-01
8.199930191040039062e-01 7.787790298461914062e-01 6.302592158317565918e-01 4.320705235004425049e-01 6.923725605010986328e-01 6.489043235778808594e-01 7.278453111648559570e-01 6.369506716728210449e-01 5.264403820037841797e-01 7.961786389350891113e-01
6.042847633361816406e-01 3.691316246986389160e-01 6.302592158317565918e-01 3.227057754993438721e-01 3.018140792846679688e-01 5.016220211982727051e-01 2.645173370838165283e-01 6.369506716728210449e-01 3.492255210876464844e-01 7.078461050987243652e-01
5.360207557678222656e-01 4.737004637718200684e-01 4.667192995548248291e-01 5.873175859451293945e-01 4.537301659584045410e-01 3.618892729282379150e-01 6.221595406532287598e-01 2.620602250099182129e-01 3.492255210876464844e-01 3.592863082885742188e-01
5.187896490097045898e-01 3.971721529960632324e-01 2.946901619434356689e-01 1.250059753656387329e-01 4.589097499847412109e-01 3.618892729282379150e-01 1.127226054668426514e-01 4.013155400753021240e-01 3.492255210876464844e-01 4.534116089344024658e-01
7.221027016639709473e-01 2.782793641090393066e-01 4.667192995548248291e-01 4.886344373226165771e-01 6.194120645523071289e-01 4.798878133296966553e-01 6.707953810691833496e-01 4.013155400753021240e-01 6.725980639457702637e-01 4.781880378723144531e-01
8.022956252098083496e-01 8.121635913848876953e-01 5.097546577453613281e-01 4.886344373226165771e-01 7.051638960838317871e-01 4.798878133296966553e-01 8.259211182594299316e-01 6.369506716728210449e-01 7.281060218811035156e-01 4.781880378723144531e-01
6.837146282196044922e-01 2.598763406276702881e-01 6.302592158317565918e-01 4.313510358333587646e-01 7.051638960838317871e-01 4.798878133296966553e-01 6.736431717872619629e-01 6.369506716728210449e-01 5.825955271720886230e-01 5.956460833549499512e-01
3.141590952873229980e-01 8.834543824195861816e-01 6.302592158317565918e-01 3.778611421585083008e-01 5.527393221855163574e-01 5.929166674613952637e-01 6.953148245811462402e-01 6.369506716728210449e-01 7.780942916870117188e-01 5.956460833549499512e-01
4.999746084213256836e-01 9.426659345626831055e-01 6.302592158317565918e-01 7.861863374710083008e-01 5.638793110847473145e-01 7.504301667213439941e-01 5.344239473342895508e-01 6.369506716728210449e-01 7.780942916870117188e-01 8.176168799400329590e-01
9.110791087150573730e-01 9.246596097946166992e-01 4.161840081214904785e-01 5.873175859451293945e-01 8.518022298812866211e-01 7.504301667213439941e-01 6.590411067008972168e-01 5.235118865966796875e-01 5.762667655944824219e-01 8.563656210899353027e-01
7.221027016639709473e-01 7.335786819458007812e-01 2.946901619434356689e-01 5.873175859451293945e-01 7.497014403343200684e-01 6.489043235778808594e-01 4.518288373947143555e-01 5.235118865966796875e-01 5.901939868927001953e-01 6.537637114524841309e-01
5.845490694046020508e-01 4.103387594223022461e-01 2.946901619434356689e-01 3.457329869270324707e-01 8.479257225990295410e-01 6.489043235778808594e-01 4.131983816623687744e-01 4.013155400753021240e-01 5.901939868927001953e-01 4.543581008911132812e-01
7.221027016639709473e-01 4.551544785499572754e-01 2.946901619434356689e-01 2.625955045223236084e-01 7.794377803802490234e-01 6.489043235778808594e-01 2.929928302764892578e-01 4.013155400753021240e-01 5.901939868927001953e-01 4.543581008911132812e-01
7.221027016639709473e-01 2.415461540222167969e-01 4.667192995548248291e-01 5.212879180908203125e-01 6.631491184234619141e-01 6.489043235778808594e-01 5.015046000480651855e-01 4.013155400753021240e-01 6.548656225204467773e-01 6.283351778984069824e-01
7.904031872749328613e-01 7.940351366996765137e-01 6.302592158317565918e-01 5.212879180908203125e-01 5.005125403404235840e-01 5.688941478729248047e-01 7.242755293846130371e-01 6.369506716728210449e-01 6.420350670814514160e-01 8.570858836174011230e-01
7.904031872749328613e-01 7.940351366996765137e-01 6.302592158317565918e-01 4.404899477958679199e-01 3.921011388301849365e-01 5.688941478729248047e-01 7.286174893379211426e-01 6.369506716728210449e-01 6.991208195686340332e-01 9.060177206993103027e-01
4.888494610786437988e-01 3.806895911693572998e-01 4.667192995548248291e-01 5.405620932579040527e-01 5.365708470344543457e-01 5.688941478729248047e-01 7.575365304946899414e-01 4.013155400753021240e-01 6.420350670814514160e-01 9.060177206993103027e-01
7.904031872749328613e-01 4.044742286205291748e-01 6.302592158317565918e-01 4.736753106117248535e-01 3.763098120689392090e-01 4.478551447391510010e-01 6.733922958374023438e-01 6.369506716728210449e-01 4.925277233123779297e-01 5.401546359062194824e-01
6.042847633361816406e-01 7.910664677619934082e-01 6.302592158317565918e-01 7.125108242034912109e-01 8.479257225990295410e-01 6.489043235778808594e-01 3.524966835975646973e-01 6.369506716728210449e-01 5.901939868927001953e-01 7.556691169738769531e-01
5.360207557678222656e-01 5.338007807731628418e-01 4.667192995548248291e-01 4.837255477905273438e-01 3.062316179275512695e-01 7.112367153167724609e-01 6.221595406532287598e-01 2.620602250099182129e-01 3.492255210876464844e-01 3.283589482307434082e-01
5.360207557678222656e-01 3.353544473648071289e-01 4.667192995548248291e-01 2.976151406764984131e-01 6.194120645523071289e-01 7.504301667213439941e-01 8.635204434394836426e-01 4.013155400753021240e-01 6.725980639457702637e-01 7.009717822074890137e-01
8.789489865303039551e-01 7.302946448326110840e-01 6.302592158317565918e-01 6.246311664581298828e-01 6.194120645523071289e-01 4.798878133296966553e-01 8.635204434394836426e-01 6.369506716728210449e-01 6.725980639457702637e-01 7.009717822074890137e-01
5.878549814224243164e-01 3.354398012161254883e-01 5.097546577453613281e-01 4.479611217975616455e-01 5.040311217308044434e-01 3.277488946914672852e-01 7.653824687004089355e-01 4.750233292579650879e-01 5.065402984619140625e-01 1.908630579710006714e-01
8.095610737800598145e-01 1.276616901159286499e-01 6.302592158317565918e-01 3.513021171092987061e-01 4.877593517303466797e-01 3.277488946914672852e-01 5.493869781494140625e-01 2.620602250099182129e-01 4.405544102191925049e-01 4.178796410560607910e-01
3.838470280170440674e-01 7.800929546356201172e-01 6.302592158317565918e-01 2.678354680538177490e-01 9.661310911178588867e-02 2.359682470560073853e-01 3.485510647296905518e-01 2.620602250099182129e-01 2.713717520236968994e-01 2.756334543228149414e-01
4.550593495368957520e-01 4.838109910488128662e-01 5.097546577453613281e-01 3.126492202281951904e-01 1.994086951017379761e-01 2.359682470560073853e-01 5.076717734336853027e-01 2.620602250099182129e-01 4.008226990699768066e-01 4.297475218772888184e-01
2.786342799663543701e-01 1.617216765880584717e-01 5.097546577453613281e-01 3.123305737972259521e-01 2.489458322525024414e-01 4.798878133296966553e-01 4.147154092788696289e-01 2.620602250099182129e-01 4.008226990699768066e-01 1.678015589714050293e-01
5.372928977012634277e-01 2.673387527465820312e-01 4.161840081214904785e-01 1.846693903207778931e-01 5.687977671623229980e-01 5.708085298538208008e-01 5.120074748992919922e-01 5.235118865966796875e-01 2.547498047351837158e-01 4.984655976295471191e-01
5.372928977012634277e-01 1.360330134630203247e-01 5.097546577453613281e-01 1.263796091079711914e-01 6.576635837554931641e-01 1.700722277164459229e-01 5.584934353828430176e-01 5.235118865966796875e-01 3.379972577095031738e-01 2.176951915025711060e-01
3.121604919433593750e-01 1.076051592826843262e-01 5.097546577453613281e-01 2.108238190412521362e-01 3.771713674068450928e-01 3.339873254299163818e-01 6.871461272239685059e-01 2.620602250099182129e-01 5.897925496101379395e-01 1.647483110427856445e-01
5.243049263954162598e-01 8.041671514511108398e-01 4.161840081214904785e-01 6.725852489471435547e-01 2.453555464744567871e-01 3.797297775745391846e-01 3.180488348007202148e-01 5.235118865966796875e-01 2.728912830352783203e-01 3.117927908897399902e-01
6.144523620605468750e-01 1.085642799735069275e-01 4.161840081214904785e-01 2.919359207153320312e-01 5.929190516471862793e-01 3.080461919307708740e-01 4.464589357376098633e-01 5.235118865966796875e-01 2.728912830352783203e-01 3.945912122726440430e-01
4.840275049209594727e-01 1.110730096697807312e-01 6.073904633522033691e-01 4.074864685535430908e-01 5.798023939132690430e-01 5.213970541954040527e-01 3.091762065887451172e-01 5.235118865966796875e-01 5.005713105201721191e-01 3.945912122726440430e-01
6.636108756065368652e-01 4.782307446002960205e-01 6.073904633522033691e-01 2.675447165966033936e-01 7.050259113311767578e-01 7.619900107383728027e-01 4.124285280704498291e-01 5.235118865966796875e-01 5.005713105201721191e-01 5.955768227577209473e-01
6.636108756065368652e-01 4.492881596088409424e-01 5.097546577453613281e-01 4.922817051410675049e-01 5.075847506523132324e-01 7.619900107383728027e-01 3.735340535640716553e-01 5.235118865966796875e-01 5.123454928398132324e-01 4.682762622833251953e-01
6.144523620605468750e-01 3.331581056118011475e-01 5.097546577453613281e-01 8.363279104232788086e-01 3.199273347854614258e-01 5.213970541954040527e-01 4.792406857013702393e-01 5.235118865966796875e-01 3.994358479976654053e-01 4.448262751102447510e-01
4.626016914844512939e-01 4.767869710922241211e-01 6.073904633522033691e-01 5.809816122055053711e-01 5.863476991653442383e-01 5.538960695266723633e-01 6.125397682189941406e-01 5.235118865966796875e-01 8.464818596839904785e-01 7.367972731590270996e-01
8.096130490303039551e-01 4.767869710922241211e-01 4.161840081214904785e-01 9.057856798171997070e-01 6.641523241996765137e-01 5.538960695266723633e-01 8.583433628082275391e-01 5.235118865966796875e-01 8.464818596839904785e-01 8.628759980201721191e-01
6.144523620605468750e-01 4.767869710922241211e-01 5.097546577453613281e-01 8.723915815353393555e-01 6.596559286117553711e-01 5.708085298538208008e-01 8.532717227935791016e-01 5.235118865966796875e-01 7.730138301849365234e-01 7.367972731590270996e-01
7.223007082939147949e-01 3.196439743041992188e-01 4.161840081214904785e-01 6.390058994293212891e-01 6.083533763885498047e-01 5.708085298538208008e-01 4.800117313861846924e-01 5.235118865966796875e-01 5.286568999290466309e-01 7.157312035560607910e-01
5.055582523345947266e-01 4.863388538360595703e-01 4.161840081214904785e-01 3.772133886814117432e-01 8.046970367431640625e-01 5.708085298538208008e-01 2.550435662269592285e-01 5.235118865966796875e-01 8.464818596839904785e-01 6.589090228080749512e-01
3.371022641658782959e-01 4.863388538360595703e-01 5.097546577453613281e-01 3.772133886814117432e-01 6.887989640235900879e-01 5.708085298538208008e-01 2.550435662269592285e-01 5.235118865966796875e-01 8.606442213058471680e-01 6.589090228080749512e-01
6.156557798385620117e-01 3.888782858848571777e-01 5.097546577453613281e-01 2.669611573219299316e-01 4.901485443115234375e-01 5.708085298538208008e-01 2.355269193649291992e-01 5.235118865966796875e-01 7.885730266571044922e-01 6.589090228080749512e-01
6.156557798385620117e-01 1.873405575752258301e-01 5.097546577453613281e-01 2.325095087289810181e-01 4.079254269599914551e-01 5.708085298538208008e-01 7.058579474687576294e-02 5.235118865966796875e-01 5.324822664260864258e-01 6.589090228080749512e-01
6.156557798385620117e-01 3.952699899673461914e-01 5.097546577453613281e-01 3.240799605846405029e-01 2.025575637817382812e-01 5.708085298538208008e-01 1.356169730424880981e-01 5.235118865966796875e-01 8.661323785781860352e-01 5.089840292930603027e-01
6.156557798385620117e-01 1.742907166481018066e-01 5.097546577453613281e-01 3.873274922370910645e-01 6.160109639167785645e-01 5.708085298538208008e-01 4.420843124389648438e-01 5.235118865966796875e-01 8.063175082206726074e-01 5.089840292930603027e-01
6.156557798385620117e-01 5.163315534591674805e-01 5.097546577453613281e-01 3.873274922370910645e-01 4.929393231868743896e-01 5.708085298538208008e-01 6.691682338714599609e-01 5.235118865966796875e-01 8.063175082206726074e-01 6.671501994132995605e-01
8.271831870079040527e-01 5.552244782447814941e-01 6.302592158317565918e-01 8.140697479248046875e-01 4.952826499938964844e-01 4.798878133296966553e-01 7.805369496345520020e-01 5.235118865966796875e-01 6.377046704292297363e-01 3.674668371677398682e-01
8.271831870079040527e-01 7.165823578834533691e-01 6.302592158317565918e-01 9.159522056579589844e-01 4.952826499938964844e-01 4.798878133296966553e-01 8.599758148193359375e-01 5.235118865966796875e-01 7.493119239807128906e-01 7.511711716651916504e-01
7.908412814140319824e-01 6.637298464775085449e-01 6.302592158317565918e-01 9.159522056579589844e-01 3.834569156169891357e-01 4.798878133296966553e-01 8.198169469833374023e-01 5.235118865966796875e-01 7.493119239807128906e-01 7.511711716651916504e-01
6.680708527565002441e-01 2.839988768100738525e-01 5.097546577453613281e-01 8.698258996009826660e-01 3.834569156169891357e-01 4.798878133296966553e-01 6.600320935249328613e-01 5.235118865966796875e-01 3.509992957115173340e-01 6.967371702194213867e-01
8.199930191040039062e-01 6.092428565025329590e-01 6.302592158317565918e-01 7.910890579223632812e-01 3.421228229999542236e-01 4.798878133296966553e-01 4.848124980926513672e-01 6.369506716728210449e-01 3.509992957115173340e-01 7.642009854316711426e-01
4.163590967655181885e-01 4.238373637199401855e-01 6.302592158317565918e-01 8.586798310279846191e-01 2.611674070358276367e-01 4.798878133296966553e-01 4.201547503471374512e-01 6.369506716728210449e-01 3.509992957115173340e-01 7.642009854316711426e-01
3.598133027553558350e-01 4.528387486934661865e-01 6.302592158317565918e-01 5.659507513046264648e-01 1.071176528930664062e-01 6.779755949974060059e-01 4.422392845153808594e-01 2.620602250099182129e-01 3.641148805618286133e-01 4.872649908065795898e-01
6.042847633361816406e-01 7.549597620964050293e-01 6.302592158317565918e-01 5.389449000358581543e-01 1.954725831747055054e-01 5.954762697219848633e-01 2.004105746746063232e-01 2.620602250099182129e-01 1.717150062322616577e-01 3.275174200534820557e-01
9.110791087150573730e-01 5.901354551315307617e-01 6.302592158317565918e-01 7.864254713058471680e-01 4.084451496601104736e-01 4.798878133296966553e-01 6.464049816131591797e-01 2.620602250099182129e-01 6.434906125068664551e-01 5.773975849151611328e-01
5.224357843399047852e-01 7.077724933624267578e-01 5.097546577453613281e-01 7.864254713058471680e-01 2.958917617797851562e-01 4.798878133296966553e-01 5.745373368263244629e-01 6.369506716728210449e-01 6.938380002975463867e-01 8.369296789169311523e-01
8.383212685585021973e-01 4.980541169643402100e-01 5.097546577453613281e-01 5.986644029617309570e-01 5.529370307922363281e-01 5.708085298538208008e-01 6.347637176513671875e-01 6.369506716728210449e-01 8.812537789344787598e-01 8.009980916976928711e-01
6.680708527565002441e-01 5.601403862237930298e-02 5.097546577453613281e-01 3.794218003749847412e-01 4.315991699695587158e-01 4.798878133296966553e-01 5.354075431823730469e-01 6.369506716728210449e-01 3.509992957115173340e-01 8.009980916976928711e-01
6.846534609794616699e-01 4.468325972557067871e-01 6.302592158317565918e-01 5.008915662765502930e-01 9.320242404937744141e-01 7.504301667213439941e-01 5.901145935058593750e-01 6.369506716728210449e-01 3.509992957115173340e-01 5.956460833549499512e-01
6.888604760169982910e-01 9.085220694541931152e-01 6.302592158317565918e-01 6.629758477210998535e-01 5.489101409912109375e-01 6.489043235778808594e-01 5.885085463523864746e-01 6.369506716728210449e-01 6.191524267196655273e-01 6.537637114524841309e-01
3.942407667636871338e-01 9.386622905731201172e-01 4.161840081214904785e-01 6.732992529869079590e-01 4.028040170669555664e-01 8.275055885314941406e-01 6.250342130661010742e-01 5.235118865966796875e-01 4.239369332790374756e-01 3.537036180496215820e-01
3.848277926445007324e-01 8.351783156394958496e-01 4.161840081214904785e-01 4.519153833389282227e-01 5.220808982849121094e-01 8.275055885314941406e-01 7.600923776626586914e-01 5.235118865966796875e-01 5.121375322341918945e-01 8.789946436882019043e-01
8.199930191040039062e-01 7.252334952354431152e-01 6.302592158317565918e-01 3.679277598857879639e-01 7.218428254127502441e-01 8.275055885314941406e-01 6.767002344131469727e-01 5.235118865966796875e-01 6.725980639457702637e-01 7.370421886444091797e-01
6.042847633361816406e-01 6.805642247200012207e-01 6.302592158317565918e-01 5.188965201377868652e-01 4.589097499847412109e-01 6.489043235778808594e-01 5.510125756263732910e-01 4.750233292579650879e-01 5.264403820037841797e-01 4.981355071067810059e-01
3.598133027553558350e-01 8.345800042152404785e-01 6.302592158317565918e-01 6.795852780342102051e-01 2.174513787031173706e-01 3.674833178520202637e-01 5.510125756263732910e-01 2.620602250099182129e-01 4.515540301799774170e-01 6.068725585937500000e-01
3.660919666290283203e-01 7.396893501281738281e-01 5.097546577453613281e-01 4.565166234970092773e-01 5.040311217308044434e-01 4.304532408714294434e-01 3.874818384647369385e-01 2.620602250099182129e-01 5.065402984619140625e-01 3.275174200534820557e-01
3.660919666290283203e-01 1.406056527048349380e-02 5.097546577453613281e-01 6.232940033078193665e-02 2.800568044185638428e-01 2.359682470560073853e-01 2.895963490009307861e-01 2.620602250099182129e-01 5.065402984619140625e-01 2.312265783548355103e-01
2.108155786991119385e-01 4.435875639319419861e-02 5.097546577453613281e-01 1.908372491598129272e-01 2.682004868984222412e-01 4.304532408714294434e-01 2.684894204139709473e-01 2.620602250099182129e-01 2.326389253139495850e-01 8.626113831996917725e-02
2.786342799663543701e-01 3.592643439769744873e-01 4.161840081214904785e-01 1.908693909645080566e-01 5.616824030876159668e-01 5.708085298538208008e-01 3.298938870429992676e-01 2.620602250099182129e-01 2.547498047351837158e-01 1.678015589714050293e-01
2.786342799663543701e-01 1.952770799398422241e-01 4.161840081214904785e-01 1.231146976351737976e-01 3.132142126560211182e-01 5.708085298538208008e-01 3.448970913887023926e-01 2.620602250099182129e-01 2.547498047351837158e-01 1.678015589714050293e-01
6.636108756065368652e-01 3.168654441833496094e-01 6.073904633522033691e-01 1.276073306798934937e-01 2.828056514263153076e-01 5.213970541954040527e-01 3.448970913887023926e-01 5.235118865966796875e-01 2.547498047351837158e-01 4.984655976295471191e-01
6.636108756065368652e-01 4.211849868297576904e-01 5.097546577453613281e-01 2.159474045038223267e-01 5.435744524002075195e-01 5.708085298538208008e-01 4.868626892566680908e-01 5.235118865966796875e-01 4.988866746425628662e-01 4.334654808044433594e-01
3.121604919433593750e-01 3.793152272701263428e-01 5.097546577453613281e-01 4.823441803455352783e-01 4.930602610111236572e-01 3.797297775745391846e-01 5.871006846427917480e-01 5.235118865966796875e-01 7.994113564491271973e-01 3.653568625450134277e-01
3.962134122848510742e-01 6.455983519554138184e-01 4.161840081214904785e-01 4.823441803455352783e-01 8.537542819976806641e-01 5.708085298538208008e-01 7.622028589248657227e-01 5.235118865966796875e-01 5.777721405029296875e-01 3.653568625450134277e-01
3.962134122848510742e-01 2.603805661201477051e-01 4.161840081214904785e-01 3.427786231040954590e-01 2.088225632905960083e-01 3.080461919307708740e-01 2.234542369842529297e-01 5.235118865966796875e-01 5.712494254112243652e-01 3.653568625450134277e-01
7.404286861419677734e-01 4.604729413986206055e-01 4.161840081214904785e-01 6.743998527526855469e-01 4.555779695510864258e-01 3.080461919307708740e-01 8.363103866577148438e-01 5.235118865966796875e-01 2.484438717365264893e-01 4.929597377777099609e-01
7.404286861419677734e-01 6.276323795318603516e-01 5.097546577453613281e-01 4.648617208003997803e-01 4.555779695510864258e-01 4.304532408714294434e-01 3.496052324771881104e-01 5.235118865966796875e-01 3.893931508064270020e-01 4.674778580665588379e-01
5.865519642829895020e-01 2.444600015878677368e-01 5.097546577453613281e-01 4.687913060188293457e-01 1.876732409000396729e-01 5.213970541954040527e-01 2.453578412532806396e-01 5.235118865966796875e-01 3.785722255706787109e-01 3.175585865974426270e-01
4.550593495368957520e-01 5.705876350402832031e-01 5.097546577453613281e-01 3.304468989372253418e-01 4.376844763755798340e-01 5.708085298538208008e-01 3.085109293460845947e-01 5.235118865966796875e-01 2.830966711044311523e-01 4.674778580665588379e-01
8.096130490303039551e-01 1.590864509344100952e-01 5.097546577453613281e-01 3.966235220432281494e-01 6.166049242019653320e-01 5.213970541954040527e-01 4.890013635158538818e-01 5.235118865966796875e-01 5.162452459335327148e-01 3.626094162464141846e-01
8.096130490303039551e-01 2.797639071941375732e-01 5.097546577453613281e-01 3.705218732357025146e-01 6.575303077697753906e-01 3.277803063392639160e-01 6.736878752708435059e-01 5.235118865966796875e-01 4.209585189819335938e-01 4.674778580665588379e-01
7.037807106971740723e-01 6.240713596343994141e-01 5.097546577453613281e-01 4.097574949264526367e-01 7.971245050430297852e-01 3.731489181518554688e-01 4.987189173698425293e-01 5.235118865966796875e-01 5.949953198432922363e-01 8.198480606079101562e-01
7.037807106971740723e-01 2.396829724311828613e-01 4.161840081214904785e-01 1.344746649265289307e-01 5.784560441970825195e-01 2.988485097885131836e-01 2.488906681537628174e-01 5.235118865966796875e-01 3.745567798614501953e-01 3.606606721878051758e-01
6.144523620605468750e-01 2.781709134578704834e-01 6.073904633522033691e-01 2.758347690105438232e-01 6.763392090797424316e-01 6.377529501914978027e-01 1.584316790103912354e-01 5.235118865966796875e-01 4.375777244567871094e-01 4.103001058101654053e-01
7.037807106971740723e-01 4.249505102634429932e-01 6.073904633522033691e-01 2.473693937063217163e-01 2.490948587656021118e-01 6.368555426597595215e-01 2.503854036331176758e-01 5.235118865966796875e-01 3.745567798614501953e-01 5.811525583267211914e-01
8.096130490303039551e-01 4.249505102634429932e-01 4.161840081214904785e-01 7.417926788330078125e-01 5.126058459281921387e-01 2.988485097885131836e-01 6.012358069419860840e-01 5.235118865966796875e-01 3.444287776947021484e-01 3.606606721878051758e-01
6.144523620605468750e-01 4.767869710922241211e-01 5.097546577453613281e-01 8.746085166931152344e-01 6.596559286117553711e-01 5.708085298538208008e-01 7.042056918144226074e-01 5.235118865966796875e-01 7.218737602233886719e-01 7.085310816764831543e-01
7.223007082939147949e-01 3.196439743041992188e-01 4.161840081214904785e-01 5.155823230743408203e-01 5.574396252632141113e-01 5.708085298538208008e-01 7.482509016990661621e-01 5.235118865966796875e-01 4.134826660156250000e-01 7.157312035560607910e-01
5.055582523345947266e-01 4.863388538360595703e-01 4.161840081214904785e-01 5.232684612274169922e-01 8.046970367431640625e-01 5.708085298538208008e-01 8.117565512657165527e-01 5.235118865966796875e-01 4.285469651222229004e-01 7.157312035560607910e-01
3.371022641658782959e-01 4.848602414131164551e-01 5.097546577453613281e-01 5.232684612274169922e-01 6.133399009704589844e-01 5.708085298538208008e-01 3.029159009456634521e-01 5.235118865966796875e-01 5.615901350975036621e-01 8.152442574501037598e-01
7.630758881568908691e-01 3.196439743041992188e-01 5.097546577453613281e-01 3.700075447559356689e-01 4.791639447212219238e-01 5.708085298538208008e-01 3.957416117191314697e-01 5.235118865966796875e-01 5.615901350975036621e-01 6.589090228080749512e-01
6.156557798385620117e-01 3.888782858848571777e-01 5.097546577453613281e-01 2.781760394573211670e-01 4.791639447212219238e-01 5.708085298538208008e-01 2.314777672290802002e-01 5.235118865966796875e-01 4.758194684982299805e-01 6.589090228080749512e-01
4.700284898281097412e-01 3.998014032840728760e-01 5.097546577453613281e-01 3.240799605846405029e-01 6.817458271980285645e-01 5.708085298538208008e-01 2.561229467391967773e-01 5.235118865966796875e-01 9.108772873878479004e-01 5.089840292930603027e-01
4.700284898281097412e-01 5.097135901451110840e-01 5.097546577453613281e-01 7.026038765907287598e-01 5.758537650108337402e-01 5.708085298538208008e-01 4.420843124389648438e-01 5.235118865966796875e-01 7.493119239807128906e-01 6.671501994132995605e-01
4.700284898281097412e-01 5.937924981117248535e-01 5.097546577453613281e-01 1.295403242111206055e-01 6.817458271980285645e-01 5.708085298538208008e-01 5.711599588394165039e-01 5.235118865966796875e-01 3.509992957115173340e-01 7.642009854316711426e-01
4.190837442874908447e-01 7.364029884338378906e-01 5.097546577453613281e-01 9.434218406677246094e-01 1.025176420807838440e-01 4.798878133296966553e-01 3.807686865329742432e-01 5.235118865966796875e-01 6.179478764533996582e-01 8.098307847976684570e-01
