7.596835494041442871e-01 6.692280769348144531e-01 5.474808216094970703e-01 5.903909206390380859e-01 5.291810631752014160e-01 5.279388427734375000e-01 8.285681605339050293e-01 3.953804373741149902e-01 6.150144934654235840e-01 3.954937756061553955e-01
7.596835494041442871e-01 6.692280769348144531e-01 5.474808216094970703e-01 4.995399117469787598e-01 5.291810631752014160e-01 5.279388427734375000e-01 7.650793790817260742e-01 3.953804373741149902e-01 3.076354861259460449e-01 3.954937756061553955e-01
7.198172211647033691e-01 6.692280769348144531e-01 4.351315200328826904e-01 5.484299659729003906e-01 4.787569642066955566e-01 5.279388427734375000e-01 6.546096205711364746e-01 5.263932943344116211e-01 6.425799131393432617e-01 3.266162276268005371e-01
7.632752060890197754e-01 6.692280769348144531e-01 3.215724229812622070e-01 4.995399117469787598e-01 4.787569642066955566e-01 5.279388427734375000e-01 6.067329049110412598e-01 6.651787757873535156e-01 6.150144934654235840e-01 3.266162276268005371e-01
6.707019805908203125e-01 6.692280769348144531e-01 7.396343946456909180e-01 5.484299659729003906e-01 4.787569642066955566e-01 5.279388427734375000e-01 6.495955586433410645e-01 6.651787757873535156e-01 5.665181875228881836e-01 3.266162276268005371e-01
6.176148653030395508e-01 6.692280769348144531e-01 6.876341104507446289e-01 4.995399117469787598e-01 4.787569642066955566e-01 5.279388427734375000e-01 5.168815851211547852e-01 5.438948869705200195e-01 5.373106002807617188e-01 3.266162276268005371e-01
6.176148653030395508e-01 6.692280769348144531e-01 6.876341104507446289e-01 4.995399117469787598e-01 4.787569642066955566e-01 5.279388427734375000e-01 6.014470458030700684e-01 5.438948869705200195e-01 4.829565882682800293e-01 2.801119983196258545e-01
3.808136284351348877e-01 4.882092177867889404e-01 5.389147996902465820e-01 4.995399117469787598e-01 4.787569642066955566e-01 5.279388427734375000e-01 6.960125565528869629e-01 5.438948869705200195e-01 4.829565882682800293e-01 4.402324259281158447e-01
5.859766602516174316e-01 4.882092177867889404e-01 5.389147996902465820e-01 4.995399117469787598e-01 4.787569642066955566e-01 4.718164503574371338e-01 6.067329049110412598e-01 7.132391929626464844e-01 4.829565882682800293e-01 4.402324259281158447e-01
1.608045697212219238e-01 4.882092177867889404e-01 5.389147996902465820e-01 4.995399117469787598e-01 4.787569642066955566e-01 4.718164503574371338e-01 6.067329049110412598e-01 7.132391929626464844e-01 4.829565882682800293e-01 4.402324259281158447e-01
2.788332402706146240e-01 4.882092177867889404e-01 5.714939236640930176e-01 5.484299659729003906e-01 4.043730199337005615e-01 4.718164503574371338e-01 5.066090226173400879e-01 7.302884459495544434e-01 5.124821662902832031e-01 5.840457081794738770e-01
4.018237590789794922e-01 4.882092177867889404e-01 2.663884460926055908e-01 4.995399117469787598e-01 4.043730199337005615e-01 4.718164503574371338e-01 2.996519207954406738e-01 4.330368638038635254e-01 4.471957087516784668e-01 4.837479889392852783e-01
4.574266374111175537e-01 4.882092177867889404e-01 3.904661536216735840e-01 4.995399117469787598e-01 4.043730199337005615e-01 4.718164503574371338e-01 6.097254753112792969e-01 4.330368638038635254e-01 4.182049334049224854e-01 5.840457081794738770e-01
4.574266374111175537e-01 4.882092177867889404e-01 3.313919901847839355e-01 4.995399117469787598e-01 4.043730199337005615e-01 4.718164503574371338e-01 4.862884581089019775e-01 4.330368638038635254e-01 4.182049334049224854e-01 4.837479889392852783e-01
4.574266374111175537e-01 4.882092177867889404e-01 3.313919901847839355e-01 4.995399117469787598e-01 4.043730199337005615e-01 4.718164503574371338e-01 5.336050391197204590e-01 5.438948869705200195e-01 4.182049334049224854e-01 3.441953957080841064e-01
3.561255931854248047e-01 4.882092177867889404e-01 3.612548708915710449e-01 5.484299659729003906e-01 3.905135095119476318e-01 4.718164503574371338e-01 3.052296340465545654e-01 3.484921455383300781e-01 4.471957087516784668e-01 2.778931558132171631e-01
4.574266374111175537e-01 4.882092177867889404e-01 3.313919901847839355e-01 4.995399117469787598e-01 3.905135095119476318e-01 4.718164503574371338e-01 2.634174823760986328e-01 3.484921455383300781e-01 4.182049334049224854e-01 2.778931558132171631e-01
5.092799663543701172e-01 4.882092177867889404e-01 4.248115718364715576e-01 4.995399117469787598e-01 4.660004377365112305e-01 4.718164503574371338e-01 3.052296340465545654e-01 3.484921455383300781e-01 4.182049334049224854e-01 4.384985864162445068e-01
2.962189614772796631e-01 3.614464998245239258e-01 3.476235866546630859e-01 4.471980035305023193e-01 3.552792370319366455e-01 4.718164503574371338e-01 3.171185851097106934e-01 4.182499349117279053e-01 2.512834668159484863e-01 2.861285507678985596e-01
2.502473890781402588e-01 3.614464998245239258e-01 3.359720408916473389e-01 4.995399117469787598e-01 3.474078476428985596e-01 4.718164503574371338e-01 5.633922815322875977e-01 2.988072037696838379e-01 3.704721331596374512e-01 2.861285507678985596e-01
6.418548822402954102e-01 4.882092177867889404e-01 5.082266926765441895e-01 4.995399117469787598e-01 4.660004377365112305e-01 4.718164503574371338e-01 5.904768109321594238e-01 5.152923464775085449e-01 4.182049334049224854e-01 4.449865520000457764e-01
5.576111078262329102e-01 4.882092177867889404e-01 4.248115718364715576e-01 4.995399117469787598e-01 4.660004377365112305e-01 4.718164503574371338e-01 5.004609227180480957e-01 5.152923464775085449e-01 4.182049334049224854e-01 3.666744530200958252e-01
5.576111078262329102e-01 4.882092177867889404e-01 5.082266926765441895e-01 4.995399117469787598e-01 4.660004377365112305e-01 4.718164503574371338e-01 5.004609227180480957e-01 5.152923464775085449e-01 4.182049334049224854e-01 3.666744530200958252e-01
6.932481527328491211e-01 4.882092177867889404e-01 4.946262538433074951e-01 5.484299659729003906e-01 4.888737499713897705e-01 4.718164503574371338e-01 4.131663143634796143e-01 4.267768561840057373e-01 4.471957087516784668e-01 4.449865520000457764e-01
4.691948890686035156e-01 3.614464998245239258e-01 4.634490609169006348e-01 4.995399117469787598e-01 4.888737499713897705e-01 4.718164503574371338e-01 6.267826557159423828e-01 4.267768561840057373e-01 3.984200358390808105e-01 4.449865520000457764e-01
4.691948890686035156e-01 3.614464998245239258e-01 3.211300671100616455e-01 3.993515670299530029e-01 4.888737499713897705e-01 4.718164503574371338e-01 6.267826557159423828e-01 4.267768561840057373e-01 4.471957087516784668e-01 4.449865520000457764e-01
6.418548822402954102e-01 4.882092177867889404e-01 5.082266926765441895e-01 4.995399117469787598e-01 5.634432435035705566e-01 4.718164503574371338e-01 5.775379538536071777e-01 5.152923464775085449e-01 4.182049334049224854e-01 4.449865520000457764e-01
6.418548822402954102e-01 4.882092177867889404e-01 4.605853557586669922e-01 4.995399117469787598e-01 4.888737499713897705e-01 4.718164503574371338e-01 5.673949122428894043e-01 5.152923464775085449e-01 4.182049334049224854e-01 4.449865520000457764e-01
5.576111078262329102e-01 4.882092177867889404e-01 4.147492945194244385e-01 4.995399117469787598e-01 4.888737499713897705e-01 4.718164503574371338e-01 5.827201008796691895e-01 5.152923464775085449e-01 4.182049334049224854e-01 4.384985864162445068e-01
5.576111078262329102e-01 4.882092177867889404e-01 4.670760929584503174e-01 4.995399117469787598e-01 4.888737499713897705e-01 4.718164503574371338e-01 4.924646914005279541e-01 5.607181191444396973e-01 4.182049334049224854e-01 2.219758629798889160e-01
5.576111078262329102e-01 4.882092177867889404e-01 4.312011599540710449e-01 4.995399117469787598e-01 4.888737499713897705e-01 4.718164503574371338e-01 4.924646914005279541e-01 5.152923464775085449e-01 4.182049334049224854e-01 4.099230468273162842e-01
3.605056107044219971e-01 4.882092177867889404e-01 2.824139297008514404e-01 4.995399117469787598e-01 4.266381859779357910e-01 4.718164503574371338e-01 5.550035834312438965e-01 3.953804373741149902e-01 4.182049334049224854e-01 4.219008088111877441e-01
6.437514424324035645e-01 4.882092177867889404e-01 4.713160693645477295e-01 4.995399117469787598e-01 6.104602813720703125e-01 4.718164503574371338e-01 6.219382882118225098e-01 3.953804373741149902e-01 4.829565882682800293e-01 4.219008088111877441e-01
6.437514424324035645e-01 4.882092177867889404e-01 4.713160693645477295e-01 4.995399117469787598e-01 6.104602813720703125e-01 4.718164503574371338e-01 6.219382882118225098e-01 3.953804373741149902e-01 4.829565882682800293e-01 4.219008088111877441e-01
6.437514424324035645e-01 4.882092177867889404e-01 5.019667744636535645e-01 4.995399117469787598e-01 5.884474515914916992e-01 4.718164503574371338e-01 5.914719700813293457e-01 3.953804373741149902e-01 4.829565882682800293e-01 4.219008088111877441e-01
6.707019805908203125e-01 4.882092177867889404e-01 7.625657916069030762e-01 4.995399117469787598e-01 5.884474515914916992e-01 4.718164503574371338e-01 6.401045322418212891e-01 3.953804373741149902e-01 5.124821662902832031e-01 4.219008088111877441e-01
6.138198375701904297e-01 4.882092177867889404e-01 6.369174718856811523e-01 5.484299659729003906e-01 5.884474515914916992e-01 4.718164503574371338e-01 6.619440913200378418e-01 6.696173548698425293e-01 4.471957087516784668e-01 4.219008088111877441e-01
5.576111078262329102e-01 4.882092177867889404e-01 5.190906524658203125e-01 4.995399117469787598e-01 5.884474515914916992e-01 4.718164503574371338e-01 5.232778787612915039e-01 5.438948869705200195e-01 4.182049334049224854e-01 4.219008088111877441e-01
5.576111078262329102e-01 4.882092177867889404e-01 5.190906524658203125e-01 4.995399117469787598e-01 4.804272651672363281e-01 4.718164503574371338e-01 6.145739555358886719e-01 5.152923464775085449e-01 4.182049334049224854e-01 4.837479889392852783e-01
5.576111078262329102e-01 4.882092177867889404e-01 5.171945691108703613e-01 4.995399117469787598e-01 4.804272651672363281e-01 4.718164503574371338e-01 4.250519573688507080e-01 4.330368638038635254e-01 4.182049334049224854e-01 4.837479889392852783e-01
6.176148653030395508e-01 4.882092177867889404e-01 7.133705019950866699e-01 4.995399117469787598e-01 4.043730199337005615e-01 4.718164503574371338e-01 4.412045478820800781e-01 4.330368638038635254e-01 4.829565882682800293e-01 4.837479889392852783e-01
6.176148653030395508e-01 4.882092177867889404e-01 6.640037894248962402e-01 4.995399117469787598e-01 4.043730199337005615e-01 4.718164503574371338e-01 4.412045478820800781e-01 4.330368638038635254e-01 4.829565882682800293e-01 4.837479889392852783e-01
5.433685779571533203e-01 4.882092177867889404e-01 5.019667744636535645e-01 4.995399117469787598e-01 3.514569997787475586e-01 4.718164503574371338e-01 4.412045478820800781e-01 2.952012419700622559e-01 4.829565882682800293e-01 4.837479889392852783e-01
5.776838064193725586e-01 4.882092177867889404e-01 5.019667744636535645e-01 4.995399117469787598e-01 5.329987406730651855e-01 4.718164503574371338e-01 5.914719700813293457e-01 3.953804373741149902e-01 5.623536705970764160e-01 4.219008088111877441e-01
5.776838064193725586e-01 4.882092177867889404e-01 5.055399537086486816e-01 4.995399117469787598e-01 5.329987406730651855e-01 4.718164503574371338e-01 5.914719700813293457e-01 3.953804373741149902e-01 5.623536705970764160e-01 4.219008088111877441e-01
5.776838064193725586e-01 4.882092177867889404e-01 5.055399537086486816e-01 4.995399117469787598e-01 5.329987406730651855e-01 4.718164503574371338e-01 5.063903331756591797e-01 3.953804373741149902e-01 5.623536705970764160e-01 4.219008088111877441e-01
7.552927732467651367e-01 4.882092177867889404e-01 6.242837309837341309e-01 5.484299659729003906e-01 5.329987406730651855e-01 4.718164503574371338e-01 6.615153551101684570e-01 5.263932943344116211e-01 5.911831855773925781e-01 5.795907378196716309e-01
5.728746652603149414e-01 4.882092177867889404e-01 7.219828963279724121e-01 5.484299659729003906e-01 5.329987406730651855e-01 4.718164503574371338e-01 6.615153551101684570e-01 6.696173548698425293e-01 5.124821662902832031e-01 5.795907378196716309e-01
3.569838702678680420e-01 4.882092177867889404e-01 3.591242730617523193e-01 4.995399117469787598e-01 5.329987406730651855e-01 4.718164503574371338e-01 5.467172265052795410e-01 5.438948869705200195e-01 4.182049334049224854e-01 5.795907378196716309e-01
5.114042758941650391e-01 4.882092177867889404e-01 6.369174718856811523e-01 5.484299659729003906e-01 4.105789661407470703e-01 4.718164503574371338e-01 4.129895865917205811e-01 3.484921455383300781e-01 4.471957087516784668e-01 4.837479889392852783e-01
4.628875255584716797e-01 4.882092177867889404e-01 4.742789566516876221e-01 5.484299659729003906e-01 4.105789661407470703e-01 4.718164503574371338e-01 6.101979613304138184e-01 4.267768561840057373e-01 4.471957087516784668e-01 4.384985864162445068e-01
4.059705138206481934e-01 4.882092177867889404e-01 5.190906524658203125e-01 4.995399117469787598e-01 4.246545135974884033e-01 4.718164503574371338e-01 4.718058407306671143e-01 3.484921455383300781e-01 4.182049334049224854e-01 4.384985864162445068e-01
6.711463332176208496e-01 4.882092177867889404e-01 3.489117920398712158e-01 4.995399117469787598e-01 5.329987406730651855e-01 4.718164503574371338e-01 7.786639928817749023e-01 5.438948869705200195e-01 4.829565882682800293e-01 5.795907378196716309e-01
3.213997483253479004e-01 4.882092177867889404e-01 3.794574439525604248e-01 4.995399117469787598e-01 3.514569997787475586e-01 4.718164503574371338e-01 6.136193275451660156e-01 4.330368638038635254e-01 5.124821662902832031e-01 4.837479889392852783e-01
3.213997483253479004e-01 4.882092177867889404e-01 6.927828788757324219e-01 4.995399117469787598e-01 3.514569997787475586e-01 4.718164503574371338e-01 6.136193275451660156e-01 4.330368638038635254e-01 5.124821662902832031e-01 4.837479889392852783e-01
3.728097975254058838e-01 4.882092177867889404e-01 6.640037894248962402e-01 4.995399117469787598e-01 3.514569997787475586e-01 4.718164503574371338e-01 5.638464093208312988e-01 4.330368638038635254e-01 4.829565882682800293e-01 4.837479889392852783e-01
5.776838064193725586e-01 4.882092177867889404e-01 5.055399537086486816e-01 4.995399117469787598e-01 3.514569997787475586e-01 4.718164503574371338e-01 4.742209315299987793e-01 2.952012419700622559e-01 4.829565882682800293e-01 4.837479889392852783e-01
4.284307956695556641e-01 4.882092177867889404e-01 7.395796775817871094e-01 5.484299659729003906e-01 4.322179257869720459e-01 4.718164503574371338e-01 6.136193275451660156e-01 5.648699998855590820e-01 5.124821662902832031e-01 4.837479889392852783e-01
3.728097975254058838e-01 4.882092177867889404e-01 6.522903442382812500e-01 4.995399117469787598e-01 3.383808135986328125e-01 4.718164503574371338e-01 5.638464093208312988e-01 4.330368638038635254e-01 4.829565882682800293e-01 4.837479889392852783e-01
4.628875255584716797e-01 4.882092177867889404e-01 5.519057512283325195e-01 5.484299659729003906e-01 4.105789661407470703e-01 4.718164503574371338e-01 3.584770560264587402e-01 3.484921455383300781e-01 4.471957087516784668e-01 4.384985864162445068e-01
3.569838702678680420e-01 4.882092177867889404e-01 5.171945691108703613e-01 4.995399117469787598e-01 5.185688138008117676e-01 4.718164503574371338e-01 4.778628051280975342e-01 5.438948869705200195e-01 4.182049334049224854e-01 5.795907378196716309e-01
3.728097975254058838e-01 4.882092177867889404e-01 7.906367182731628418e-01 4.995399117469787598e-01 5.329987406730651855e-01 4.718164503574371338e-01 7.033112645149230957e-01 5.438948869705200195e-01 4.829565882682800293e-01 6.738232374191284180e-01
2.197175323963165283e-01 4.882092177867889404e-01 5.692283511161804199e-01 4.995399117469787598e-01 3.514569997787475586e-01 4.718164503574371338e-01 5.723814368247985840e-01 6.143570542335510254e-01 4.829565882682800293e-01 6.738232374191284180e-01
8.244552016258239746e-01 4.882092177867889404e-01 7.150770425796508789e-01 4.995399117469787598e-01 5.329987406730651855e-01 4.718164503574371338e-01 4.831607639789581299e-01 7.132391929626464844e-01 5.623536705970764160e-01 6.738232374191284180e-01
2.459772676229476929e-01 4.882092177867889404e-01 3.129050731658935547e-01 4.995399117469787598e-01 2.184858322143554688e-01 4.718164503574371338e-01 3.584636151790618896e-01 4.911909401416778564e-01 2.632940113544464111e-01 6.738232374191284180e-01
2.368242889642715454e-01 4.882092177867889404e-01 8.030997514724731445e-01 5.484299659729003906e-01 2.014504671096801758e-01 4.718164503574371338e-01 3.586025238037109375e-01 6.213265061378479004e-01 5.911831855773925781e-01 6.738232374191284180e-01
7.527167201042175293e-01 4.882092177867889404e-01 6.822895407676696777e-01 5.484299659729003906e-01 5.073609352111816406e-01 4.718164503574371338e-01 4.833115339279174805e-01 8.733165264129638672e-01 5.911831855773925781e-01 6.738232374191284180e-01
6.610445976257324219e-01 4.882092177867889404e-01 6.822895407676696777e-01 5.484299659729003906e-01 4.230201840400695801e-01 4.718164503574371338e-01 5.619086623191833496e-01 8.733165264129638672e-01 5.124821662902832031e-01 6.738232374191284180e-01
7.099452614784240723e-01 4.882092177867889404e-01 6.246485710144042969e-01 4.995399117469787598e-01 4.230201840400695801e-01 4.718164503574371338e-01 5.107852816581726074e-01 5.438948869705200195e-01 4.829565882682800293e-01 6.738232374191284180e-01
5.776838064193725586e-01 4.882092177867889404e-01 6.246485710144042969e-01 4.995399117469787598e-01 4.230201840400695801e-01 4.718164503574371338e-01 4.911047816276550293e-01 5.438948869705200195e-01 4.829565882682800293e-01 6.738232374191284180e-01
5.776838064193725586e-01 4.882092177867889404e-01 5.692283511161804199e-01 4.995399117469787598e-01 4.230201840400695801e-01 4.718164503574371338e-01 4.911047816276550293e-01 5.438948869705200195e-01 4.829565882682800293e-01 6.738232374191284180e-01
7.552927732467651367e-01 4.882092177867889404e-01 8.394260406494140625e-01 5.484299659729003906e-01 5.073609352111816406e-01 4.718164503574371338e-01 6.707322001457214355e-01 6.984090805053710938e-01 5.124821662902832031e-01 6.738232374191284180e-01
3.656550049781799316e-01 4.882092177867889404e-01 3.770710527896881104e-01 5.484299659729003906e-01 3.514569997787475586e-01 4.718164503574371338e-01 4.342543780803680420e-01 5.973003506660461426e-01 4.471957087516784668e-01 5.392135381698608398e-01
2.962189614772796631e-01 3.614464998245239258e-01 4.269255995750427246e-01 5.484299659729003906e-01 4.692778289318084717e-01 4.718164503574371338e-01 5.032910704612731934e-01 5.486074686050415039e-01 4.304904341697692871e-01 6.945486068725585938e-01
2.502473890781402588e-01 3.614464998245239258e-01 2.901760935783386230e-01 4.995399117469787598e-01 3.104664683341979980e-01 4.718164503574371338e-01 4.562604725360870361e-01 2.062172591686248779e-01 4.017954766750335693e-01 3.509173989295959473e-01
2.962189614772796631e-01 3.614464998245239258e-01 3.180918693542480469e-01 4.995399117469787598e-01 4.692778289318084717e-01 4.718164503574371338e-01 5.998760461807250977e-01 3.047336339950561523e-01 4.304904341697692871e-01 3.509173989295959473e-01
2.962189614772796631e-01 3.614464998245239258e-01 4.269255995750427246e-01 4.471980035305023193e-01 5.111088752746582031e-01 4.718164503574371338e-01 5.327131152153015137e-01 4.182499349117279053e-01 3.984200358390808105e-01 3.509173989295959473e-01
4.535592496395111084e-01 4.882092177867889404e-01 4.550409913063049316e-01 4.995399117469787598e-01 4.105789661407470703e-01 4.718164503574371338e-01 3.216279745101928711e-01 4.330368638038635254e-01 4.182049334049224854e-01 4.384985864162445068e-01
4.535592496395111084e-01 4.882092177867889404e-01 4.724878668785095215e-01 4.995399117469787598e-01 5.023583173751831055e-01 4.718164503574371338e-01 3.715059161186218262e-01 4.330368638038635254e-01 4.182049334049224854e-01 5.392135381698608398e-01
5.114042758941650391e-01 4.882092177867889404e-01 3.457925617694854736e-01 5.484299659729003906e-01 5.023583173751831055e-01 4.718164503574371338e-01 4.645172953605651855e-01 4.330368638038635254e-01 3.984200358390808105e-01 4.475500583648681641e-01
3.569838702678680420e-01 4.882092177867889404e-01 3.174042701721191406e-01 4.995399117469787598e-01 4.256766140460968018e-01 4.718164503574371338e-01 3.715059161186218262e-01 4.330368638038635254e-01 3.704721331596374512e-01 4.475500583648681641e-01
3.569838702678680420e-01 4.882092177867889404e-01 3.651113808155059814e-01 4.995399117469787598e-01 4.256766140460968018e-01 4.718164503574371338e-01 3.715059161186218262e-01 4.330368638038635254e-01 4.182049334049224854e-01 5.840457081794738770e-01
3.569838702678680420e-01 4.882092177867889404e-01 3.079352378845214844e-01 4.995399117469787598e-01 4.256766140460968018e-01 4.718164503574371338e-01 4.206762611865997314e-01 6.143570542335510254e-01 4.182049334049224854e-01 4.837479889392852783e-01
3.569838702678680420e-01 4.882092177867889404e-01 5.236635804176330566e-01 4.995399117469787598e-01 5.006852149963378906e-01 4.718164503574371338e-01 5.710976719856262207e-01 7.132391929626464844e-01 4.182049334049224854e-01 6.738232374191284180e-01
3.569838702678680420e-01 4.882092177867889404e-01 5.236635804176330566e-01 4.995399117469787598e-01 5.006852149963378906e-01 4.718164503574371338e-01 5.201308727264404297e-01 7.132391929626464844e-01 4.182049334049224854e-01 6.738232374191284180e-01
3.569838702678680420e-01 4.882092177867889404e-01 5.236635804176330566e-01 4.995399117469787598e-01 5.006852149963378906e-01 4.718164503574371338e-01 4.882115423679351807e-01 7.132391929626464844e-01 4.182049334049224854e-01 6.738232374191284180e-01
3.569838702678680420e-01 4.882092177867889404e-01 5.236635804176330566e-01 4.995399117469787598e-01 4.230201840400695801e-01 4.718164503574371338e-01 6.893467903137207031e-01 5.008684396743774414e-01 4.182049334049224854e-01 6.738232374191284180e-01
4.117939174175262451e-01 4.882092177867889404e-01 4.304252564907073975e-01 4.995399117469787598e-01 4.230201840400695801e-01 4.718164503574371338e-01 7.316148877143859863e-01 6.314273476600646973e-01 4.471957087516784668e-01 6.738232374191284180e-01
3.569838702678680420e-01 4.882092177867889404e-01 5.236635804176330566e-01 4.995399117469787598e-01 4.230201840400695801e-01 4.718164503574371338e-01 6.893467903137207031e-01 6.766917109489440918e-01 4.182049334049224854e-01 6.738232374191284180e-01
6.954283714294433594e-01 4.882092177867889404e-01 5.657200813293457031e-01 4.995399117469787598e-01 4.230201840400695801e-01 4.718164503574371338e-01 7.453458905220031738e-01 6.766917109489440918e-01 4.829565882682800293e-01 6.738232374191284180e-01
3.338729143142700195e-01 4.882092177867889404e-01 6.791831254959106445e-01 4.995399117469787598e-01 4.230201840400695801e-01 4.718164503574371338e-01 6.556395888328552246e-01 6.766917109489440918e-01 5.124821662902832031e-01 6.738232374191284180e-01
6.954283714294433594e-01 4.882092177867889404e-01 5.657200813293457031e-01 4.995399117469787598e-01 4.230201840400695801e-01 4.718164503574371338e-01 5.564440488815307617e-01 6.766917109489440918e-01 4.829565882682800293e-01 6.738232374191284180e-01
6.954283714294433594e-01 4.882092177867889404e-01 5.657200813293457031e-01 4.995399117469787598e-01 4.230201840400695801e-01 4.718164503574371338e-01 5.333995223045349121e-01 6.766917109489440918e-01 5.623536705970764160e-01 6.738232374191284180e-01
8.244552016258239746e-01 4.559257030487060547e-01 5.657200813293457031e-01 4.995399117469787598e-01 4.230201840400695801e-01 4.718164503574371338e-01 5.333995223045349121e-01 6.766917109489440918e-01 5.623536705970764160e-01 6.738232374191284180e-01
3.338729143142700195e-01 4.559257030487060547e-01 6.312401890754699707e-01 5.484299659729003906e-01 4.322179257869720459e-01 4.718164503574371338e-01 5.682100057601928711e-01 6.959269046783447266e-01 5.911831855773925781e-01 5.840457081794738770e-01
8.244552016258239746e-01 4.559257030487060547e-01 5.657200813293457031e-01 4.995399117469787598e-01 4.230201840400695801e-01 4.718164503574371338e-01 5.333995223045349121e-01 6.766917109489440918e-01 5.623536705970764160e-01 6.738232374191284180e-01
8.244552016258239746e-01 4.559257030487060547e-01 5.657200813293457031e-01 4.995399117469787598e-01 3.127250075340270996e-01 4.718164503574371338e-01 3.534032106399536133e-01 8.340413570404052734e-01 5.623536705970764160e-01 6.738232374191284180e-01
6.330206394195556641e-01 4.559257030487060547e-01 7.472609281539916992e-01 5.484299659729003906e-01 5.232769250869750977e-01 4.718164503574371338e-01 6.620469689369201660e-01 8.912487626075744629e-01 5.124821662902832031e-01 6.738232374191284180e-01
3.728097975254058838e-01 4.559257030487060547e-01 4.848595857620239258e-01 4.995399117469787598e-01 3.127250075340270996e-01 4.718164503574371338e-01 3.732406198978424072e-01 6.715433001518249512e-01 5.159950852394104004e-01 6.738232374191284180e-01
3.213997483253479004e-01 4.559257030487060547e-01 4.647870659828186035e-01 5.484299659729003906e-01 2.751652300357818604e-01 4.718164503574371338e-01 7.406045198440551758e-01 5.198951363563537598e-01 5.454097986221313477e-01 5.840457081794738770e-01
3.728097975254058838e-01 4.559257030487060547e-01 5.424085855484008789e-01 4.995399117469787598e-01 4.386462271213531494e-01 4.718164503574371338e-01 3.952267169952392578e-01 4.975639581680297852e-01 5.159950852394104004e-01 6.738232374191284180e-01
6.711463332176208496e-01 4.559257030487060547e-01 5.424085855484008789e-01 4.995399117469787598e-01 3.127250075340270996e-01 4.718164503574371338e-01 3.732406198978424072e-01 6.737931370735168457e-01 5.159950852394104004e-01 6.738232374191284180e-01
8.244552016258239746e-01 4.559257030487060547e-01 4.848595857620239258e-01 4.995399117469787598e-01 3.127250075340270996e-01 4.718164503574371338e-01 3.534032106399536133e-01 4.144217073917388916e-01 4.829565882682800293e-01 6.738232374191284180e-01
8.244552016258239746e-01 4.559257030487060547e-01 4.848595857620239258e-01 4.995399117469787598e-01 3.127250075340270996e-01 4.718164503574371338e-01 3.534032106399536133e-01 4.144217073917388916e-01 5.623536705970764160e-01 6.738232374191284180e-01
5.318924188613891602e-01 4.559257030487060547e-01 3.129050731658935547e-01 4.995399117469787598e-01 1.606557220220565796e-01 4.718164503574371338e-01 3.534032106399536133e-01 9.531737118959426880e-02 2.632940113544464111e-01 5.065385699272155762e-01
3.015132546424865723e-01 3.535200059413909912e-01 2.915806770324707031e-01 4.242443740367889404e-01 2.071680277585983276e-01 4.718164503574371338e-01 4.045026302337646484e-01 1.737404614686965942e-01 1.199969723820686340e-01 2.544524669647216797e-01
2.590771019458770752e-01 3.535200059413909912e-01 5.802702903747558594e-01 4.727259874343872070e-01 3.247968852519989014e-01 4.718164503574371338e-01 5.530030727386474609e-01 9.640819579362869263e-02 3.555611670017242432e-01 5.065385699272155762e-01
4.749718904495239258e-01 3.535200059413909912e-01 4.848595857620239258e-01 4.995399117469787598e-01 3.393216729164123535e-01 4.718164503574371338e-01 3.550139367580413818e-01 4.947662949562072754e-01 5.159950852394104004e-01 5.065385699272155762e-01
6.135441660881042480e-01 3.535200059413909912e-01 6.046862602233886719e-01 5.484299659729003906e-01 4.190960526466369629e-01 4.718164503574371338e-01 7.756983041763305664e-01 5.732333064079284668e-01 5.454097986221313477e-01 5.065385699272155762e-01
5.972300171852111816e-01 4.559257030487060547e-01 7.620124816894531250e-01 5.484299659729003906e-01 4.190960526466369629e-01 4.718164503574371338e-01 2.876826524734497070e-01 5.310804843902587891e-01 4.800591766834259033e-01 5.065385699272155762e-01
2.259389311075210571e-01 4.559257030487060547e-01 7.289858460426330566e-01 4.995399117469787598e-01 3.393216729164123535e-01 4.718164503574371338e-01 2.759588956832885742e-01 3.704574108123779297e-01 4.506748318672180176e-01 6.738232374191284180e-01
1.123119220137596130e-01 4.559257030487060547e-01 7.289858460426330566e-01 4.995399117469787598e-01 3.393216729164123535e-01 4.718164503574371338e-01 2.759588956832885742e-01 3.704574108123779297e-01 4.506748318672180176e-01 5.065385699272155762e-01
2.176284044981002808e-01 3.535200059413909912e-01 8.138303756713867188e-01 5.484299659729003906e-01 3.393216729164123535e-01 4.718164503574371338e-01 5.161932110786437988e-01 3.683694601058959961e-01 4.800591766834259033e-01 5.065385699272155762e-01
3.466345965862274170e-01 4.559257030487060547e-01 4.518223702907562256e-01 5.484299659729003906e-01 4.940360784530639648e-01 4.718164503574371338e-01 5.424397587776184082e-01 5.310804843902587891e-01 4.800591766834259033e-01 2.209296375513076782e-01
1.125614643096923828e-01 4.559257030487060547e-01 4.391632378101348877e-01 4.995399117469787598e-01 2.751652300357818604e-01 4.718164503574371338e-01 4.648161232471466064e-01 3.683694601058959961e-01 4.017954766750335693e-01 4.342281222343444824e-01
1.123119220137596130e-01 3.535200059413909912e-01 2.882377207279205322e-01 4.995399117469787598e-01 2.397828102111816406e-01 4.718164503574371338e-01 2.231968045234680176e-01 1.774486303329467773e-01 4.017954766750335693e-01 2.863609492778778076e-01
5.972300171852111816e-01 3.535200059413909912e-01 5.686640739440917969e-01 4.727259874343872070e-01 1.230327934026718140e-01 4.718164503574371338e-01 4.613987803459167480e-01 3.098624646663665771e-01 4.800591766834259033e-01 2.760793566703796387e-01
1.125614643096923828e-01 3.535200059413909912e-01 5.610871315002441406e-01 4.995399117469787598e-01 2.751652300357818604e-01 4.718164503574371338e-01 3.188998997211456299e-01 3.683694601058959961e-01 4.506748318672180176e-01 2.760793566703796387e-01
1.125614643096923828e-01 3.535200059413909912e-01 5.675040483474731445e-01 4.995399117469787598e-01 2.751652300357818604e-01 4.718164503574371338e-01 2.759588956832885742e-01 1.456152349710464478e-01 4.506748318672180176e-01 2.760793566703796387e-01
3.656944334506988525e-01 3.321059346199035645e-01 5.800365209579467773e-01 4.471980035305023193e-01 7.284366488456726074e-01 4.718164503574371338e-01 4.894783794879913330e-01 5.341511964797973633e-01 4.800591766834259033e-01 5.258293747901916504e-01
7.876490354537963867e-01 3.321059346199035645e-01 8.187930583953857422e-01 4.471980035305023193e-01 6.287832260131835938e-01 4.718164503574371338e-01 6.622601151466369629e-01 3.583989441394805908e-01 7.023221254348754883e-01 5.803426504135131836e-01
4.843186438083648682e-01 3.321059346199035645e-01 5.684970021247863770e-01 3.993515670299530029e-01 5.380829572677612305e-01 4.718164503574371338e-01 6.636471748352050781e-01 6.143769025802612305e-01 2.539385557174682617e-01 5.803426504135131836e-01
5.421941876411437988e-01 3.321059346199035645e-01 7.223250865936279297e-01 3.993515670299530029e-01 6.958309412002563477e-01 4.718164503574371338e-01 7.802264690399169922e-01 3.583989441394805908e-01 4.304904341697692871e-01 5.803426504135131836e-01
9.412584304809570312e-01 3.321059346199035645e-01 8.866047263145446777e-01 4.471980035305023193e-01 8.313707113265991211e-01 6.212710738182067871e-01 8.484641313552856445e-01 6.398860812187194824e-01 7.023221254348754883e-01 7.639806270599365234e-01
9.412584304809570312e-01 3.614464998245239258e-01 9.248499274253845215e-01 4.471980035305023193e-01 8.313707113265991211e-01 6.212710738182067871e-01 8.484641313552856445e-01 8.137534856796264648e-01 7.023221254348754883e-01 7.639806270599365234e-01
9.412584304809570312e-01 4.289128184318542480e-01 9.248499274253845215e-01 4.471980035305023193e-01 8.313707113265991211e-01 6.212710738182067871e-01 8.484641313552856445e-01 8.137534856796264648e-01 7.023221254348754883e-01 6.835628151893615723e-01
9.412584304809570312e-01 5.453993678092956543e-01 9.285270571708679199e-01 6.641330122947692871e-01 9.016692042350769043e-01 6.212710738182067871e-01 8.873904943466186523e-01 8.137534856796264648e-01 6.345435976982116699e-01 7.449569106101989746e-01
9.270440340042114258e-01 4.289128184318542480e-01 9.248499274253845215e-01 3.993515670299530029e-01 7.782574295997619629e-01 6.212710738182067871e-01 2.978078424930572510e-01 7.779933810234069824e-01 6.453458070755004883e-01 6.835628151893615723e-01
