2.996322214603424072e-01 2.366627380251884460e-02 3.821624219417572021e-01 1.470381170511245728e-01 2.344837635755538940e-01 3.012989759445190430e-01 8.792234957218170166e-02 2.043451070785522461e-01 1.315975487232208252e-01 3.741928637027740479e-01
2.996322214603424072e-01 2.409687191247940063e-01 3.821624219417572021e-01 1.470381170511245728e-01 2.344837635755538940e-01 3.012989759445190430e-01 2.316531240940093994e-01 2.043451070785522461e-01 1.315975487232208252e-01 3.741928637027740479e-01
2.996322214603424072e-01 9.438581466674804688e-01 3.821624219417572021e-01 1.470381170511245728e-01 4.406536817550659180e-01 3.012989759445190430e-01 2.316531240940093994e-01 2.043451070785522461e-01 2.626461088657379150e-01 2.612186372280120850e-01
2.996322214603424072e-01 2.172732502222061157e-01 3.821624219417572021e-01 1.470381170511245728e-01 4.406536817550659180e-01 3.012989759445190430e-01 2.316531240940093994e-01 2.043451070785522461e-01 2.626461088657379150e-01 2.612186372280120850e-01
2.996322214603424072e-01 2.172732502222061157e-01 3.821624219417572021e-01 1.470381170511245728e-01 4.406536817550659180e-01 3.012989759445190430e-01 8.030375093221664429e-02 2.043451070785522461e-01 2.626461088657379150e-01 4.268339276313781738e-01
2.996322214603424072e-01 2.172732502222061157e-01 3.821624219417572021e-01 1.470381170511245728e-01 4.406536817550659180e-01 3.012989759445190430e-01 2.316531240940093994e-01 2.043451070785522461e-01 2.626461088657379150e-01 2.612186372280120850e-01
5.639325380325317383e-01 7.480452656745910645e-01 3.821624219417572021e-01 1.470381170511245728e-01 5.768338441848754883e-01 3.012989759445190430e-01 2.316531240940093994e-01 2.043451070785522461e-01 2.626461088657379150e-01 6.920878887176513672e-01
5.639325380325317383e-01 9.619003534317016602e-01 8.547565340995788574e-01 1.470381170511245728e-01 5.768338441848754883e-01 3.012989759445190430e-01 2.316531240940093994e-01 2.043451070785522461e-01 5.731229782104492188e-01 2.990370392799377441e-01
5.639325380325317383e-01 8.942840695381164551e-01 8.547565340995788574e-01 1.470381170511245728e-01 5.768338441848754883e-01 3.012989759445190430e-01 2.316531240940093994e-01 2.043451070785522461e-01 5.731229782104492188e-01 2.990370392799377441e-01
5.639325380325317383e-01 8.942840695381164551e-01 8.547565340995788574e-01 1.470381170511245728e-01 5.768338441848754883e-01 3.012989759445190430e-01 2.316531240940093994e-01 2.043451070785522461e-01 5.731229782104492188e-01 6.920878887176513672e-01
5.639325380325317383e-01 7.393613457679748535e-01 8.547565340995788574e-01 4.845398664474487305e-01 3.044244349002838135e-01 3.012989759445190430e-01 4.004150032997131348e-01 2.776286005973815918e-01 6.301534771919250488e-01 2.990370392799377441e-01
5.639325380325317383e-01 7.393613457679748535e-01 8.547565340995788574e-01 4.845398664474487305e-01 5.768338441848754883e-01 3.012989759445190430e-01 3.668245971202850342e-01 5.404189229011535645e-01 8.293927311897277832e-01 2.990370392799377441e-01
5.639325380325317383e-01 6.226747632026672363e-01 3.821624219417572021e-01 4.235259890556335449e-01 4.391397833824157715e-01 5.245240926742553711e-01 2.408600896596908569e-01 5.404189229011535645e-01 8.696421384811401367e-01 1.757820844650268555e-01
5.639325380325317383e-01 6.226747632026672363e-01 8.547565340995788574e-01 4.235259890556335449e-01 3.044244349002838135e-01 5.245240926742553711e-01 6.323081254959106445e-01 5.404189229011535645e-01 8.696421384811401367e-01 7.630529999732971191e-01
5.639325380325317383e-01 6.226747632026672363e-01 8.547565340995788574e-01 4.235259890556335449e-01 4.391397833824157715e-01 5.245240926742553711e-01 6.717464327812194824e-01 5.404189229011535645e-01 8.696421384811401367e-01 7.630529999732971191e-01
5.639325380325317383e-01 6.226747632026672363e-01 8.547565340995788574e-01 4.235259890556335449e-01 3.044244349002838135e-01 5.245240926742553711e-01 6.717464327812194824e-01 5.404189229011535645e-01 8.696421384811401367e-01 7.630529999732971191e-01
5.639325380325317383e-01 8.412837982177734375e-01 3.821624219417572021e-01 4.235259890556335449e-01 4.355243444442749023e-01 5.245240926742553711e-01 6.304643154144287109e-01 5.404189229011535645e-01 8.696421384811401367e-01 2.749409675598144531e-01
5.639325380325317383e-01 8.081487417221069336e-01 9.294162392616271973e-01 4.235259890556335449e-01 4.391397833824157715e-01 5.245240926742553711e-01 7.465393543243408203e-01 5.404189229011535645e-01 8.696421384811401367e-01 2.749409675598144531e-01
5.639325380325317383e-01 8.574895858764648438e-01 9.294162392616271973e-01 4.235259890556335449e-01 4.391397833824157715e-01 5.245240926742553711e-01 4.417402744293212891e-01 5.404189229011535645e-01 8.696421384811401367e-01 2.749409675598144531e-01
5.639325380325317383e-01 6.399612426757812500e-01 5.805352330207824707e-01 4.235259890556335449e-01 7.091898322105407715e-01 5.245240926742553711e-01 6.932591795921325684e-01 5.404189229011535645e-01 8.696421384811401367e-01 9.344469010829925537e-02
5.639325380325317383e-01 5.855040550231933594e-01 9.294162392616271973e-01 4.235259890556335449e-01 4.391397833824157715e-01 5.245240926742553711e-01 6.932591795921325684e-01 5.404189229011535645e-01 8.696421384811401367e-01 2.818357348442077637e-01
5.639325380325317383e-01 2.844985723495483398e-01 1.796101182699203491e-01 4.235259890556335449e-01 1.016403585672378540e-01 5.245240926742553711e-01 7.045428752899169922e-01 2.376431375741958618e-01 7.305811643600463867e-01 4.115596413612365723e-01
5.639325380325317383e-01 6.473241448402404785e-01 4.037072062492370605e-01 4.235259890556335449e-01 5.058629438281059265e-02 5.245240926742553711e-01 3.280965685844421387e-01 9.246274083852767944e-02 4.872824847698211670e-01 1.433347910642623901e-01
5.639325380325317383e-01 8.060638904571533203e-01 4.037072062492370605e-01 4.235259890556335449e-01 5.058629438281059265e-02 5.245240926742553711e-01 6.779655814170837402e-01 2.376431375741958618e-01 7.305811643600463867e-01 1.433347910642623901e-01
5.639325380325317383e-01 2.844985723495483398e-01 1.796101182699203491e-01 4.235259890556335449e-01 1.423316597938537598e-01 5.245240926742553711e-01 2.138070464134216309e-01 2.376431375741958618e-01 7.305811643600463867e-01 9.304307401180267334e-02
5.639325380325317383e-01 3.205119967460632324e-01 4.037072062492370605e-01 4.235259890556335449e-01 5.058629438281059265e-02 5.245240926742553711e-01 3.194940984249114990e-01 2.376431375741958618e-01 7.305811643600463867e-01 1.427525579929351807e-01
5.639325380325317383e-01 3.012859821319580078e-01 1.796101182699203491e-01 4.235259890556335449e-01 1.423316597938537598e-01 5.245240926742553711e-01 4.842798411846160889e-01 2.376431375741958618e-01 4.567229151725769043e-01 1.140497848391532898e-01
5.639325380325317383e-01 6.910492479801177979e-02 1.796101182699203491e-01 4.235259890556335449e-01 1.423316597938537598e-01 5.245240926742553711e-01 6.331073641777038574e-01 2.376431375741958618e-01 7.305811643600463867e-01 6.664316058158874512e-01
5.639325380325317383e-01 1.715612262487411499e-01 1.796101182699203491e-01 4.235259890556335449e-01 1.423316597938537598e-01 5.245240926742553711e-01 2.778873741626739502e-01 2.376431375741958618e-01 7.305811643600463867e-01 1.872869729995727539e-01
5.639325380325317383e-01 1.804483383893966675e-01 6.545096635818481445e-01 7.232729792594909668e-01 1.423316597938537598e-01 5.245240926742553711e-01 6.567886471748352051e-01 2.376431375741958618e-01 6.639850735664367676e-01 7.589115500450134277e-01
5.639325380325317383e-01 4.652299582958221436e-01 9.294162392616271973e-01 8.512298464775085449e-01 8.867885470390319824e-01 7.335069179534912109e-01 5.812690854072570801e-01 2.776286005973815918e-01 6.301534771919250488e-01 1.397160440683364868e-01
5.639325380325317383e-01 7.099466919898986816e-01 8.547565340995788574e-01 8.512298464775085449e-01 8.867885470390319824e-01 7.335069179534912109e-01 4.890672564506530762e-01 2.776286005973815918e-01 6.301534771919250488e-01 1.397160440683364868e-01
5.639325380325317383e-01 7.099466919898986816e-01 8.547565340995788574e-01 3.809514939785003662e-01 7.154989242553710938e-01 7.335069179534912109e-01 6.560559272766113281e-01 2.776286005973815918e-01 6.301534771919250488e-01 1.397160440683364868e-01
5.639325380325317383e-01 7.099466919898986816e-01 8.547565340995788574e-01 3.809514939785003662e-01 7.154989242553710938e-01 7.335069179534912109e-01 1.774818748235702515e-01 2.776286005973815918e-01 6.301534771919250488e-01 5.395436659455299377e-02
5.639325380325317383e-01 7.099466919898986816e-01 8.547565340995788574e-01 3.809514939785003662e-01 7.154989242553710938e-01 7.335069179534912109e-01 1.667806804180145264e-01 2.776286005973815918e-01 6.301534771919250488e-01 5.395436659455299377e-02
5.639325380325317383e-01 7.099466919898986816e-01 8.547565340995788574e-01 4.387047290802001953e-01 3.044244349002838135e-01 5.245240926742553711e-01 3.388159871101379395e-01 2.776286005973815918e-01 6.301534771919250488e-01 5.395436659455299377e-02
5.639325380325317383e-01 4.466535449028015137e-01 8.547565340995788574e-01 7.232729792594909668e-01 3.044244349002838135e-01 5.245240926742553711e-01 1.411329396069049835e-02 2.776286005973815918e-01 7.004295587539672852e-01 5.549511685967445374e-02
5.639325380325317383e-01 6.092134714126586914e-01 9.294162392616271973e-01 7.232729792594909668e-01 4.391397833824157715e-01 5.245240926742553711e-01 9.031279385089874268e-02 2.776286005973815918e-01 7.004295587539672852e-01 3.493237867951393127e-02
5.639325380325317383e-01 6.092134714126586914e-01 9.294162392616271973e-01 7.232729792594909668e-01 6.244266629219055176e-01 5.245240926742553711e-01 5.518853068351745605e-01 2.776286005973815918e-01 7.004295587539672852e-01 9.344469010829925537e-02
5.639325380325317383e-01 4.383189678192138672e-01 9.294162392616271973e-01 7.232729792594909668e-01 4.355243444442749023e-01 5.245240926742553711e-01 3.951814025640487671e-02 2.776286005973815918e-01 5.598040223121643066e-01 9.344469010829925537e-02
5.639325380325317383e-01 3.755683004856109619e-01 6.545096635818481445e-01 7.232729792594909668e-01 1.405474692583084106e-01 5.245240926742553711e-01 1.231796368956565857e-01 9.246274083852767944e-02 3.407714068889617920e-01 9.344469010829925537e-02
5.639325380325317383e-01 4.383189678192138672e-01 9.294162392616271973e-01 7.232729792594909668e-01 8.381445407867431641e-01 5.245240926742553711e-01 1.231796368956565857e-01 2.776286005973815918e-01 5.598040223121643066e-01 3.519460558891296387e-01
5.639325380325317383e-01 4.240618050098419189e-01 7.304962277412414551e-01 7.232729792594909668e-01 7.091898322105407715e-01 5.245240926742553711e-01 2.696503996849060059e-01 2.776286005973815918e-01 1.754046827554702759e-01 4.198963940143585205e-01
5.639325380325317383e-01 5.991600155830383301e-01 7.304962277412414551e-01 7.232729792594909668e-01 7.091898322105407715e-01 5.245240926742553711e-01 1.093241572380065918e-01 6.566835045814514160e-01 6.389785408973693848e-01 1.433347910642623901e-01
5.639325380325317383e-01 5.568327903747558594e-01 9.294162392616271973e-01 7.232729792594909668e-01 7.091898322105407715e-01 5.245240926742553711e-01 6.930236816406250000e-01 6.566835045814514160e-01 5.293923616409301758e-01 5.166452527046203613e-01
5.639325380325317383e-01 6.939396262168884277e-01 8.247392773628234863e-01 1.806251406669616699e-01 5.768338441848754883e-01 5.245240926742553711e-01 4.568154811859130859e-01 6.566835045814514160e-01 7.255880236625671387e-01 1.397160440683364868e-01
5.639325380325317383e-01 4.610095918178558350e-01 4.037072062492370605e-01 7.232729792594909668e-01 1.423316597938537598e-01 5.245240926742553711e-01 1.769617944955825806e-01 3.364567458629608154e-01 3.137769997119903564e-01 5.250339508056640625e-01
5.639325380325317383e-01 5.875144004821777344e-01 4.037072062492370605e-01 7.232729792594909668e-01 1.423316597938537598e-01 5.245240926742553711e-01 2.261108905076980591e-01 3.364567458629608154e-01 3.137769997119903564e-01 9.218598157167434692e-02
5.639325380325317383e-01 3.736075162887573242e-01 4.037072062492370605e-01 7.232729792594909668e-01 1.423316597938537598e-01 5.245240926742553711e-01 6.851299405097961426e-01 3.364567458629608154e-01 3.137769997119903564e-01 2.243089675903320312e-01
5.639325380325317383e-01 4.610095918178558350e-01 4.037072062492370605e-01 1.806251406669616699e-01 1.423316597938537598e-01 5.245240926742553711e-01 5.962174534797668457e-01 3.364567458629608154e-01 5.180237889289855957e-01 2.310545444488525391e-01
5.639325380325317383e-01 4.505833387374877930e-01 9.294162392616271973e-01 7.345882058143615723e-02 5.768338441848754883e-01 5.245240926742553711e-01 4.342125654220581055e-01 2.776286005973815918e-01 4.809836149215698242e-01 2.310545444488525391e-01
5.639325380325317383e-01 4.683409333229064941e-01 9.294162392616271973e-01 1.806251406669616699e-01 1.423316597938537598e-01 5.245240926742553711e-01 1.544149518013000488e-01 3.364567458629608154e-01 3.137769997119903564e-01 9.258425235748291016e-02
5.639325380325317383e-01 6.514715552330017090e-01 9.294162392616271973e-01 1.806251406669616699e-01 5.768338441848754883e-01 5.245240926742553711e-01 2.179867029190063477e-01 2.776286005973815918e-01 4.809836149215698242e-01 2.310545444488525391e-01
5.639325380325317383e-01 4.505833387374877930e-01 8.547565340995788574e-01 4.387047290802001953e-01 5.768338441848754883e-01 5.245240926742553711e-01 3.460590541362762451e-01 2.776286005973815918e-01 3.113126754760742188e-01 2.310545444488525391e-01
5.639325380325317383e-01 4.777563810348510742e-01 8.547565340995788574e-01 4.387047290802001953e-01 5.768338441848754883e-01 5.245240926742553711e-01 4.559532701969146729e-01 2.776286005973815918e-01 1.612933725118637085e-01 9.258425235748291016e-02
5.639325380325317383e-01 1.656229496002197266e-01 8.547565340995788574e-01 4.387047290802001953e-01 5.768338441848754883e-01 5.245240926742553711e-01 1.088190637528896332e-02 2.776286005973815918e-01 3.828377723693847656e-01 2.363890111446380615e-01
5.639325380325317383e-01 4.383189678192138672e-01 9.294162392616271973e-01 7.232729792594909668e-01 7.061502933502197266e-01 5.245240926742553711e-01 4.989799261093139648e-01 6.566835045814514160e-01 8.951184749603271484e-01 8.399667143821716309e-01
7.464924454689025879e-01 4.870937764644622803e-01 4.037072062492370605e-01 7.232729792594909668e-01 1.405474692583084106e-01 5.245240926742553711e-01 4.385586678981781006e-01 3.364567458629608154e-01 5.779088139533996582e-01 4.195960462093353271e-01
7.464924454689025879e-01 5.053427815437316895e-01 4.037072062492370605e-01 8.150280714035034180e-01 1.405474692583084106e-01 5.245240926742553711e-01 1.925733983516693115e-01 3.364567458629608154e-01 5.779088139533996582e-01 2.822959125041961670e-01
2.486712336540222168e-01 7.152657508850097656e-01 4.356514513492584229e-01 9.324781298637390137e-01 4.025895297527313232e-01 5.245240926742553711e-01 2.525413036346435547e-01 3.364567458629608154e-01 1.985148191452026367e-01 4.204500615596771240e-01
2.486712336540222168e-01 5.053427815437316895e-01 1.798166185617446899e-01 8.150280714035034180e-01 1.405474692583084106e-01 5.245240926742553711e-01 2.217117547988891602e-01 3.364567458629608154e-01 6.167619824409484863e-01 4.204500615596771240e-01
2.486712336540222168e-01 7.152657508850097656e-01 4.356514513492584229e-01 9.324781298637390137e-01 4.025895297527313232e-01 5.245240926742553711e-01 2.525413036346435547e-01 3.364567458629608154e-01 1.985148191452026367e-01 4.204500615596771240e-01
2.486712336540222168e-01 7.784364819526672363e-01 1.798166185617446899e-01 8.150280714035034180e-01 6.082819104194641113e-01 5.245240926742553711e-01 3.684031069278717041e-01 3.364567458629608154e-01 2.254872620105743408e-01 4.204500615596771240e-01
2.486712336540222168e-01 7.278410196304321289e-01 5.010304450988769531e-01 3.278226554393768311e-01 4.025895297527313232e-01 5.555540323257446289e-01 6.108045578002929688e-01 5.788298845291137695e-01 3.106018304824829102e-01 9.684733152389526367e-01
2.486712336540222168e-01 3.872813880443572998e-01 7.334361076354980469e-01 8.324798941612243652e-02 4.025895297527313232e-01 5.555540323257446289e-01 2.745843231678009033e-01 5.788298845291137695e-01 1.426829397678375244e-01 8.401724696159362793e-01
4.792440831661224365e-01 3.127169907093048096e-01 7.334361076354980469e-01 8.324798941612243652e-02 7.584838271141052246e-01 5.555540323257446289e-01 7.264459133148193359e-01 5.788298845291137695e-01 5.024349689483642578e-01 9.684733152389526367e-01
2.486712336540222168e-01 6.942095756530761719e-01 7.071993947029113770e-01 1.592121869325637817e-01 4.025895297527313232e-01 5.555540323257446289e-01 7.264459133148193359e-01 5.788298845291137695e-01 1.426829397678375244e-01 9.684733152389526367e-01
6.867483854293823242e-01 6.187849044799804688e-01 7.071993947029113770e-01 1.592121869325637817e-01 4.025895297527313232e-01 5.555540323257446289e-01 7.304143905639648438e-01 5.788298845291137695e-01 1.426829397678375244e-01 9.298791289329528809e-01
2.486712336540222168e-01 3.923639953136444092e-01 7.071993947029113770e-01 5.491104125976562500e-01 4.025895297527313232e-01 5.555540323257446289e-01 7.304143905639648438e-01 5.788298845291137695e-01 2.454507201910018921e-01 9.298791289329528809e-01
2.486712336540222168e-01 4.745455384254455566e-01 7.071993947029113770e-01 5.491104125976562500e-01 4.988312721252441406e-01 5.555540323257446289e-01 4.518249332904815674e-01 5.788298845291137695e-01 2.272572368383407593e-01 8.778964877128601074e-01
6.867483854293823242e-01 8.182933330535888672e-01 7.071993947029113770e-01 1.592121869325637817e-01 7.584838271141052246e-01 5.555540323257446289e-01 3.121663331985473633e-01 5.788298845291137695e-01 5.024349689483642578e-01 9.668208956718444824e-01
2.486712336540222168e-01 4.745455384254455566e-01 7.071993947029113770e-01 5.491104125976562500e-01 4.988312721252441406e-01 5.555540323257446289e-01 7.235994935035705566e-01 5.788298845291137695e-01 2.272572368383407593e-01 9.433589577674865723e-01
2.486712336540222168e-01 8.009783625602722168e-01 7.071993947029113770e-01 5.491104125976562500e-01 4.988312721252441406e-01 5.555540323257446289e-01 6.583166718482971191e-01 5.788298845291137695e-01 2.272572368383407593e-01 9.710689187049865723e-01
6.867483854293823242e-01 6.417682170867919922e-01 7.071993947029113770e-01 5.491104125976562500e-01 8.226487040519714355e-01 5.555540323257446289e-01 5.255838632583618164e-01 5.788298845291137695e-01 8.519748449325561523e-01 9.433589577674865723e-01
2.486712336540222168e-01 5.633237361907958984e-01 7.071993947029113770e-01 5.491104125976562500e-01 4.988312721252441406e-01 5.555540323257446289e-01 7.949684262275695801e-01 5.788298845291137695e-01 3.808643817901611328e-01 8.922610282897949219e-01
2.486712336540222168e-01 4.241580665111541748e-01 7.071993947029113770e-01 5.491104125976562500e-01 4.988312721252441406e-01 5.555540323257446289e-01 7.651591300964355469e-01 5.788298845291137695e-01 2.272572368383407593e-01 7.814255356788635254e-01
6.867483854293823242e-01 8.182933330535888672e-01 7.071993947029113770e-01 5.491104125976562500e-01 9.397376775741577148e-01 5.555540323257446289e-01 6.940388679504394531e-01 5.788298845291137695e-01 8.519748449325561523e-01 8.778964877128601074e-01
6.867483854293823242e-01 8.182933330535888672e-01 7.071993947029113770e-01 5.491104125976562500e-01 8.785924315452575684e-01 5.555540323257446289e-01 5.705022215843200684e-01 5.788298845291137695e-01 8.519748449325561523e-01 8.778964877128601074e-01
2.486712336540222168e-01 5.633237361907958984e-01 7.071993947029113770e-01 5.491104125976562500e-01 4.988312721252441406e-01 5.555540323257446289e-01 7.059493064880371094e-01 5.788298845291137695e-01 6.649060249328613281e-01 9.296502470970153809e-01
6.867483854293823242e-01 8.182933330535888672e-01 7.071993947029113770e-01 5.491104125976562500e-01 8.226487040519714355e-01 5.555540323257446289e-01 8.239850401878356934e-01 5.788298845291137695e-01 9.233074188232421875e-01 9.296502470970153809e-01
6.867483854293823242e-01 7.190219759941101074e-01 7.071993947029113770e-01 5.491104125976562500e-01 8.226487040519714355e-01 5.555540323257446289e-01 8.239850401878356934e-01 5.788298845291137695e-01 9.233074188232421875e-01 9.296502470970153809e-01
6.867483854293823242e-01 6.417682170867919922e-01 7.071993947029113770e-01 5.491104125976562500e-01 8.226487040519714355e-01 5.555540323257446289e-01 7.327097058296203613e-01 4.579624533653259277e-01 9.233074188232421875e-01 9.296502470970153809e-01
6.867483854293823242e-01 6.417682170867919922e-01 7.071993947029113770e-01 5.491104125976562500e-01 8.226487040519714355e-01 5.555540323257446289e-01 4.962959289550781250e-01 4.579624533653259277e-01 7.886891365051269531e-01 9.296502470970153809e-01
6.867483854293823242e-01 6.417682170867919922e-01 7.071993947029113770e-01 5.491104125976562500e-01 8.226487040519714355e-01 5.555540323257446289e-01 8.239850401878356934e-01 4.579624533653259277e-01 9.233074188232421875e-01 9.296502470970153809e-01
6.867483854293823242e-01 3.923639953136444092e-01 7.071993947029113770e-01 5.491104125976562500e-01 4.988312721252441406e-01 5.555540323257446289e-01 4.962959289550781250e-01 4.579624533653259277e-01 3.808643817901611328e-01 9.296502470970153809e-01
2.486712336540222168e-01 3.352206945419311523e-01 9.437857270240783691e-01 5.491104125976562500e-01 3.322617113590240479e-01 5.555540323257446289e-01 8.038001060485839844e-01 4.579624533653259277e-01 1.891821771860122681e-01 8.906239271163940430e-01
2.486712336540222168e-01 1.927403062582015991e-01 9.437857270240783691e-01 5.802432298660278320e-01 8.190686702728271484e-01 7.069981694221496582e-01 4.429161250591278076e-01 5.404189229011535645e-01 1.891821771860122681e-01 4.287851154804229736e-01
2.486712336540222168e-01 8.860492110252380371e-01 6.037808656692504883e-01 5.523427128791809082e-01 3.322617113590240479e-01 7.069981694221496582e-01 7.102299332618713379e-01 6.738173365592956543e-01 3.235629498958587646e-01 9.535593986511230469e-01
2.486712336540222168e-01 7.626245617866516113e-01 9.589674472808837891e-01 3.459905683994293213e-01 6.085304617881774902e-01 7.069981694221496582e-01 7.322112917900085449e-01 6.738173365592956543e-01 3.235629498958587646e-01 9.535593986511230469e-01
2.486712336540222168e-01 7.769228816032409668e-01 9.437857270240783691e-01 9.099745750427246094e-01 8.190686702728271484e-01 7.069981694221496582e-01 5.478163361549377441e-01 5.404189229011535645e-01 3.235629498958587646e-01 6.543214917182922363e-01
2.486712336540222168e-01 6.530086398124694824e-01 9.437857270240783691e-01 9.099745750427246094e-01 4.406536817550659180e-01 7.069981694221496582e-01 5.469318032264709473e-01 5.404189229011535645e-01 1.690897345542907715e-01 6.543214917182922363e-01
2.486712336540222168e-01 6.530086398124694824e-01 7.304962277412414551e-01 7.633164525032043457e-01 8.190686702728271484e-01 7.069981694221496582e-01 1.735812127590179443e-01 5.404189229011535645e-01 1.646410971879959106e-01 6.543214917182922363e-01
2.486712336540222168e-01 9.476859569549560547e-01 9.437857270240783691e-01 7.396698594093322754e-01 6.085304617881774902e-01 7.069981694221496582e-01 4.153268784284591675e-02 6.738173365592956543e-01 3.886529803276062012e-01 9.262191057205200195e-01
2.486712336540222168e-01 9.476859569549560547e-01 9.437857270240783691e-01 7.396698594093322754e-01 6.085304617881774902e-01 7.069981694221496582e-01 4.287703037261962891e-01 6.738173365592956543e-01 3.886529803276062012e-01 9.262191057205200195e-01
2.486712336540222168e-01 8.928897380828857422e-01 9.437857270240783691e-01 9.099745750427246094e-01 3.186349570751190186e-01 7.069981694221496582e-01 1.973589658737182617e-01 6.738173365592956543e-01 3.886529803276062012e-01 9.262191057205200195e-01
2.486712336540222168e-01 5.739558339118957520e-01 7.304962277412414551e-01 9.099745750427246094e-01 3.186349570751190186e-01 7.069981694221496582e-01 4.774441570043563843e-02 5.404189229011535645e-01 3.886529803276062012e-01 5.364530682563781738e-01
2.486712336540222168e-01 8.505505919456481934e-01 9.437857270240783691e-01 9.643969535827636719e-01 3.186349570751190186e-01 7.069981694221496582e-01 2.839644551277160645e-01 6.738173365592956543e-01 6.464328765869140625e-01 9.262191057205200195e-01
2.486712336540222168e-01 9.883742332458496094e-01 6.796163320541381836e-01 8.839110732078552246e-01 7.080454826354980469e-01 7.069981694221496582e-01 4.688086509704589844e-01 6.738173365592956543e-01 9.314916729927062988e-01 9.262191057205200195e-01
6.867483854293823242e-01 9.832671284675598145e-01 7.071993947029113770e-01 7.564018368721008301e-01 9.187125563621520996e-01 7.069981694221496582e-01 7.508385181427001953e-01 6.738173365592956543e-01 9.710421562194824219e-01 9.262191057205200195e-01
6.867483854293823242e-01 9.957782030105590820e-01 4.068650901317596436e-01 7.564018368721008301e-01 8.785924315452575684e-01 7.069981694221496582e-01 7.508385181427001953e-01 6.738173365592956543e-01 9.710421562194824219e-01 9.262191057205200195e-01
2.486712336540222168e-01 7.062676548957824707e-01 6.796163320541381836e-01 8.839110732078552246e-01 4.988312721252441406e-01 7.069981694221496582e-01 7.508385181427001953e-01 6.738173365592956543e-01 8.467853665351867676e-01 9.262191057205200195e-01
2.486712336540222168e-01 8.553323745727539062e-01 6.796163320541381836e-01 3.751610815525054932e-01 4.988312721252441406e-01 7.069981694221496582e-01 8.549181222915649414e-01 6.738173365592956543e-01 4.753569960594177246e-01 9.110779166221618652e-01
6.867483854293823242e-01 8.553323745727539062e-01 6.796163320541381836e-01 3.751610815525054932e-01 4.988312721252441406e-01 7.069981694221496582e-01 4.019259512424468994e-01 6.738173365592956543e-01 8.467853665351867676e-01 7.725340127944946289e-01
2.486712336540222168e-01 7.420408129692077637e-01 6.796163320541381836e-01 8.839110732078552246e-01 9.487427771091461182e-02 7.069981694221496582e-01 2.097063958644866943e-01 6.738173365592956543e-01 1.872551888227462769e-01 9.191873669624328613e-01
2.486712336540222168e-01 4.619168639183044434e-01 4.037072062492370605e-01 9.129550457000732422e-01 1.423316597938537598e-01 3.012989759445190430e-01 4.465163946151733398e-01 6.738173365592956543e-01 3.513071537017822266e-01 9.001227021217346191e-01
2.486712336540222168e-01 6.873594522476196289e-01 8.247392773628234863e-01 9.129550457000732422e-01 5.768338441848754883e-01 3.012989759445190430e-01 4.927036166191101074e-01 5.404189229011535645e-01 5.712436437606811523e-01 6.580695509910583496e-01
2.486712336540222168e-01 7.568984031677246094e-01 4.037072062492370605e-01 9.129550457000732422e-01 1.423316597938537598e-01 3.012989759445190430e-01 9.067384004592895508e-01 6.738173365592956543e-01 3.513071537017822266e-01 9.542896747589111328e-01
2.486712336540222168e-01 9.083231091499328613e-01 6.037808656692504883e-01 9.129550457000732422e-01 3.186349570751190186e-01 3.012989759445190430e-01 3.203279972076416016e-01 6.738173365592956543e-01 5.712436437606811523e-01 9.001227021217346191e-01
2.486712336540222168e-01 9.116177558898925781e-01 6.796163320541381836e-01 5.203527808189392090e-01 6.082819104194641113e-01 7.069981694221496582e-01 6.356078982353210449e-01 4.579624533653259277e-01 8.467853665351867676e-01 5.738988518714904785e-01
6.867483854293823242e-01 9.662350416183471680e-01 6.796163320541381836e-01 7.880590856075286865e-02 8.785924315452575684e-01 7.069981694221496582e-01 4.437554776668548584e-01 4.579624533653259277e-01 9.412848353385925293e-01 7.303585410118103027e-01
6.867483854293823242e-01 9.662350416183471680e-01 4.068650901317596436e-01 7.880590856075286865e-02 8.785924315452575684e-01 7.069981694221496582e-01 5.793476700782775879e-01 4.579624533653259277e-01 9.412848353385925293e-01 7.303585410118103027e-01
6.867483854293823242e-01 9.868415594100952148e-01 7.071993947029113770e-01 7.880590856075286865e-02 7.584838271141052246e-01 7.069981694221496582e-01 7.286706566810607910e-01 4.579624533653259277e-01 9.412848353385925293e-01 8.146693706512451172e-01
6.867483854293823242e-01 9.631434679031372070e-01 4.068650901317596436e-01 3.067214787006378174e-01 8.785924315452575684e-01 7.069981694221496582e-01 7.508385181427001953e-01 4.579624533653259277e-01 9.710421562194824219e-01 8.898599147796630859e-01
6.867483854293823242e-01 7.144172191619873047e-01 4.068650901317596436e-01 3.067214787006378174e-01 8.226487040519714355e-01 7.069981694221496582e-01 7.508385181427001953e-01 4.579624533653259277e-01 9.710421562194824219e-01 8.327316641807556152e-01
6.867483854293823242e-01 5.043022036552429199e-01 6.796163320541381836e-01 5.203527808189392090e-01 3.281752467155456543e-01 7.069981694221496582e-01 8.549181222915649414e-01 4.579624533653259277e-01 9.122493267059326172e-01 6.245474815368652344e-01
6.867483854293823242e-01 8.032873868942260742e-01 4.068650901317596436e-01 7.880590856075286865e-02 3.281752467155456543e-01 7.069981694221496582e-01 7.812348008155822754e-01 4.579624533653259277e-01 9.122493267059326172e-01 6.878209710121154785e-01
6.867483854293823242e-01 1.736170351505279541e-01 6.796163320541381836e-01 9.178886413574218750e-01 9.487427771091461182e-02 7.069981694221496582e-01 7.074640393257141113e-01 4.579624533653259277e-01 8.010928034782409668e-01 9.008375406265258789e-01
6.867483854293823242e-01 7.640109211206436157e-02 6.796163320541381836e-01 6.445268392562866211e-01 9.487427771091461182e-02 3.012989759445190430e-01 8.549181222915649414e-01 4.579624533653259277e-01 1.872551888227462769e-01 7.551830410957336426e-01
2.486712336540222168e-01 3.578945994377136230e-01 6.796163320541381836e-01 3.371542990207672119e-01 1.423316597938537598e-01 3.012989759445190430e-01 5.529212951660156250e-01 4.579624533653259277e-01 3.513071537017822266e-01 4.489377439022064209e-01
2.486712336540222168e-01 1.799644976854324341e-01 8.675603270530700684e-01 1.250916868448257446e-01 1.423316597938537598e-01 3.012989759445190430e-01 5.215917229652404785e-01 4.579624533653259277e-01 1.872551888227462769e-01 2.166868448257446289e-01
2.486712336540222168e-01 1.799644976854324341e-01 8.675603270530700684e-01 1.250916868448257446e-01 1.423316597938537598e-01 3.012989759445190430e-01 5.215917229652404785e-01 4.579624533653259277e-01 1.872551888227462769e-01 2.166868448257446289e-01
2.486712336540222168e-01 5.546621084213256836e-01 6.796163320541381836e-01 1.250916868448257446e-01 1.423316597938537598e-01 3.012989759445190430e-01 7.265182733535766602e-01 4.579624533653259277e-01 1.872551888227462769e-01 2.166868448257446289e-01
2.486712336540222168e-01 5.546621084213256836e-01 6.796163320541381836e-01 1.250916868448257446e-01 1.423316597938537598e-01 3.012989759445190430e-01 7.265182733535766602e-01 4.579624533653259277e-01 1.872551888227462769e-01 2.166868448257446289e-01
2.486712336540222168e-01 8.121967911720275879e-01 8.285577893257141113e-01 9.390182495117187500e-01 1.423316597938537598e-01 3.012989759445190430e-01 5.341244339942932129e-01 4.579624533653259277e-01 4.263327717781066895e-01 8.809129595756530762e-01
2.486712336540222168e-01 7.426301836967468262e-01 8.285577893257141113e-01 9.390182495117187500e-01 4.406536817550659180e-01 3.012989759445190430e-01 3.360650837421417236e-01 5.404189229011535645e-01 3.617631793022155762e-01 1.835112720727920532e-01
2.486712336540222168e-01 9.870950579643249512e-01 8.285577893257141113e-01 9.754711389541625977e-01 3.186349570751190186e-01 7.069981694221496582e-01 8.760205507278442383e-01 6.738173365592956543e-01 3.617631793022155762e-01 9.006159305572509766e-01
2.486712336540222168e-01 7.543519735336303711e-01 7.304962277412414551e-01 9.754711389541625977e-01 4.406536817550659180e-01 7.069981694221496582e-01 2.178537994623184204e-01 5.404189229011535645e-01 5.712436437606811523e-01 3.982837498188018799e-01
2.486712336540222168e-01 8.020936846733093262e-01 7.304962277412414551e-01 9.390182495117187500e-01 4.406536817550659180e-01 3.012989759445190430e-01 8.625005930662155151e-02 5.404189229011535645e-01 3.617631793022155762e-01 1.835112720727920532e-01
