3.433347865939140320e-02 4.630473256111145020e-01 7.451848983764648438e-01 1.292813569307327271e-01 5.246021151542663574e-01 4.427475631237030029e-01 1.504684984683990479e-01 4.784632325172424316e-01 4.659733176231384277e-01 4.891094863414764404e-01
2.198401838541030884e-01 4.630473256111145020e-01 7.974080443382263184e-01 6.611625552177429199e-01 3.314784467220306396e-01 2.676697969436645508e-01 2.066754847764968872e-01 7.410860657691955566e-01 6.925089359283447266e-01 3.543814420700073242e-01
2.891858518123626709e-01 4.630473256111145020e-01 2.845079302787780762e-01 8.845549821853637695e-01 3.314784467220306396e-01 1.977012306451797485e-01 5.004277825355529785e-01 5.218684673309326172e-01 1.183212846517562866e-01 4.891094863414764404e-01
1.929032504558563232e-01 4.630473256111145020e-01 8.517153859138488770e-01 7.563099265098571777e-01 5.246021151542663574e-01 7.610892057418823242e-01 2.498520612716674805e-01 7.431306838989257812e-01 3.277692794799804688e-01 3.162987828254699707e-01
8.317049145698547363e-01 7.516974806785583496e-01 2.068708091974258423e-01 7.382971048355102539e-01 3.314784467220306396e-01 4.308254718780517578e-01 5.554423332214355469e-01 4.694821834564208984e-01 1.989203542470932007e-01 7.221572995185852051e-01
1.356730163097381592e-01 4.630473256111145020e-01 5.840190649032592773e-01 8.160485029220581055e-01 3.770609498023986816e-01 3.428226709365844727e-01 6.958991885185241699e-01 5.480459332466125488e-01 5.116748213768005371e-01 3.543814420700073242e-01
2.257635593414306641e-01 6.371371746063232422e-01 7.468579411506652832e-01 9.350140094757080078e-01 3.314784467220306396e-01 8.262277841567993164e-01 7.199330329895019531e-01 5.561698079109191895e-01 7.308248877525329590e-01 3.162987828254699707e-01
4.550786316394805908e-01 4.630473256111145020e-01 8.772268295288085938e-01 5.311351418495178223e-01 3.314784467220306396e-01 7.006531953811645508e-01 2.501236498355865479e-01 4.784632325172424316e-01 2.583295106887817383e-01 4.891094863414764404e-01
3.498346507549285889e-01 4.630473256111145020e-01 5.948337912559509277e-01 7.508113384246826172e-01 5.139843225479125977e-01 4.771193861961364746e-01 7.784157395362854004e-01 7.167429327964782715e-01 8.443467617034912109e-01 8.966715335845947266e-01
2.018472552299499512e-01 2.527761161327362061e-01 2.753861248493194580e-01 7.683582901954650879e-01 1.630095988512039185e-01 1.571180298924446106e-02 2.769062221050262451e-01 5.716401934623718262e-01 4.906984567642211914e-01 1.540430337190628052e-01
5.686450600624084473e-01 4.630473256111145020e-01 7.286831736564636230e-01 5.551385283470153809e-01 5.693343281745910645e-01 9.591401219367980957e-01 9.151557087898254395e-01 8.333397507667541504e-01 4.334623515605926514e-01 7.901185154914855957e-01
2.007797509431838989e-01 4.630473256111145020e-01 5.948337912559509277e-01 7.944164276123046875e-01 3.314784467220306396e-01 6.006095409393310547e-01 6.603670716285705566e-01 1.639740765094757080e-01 1.972675174474716187e-01 6.473352909088134766e-01
1.547092050313949585e-01 4.630473256111145020e-01 5.605289340019226074e-01 9.737038016319274902e-01 3.770609498023986816e-01 4.529452621936798096e-01 3.993141055107116699e-01 1.565936654806137085e-01 9.094337821006774902e-01 2.762676179409027100e-01
6.084138154983520508e-01 4.630473256111145020e-01 2.840835750102996826e-01 8.916397094726562500e-01 8.748753070831298828e-01 1.249139606952667236e-01 5.813010931015014648e-01 6.922598481178283691e-01 6.504009962081909180e-01 3.469148874282836914e-01
5.045992136001586914e-01 4.630473256111145020e-01 2.179447114467620850e-01 8.972036242485046387e-01 3.314784467220306396e-01 4.551908671855926514e-01 2.666686773300170898e-01 3.495721220970153809e-01 3.292062878608703613e-01 4.891094863414764404e-01
1.502665579319000244e-01 4.630473256111145020e-01 8.601294159889221191e-01 8.437044024467468262e-01 5.246021151542663574e-01 8.360340595245361328e-01 7.920060157775878906e-01 2.800633907318115234e-01 3.784320354461669922e-01 7.901185154914855957e-01
8.486677408218383789e-01 4.630473256111145020e-01 8.160169124603271484e-01 4.829551279544830322e-01 5.693343281745910645e-01 6.248107552528381348e-01 7.455873489379882812e-01 2.843728363513946533e-01 7.206345200538635254e-01 6.625601649284362793e-01
4.821348190307617188e-01 4.630473256111145020e-01 8.325146436691284180e-01 6.202198266983032227e-01 6.078345179557800293e-01 8.760566115379333496e-01 9.765334725379943848e-01 6.149214506149291992e-01 1.626301109790802002e-01 4.891094863414764404e-01
8.139577507972717285e-02 4.630473256111145020e-01 5.810125470161437988e-01 6.422321796417236328e-01 3.314784467220306396e-01 3.411726355552673340e-01 2.686352133750915527e-01 2.943089976906776428e-02 6.452185511589050293e-01 3.162987828254699707e-01
1.599903404712677002e-01 6.371371746063232422e-01 9.081764817237854004e-01 2.374388426542282104e-01 3.314784467220306396e-01 3.478543460369110107e-01 8.397163748741149902e-01 8.941866159439086914e-01 8.332301378250122070e-01 1.112351790070533752e-01
2.081799507141113281e-01 4.630473256111145020e-01 7.973131537437438965e-01 5.241625905036926270e-01 3.314784467220306396e-01 2.939276583492755890e-02 3.259796202182769775e-01 5.212765336036682129e-01 3.146015107631683350e-01 1.540430337190628052e-01
3.913827836513519287e-01 4.630473256111145020e-01 8.222772479057312012e-01 2.562376558780670166e-01 3.770609498023986816e-01 7.927569150924682617e-01 2.060379534959793091e-01 5.535311698913574219e-01 4.509768486022949219e-01 6.473352909088134766e-01
6.864618659019470215e-01 4.630473256111145020e-01 1.129477396607398987e-01 4.340734183788299561e-01 3.314784467220306396e-01 1.481097638607025146e-01 2.440826743841171265e-01 2.467472851276397705e-01 3.195334076881408691e-01 6.428593397140502930e-01
1.370285153388977051e-01 4.630473256111145020e-01 8.601294159889221191e-01 7.571718096733093262e-01 5.693343281745910645e-01 6.248185634613037109e-01 7.158112525939941406e-01 6.035140156745910645e-01 4.186931550502777100e-01 6.625601649284362793e-01
6.817576289176940918e-01 4.630473256111145020e-01 4.770011901855468750e-01 5.748427510261535645e-01 3.314784467220306396e-01 1.473428010940551758e-01 1.391918063163757324e-01 3.206068575382232666e-01 1.504755318164825439e-01 2.762676179409027100e-01
2.761583626270294189e-01 4.630473256111145020e-01 8.172331750392913818e-02 8.955001831054687500e-01 3.314784467220306396e-01 1.813674867153167725e-01 5.038680434226989746e-01 2.424428462982177734e-01 6.418465971946716309e-01 3.543814420700073242e-01
8.632023334503173828e-01 4.630473256111145020e-01 6.032113432884216309e-01 6.317533850669860840e-01 7.018129229545593262e-01 7.505038380622863770e-01 7.502127885818481445e-01 4.612709581851959229e-01 8.038274049758911133e-01 7.199505567550659180e-01
5.838234424591064453e-01 4.630473256111145020e-01 4.679308831691741943e-01 9.065529108047485352e-01 3.314784467220306396e-01 4.462049305438995361e-01 4.296328127384185791e-01 4.784632325172424316e-01 6.201751232147216797e-01 3.543814420700073242e-01
5.925411731004714966e-02 7.516974806785583496e-01 1.066103801131248474e-01 8.597227334976196289e-01 3.314784467220306396e-01 1.860427558422088623e-01 4.087518453598022461e-01 5.514868497848510742e-01 9.707143902778625488e-01 7.221572995185852051e-01
6.492445468902587891e-01 4.630473256111145020e-01 7.750959694385528564e-02 4.759075939655303955e-01 3.770609498023986816e-01 2.618904709815979004e-01 3.820829093456268311e-01 1.278363019227981567e-01 7.879499197006225586e-01 7.901185154914855957e-01
5.186834335327148438e-01 4.630473256111145020e-01 1.488535702228546143e-01 7.903942465782165527e-01 5.693343281745910645e-01 4.920607209205627441e-01 4.463367164134979248e-02 3.458037078380584717e-01 4.003698229789733887e-01 6.473352909088134766e-01
1.718254089355468750e-01 4.630473256111145020e-01 4.873872995376586914e-01 9.001905918121337891e-01 5.693343281745910645e-01 4.971312582492828369e-01 3.860956728458404541e-01 2.519656717777252197e-01 3.646674007177352905e-02 5.743874311447143555e-01
3.041895925998687744e-01 4.630473256111145020e-01 3.275535255670547485e-02 2.342051416635513306e-01 5.693343281745910645e-01 8.665829896926879883e-01 5.894253849983215332e-01 6.799022555351257324e-01 3.046857416629791260e-01 1.264562010765075684e-01
9.138593077659606934e-01 5.000000000000000000e-01 6.421610116958618164e-01 3.127822577953338623e-01 3.770609498023986816e-01 7.591531872749328613e-01 5.641827583312988281e-01 4.784632325172424316e-01 1.974099725484848022e-01 7.221572995185852051e-01
8.667234182357788086e-01 4.630473256111145020e-01 2.097445577383041382e-01 7.325051426887512207e-01 3.541432917118072510e-01 1.415053009986877441e-01 8.895508944988250732e-02 8.581227660179138184e-01 6.467304229736328125e-01 6.264268755912780762e-01
3.429034054279327393e-01 4.630473256111145020e-01 7.750959694385528564e-02 2.775944471359252930e-01 3.541432917118072510e-01 5.295752882957458496e-01 1.446820348501205444e-01 8.292449712753295898e-01 9.650677442550659180e-01 8.313368558883666992e-01
9.648221135139465332e-01 6.371371746063232422e-01 8.858756422996520996e-01 6.074476838111877441e-01 5.246021151542663574e-01 7.762919068336486816e-01 7.997881174087524414e-01 8.768442869186401367e-01 4.525346159934997559e-01 7.466228604316711426e-01
1.122298464179039001e-01 4.630473256111145020e-01 5.005527287721633911e-02 2.483900189399719238e-01 3.314784467220306396e-01 1.273813247680664062e-01 8.138034939765930176e-01 3.136842548847198486e-01 6.608129739761352539e-01 5.390779674053192139e-02
9.918668121099472046e-02 4.630473256111145020e-01 3.851935863494873047e-01 6.896797418594360352e-01 5.693343281745910645e-01 3.267140686511993408e-01 1.041393205523490906e-01 4.784632325172424316e-01 5.498487949371337891e-01 1.540430337190628052e-01
5.610390901565551758e-01 4.630473256111145020e-01 3.662857115268707275e-01 4.658782780170440674e-01 3.314784467220306396e-01 4.164207577705383301e-01 6.444964408874511719e-01 3.957800865173339844e-01 1.830902397632598877e-01 4.891094863414764404e-01
3.371511027216911316e-02 4.630473256111145020e-01 4.253109991550445557e-01 1.813092678785324097e-01 3.314784467220306396e-01 5.834574699401855469e-01 3.980121314525604248e-01 5.561698079109191895e-01 5.917187333106994629e-01 7.901185154914855957e-01
6.484914571046829224e-02 4.630473256111145020e-01 5.071998834609985352e-01 4.163137972354888916e-01 3.314784467220306396e-01 4.313083887100219727e-01 5.228319764137268066e-01 4.270690381526947021e-01 3.988376259803771973e-01 2.736918330192565918e-01
8.215806484222412109e-01 6.371371746063232422e-01 4.884677529335021973e-01 2.890901565551757812e-01 9.632135033607482910e-01 5.483775138854980469e-01 8.622612953186035156e-01 6.010476946830749512e-01 1.116940006613731384e-01 2.939468622207641602e-01
6.906924843788146973e-01 4.630473256111145020e-01 5.226225256919860840e-01 7.390565872192382812e-01 3.314784467220306396e-01 8.975412249565124512e-01 3.540450036525726318e-01 5.163341164588928223e-01 1.253734827041625977e-01 4.891094863414764404e-01
4.246669709682464600e-01 4.630473256111145020e-01 1.687631309032440186e-01 8.250162005424499512e-01 5.246021151542663574e-01 3.636321425437927246e-01 8.331143260002136230e-01 4.784632325172424316e-01 2.347014695405960083e-01 1.145187169313430786e-01
6.445563435554504395e-01 4.630473256111145020e-01 5.860951542854309082e-01 3.878490328788757324e-01 3.314784467220306396e-01 2.777948677539825439e-01 3.786424398422241211e-01 3.168914616107940674e-01 3.894556462764739990e-01 1.840528100728988647e-01
1.656213402748107910e-01 4.630473256111145020e-01 5.001003146171569824e-01 2.915347218513488770e-01 5.246021151542663574e-01 2.618904709815979004e-01 6.068547070026397705e-02 2.520065009593963623e-01 2.373500019311904907e-01 6.625601649284362793e-01
1.914602369070053101e-01 4.630473256111145020e-01 5.521699786186218262e-01 7.563855648040771484e-01 7.212791442871093750e-01 4.501314759254455566e-01 7.659115791320800781e-01 7.744589447975158691e-01 9.031113237142562866e-02 6.473352909088134766e-01
6.717726588249206543e-01 4.630473256111145020e-01 7.567768692970275879e-01 9.691721200942993164e-01 5.376340746879577637e-01 7.238608002662658691e-01 3.680425286293029785e-01 1.889170259237289429e-01 7.404452562332153320e-01 6.473352909088134766e-01
3.223474323749542236e-01 4.630473256111145020e-01 6.665153503417968750e-01 9.631024599075317383e-01 3.314784467220306396e-01 7.436435222625732422e-01 8.043046593666076660e-01 5.561698079109191895e-01 7.945524454116821289e-01 6.625601649284362793e-01
2.347035706043243408e-01 6.371371746063232422e-01 4.910642504692077637e-01 8.437044024467468262e-01 6.078345179557800293e-01 6.698973774909973145e-01 6.894155740737915039e-01 4.407715797424316406e-01 6.674944162368774414e-01 5.743874311447143555e-01
1.507160663604736328e-01 4.630473256111145020e-01 5.859465599060058594e-01 2.227264344692230225e-01 7.585556507110595703e-01 8.541882634162902832e-01 6.368060708045959473e-01 5.229063630104064941e-01 3.918773233890533447e-01 4.893406331539154053e-01
1.888783276081085205e-01 4.630473256111145020e-01 5.551614761352539062e-01 2.320663481950759888e-01 3.314784467220306396e-01 6.343463808298110962e-02 8.906865715980529785e-01 5.561698079109191895e-01 2.547996938228607178e-01 2.197973430156707764e-01
2.772986888885498047e-01 4.630473256111145020e-01 4.334743618965148926e-01 7.629814147949218750e-01 7.561087608337402344e-01 4.269345402717590332e-01 7.076911926269531250e-01 7.725874185562133789e-01 5.882172584533691406e-01 4.540039002895355225e-01
6.021985411643981934e-01 4.630473256111145020e-01 1.678956300020217896e-01 9.729779362678527832e-01 3.314784467220306396e-01 9.599158763885498047e-01 8.122444152832031250e-01 6.444057226181030273e-01 5.104963779449462891e-01 7.999356389045715332e-01
2.841308116912841797e-01 4.630473256111145020e-01 1.508329808712005615e-01 9.117957949638366699e-01 3.314784467220306396e-01 6.629780530929565430e-01 6.468926668167114258e-01 5.423760414123535156e-01 3.911899328231811523e-01 5.127673745155334473e-01
5.103490948677062988e-01 4.630473256111145020e-01 4.501453340053558350e-01 4.669070541858673096e-01 5.693343281745910645e-01 1.036542057991027832e-01 7.783284783363342285e-01 4.478639364242553711e-01 3.388199210166931152e-01 4.225935041904449463e-01
3.031555116176605225e-01 4.630473256111145020e-01 4.910642504692077637e-01 6.076172590255737305e-01 3.314784467220306396e-01 2.531189471483230591e-02 2.356499880552291870e-01 5.350118875503540039e-01 2.519949078559875488e-01 1.795620471239089966e-01
2.216924428939819336e-01 4.630473256111145020e-01 3.186330497264862061e-01 7.186782360076904297e-02 2.701987624168395996e-01 7.178293913602828979e-02 4.315155148506164551e-01 5.397232770919799805e-01 5.061155557632446289e-01 6.145335435867309570e-01
5.491441860795021057e-02 2.527761161327362061e-01 3.088361769914627075e-02 2.206929475069046021e-01 3.135282099246978760e-01 1.997029036283493042e-02 4.195454418659210205e-01 5.423760414123535156e-01 1.790825724601745605e-01 8.485794067382812500e-01
3.108296096324920654e-01 4.630473256111145020e-01 4.268980324268341064e-01 5.490915179252624512e-01 5.246021151542663574e-01 3.946790397167205811e-01 2.126819789409637451e-01 3.796274363994598389e-01 2.340623140335083008e-01 4.775509834289550781e-01
1.325638443231582642e-01 4.630473256111145020e-01 4.501453340053558350e-01 2.308270521461963654e-02 3.314784467220306396e-01 1.975783407688140869e-01 4.698944389820098877e-01 2.461310774087905884e-01 7.537215948104858398e-01 1.104139760136604309e-01
7.046278119087219238e-01 4.630473256111145020e-01 6.283172965049743652e-01 3.789929151535034180e-01 5.376340746879577637e-01 4.617197811603546143e-02 8.832969069480895996e-01 2.441541999578475952e-01 9.485202282667160034e-02 6.676636934280395508e-01
1.914045959711074829e-01 4.630473256111145020e-01 5.199282765388488770e-01 8.425782322883605957e-01 7.561087608337402344e-01 6.151438951492309570e-01 7.209191918373107910e-01 8.400683403015136719e-01 3.290576636791229248e-01 6.758963465690612793e-01
4.020785391330718994e-01 4.630473256111145020e-01 4.503875076770782471e-01 1.394727081060409546e-01 6.078345179557800293e-01 6.557366251945495605e-01 4.826921224594116211e-01 1.891993135213851929e-01 9.087805747985839844e-01 6.625601649284362793e-01
1.320054382085800171e-01 4.630473256111145020e-01 3.344371914863586426e-01 1.141813993453979492e-01 5.246021151542663574e-01 2.044067233800888062e-01 3.346173763275146484e-01 9.382008016109466553e-02 1.916002184152603149e-01 7.931286096572875977e-02
2.041999846696853638e-01 4.630473256111145020e-01 7.286831736564636230e-01 9.203023910522460938e-01 5.693343281745910645e-01 1.021012514829635620e-01 9.461436271667480469e-01 7.431306838989257812e-01 3.425281047821044922e-01 4.891094863414764404e-01
7.359292507171630859e-01 4.630473256111145020e-01 6.035735607147216797e-01 1.975711733102798462e-01 3.314784467220306396e-01 1.419001519680023193e-01 3.020915389060974121e-01 2.441541999578475952e-01 3.290576636791229248e-01 2.762676179409027100e-01
2.460233271121978760e-01 4.630473256111145020e-01 3.851935863494873047e-01 8.243355751037597656e-01 3.314784467220306396e-01 5.675256252288818359e-01 7.150879502296447754e-01 5.488429665565490723e-01 1.064725741744041443e-01 3.543814420700073242e-01
6.693824529647827148e-01 4.630473256111145020e-01 8.086169958114624023e-01 5.038774609565734863e-01 3.314784467220306396e-01 5.450705885887145996e-01 3.529027998447418213e-01 2.310978025197982788e-01 8.271883726119995117e-01 6.625601649284362793e-01
6.942772865295410156e-01 7.516974806785583496e-01 3.851935863494873047e-01 6.502058506011962891e-01 5.246021151542663574e-01 5.888702273368835449e-01 2.965281009674072266e-01 1.639740765094757080e-01 9.133129566907882690e-02 2.736918330192565918e-01
5.771613717079162598e-01 4.630473256111145020e-01 6.665153503417968750e-01 6.058135628700256348e-01 5.376340746879577637e-01 6.006095409393310547e-01 4.758925735950469971e-01 4.784632325172424316e-01 1.100712195038795471e-01 4.891094863414764404e-01
3.246152400970458984e-01 4.630473256111145020e-01 5.526612997055053711e-01 7.838470339775085449e-01 3.314784467220306396e-01 7.404332756996154785e-01 5.912595987319946289e-01 3.821466565132141113e-01 4.884178638458251953e-01 6.625601649284362793e-01
9.344744682312011719e-01 4.630473256111145020e-01 6.665153503417968750e-01 8.328925967216491699e-01 3.314784467220306396e-01 2.912889122962951660e-01 3.803512752056121826e-01 1.564779281616210938e-01 4.460480064153671265e-02 4.891094863414764404e-01
2.898296415805816650e-01 4.630473256111145020e-01 9.217503070831298828e-01 1.826776564121246338e-01 3.314784467220306396e-01 5.133882761001586914e-01 9.042308330535888672e-01 8.333397507667541504e-01 7.540698051452636719e-01 8.154561370611190796e-02
3.534038662910461426e-01 4.630473256111145020e-01 8.401728272438049316e-01 6.297039985656738281e-01 3.112782239913940430e-01 2.422194778919219971e-01 8.018791675567626953e-01 8.318507075309753418e-01 6.124644279479980469e-01 3.469148874282836914e-01
6.984862685203552246e-02 4.630473256111145020e-01 7.646739482879638672e-01 4.109255969524383545e-01 7.585556507110595703e-01 2.971377372741699219e-01 7.832992076873779297e-01 2.422497272491455078e-01 9.528058171272277832e-01 6.385939121246337891e-01
3.969666063785552979e-01 5.000000000000000000e-01 4.822159707546234131e-01 7.939688563346862793e-01 5.376340746879577637e-01 6.470125317573547363e-01 9.485921263694763184e-01 3.821466565132141113e-01 9.307802915573120117e-01 5.056959986686706543e-01
5.863692760467529297e-01 7.516974806785583496e-01 4.744556844234466553e-01 9.271311163902282715e-01 5.561628937721252441e-01 6.257442235946655273e-01 7.897746562957763672e-01 2.731710672378540039e-01 5.925791263580322266e-01 4.891094863414764404e-01
3.876618742942810059e-01 4.630473256111145020e-01 6.531239748001098633e-01 1.974623203277587891e-01 8.427006602287292480e-01 8.760970234870910645e-01 7.015252709388732910e-01 7.293236255645751953e-01 9.461880326271057129e-01 1.986939460039138794e-01
2.782705724239349365e-01 4.630473256111145020e-01 1.458032876253128052e-01 7.626730203628540039e-01 8.667383193969726562e-01 5.653234720230102539e-01 9.087992906570434570e-01 6.945310831069946289e-01 5.689172148704528809e-01 7.720956206321716309e-01
3.749359846115112305e-01 6.371371746063232422e-01 2.268497943878173828e-01 1.863608956336975098e-01 3.314784467220306396e-01 2.465634644031524658e-01 5.044899582862854004e-01 3.233410418033599854e-01 8.242701292037963867e-01 2.015884071588516235e-01
1.197384819388389587e-01 4.630473256111145020e-01 3.582279980182647705e-01 9.064467549324035645e-01 6.955367326736450195e-01 1.960403770208358765e-01 6.299362778663635254e-01 4.425149559974670410e-01 8.584700822830200195e-01 4.359345436096191406e-01
6.409403085708618164e-01 4.630473256111145020e-01 7.173392176628112793e-01 8.403131365776062012e-01 7.065044641494750977e-01 6.286829710006713867e-01 7.091119885444641113e-01 5.397232770919799805e-01 6.794984340667724609e-01 5.127673745155334473e-01
6.590285301208496094e-01 4.630473256111145020e-01 9.978419542312622070e-02 9.401242136955261230e-01 8.667383193969726562e-01 6.601148843765258789e-01 5.636782050132751465e-01 5.644970536231994629e-01 3.854054212570190430e-01 3.545931577682495117e-01
3.276375532150268555e-01 4.630473256111145020e-01 4.910642504692077637e-01 6.927288770675659180e-01 5.065345168113708496e-01 8.921900987625122070e-01 9.912774562835693359e-01 3.124439716339111328e-01 6.230078935623168945e-01 6.473352909088134766e-01
3.335131704807281494e-01 7.516974806785583496e-01 5.672457218170166016e-01 3.783099353313446045e-01 4.338969588279724121e-01 8.684873580932617188e-01 8.971186876296997070e-01 8.864461779594421387e-01 2.042010724544525146e-01 6.473352909088134766e-01
3.811047673225402832e-01 4.630473256111145020e-01 1.685655117034912109e-01 8.001424074172973633e-01 6.955367326736450195e-01 9.256392717361450195e-02 9.045237302780151367e-01 8.853664398193359375e-01 1.653309613466262817e-01 8.328697085380554199e-01
2.640022933483123779e-01 6.371371746063232422e-01 5.292192101478576660e-01 8.316736221313476562e-01 5.065345168113708496e-01 6.184533834457397461e-01 8.492206335067749023e-01 6.745659708976745605e-01 7.242313623428344727e-01 7.106086611747741699e-01
3.374053239822387695e-01 4.630473256111145020e-01 2.036278694868087769e-01 8.314577341079711914e-01 7.065044641494750977e-01 6.610169410705566406e-01 3.609820902347564697e-01 4.585430324077606201e-01 4.858656227588653564e-01 7.212539911270141602e-01
2.672823071479797363e-01 4.630473256111145020e-01 1.766593009233474731e-01 7.486227154731750488e-01 4.338969588279724121e-01 6.775231361389160156e-01 6.959600448608398438e-01 5.864001512527465820e-01 5.328408479690551758e-01 6.625601649284362793e-01
4.363182783126831055e-01 4.630473256111145020e-01 4.809748828411102295e-01 2.026859521865844727e-01 4.338969588279724121e-01 4.544161856174468994e-01 2.821814417839050293e-01 5.227568745613098145e-01 7.504115700721740723e-01 3.543814420700073242e-01
5.513603687286376953e-01 4.630473256111145020e-01 4.910642504692077637e-01 6.361378431320190430e-01 8.427006602287292480e-01 7.831311225891113281e-01 5.804293155670166016e-01 7.970272898674011230e-01 9.768969416618347168e-01 4.700563549995422363e-01
7.660197615623474121e-01 4.630473256111145020e-01 4.910642504692077637e-01 8.379802703857421875e-01 8.651930093765258789e-01 5.284302234649658203e-01 8.185337185859680176e-01 8.883399963378906250e-01 6.002881526947021484e-01 6.473352909088134766e-01
2.799201011657714844e-01 4.630473256111145020e-01 6.933439373970031738e-01 3.512822091579437256e-01 7.065044641494750977e-01 8.109990954399108887e-01 6.274734139442443848e-01 6.422157287597656250e-01 9.327992796897888184e-01 7.901185154914855957e-01
7.414514422416687012e-01 4.630473256111145020e-01 8.193364739418029785e-01 4.173114597797393799e-01 7.461022138595581055e-01 9.507613182067871094e-01 4.745740592479705811e-01 6.579807400703430176e-01 6.170245409011840820e-01 5.564246177673339844e-01
3.214485645294189453e-01 4.630473256111145020e-01 7.151589989662170410e-01 4.958902299404144287e-01 7.065044641494750977e-01 8.763207197189331055e-01 3.520914912223815918e-01 7.417687177658081055e-01 8.224872350692749023e-01 6.758963465690612793e-01
6.180160120129585266e-02 4.630473256111145020e-01 5.199282765388488770e-01 6.463268995285034180e-01 8.651930093765258789e-01 2.699404358863830566e-01 5.031877756118774414e-01 8.872758746147155762e-01 8.611558675765991211e-01 5.019278526306152344e-01
5.450517535209655762e-01 4.630473256111145020e-01 1.508329808712005615e-01 8.339644074440002441e-01 7.065044641494750977e-01 2.924915850162506104e-01 5.699425935745239258e-01 7.860389947891235352e-01 8.067257404327392578e-01 7.999356389045715332e-01
2.799201011657714844e-01 4.630473256111145020e-01 4.654995799064636230e-01 5.543881058692932129e-01 5.376340746879577637e-01 6.890600323677062988e-01 5.645564571022987366e-02 3.796274363994598389e-01 3.300483524799346924e-01 7.999356389045715332e-01
4.514381289482116699e-01 4.630473256111145020e-01 7.711595892906188965e-01 5.257607102394104004e-01 3.541432917118072510e-01 4.525820910930633545e-01 1.221435815095901489e-01 6.945310831069946289e-01 8.917455077171325684e-01 8.029990196228027344e-01
1.263272017240524292e-01 4.630473256111145020e-01 5.948337912559509277e-01 3.418177068233489990e-01 5.376340746879577637e-01 2.777948677539825439e-01 6.779034137725830078e-01 6.132464408874511719e-01 4.985147714614868164e-01 8.154561370611190796e-02
6.791758537292480469e-01 4.630473256111145020e-01 7.110601067543029785e-01 3.396962881088256836e-01 2.701987624168395996e-01 5.397324562072753906e-01 8.735998272895812988e-01 3.206068575382232666e-01 9.509221315383911133e-01 4.359345436096191406e-01
3.092702627182006836e-01 4.630473256111145020e-01 1.656477153301239014e-01 8.189949393272399902e-01 5.376340746879577637e-01 5.586329102516174316e-01 4.151884317398071289e-01 2.210034430027008057e-01 8.766933679580688477e-01 2.736918330192565918e-01
8.065233230590820312e-01 4.630473256111145020e-01 7.173392176628112793e-01 5.354024767875671387e-01 7.212791442871093750e-01 5.081907510757446289e-01 8.645173311233520508e-01 5.561698079109191895e-01 9.431181550025939941e-01 7.901185154914855957e-01
5.259546637535095215e-01 4.630473256111145020e-01 7.646739482879638672e-01 6.347505450248718262e-01 3.112782239913940430e-01 3.717832565307617188e-01 1.570893526077270508e-01 6.419540047645568848e-01 7.477421164512634277e-01 4.891094863414764404e-01
6.998911499977111816e-01 4.630473256111145020e-01 2.555027902126312256e-01 4.880275428295135498e-01 7.561087608337402344e-01 6.265299320220947266e-01 3.792934119701385498e-01 6.264227628707885742e-01 1.279219985008239746e-01 5.445590615272521973e-01
4.589374363422393799e-01 4.630473256111145020e-01 9.516950696706771851e-02 7.375328540802001953e-01 5.376340746879577637e-01 8.158686161041259766e-01 3.278539180755615234e-01 5.535311698913574219e-01 7.119390368461608887e-01 7.901185154914855957e-01
4.165790081024169922e-01 4.630473256111145020e-01 5.003379583358764648e-01 8.174113035202026367e-01 5.376340746879577637e-01 8.673638701438903809e-01 3.922571837902069092e-01 3.206068575382232666e-01 6.069613695144653320e-01 6.758963465690612793e-01
2.661474347114562988e-01 4.630473256111145020e-01 6.933439373970031738e-01 1.597862094640731812e-01 5.376340746879577637e-01 6.549312472343444824e-01 6.191592216491699219e-01 6.149214506149291992e-01 7.574897408485412598e-01 4.891094863414764404e-01
1.302482038736343384e-01 4.630473256111145020e-01 8.557858318090438843e-02 2.265141159296035767e-01 5.376340746879577637e-01 2.458950132131576538e-01 8.901745826005935669e-02 1.891993135213851929e-01 4.057938456535339355e-01 3.543814420700073242e-01
1.667785272002220154e-02 4.630473256111145020e-01 1.374078840017318726e-01 3.002104461193084717e-01 4.517455697059631348e-01 7.186027765274047852e-01 7.332281675189733505e-03 1.096687838435173035e-01 6.124644279479980469e-01 5.445590615272521973e-01
8.647339940071105957e-01 4.630473256111145020e-01 1.299317777156829834e-01 8.656858205795288086e-01 5.496156811714172363e-01 5.081907510757446289e-01 8.145639300346374512e-01 8.577304482460021973e-01 1.603758931159973145e-01 4.181571900844573975e-01
3.489745855331420898e-01 4.630473256111145020e-01 1.508329808712005615e-01 5.907205492258071899e-02 7.561087608337402344e-01 3.256546854972839355e-01 4.458863437175750732e-01 1.639740765094757080e-01 5.560179948806762695e-01 2.172530740499496460e-01
1.649475842714309692e-01 4.630473256111145020e-01 2.797950506210327148e-01 4.155090749263763428e-01 7.842397093772888184e-01 5.174288153648376465e-01 5.847820043563842773e-01 3.796274363994598389e-01 6.128327250480651855e-01 6.625601649284362793e-01
2.650482952594757080e-01 4.630473256111145020e-01 7.401952147483825684e-02 2.385969310998916626e-01 2.701987624168395996e-01 3.002367317676544189e-01 2.370267808437347412e-01 6.289194226264953613e-01 8.695620894432067871e-01 3.954998254776000977e-01
1.135148033499717712e-01 4.630473256111145020e-01 8.334519267082214355e-01 2.272522747516632080e-01 7.212791442871093750e-01 2.781967520713806152e-01 4.713370501995086670e-01 4.956592321395874023e-01 9.525028467178344727e-01 2.955869734287261963e-01
2.610439360141754150e-01 7.516974806785583496e-01 2.950080335140228271e-01 4.066405445337295532e-02 8.667383193969726562e-01 4.475040733814239502e-02 8.173026442527770996e-01 5.202406048774719238e-01 8.313999772071838379e-01 1.041409447789192200e-01
6.435071825981140137e-01 7.516974806785583496e-01 1.836491674184799194e-01 5.008284002542495728e-02 3.314784467220306396e-01 1.311837732791900635e-01 7.964640855789184570e-01 7.056425213813781738e-01 8.642852902412414551e-01 4.066963195800781250e-01
4.225501790642738342e-02 6.371371746063232422e-01 7.173392176628112793e-01 5.535221695899963379e-01 3.770609498023986816e-01 6.358395218849182129e-01 7.273105382919311523e-01 7.027468085289001465e-01 6.248423457145690918e-01 7.212539911270141602e-01
1.332366168498992920e-01 6.371371746063232422e-01 3.582885265350341797e-01 1.665647029876708984e-01 5.693343281745910645e-01 3.678148090839385986e-01 3.088819980621337891e-01 8.306909799575805664e-01 3.565918505191802979e-01 2.736918330192565918e-01
4.289422929286956787e-01 4.630473256111145020e-01 3.182430267333984375e-01 1.505984812974929810e-01 5.693343281745910645e-01 4.003746509552001953e-01 5.636782050132751465e-01 1.639740765094757080e-01 4.467839896678924561e-01 4.359345436096191406e-01
1.043887510895729065e-01 4.630473256111145020e-01 3.594874143600463867e-01 6.897358894348144531e-01 3.314784467220306396e-01 5.165998935699462891e-01 3.468637764453887939e-01 1.639740765094757080e-01 9.538789093494415283e-02 4.891094863414764404e-01
4.637835547327995300e-02 4.630473256111145020e-01 2.730861008167266846e-01 1.690957993268966675e-01 3.314784467220306396e-01 6.908251643180847168e-01 2.002037912607192993e-01 1.294403523206710815e-01 4.368859231472015381e-01 6.625601649284362793e-01
3.627887666225433350e-01 4.630473256111145020e-01 4.253109991550445557e-01 1.238043457269668579e-01 5.693343281745910645e-01 5.036253333091735840e-01 3.603621423244476318e-01 1.889170259237289429e-01 8.339331150054931641e-01 1.540430337190628052e-01
3.316579759120941162e-02 2.527761161327362061e-01 2.461772561073303223e-01 2.201232127845287323e-02 1.630095988512039185e-01 3.943932056427001953e-02 1.877590827643871307e-02 3.784707188606262207e-01 5.925759673118591309e-02 9.039684385061264038e-02
6.025390625000000000e-01 6.371371746063232422e-01 7.755262255668640137e-01 6.428661942481994629e-01 5.246021151542663574e-01 2.964601516723632812e-01 4.186798036098480225e-01 6.920037269592285156e-01 4.804978370666503906e-01 6.625601649284362793e-01
