5.626419186592102051e-01 5.014284253120422363e-01 4.932877123355865479e-01 6.869417428970336914e-01 4.895274639129638672e-01 4.954463243484497070e-01 3.546268641948699951e-01 4.160660803318023682e-01 6.452708244323730469e-01 5.343469977378845215e-01
6.112186312675476074e-01 5.166571736335754395e-01 6.828536987304687500e-01 7.804594039916992188e-01 5.985665321350097656e-01 4.954463243484497070e-01 5.272321105003356934e-01 5.561270117759704590e-01 8.186771869659423828e-01 8.072091341018676758e-01
3.832148909568786621e-01 5.014284253120422363e-01 4.161837995052337646e-01 6.435137987136840820e-01 5.359699726104736328e-01 4.954463243484497070e-01 6.925468444824218750e-01 5.868030190467834473e-01 7.880579233169555664e-01 5.343469977378845215e-01
5.420117378234863281e-01 5.014284253120422363e-01 4.932877123355865479e-01 5.918794274330139160e-01 5.230208039283752441e-01 4.954463243484497070e-01 3.546268641948699951e-01 7.747462987899780273e-01 6.527481675148010254e-01 4.682195186614990234e-01
5.420117378234863281e-01 5.014284253120422363e-01 4.932877123355865479e-01 5.607125759124755859e-01 5.230208039283752441e-01 4.954463243484497070e-01 6.925468444824218750e-01 5.868030190467834473e-01 8.478114604949951172e-01 5.343469977378845215e-01
6.531285643577575684e-01 6.002345681190490723e-01 4.932877123355865479e-01 7.433399558067321777e-01 5.230208039283752441e-01 6.658065915107727051e-01 6.925468444824218750e-01 9.166677594184875488e-01 8.819795250892639160e-01 6.083042621612548828e-01
4.699664711952209473e-01 5.014284253120422363e-01 5.301875472068786621e-01 7.440524101257324219e-01 7.711634039878845215e-01 4.954463243484497070e-01 4.489830136299133301e-01 2.968291044235229492e-01 7.989278435707092285e-01 3.954321146011352539e-01
4.521639645099639893e-01 5.014284253120422363e-01 6.828536987304687500e-01 8.828267455101013184e-01 6.109901666641235352e-01 4.954463243484497070e-01 6.925468444824218750e-01 6.970279216766357422e-01 8.341833949089050293e-01 7.613967061042785645e-01
5.420117378234863281e-01 5.014284253120422363e-01 4.932877123355865479e-01 6.463963985443115234e-01 5.230208039283752441e-01 4.954463243484497070e-01 4.489830136299133301e-01 5.561270117759704590e-01 6.314700841903686523e-01 4.682195186614990234e-01
3.832148909568786621e-01 5.014284253120422363e-01 4.932877123355865479e-01 5.238431692123413086e-01 5.359699726104736328e-01 4.954463243484497070e-01 6.925468444824218750e-01 5.868030190467834473e-01 6.122013330459594727e-01 3.213775753974914551e-01
6.112186312675476074e-01 6.145935058593750000e-01 6.828536987304687500e-01 8.745088577270507812e-01 5.985665321350097656e-01 4.954463243484497070e-01 6.925468444824218750e-01 5.561270117759704590e-01 6.470690965652465820e-01 8.072091341018676758e-01
5.420117378234863281e-01 3.244665861129760742e-01 2.047889679670333862e-01 2.123567014932632446e-01 3.019086420536041260e-01 4.130009710788726807e-01 4.489830136299133301e-01 1.475190669298171997e-01 8.398398756980895996e-01 4.682195186614990234e-01
6.112186312675476074e-01 5.014284253120422363e-01 5.922338962554931641e-01 5.750381946563720703e-01 5.985665321350097656e-01 4.954463243484497070e-01 5.272321105003356934e-01 3.834078609943389893e-01 7.022361159324645996e-01 7.198762297630310059e-01
3.832148909568786621e-01 5.014284253120422363e-01 6.159739494323730469e-01 5.261392593383789062e-01 7.778089642524719238e-01 4.954463243484497070e-01 4.489830136299133301e-01 5.481404662132263184e-01 7.147183418273925781e-01 5.343469977378845215e-01
5.420117378234863281e-01 5.014284253120422363e-01 4.932877123355865479e-01 5.757561922073364258e-01 5.230208039283752441e-01 4.954463243484497070e-01 4.489830136299133301e-01 2.795549631118774414e-01 7.834597826004028320e-01 4.682195186614990234e-01
5.420117378234863281e-01 5.014284253120422363e-01 4.932877123355865479e-01 5.918794274330139160e-01 5.230208039283752441e-01 4.954463243484497070e-01 6.925468444824218750e-01 5.561270117759704590e-01 5.968094468116760254e-01 4.682195186614990234e-01
6.112186312675476074e-01 5.014284253120422363e-01 5.922338962554931641e-01 8.178198337554931641e-01 5.985665321350097656e-01 4.954463243484497070e-01 6.925468444824218750e-01 5.868030190467834473e-01 5.364606380462646484e-01 5.929959416389465332e-01
5.420117378234863281e-01 5.014284253120422363e-01 4.932877123355865479e-01 6.463963985443115234e-01 5.230208039283752441e-01 4.954463243484497070e-01 6.925468444824218750e-01 6.970279216766357422e-01 5.678411126136779785e-01 5.236701369285583496e-01
5.420117378234863281e-01 5.014284253120422363e-01 4.932877123355865479e-01 5.757561922073364258e-01 5.230208039283752441e-01 4.954463243484497070e-01 6.925468444824218750e-01 2.795549631118774414e-01 6.249507665634155273e-01 5.236701369285583496e-01
4.654981493949890137e-01 5.014284253120422363e-01 3.943154215812683105e-01 4.591703116893768311e-01 5.025210380554199219e-01 4.954463243484497070e-01 6.925468444824218750e-01 6.172565221786499023e-01 3.775123953819274902e-01 4.903012514114379883e-01
5.626419186592102051e-01 5.800728797912597656e-01 6.419997811317443848e-01 9.101687669754028320e-01 7.212855219841003418e-01 6.658065915107727051e-01 3.546268641948699951e-01 5.865671038627624512e-01 9.619560837745666504e-01 3.620618581771850586e-01
3.832148909568786621e-01 5.014284253120422363e-01 4.161837995052337646e-01 6.879287362098693848e-01 5.359699726104736328e-01 4.954463243484497070e-01 6.925468444824218750e-01 5.868030190467834473e-01 7.246358394622802734e-01 3.213775753974914551e-01
5.626419186592102051e-01 5.014284253120422363e-01 6.159739494323730469e-01 5.757561922073364258e-01 6.885026097297668457e-01 4.954463243484497070e-01 4.489830136299133301e-01 2.795549631118774414e-01 8.592148423194885254e-01 5.236701369285583496e-01
5.415272712707519531e-01 6.002345681190490723e-01 6.419997811317443848e-01 9.545366168022155762e-01 7.212855219841003418e-01 6.658065915107727051e-01 7.631959915161132812e-01 8.892424106597900391e-01 8.711836934089660645e-01 6.756557226181030273e-01
5.626419186592102051e-01 5.014284253120422363e-01 5.401349663734436035e-01 6.879287362098693848e-01 5.093192458152770996e-01 4.954463243484497070e-01 3.546268641948699951e-01 2.795549631118774414e-01 6.383108496665954590e-01 5.343469977378845215e-01
4.005704224109649658e-01 5.800728797912597656e-01 4.649558067321777344e-01 6.798110604286193848e-01 7.611765265464782715e-01 6.699730157852172852e-01 5.491066575050354004e-01 8.356694579124450684e-01 8.331518769264221191e-01 5.059256553649902344e-01
5.858594775199890137e-01 4.304565489292144775e-01 7.145502567291259766e-01 5.663923025131225586e-01 6.224386096000671387e-01 6.699730157852172852e-01 5.491066575050354004e-01 7.825164198875427246e-01 3.597986102104187012e-01 4.459154605865478516e-01
6.348916888236999512e-01 5.014284253120422363e-01 5.301875472068786621e-01 3.961556851863861084e-01 3.456727862358093262e-01 4.954463243484497070e-01 4.273553192615509033e-01 3.832892775535583496e-01 4.285598397254943848e-01 6.684027910232543945e-01
5.858594775199890137e-01 4.244979619979858398e-01 4.932877123355865479e-01 4.714606106281280518e-01 5.416015982627868652e-01 4.954463243484497070e-01 4.712767899036407471e-01 5.184265971183776855e-01 3.958339095115661621e-01 4.358777105808258057e-01
4.706584811210632324e-01 5.014284253120422363e-01 4.161837995052337646e-01 3.821738064289093018e-01 5.122594833374023438e-01 4.954463243484497070e-01 4.712767899036407471e-01 6.950827240943908691e-01 5.832716226577758789e-01 4.358777105808258057e-01
2.180886864662170410e-01 5.014284253120422363e-01 3.943154215812683105e-01 4.303684085607528687e-02 4.731775522232055664e-01 4.954463243484497070e-01 4.712767899036407471e-01 3.354474306106567383e-01 3.085509836673736572e-01 2.969790399074554443e-01
3.757518827915191650e-01 5.014284253120422363e-01 4.103104174137115479e-01 3.783557713031768799e-01 6.163629889488220215e-01 4.603140056133270264e-01 3.890836238861083984e-01 6.093556284904479980e-01 4.002265036106109619e-01 5.680189132690429688e-01
2.407645881175994873e-01 5.014284253120422363e-01 2.601827085018157959e-01 2.694365978240966797e-01 2.895384728908538818e-01 4.973175823688507080e-01 4.712767899036407471e-01 4.616303741931915283e-01 2.899850308895111084e-01 6.703358292579650879e-01
5.415272712707519531e-01 5.014284253120422363e-01 5.099174976348876953e-01 5.322405099868774414e-01 6.163629889488220215e-01 4.954463243484497070e-01 5.761034488677978516e-01 4.776588380336761475e-01 5.956385135650634766e-01 4.085608124732971191e-01
3.944859206676483154e-01 6.145935058593750000e-01 2.047889679670333862e-01 9.000400453805923462e-02 2.615811228752136230e-01 2.385826855897903442e-01 4.712767899036407471e-01 4.688863158226013184e-01 1.623488813638687134e-01 4.358777105808258057e-01
4.706584811210632324e-01 5.014284253120422363e-01 4.932877123355865479e-01 5.184616446495056152e-01 5.230208039283752441e-01 4.954463243484497070e-01 4.712767899036407471e-01 5.724579095840454102e-01 5.683291554450988770e-01 4.358777105808258057e-01
6.308545470237731934e-01 5.014284253120422363e-01 7.503445148468017578e-01 8.566241860389709473e-01 5.985665321350097656e-01 4.954463243484497070e-01 5.272321105003356934e-01 6.798076629638671875e-01 8.655075430870056152e-01 8.072091341018676758e-01
5.415272712707519531e-01 5.014284253120422363e-01 7.503445148468017578e-01 4.834629297256469727e-01 4.499589502811431885e-01 4.954463243484497070e-01 5.761034488677978516e-01 8.103874325752258301e-01 3.041758537292480469e-01 6.756557226181030273e-01
4.706584811210632324e-01 6.145935058593750000e-01 4.932877123355865479e-01 4.370081722736358643e-01 2.857698798179626465e-01 4.954463243484497070e-01 4.712767899036407471e-01 5.184265971183776855e-01 3.967429995536804199e-01 4.358777105808258057e-01
4.706584811210632324e-01 5.014284253120422363e-01 4.161837995052337646e-01 5.590202212333679199e-01 4.895274639129638672e-01 4.954463243484497070e-01 4.712767899036407471e-01 5.184265971183776855e-01 4.566146731376647949e-01 4.910348653793334961e-01
5.415272712707519531e-01 5.800728797912597656e-01 5.099174976348876953e-01 5.010630488395690918e-01 3.523623943328857422e-01 4.954463243484497070e-01 5.761034488677978516e-01 6.686928272247314453e-01 2.304781526327133179e-01 5.059256553649902344e-01
5.674964785575866699e-01 5.800728797912597656e-01 4.015944600105285645e-01 4.842723309993743896e-01 4.943237602710723877e-01 4.954463243484497070e-01 6.155636906623840332e-01 3.406004011631011963e-01 5.946032404899597168e-01 6.924065351486206055e-01
5.858594775199890137e-01 6.049360036849975586e-01 4.161837995052337646e-01 3.821738064289093018e-01 4.112532734870910645e-01 4.551042914390563965e-01 4.712767899036407471e-01 3.518998622894287109e-01 4.270945191383361816e-01 4.358777105808258057e-01
2.490298151969909668e-01 5.800728797912597656e-01 2.726182341575622559e-01 3.695427775382995605e-01 7.357147932052612305e-01 7.724123597145080566e-01 7.778251767158508301e-01 3.519615530967712402e-01 4.122736155986785889e-01 4.459154605865478516e-01
5.760781168937683105e-01 6.049360036849975586e-01 3.888817131519317627e-01 6.627044081687927246e-01 5.157199501991271973e-01 4.551042914390563965e-01 4.928053319454193115e-01 5.817691087722778320e-01 5.233644843101501465e-01 3.149246275424957275e-01
2.984701991081237793e-01 5.014284253120422363e-01 8.137189745903015137e-01 8.161169290542602539e-01 7.266244292259216309e-01 4.954463243484497070e-01 6.578189730644226074e-01 6.828461289405822754e-01 6.938540935516357422e-01 4.993642270565032959e-01
5.336574912071228027e-01 6.964614391326904297e-01 3.484842479228973389e-01 6.524107456207275391e-01 6.595262885093688965e-01 6.258581280708312988e-01 6.966128349304199219e-01 5.184265971183776855e-01 5.203942060470581055e-01 4.358777105808258057e-01
2.984701991081237793e-01 3.368395268917083740e-01 4.161837995052337646e-01 7.051726579666137695e-01 4.683662354946136475e-01 4.954463243484497070e-01 6.966128349304199219e-01 4.075416624546051025e-01 4.159439504146575928e-01 3.149246275424957275e-01
6.032026410102844238e-01 5.014284253120422363e-01 5.975494384765625000e-01 6.023969650268554688e-01 3.584353923797607422e-01 4.954463243484497070e-01 4.273553192615509033e-01 5.320355296134948730e-01 4.636545181274414062e-01 3.856025040149688721e-01
5.336574912071228027e-01 4.244979619979858398e-01 5.339039564132690430e-01 6.706068515777587891e-01 6.114650964736938477e-01 4.973175823688507080e-01 6.966128349304199219e-01 5.829164385795593262e-01 5.095574855804443359e-01 6.195548772811889648e-01
4.353210926055908203e-01 5.014284253120422363e-01 3.228256106376647949e-01 2.524714171886444092e-01 5.122594833374023438e-01 4.954463243484497070e-01 4.712767899036407471e-01 7.386085987091064453e-01 8.503151535987854004e-01 5.343469977378845215e-01
6.454754471778869629e-01 4.304565489292144775e-01 6.419997811317443848e-01 5.262987613677978516e-01 5.690626502037048340e-01 6.699730157852172852e-01 5.491066575050354004e-01 5.646755695343017578e-01 3.531190752983093262e-01 4.459154605865478516e-01
7.882719039916992188e-01 5.014284253120422363e-01 5.883133411407470703e-01 6.888865232467651367e-01 6.722289323806762695e-01 4.954463243484497070e-01 4.273553192615509033e-01 6.465557813644409180e-01 5.179474353790283203e-01 7.375821471214294434e-01
6.032026410102844238e-01 5.014284253120422363e-01 3.637365698814392090e-01 8.336474895477294922e-01 4.871429800987243652e-01 4.954463243484497070e-01 5.761034488677978516e-01 7.144381403923034668e-01 5.100823640823364258e-01 4.085608124732971191e-01
5.336574912071228027e-01 5.014284253120422363e-01 4.684510827064514160e-01 4.602544009685516357e-01 6.493942737579345703e-01 4.954463243484497070e-01 4.712767899036407471e-01 5.184265971183776855e-01 7.967727780342102051e-01 4.910348653793334961e-01
6.454754471778869629e-01 6.964614391326904297e-01 4.962992072105407715e-01 4.187955856323242188e-01 5.690626502037048340e-01 6.699730157852172852e-01 7.631959915161132812e-01 5.689058303833007812e-01 7.035475373268127441e-01 5.059256553649902344e-01
2.898407876491546631e-01 5.014284253120422363e-01 7.572550773620605469e-01 8.207309246063232422e-01 3.682084977626800537e-01 2.385826855897903442e-01 4.273553192615509033e-01 8.559003472328186035e-01 7.703831791877746582e-01 3.555627763271331787e-01
5.336574912071228027e-01 4.304565489292144775e-01 3.484842479228973389e-01 3.040173649787902832e-01 4.788621664047241211e-01 6.658065915107727051e-01 4.712767899036407471e-01 5.081546306610107422e-01 4.556003212928771973e-01 6.195548772811889648e-01
8.318133354187011719e-01 5.014284253120422363e-01 7.596507072448730469e-01 4.665801823139190674e-01 7.360679507255554199e-01 4.954463243484497070e-01 4.273553192615509033e-01 6.465557813644409180e-01 7.210811376571655273e-01 6.358656883239746094e-01
5.336574912071228027e-01 5.014284253120422363e-01 3.484842479228973389e-01 4.814420044422149658e-01 4.788621664047241211e-01 4.954463243484497070e-01 4.712767899036407471e-01 5.716285109519958496e-01 4.649248719215393066e-01 3.555627763271331787e-01
6.032026410102844238e-01 5.014284253120422363e-01 6.828536987304687500e-01 5.653955936431884766e-01 5.554572939872741699e-01 3.961378037929534912e-01 5.761034488677978516e-01 3.794057071208953857e-01 2.545138895511627197e-01 7.223047614097595215e-01
5.336574912071228027e-01 5.014284253120422363e-01 3.484842479228973389e-01 4.176836609840393066e-01 4.112532734870910645e-01 4.954463243484497070e-01 4.712767899036407471e-01 5.724579095840454102e-01 5.914222002029418945e-01 4.910348653793334961e-01
5.336574912071228027e-01 6.145935058593750000e-01 4.932877123355865479e-01 6.148530244827270508e-01 3.792267441749572754e-01 4.954463243484497070e-01 4.712767899036407471e-01 5.184265971183776855e-01 4.732070565223693848e-01 4.358777105808258057e-01
6.032026410102844238e-01 5.014284253120422363e-01 5.099174976348876953e-01 5.471866726875305176e-01 4.871429800987243652e-01 4.954463243484497070e-01 5.761034488677978516e-01 6.686928272247314453e-01 5.151466727256774902e-01 5.611298084259033203e-01
5.336574912071228027e-01 3.368395268917083740e-01 4.932877123355865479e-01 5.228763222694396973e-01 4.112532734870910645e-01 4.954463243484497070e-01 4.712767899036407471e-01 5.184265971183776855e-01 4.210341274738311768e-01 4.358777105808258057e-01
5.336574912071228027e-01 6.145935058593750000e-01 4.161837995052337646e-01 6.240888833999633789e-01 4.112532734870910645e-01 4.954463243484497070e-01 4.712767899036407471e-01 5.184265971183776855e-01 7.823487520217895508e-01 4.358777105808258057e-01
5.336574912071228027e-01 5.014284253120422363e-01 5.401349663734436035e-01 4.177735149860382080e-01 4.178538322448730469e-01 4.954463243484497070e-01 4.712767899036407471e-01 5.184265971183776855e-01 8.445289134979248047e-01 4.358777105808258057e-01
5.336574912071228027e-01 3.368395268917083740e-01 4.932877123355865479e-01 3.415623903274536133e-01 4.112532734870910645e-01 4.954463243484497070e-01 4.712767899036407471e-01 5.184265971183776855e-01 5.005097985267639160e-01 4.358777105808258057e-01
5.336574912071228027e-01 5.014284253120422363e-01 4.161837995052337646e-01 5.805441141128540039e-01 3.792267441749572754e-01 4.954463243484497070e-01 4.712767899036407471e-01 5.716285109519958496e-01 3.865039050579071045e-01 5.343469977378845215e-01
5.336574912071228027e-01 5.014284253120422363e-01 4.932877123355865479e-01 8.278702497482299805e-01 4.455550909042358398e-01 6.865330338478088379e-01 4.712767899036407471e-01 7.223694920539855957e-01 2.017927020788192749e-01 6.195548772811889648e-01
5.760781168937683105e-01 6.964614391326904297e-01 7.029650807380676270e-01 9.677589535713195801e-01 8.909890055656433105e-01 4.827106893062591553e-01 7.194763422012329102e-01 6.789493560791015625e-01 9.126248955726623535e-01 6.924065351486206055e-01
3.499202132225036621e-01 5.014284253120422363e-01 6.959496140480041504e-01 3.950098752975463867e-01 2.968565821647644043e-01 4.954463243484497070e-01 4.273553192615509033e-01 5.352594256401062012e-01 9.496648311614990234e-01 8.391819596290588379e-01
5.336574912071228027e-01 5.014284253120422363e-01 4.932877123355865479e-01 4.001869559288024902e-01 4.112532734870910645e-01 4.954463243484497070e-01 4.712767899036407471e-01 3.743984103202819824e-01 3.287323117256164551e-01 4.910348653793334961e-01
5.336574912071228027e-01 5.014284253120422363e-01 4.932877123355865479e-01 2.331034690141677856e-01 5.801118612289428711e-01 3.961378037929534912e-01 4.712767899036407471e-01 5.463789105415344238e-01 6.668860912322998047e-01 6.703358292579650879e-01
6.985198259353637695e-01 5.014284253120422363e-01 6.413934826850891113e-01 7.926541566848754883e-01 6.163629889488220215e-01 5.621588230133056641e-01 2.745663523674011230e-01 5.266526341438293457e-01 6.025612354278564453e-01 7.124859094619750977e-01
5.336574912071228027e-01 3.244665861129760742e-01 6.159739494323730469e-01 4.342414736747741699e-01 5.867217779159545898e-01 5.826963782310485840e-01 4.712767899036407471e-01 4.647373259067535400e-01 8.513447642326354980e-01 4.426847696304321289e-01
5.336574912071228027e-01 5.014284253120422363e-01 4.161837995052337646e-01 5.805441141128540039e-01 4.112532734870910645e-01 5.621588230133056641e-01 4.712767899036407471e-01 4.267198741436004639e-01 5.837820172309875488e-01 4.910348653793334961e-01
5.336574912071228027e-01 5.014284253120422363e-01 4.932877123355865479e-01 4.410515725612640381e-01 5.416015982627868652e-01 4.954463243484497070e-01 4.712767899036407471e-01 5.184265971183776855e-01 4.127514958381652832e-01 4.358777105808258057e-01
5.336574912071228027e-01 6.145935058593750000e-01 4.932877123355865479e-01 5.228763222694396973e-01 4.112532734870910645e-01 4.954463243484497070e-01 4.712767899036407471e-01 5.184265971183776855e-01 5.320432782173156738e-01 4.358777105808258057e-01
2.991270124912261963e-01 6.964614391326904297e-01 3.888817131519317627e-01 7.369652986526489258e-01 6.224386096000671387e-01 6.699730157852172852e-01 6.061661839485168457e-01 5.508177280426025391e-01 7.268903851509094238e-01 6.039910316467285156e-01
5.597100257873535156e-01 5.014284253120422363e-01 3.857169747352600098e-01 5.355949401855468750e-01 2.463933378458023071e-01 5.621588230133056641e-01 6.155636906623840332e-01 6.450093388557434082e-01 4.970442056655883789e-01 8.069183826446533203e-01
5.336574912071228027e-01 5.014284253120422363e-01 4.932877123355865479e-01 4.023400545120239258e-01 4.112532734870910645e-01 5.621588230133056641e-01 4.712767899036407471e-01 5.184265971183776855e-01 4.069610238075256348e-01 4.358777105808258057e-01
5.336574912071228027e-01 5.014284253120422363e-01 4.932877123355865479e-01 8.776035904884338379e-01 4.112532734870910645e-01 5.621588230133056641e-01 4.712767899036407471e-01 5.184265971183776855e-01 5.821887850761413574e-01 4.910348653793334961e-01
7.619592547416687012e-01 6.964614391326904297e-01 7.857332825660705566e-01 6.974331736564636230e-01 7.357147932052612305e-01 6.699730157852172852e-01 5.491066575050354004e-01 5.678572654724121094e-01 3.536629378795623779e-01 5.643380284309387207e-01
6.032026410102844238e-01 5.014284253120422363e-01 8.543061614036560059e-01 7.934309244155883789e-01 7.360679507255554199e-01 5.621588230133056641e-01 8.805702328681945801e-01 7.646083235740661621e-01 7.951202988624572754e-01 6.402182579040527344e-01
2.984701991081237793e-01 4.244979619979858398e-01 4.161837995052337646e-01 6.326467394828796387e-01 4.683662354946136475e-01 4.551042914390563965e-01 6.966128349304199219e-01 4.077895581722259521e-01 6.446047425270080566e-01 3.149246275424957275e-01
6.032026410102844238e-01 5.014284253120422363e-01 7.596507072448730469e-01 8.827003836631774902e-01 4.886782467365264893e-01 5.621588230133056641e-01 4.273553192615509033e-01 8.010502457618713379e-01 6.064443588256835938e-01 3.303225040435791016e-01
3.476245105266571045e-01 5.014284253120422363e-01 6.159739494323730469e-01 5.320867896080017090e-01 6.493942737579345703e-01 7.411786913871765137e-01 4.712767899036407471e-01 5.034617185592651367e-01 6.846203804016113281e-01 4.280954897403717041e-01
5.336574912071228027e-01 5.014284253120422363e-01 4.932877123355865479e-01 6.590533256530761719e-01 4.112532734870910645e-01 5.621588230133056641e-01 4.712767899036407471e-01 3.743984103202819824e-01 4.735762774944305420e-01 4.910348653793334961e-01
5.336574912071228027e-01 5.014284253120422363e-01 4.932877123355865479e-01 4.986501634120941162e-01 4.788621664047241211e-01 4.954463243484497070e-01 4.712767899036407471e-01 5.184265971183776855e-01 3.446897268295288086e-01 4.910348653793334961e-01
5.336574912071228027e-01 5.014284253120422363e-01 4.161837995052337646e-01 4.560074508190155029e-01 4.112532734870910645e-01 4.954463243484497070e-01 4.712767899036407471e-01 5.184265971183776855e-01 2.172176986932754517e-01 4.358777105808258057e-01
6.032026410102844238e-01 3.368395268917083740e-01 6.828536987304687500e-01 3.207478523254394531e-01 4.871429800987243652e-01 4.954463243484497070e-01 4.712767899036407471e-01 3.215761184692382812e-01 6.337565779685974121e-01 4.459154605865478516e-01
5.336574912071228027e-01 5.014284253120422363e-01 4.161837995052337646e-01 7.738085985183715820e-01 4.112532734870910645e-01 4.954463243484497070e-01 4.712767899036407471e-01 3.743984103202819824e-01 6.589738726615905762e-01 4.910348653793334961e-01
5.336574912071228027e-01 5.014284253120422363e-01 6.159739494323730469e-01 4.388434290885925293e-01 5.847231745719909668e-01 4.954463243484497070e-01 4.712767899036407471e-01 3.743984103202819824e-01 6.224672794342041016e-01 4.910348653793334961e-01
5.336574912071228027e-01 5.014284253120422363e-01 4.932877123355865479e-01 5.939858555793762207e-01 4.788621664047241211e-01 4.954463243484497070e-01 4.712767899036407471e-01 4.267198741436004639e-01 4.250734150409698486e-01 4.910348653793334961e-01
6.032026410102844238e-01 5.014284253120422363e-01 6.828536987304687500e-01 7.260224223136901855e-01 4.871429800987243652e-01 4.954463243484497070e-01 5.761034488677978516e-01 7.151287794113159180e-01 8.408819437026977539e-01 4.085608124732971191e-01
5.336574912071228027e-01 5.014284253120422363e-01 5.339039564132690430e-01 2.818117141723632812e-01 1.612027436494827271e-01 2.385826855897903442e-01 4.712767899036407471e-01 6.136111617088317871e-01 3.495494425296783447e-01 4.910348653793334961e-01
6.454754471778869629e-01 6.964614391326904297e-01 7.952694296836853027e-01 6.884246468544006348e-01 5.009606480598449707e-01 6.658065915107727051e-01 6.788441538810729980e-01 7.749263644218444824e-01 8.821591138839721680e-01 4.358777105808258057e-01
7.882719039916992188e-01 3.368395268917083740e-01 7.261176705360412598e-01 8.415102362632751465e-01 7.551217675209045410e-01 5.001421570777893066e-01 7.410823702812194824e-01 8.744968175888061523e-01 8.534557223320007324e-01 4.440878331661224365e-01
5.336574912071228027e-01 5.014284253120422363e-01 4.161837995052337646e-01 6.014584898948669434e-01 2.373230308294296265e-01 4.954463243484497070e-01 4.712767899036407471e-01 5.184265971183776855e-01 6.410550475120544434e-01 4.910348653793334961e-01
6.032026410102844238e-01 5.014284253120422363e-01 6.828536987304687500e-01 8.814654350280761719e-01 6.554008722305297852e-01 4.954463243484497070e-01 5.761034488677978516e-01 5.287546515464782715e-01 7.882125973701477051e-01 5.611298084259033203e-01
5.336574912071228027e-01 5.014284253120422363e-01 4.932877123355865479e-01 8.609199523925781250e-01 4.732094705104827881e-01 4.954463243484497070e-01 4.712767899036407471e-01 6.240196824073791504e-01 2.480808496475219727e-01 5.343469977378845215e-01
5.348740816116333008e-01 5.014284253120422363e-01 5.099174976348876953e-01 7.276940345764160156e-01 5.554572939872741699e-01 4.954463243484497070e-01 5.761034488677978516e-01 5.266526341438293457e-01 2.134342938661575317e-01 3.447403907775878906e-01
5.336574912071228027e-01 3.368395268917083740e-01 4.932877123355865479e-01 6.848282814025878906e-01 4.455550909042358398e-01 7.886261940002441406e-01 4.712767899036407471e-01 5.409396886825561523e-01 3.028819859027862549e-01 6.195548772811889648e-01
4.969125986099243164e-01 5.014284253120422363e-01 4.161837995052337646e-01 4.775135219097137451e-01 4.112532734870910645e-01 4.954463243484497070e-01 4.712767899036407471e-01 5.756254196166992188e-01 5.442222952842712402e-01 3.646702766418457031e-01
4.706584811210632324e-01 5.014284253120422363e-01 4.161837995052337646e-01 3.704538047313690186e-01 4.731775522232055664e-01 4.954463243484497070e-01 4.712767899036407471e-01 4.267198741436004639e-01 4.312369823455810547e-01 4.910348653793334961e-01
3.757518827915191650e-01 5.014284253120422363e-01 3.943154215812683105e-01 4.303944408893585205e-01 5.416015982627868652e-01 4.954463243484497070e-01 4.712767899036407471e-01 3.856814205646514893e-01 3.695753514766693115e-01 4.903012514114379883e-01
4.706584811210632324e-01 5.014284253120422363e-01 4.932877123355865479e-01 3.733268380165100098e-01 5.416015982627868652e-01 4.603140056133270264e-01 4.712767899036407471e-01 2.620497047901153564e-01 5.617526769638061523e-01 4.426847696304321289e-01
4.706584811210632324e-01 5.014284253120422363e-01 4.161837995052337646e-01 3.725462853908538818e-01 4.731775522232055664e-01 4.954463243484497070e-01 4.712767899036407471e-01 5.724579095840454102e-01 4.578923583030700684e-01 4.358777105808258057e-01
5.415272712707519531e-01 5.014284253120422363e-01 5.922338962554931641e-01 3.060861825942993164e-01 5.498227477073669434e-01 4.954463243484497070e-01 5.761034488677978516e-01 5.825602412223815918e-01 6.661025881767272949e-01 5.611298084259033203e-01
4.706584811210632324e-01 5.014284253120422363e-01 4.932877123355865479e-01 3.879572153091430664e-01 4.414072632789611816e-01 4.954463243484497070e-01 4.712767899036407471e-01 5.724579095840454102e-01 4.699032604694366455e-01 4.358777105808258057e-01
4.706584811210632324e-01 5.014284253120422363e-01 4.932877123355865479e-01 5.757561922073364258e-01 5.230208039283752441e-01 4.954463243484497070e-01 4.712767899036407471e-01 5.724579095840454102e-01 4.564322829246520996e-01 4.358777105808258057e-01
5.415272712707519531e-01 5.014284253120422363e-01 4.814948439598083496e-01 8.302957415580749512e-01 5.985665321350097656e-01 4.954463243484497070e-01 5.761034488677978516e-01 5.825602412223815918e-01 8.917812108993530273e-01 7.223047614097595215e-01
4.706584811210632324e-01 6.002345681190490723e-01 4.932877123355865479e-01 7.276006340980529785e-01 5.230208039283752441e-01 4.954463243484497070e-01 4.712767899036407471e-01 5.724579095840454102e-01 7.640113830566406250e-01 4.358777105808258057e-01
4.005704224109649658e-01 5.800728797912597656e-01 3.591839075088500977e-01 9.155991077423095703e-01 8.410091400146484375e-01 6.699730157852172852e-01 5.892884135246276855e-01 4.063883125782012939e-01 8.204441070556640625e-01 5.830774903297424316e-01
2.948955297470092773e-01 5.014284253120422363e-01 2.842402458190917969e-01 2.062711715698242188e-01 3.074757456779479980e-01 4.130009710788726807e-01 6.155636906623840332e-01 5.781762003898620605e-01 3.189667165279388428e-01 4.234614074230194092e-01
5.858594775199890137e-01 4.304565489292144775e-01 7.145502567291259766e-01 5.168501734733581543e-01 5.637426376342773438e-01 4.827106893062591553e-01 5.491066575050354004e-01 5.646755695343017578e-01 4.674421250820159912e-01 5.059256553649902344e-01
1.298013627529144287e-01 5.014284253120422363e-01 4.676865935325622559e-01 2.467439174652099609e-01 4.003246724605560303e-01 4.130009710788726807e-01 8.048676252365112305e-01 3.400967717170715332e-01 7.413880228996276855e-01 8.069183826446533203e-01
5.858594775199890137e-01 4.304565489292144775e-01 6.290944218635559082e-01 5.865318775177001953e-01 5.587092638015747070e-01 6.513612270355224609e-01 5.491066575050354004e-01 5.646755695343017578e-01 3.497780859470367432e-01 5.059256553649902344e-01
8.318133354187011719e-01 5.014284253120422363e-01 7.596507072448730469e-01 6.956579089164733887e-01 8.855023980140686035e-01 4.954463243484497070e-01 8.805702328681945801e-01 7.669317722320556641e-01 7.708947062492370605e-01 6.924065351486206055e-01
6.454754471778869629e-01 6.049360036849975586e-01 6.290944218635559082e-01 7.500182986259460449e-01 5.157199501991271973e-01 4.551042914390563965e-01 3.770503997802734375e-01 4.089326858520507812e-01 4.613580703735351562e-01 4.358777105808258057e-01
7.882719039916992188e-01 3.368395268917083740e-01 7.261176705360412598e-01 8.614855408668518066e-01 8.504652380943298340e-01 4.954463243484497070e-01 8.805702328681945801e-01 7.669317722320556641e-01 8.105497360229492188e-01 8.069183826446533203e-01
3.476245105266571045e-01 5.014284253120422363e-01 6.828536987304687500e-01 2.054695487022399902e-01 4.871429800987243652e-01 5.621588230133056641e-01 7.778251767158508301e-01 4.721700549125671387e-01 1.976006031036376953e-01 1.536758691072463989e-01
5.336574912071228027e-01 5.014284253120422363e-01 4.932877123355865479e-01 6.033027768135070801e-01 4.455550909042358398e-01 5.621588230133056641e-01 4.712767899036407471e-01 5.716285109519958496e-01 3.745110929012298584e-01 4.910348653793334961e-01
5.336574912071228027e-01 6.964614391326904297e-01 3.484842479228973389e-01 4.027186930179595947e-01 4.788621664047241211e-01 7.724123597145080566e-01 6.966128349304199219e-01 7.022395133972167969e-01 3.875896036624908447e-01 4.358777105808258057e-01
