4.090050756931304932e-01 3.710370659828186035e-01 8.428115844726562500e-01 4.647876322269439697e-01 4.475660920143127441e-01 4.902276098728179932e-01 4.783002734184265137e-01 3.385946452617645264e-01 5.598299503326416016e-01 4.055526852607727051e-01
3.014463186264038086e-01 7.896803617477416992e-01 4.433711171150207520e-01 4.647876322269439697e-01 4.809157550334930420e-01 4.902276098728179932e-01 4.972005784511566162e-01 3.385946452617645264e-01 4.618410170078277588e-01 4.004066884517669678e-01
3.014463186264038086e-01 6.522210240364074707e-01 4.433711171150207520e-01 4.647876322269439697e-01 4.809157550334930420e-01 4.902276098728179932e-01 4.972005784511566162e-01 3.385946452617645264e-01 4.618410170078277588e-01 7.665689587593078613e-01
5.061548352241516113e-01 7.774790525436401367e-01 4.433711171150207520e-01 4.209229946136474609e-01 4.809157550334930420e-01 4.902276098728179932e-01 5.775957703590393066e-01 5.709273219108581543e-01 4.618410170078277588e-01 8.926908373832702637e-01
5.061548352241516113e-01 5.223537087440490723e-01 3.361432254314422607e-01 4.209229946136474609e-01 5.539187788963317871e-01 4.902276098728179932e-01 5.775957703590393066e-01 5.709273219108581543e-01 4.878857433795928955e-01 7.909028530120849609e-01
5.528060197830200195e-01 6.522210240364074707e-01 4.433711171150207520e-01 5.375279784202575684e-01 6.056276559829711914e-01 4.902276098728179932e-01 5.775957703590393066e-01 5.709273219108581543e-01 2.858891785144805908e-01 5.956814885139465332e-01
5.061548352241516113e-01 6.707752346992492676e-01 3.361432254314422607e-01 4.209229946136474609e-01 4.809157550334930420e-01 4.902276098728179932e-01 5.775957703590393066e-01 5.709273219108581543e-01 4.878857433795928955e-01 6.284838318824768066e-01
5.061548352241516113e-01 6.707752346992492676e-01 3.361432254314422607e-01 4.209229946136474609e-01 4.809157550334930420e-01 4.902276098728179932e-01 5.775957703590393066e-01 5.709273219108581543e-01 4.878857433795928955e-01 8.718038201332092285e-01
5.061548352241516113e-01 7.577325105667114258e-01 3.361432254314422607e-01 4.209229946136474609e-01 4.809157550334930420e-01 4.902276098728179932e-01 5.775957703590393066e-01 5.709273219108581543e-01 4.878857433795928955e-01 8.496015667915344238e-01
4.204086959362030029e-01 6.707752346992492676e-01 3.361432254314422607e-01 4.209229946136474609e-01 4.809157550334930420e-01 4.902276098728179932e-01 5.775957703590393066e-01 5.709273219108581543e-01 4.878857433795928955e-01 8.718038201332092285e-01
5.092452168464660645e-01 6.707752346992492676e-01 4.928156733512878418e-01 4.209229946136474609e-01 4.809157550334930420e-01 4.902276098728179932e-01 5.775957703590393066e-01 5.709273219108581543e-01 4.878857433795928955e-01 5.803459882736206055e-01
5.092452168464660645e-01 6.707752346992492676e-01 4.928156733512878418e-01 4.209229946136474609e-01 4.809157550334930420e-01 4.902276098728179932e-01 5.775957703590393066e-01 5.709273219108581543e-01 4.878857433795928955e-01 5.803459882736206055e-01
5.092452168464660645e-01 6.707752346992492676e-01 4.928156733512878418e-01 4.209229946136474609e-01 6.662107110023498535e-01 4.673694074153900146e-01 4.653451740741729736e-01 4.611895978450775146e-01 4.878857433795928955e-01 3.962684273719787598e-01
4.476589560508728027e-01 1.752324700355529785e-01 3.372146487236022949e-01 4.352414906024932861e-01 6.357489824295043945e-01 4.711251258850097656e-01 4.783002734184265137e-01 4.749858975410461426e-01 5.598299503326416016e-01 3.962684273719787598e-01
4.476589560508728027e-01 3.710370659828186035e-01 3.830404877662658691e-01 4.352414906024932861e-01 6.357489824295043945e-01 4.711251258850097656e-01 4.783002734184265137e-01 4.749858975410461426e-01 5.598299503326416016e-01 4.606333076953887939e-01
5.092452168464660645e-01 4.412386119365692139e-01 4.928156733512878418e-01 4.209229946136474609e-01 6.662107110023498535e-01 4.902276098728179932e-01 4.653451740741729736e-01 4.611895978450775146e-01 4.878857433795928955e-01 3.962684273719787598e-01
5.092452168464660645e-01 2.214296311140060425e-01 4.928156733512878418e-01 4.209229946136474609e-01 6.662107110023498535e-01 4.902276098728179932e-01 4.653451740741729736e-01 4.611895978450775146e-01 4.878857433795928955e-01 3.962684273719787598e-01
4.476589560508728027e-01 3.909152746200561523e-01 4.722052812576293945e-01 6.311106681823730469e-01 6.540005207061767578e-01 4.711251258850097656e-01 4.783002734184265137e-01 4.749858975410461426e-01 5.598299503326416016e-01 5.849401354789733887e-01
4.476589560508728027e-01 3.540788888931274414e-01 3.372146487236022949e-01 4.352414906024932861e-01 6.540005207061767578e-01 4.711251258850097656e-01 4.783002734184265137e-01 4.749858975410461426e-01 5.598299503326416016e-01 5.199499726295471191e-01
4.476589560508728027e-01 3.540788888931274414e-01 3.830404877662658691e-01 4.352414906024932861e-01 4.475660920143127441e-01 4.939966201782226562e-01 4.783002734184265137e-01 4.749858975410461426e-01 5.598299503326416016e-01 3.962684273719787598e-01
5.092452168464660645e-01 4.232308864593505859e-01 3.830404877662658691e-01 4.209229946136474609e-01 4.809157550334930420e-01 4.902276098728179932e-01 4.783002734184265137e-01 5.709273219108581543e-01 3.483055531978607178e-01 5.346120595932006836e-01
5.092452168464660645e-01 6.707752346992492676e-01 4.928156733512878418e-01 4.209229946136474609e-01 5.339673757553100586e-01 4.902276098728179932e-01 5.775957703590393066e-01 5.709273219108581543e-01 2.858891785144805908e-01 6.875319480895996094e-01
4.344611167907714844e-01 6.727901101112365723e-01 4.928156733512878418e-01 4.209229946136474609e-01 5.339673757553100586e-01 4.902276098728179932e-01 5.775957703590393066e-01 5.709273219108581543e-01 3.391592204570770264e-01 4.351182281970977783e-01
5.412676930427551270e-01 5.725436806678771973e-01 4.928156733512878418e-01 4.209229946136474609e-01 5.339673757553100586e-01 4.902276098728179932e-01 5.775957703590393066e-01 5.709273219108581543e-01 3.391592204570770264e-01 5.099264383316040039e-01
4.344611167907714844e-01 6.727901101112365723e-01 4.928156733512878418e-01 5.375279784202575684e-01 7.215265035629272461e-01 4.902276098728179932e-01 5.775957703590393066e-01 5.709273219108581543e-01 3.391592204570770264e-01 4.351182281970977783e-01
5.412676930427551270e-01 6.727901101112365723e-01 4.928156733512878418e-01 5.375279784202575684e-01 5.339673757553100586e-01 4.902276098728179932e-01 5.775957703590393066e-01 5.709273219108581543e-01 3.391592204570770264e-01 4.351182281970977783e-01
4.344611167907714844e-01 6.727901101112365723e-01 4.928156733512878418e-01 5.375279784202575684e-01 7.215265035629272461e-01 4.902276098728179932e-01 5.775957703590393066e-01 5.709273219108581543e-01 5.322713851928710938e-01 4.351182281970977783e-01
5.232826471328735352e-01 5.001508593559265137e-01 3.372146487236022949e-01 4.352414906024932861e-01 3.982868492603302002e-01 4.620239138603210449e-01 4.783002734184265137e-01 4.749858975410461426e-01 4.065840542316436768e-01 3.300641477108001709e-01
5.696914196014404297e-01 3.704324066638946533e-01 3.830404877662658691e-01 5.375279784202575684e-01 5.994943380355834961e-01 4.620239138603210449e-01 4.783002734184265137e-01 4.749858975410461426e-01 4.065840542316436768e-01 3.474103510379791260e-01
4.806375205516815186e-01 3.704324066638946533e-01 3.372146487236022949e-01 4.352414906024932861e-01 5.994943380355834961e-01 4.620239138603210449e-01 4.783002734184265137e-01 4.749858975410461426e-01 4.065840542316436768e-01 4.501462280750274658e-01
4.806375205516815186e-01 3.704324066638946533e-01 3.372146487236022949e-01 4.352414906024932861e-01 5.994943380355834961e-01 4.620239138603210449e-01 4.783002734184265137e-01 4.879358112812042236e-01 4.065840542316436768e-01 4.501462280750274658e-01
5.843063592910766602e-01 6.727901101112365723e-01 4.433711171150207520e-01 5.375279784202575684e-01 4.976190924644470215e-01 5.844997763633728027e-01 5.775957703590393066e-01 5.709273219108581543e-01 5.322713851928710938e-01 6.038763523101806641e-01
5.843063592910766602e-01 6.727901101112365723e-01 4.433711171150207520e-01 5.375279784202575684e-01 2.225764989852905273e-01 2.966375648975372314e-01 5.775957703590393066e-01 5.709273219108581543e-01 5.322713851928710938e-01 4.305659532546997070e-01
5.843063592910766602e-01 6.727901101112365723e-01 4.433711171150207520e-01 5.375279784202575684e-01 2.225764989852905273e-01 5.844997763633728027e-01 5.775957703590393066e-01 5.709273219108581543e-01 5.322713851928710938e-01 6.038763523101806641e-01
5.843063592910766602e-01 6.727901101112365723e-01 4.433711171150207520e-01 5.375279784202575684e-01 4.472341537475585938e-01 6.000099778175354004e-01 5.775957703590393066e-01 5.709273219108581543e-01 5.322713851928710938e-01 4.805051982402801514e-01
5.843063592910766602e-01 6.727901101112365723e-01 4.433711171150207520e-01 5.375279784202575684e-01 4.976190924644470215e-01 5.844997763633728027e-01 5.775957703590393066e-01 5.709273219108581543e-01 5.322713851928710938e-01 7.282059192657470703e-01
5.843063592910766602e-01 6.727901101112365723e-01 4.433711171150207520e-01 5.375279784202575684e-01 7.215265035629272461e-01 5.844997763633728027e-01 5.775957703590393066e-01 5.709273219108581543e-01 5.322713851928710938e-01 4.657930731773376465e-01
4.806375205516815186e-01 5.111440420150756836e-01 3.372146487236022949e-01 4.352414906024932861e-01 5.994943380355834961e-01 3.425886631011962891e-01 4.783002734184265137e-01 4.749858975410461426e-01 4.065840542316436768e-01 3.180275857448577881e-01
4.806375205516815186e-01 5.111440420150756836e-01 1.921204626560211182e-01 5.375279784202575684e-01 3.639614582061767578e-01 3.425886631011962891e-01 2.972897291183471680e-01 5.709273219108581543e-01 4.065840542316436768e-01 3.760178685188293457e-01
5.696914196014404297e-01 5.111440420150756836e-01 1.921204626560211182e-01 5.375279784202575684e-01 1.892872005701065063e-01 3.425886631011962891e-01 2.972897291183471680e-01 2.399530261754989624e-01 4.065840542316436768e-01 3.760178685188293457e-01
5.696914196014404297e-01 5.111440420150756836e-01 1.630975157022476196e-01 5.375279784202575684e-01 3.639614582061767578e-01 3.425886631011962891e-01 2.972897291183471680e-01 2.399530261754989624e-01 4.065840542316436768e-01 3.760178685188293457e-01
5.696914196014404297e-01 3.494141101837158203e-01 1.921204626560211182e-01 5.375279784202575684e-01 3.639614582061767578e-01 3.425886631011962891e-01 2.972897291183471680e-01 2.399530261754989624e-01 4.065840542316436768e-01 3.760178685188293457e-01
5.696914196014404297e-01 3.494141101837158203e-01 1.630975157022476196e-01 2.734172940254211426e-01 5.994943380355834961e-01 3.425886631011962891e-01 2.972897291183471680e-01 2.399530261754989624e-01 4.065840542316436768e-01 5.236327648162841797e-01
5.944812893867492676e-01 4.182449579238891602e-01 4.928156733512878418e-01 5.375279784202575684e-01 4.123456478118896484e-01 5.844997763633728027e-01 5.775957703590393066e-01 5.709273219108581543e-01 5.322713851928710938e-01 4.290341436862945557e-01
6.415576934814453125e-01 4.182449579238891602e-01 4.928156733512878418e-01 5.375279784202575684e-01 2.225764989852905273e-01 5.844997763633728027e-01 5.775957703590393066e-01 5.709273219108581543e-01 5.322713851928710938e-01 4.290341436862945557e-01
5.696914196014404297e-01 3.494141101837158203e-01 1.921204626560211182e-01 5.375279784202575684e-01 5.994943380355834961e-01 3.425886631011962891e-01 2.972897291183471680e-01 2.399530261754989624e-01 4.065840542316436768e-01 4.140400886535644531e-01
4.600333571434020996e-01 5.001508593559265137e-01 3.372146487236022949e-01 4.352414906024932861e-01 6.352157592773437500e-01 3.692235648632049561e-01 4.783002734184265137e-01 4.749858975410461426e-01 4.593078792095184326e-01 6.858448982238769531e-01
3.089708387851715088e-01 5.001508593559265137e-01 3.372146487236022949e-01 4.352414906024932861e-01 6.352157592773437500e-01 3.692235648632049561e-01 4.783002734184265137e-01 4.749858975410461426e-01 3.273658752441406250e-01 5.018234252929687500e-01
6.485847234725952148e-01 6.034975647926330566e-01 3.372146487236022949e-01 4.352414906024932861e-01 6.352157592773437500e-01 4.711251258850097656e-01 4.783002734184265137e-01 4.749858975410461426e-01 3.855782747268676758e-01 5.582705736160278320e-01
2.381196320056915283e-01 5.001508593559265137e-01 3.372146487236022949e-01 4.352414906024932861e-01 3.982868492603302002e-01 4.939966201782226562e-01 4.783002734184265137e-01 4.749858975410461426e-01 4.065840542316436768e-01 3.070315420627593994e-01
5.003342032432556152e-01 5.001508593559265137e-01 3.372146487236022949e-01 4.352414906024932861e-01 3.982868492603302002e-01 4.939966201782226562e-01 4.783002734184265137e-01 4.749858975410461426e-01 4.065840542316436768e-01 3.014707267284393311e-01
5.003342032432556152e-01 5.001508593559265137e-01 3.372146487236022949e-01 4.352414906024932861e-01 3.982868492603302002e-01 4.939966201782226562e-01 4.783002734184265137e-01 4.749858975410461426e-01 4.065840542316436768e-01 3.070315420627593994e-01
5.003342032432556152e-01 5.001508593559265137e-01 3.372146487236022949e-01 4.352414906024932861e-01 3.982868492603302002e-01 4.939966201782226562e-01 4.783002734184265137e-01 4.749858975410461426e-01 4.065840542316436768e-01 5.121384859085083008e-01
2.381196320056915283e-01 5.001508593559265137e-01 3.372146487236022949e-01 4.352414906024932861e-01 3.982868492603302002e-01 4.939966201782226562e-01 4.783002734184265137e-01 4.749858975410461426e-01 4.065840542316436768e-01 4.016933739185333252e-01
5.003342032432556152e-01 6.126229763031005859e-01 3.372146487236022949e-01 4.352414906024932861e-01 3.982868492603302002e-01 4.939966201782226562e-01 4.783002734184265137e-01 4.749858975410461426e-01 5.598299503326416016e-01 5.186997056007385254e-01
4.147460460662841797e-01 6.126229763031005859e-01 3.372146487236022949e-01 4.352414906024932861e-01 3.982868492603302002e-01 4.939966201782226562e-01 4.783002734184265137e-01 4.749858975410461426e-01 5.598299503326416016e-01 5.186997056007385254e-01
4.147460460662841797e-01 6.126229763031005859e-01 3.372146487236022949e-01 4.352414906024932861e-01 3.635792136192321777e-01 4.939966201782226562e-01 4.783002734184265137e-01 4.749858975410461426e-01 5.598299503326416016e-01 4.614576697349548340e-01
4.147460460662841797e-01 7.371807098388671875e-01 3.372146487236022949e-01 4.352414906024932861e-01 3.635792136192321777e-01 4.939966201782226562e-01 4.783002734184265137e-01 4.749858975410461426e-01 5.598299503326416016e-01 4.614576697349548340e-01
4.147460460662841797e-01 3.628844916820526123e-01 3.372146487236022949e-01 4.352414906024932861e-01 3.635792136192321777e-01 4.711251258850097656e-01 4.783002734184265137e-01 4.749858975410461426e-01 5.598299503326416016e-01 3.548493385314941406e-01
3.054196238517761230e-01 3.628844916820526123e-01 3.372146487236022949e-01 4.352414906024932861e-01 3.635792136192321777e-01 4.711251258850097656e-01 4.783002734184265137e-01 4.749858975410461426e-01 5.598299503326416016e-01 3.548493385314941406e-01
4.147460460662841797e-01 7.371807098388671875e-01 3.372146487236022949e-01 4.352414906024932861e-01 3.635792136192321777e-01 4.939966201782226562e-01 4.783002734184265137e-01 4.749858975410461426e-01 5.598299503326416016e-01 4.614576697349548340e-01
4.461049437522888184e-01 7.896803617477416992e-01 4.928156733512878418e-01 5.375279784202575684e-01 3.951470851898193359e-01 5.844997763633728027e-01 5.775957703590393066e-01 5.709273219108581543e-01 6.787083148956298828e-01 4.158094823360443115e-01
5.945245027542114258e-01 7.896803617477416992e-01 4.928156733512878418e-01 5.375279784202575684e-01 3.951470851898193359e-01 5.844997763633728027e-01 5.775957703590393066e-01 5.709273219108581543e-01 6.787083148956298828e-01 5.534623265266418457e-01
5.322788357734680176e-01 7.896803617477416992e-01 4.928156733512878418e-01 5.375279784202575684e-01 5.339673757553100586e-01 5.844997763633728027e-01 5.775957703590393066e-01 5.709273219108581543e-01 6.787083148956298828e-01 6.394613385200500488e-01
5.092452168464660645e-01 6.707752346992492676e-01 4.928156733512878418e-01 5.375279784202575684e-01 6.662107110023498535e-01 5.844997763633728027e-01 5.775957703590393066e-01 5.709273219108581543e-01 6.787083148956298828e-01 3.727999925613403320e-01
5.092452168464660645e-01 5.660173296928405762e-01 4.928156733512878418e-01 5.375279784202575684e-01 6.662107110023498535e-01 5.844997763633728027e-01 5.775957703590393066e-01 5.709273219108581543e-01 6.787083148956298828e-01 4.807822406291961670e-01
5.322788357734680176e-01 8.521537780761718750e-01 4.928156733512878418e-01 5.375279784202575684e-01 5.070258975028991699e-01 5.844997763633728027e-01 5.775957703590393066e-01 5.709273219108581543e-01 5.816627144813537598e-01 5.725436806678771973e-01
4.461049437522888184e-01 5.660173296928405762e-01 4.928156733512878418e-01 5.375279784202575684e-01 5.070258975028991699e-01 5.844997763633728027e-01 5.775957703590393066e-01 5.709273219108581543e-01 6.787083148956298828e-01 4.347657263278961182e-01
5.092452168464660645e-01 5.660173296928405762e-01 4.928156733512878418e-01 5.375279784202575684e-01 5.339673757553100586e-01 5.844997763633728027e-01 5.775957703590393066e-01 5.709273219108581543e-01 4.702538847923278809e-01 6.937828660011291504e-01
5.092452168464660645e-01 4.144288301467895508e-01 4.928156733512878418e-01 5.375279784202575684e-01 5.070258975028991699e-01 5.844997763633728027e-01 5.775957703590393066e-01 5.709273219108581543e-01 6.787083148956298828e-01 7.777857780456542969e-01
5.663827657699584961e-01 3.458526432514190674e-01 3.372146487236022949e-01 4.352414906024932861e-01 6.357489824295043945e-01 4.939966201782226562e-01 4.783002734184265137e-01 4.749858975410461426e-01 5.598299503326416016e-01 4.775497317314147949e-01
5.092452168464660645e-01 3.540788888931274414e-01 3.830404877662658691e-01 5.375279784202575684e-01 6.357489824295043945e-01 4.711251258850097656e-01 4.783002734184265137e-01 4.611895978450775146e-01 5.598299503326416016e-01 4.775497317314147949e-01
4.476589560508728027e-01 6.034975647926330566e-01 3.372146487236022949e-01 5.375279784202575684e-01 3.982868492603302002e-01 3.692235648632049561e-01 4.783002734184265137e-01 4.749858975410461426e-01 5.598299503326416016e-01 5.348055958747863770e-01
4.476589560508728027e-01 3.540788888931274414e-01 3.372146487236022949e-01 4.352414906024932861e-01 6.357489824295043945e-01 4.711251258850097656e-01 4.783002734184265137e-01 4.749858975410461426e-01 5.598299503326416016e-01 5.199499726295471191e-01
4.476589560508728027e-01 3.540788888931274414e-01 3.372146487236022949e-01 4.352414906024932861e-01 6.352157592773437500e-01 4.711251258850097656e-01 4.783002734184265137e-01 4.749858975410461426e-01 5.598299503326416016e-01 4.522143006324768066e-01
4.476589560508728027e-01 6.034975647926330566e-01 3.372146487236022949e-01 4.352414906024932861e-01 6.357489824295043945e-01 4.939966201782226562e-01 4.783002734184265137e-01 4.749858975410461426e-01 5.598299503326416016e-01 2.643142044544219971e-01
4.476589560508728027e-01 6.034975647926330566e-01 3.372146487236022949e-01 4.352414906024932861e-01 6.099672913551330566e-01 4.939966201782226562e-01 4.783002734184265137e-01 4.749858975410461426e-01 5.598299503326416016e-01 3.722013235092163086e-01
4.476589560508728027e-01 3.540788888931274414e-01 3.372146487236022949e-01 4.352414906024932861e-01 3.635792136192321777e-01 4.939966201782226562e-01 4.783002734184265137e-01 4.749858975410461426e-01 5.598299503326416016e-01 5.199499726295471191e-01
5.092452168464660645e-01 4.232308864593505859e-01 3.830404877662658691e-01 5.375279784202575684e-01 3.635792136192321777e-01 5.844997763633728027e-01 4.783002734184265137e-01 5.709273219108581543e-01 5.598299503326416016e-01 3.722013235092163086e-01
4.476589560508728027e-01 3.540788888931274414e-01 3.830404877662658691e-01 5.375279784202575684e-01 3.635792136192321777e-01 4.939966201782226562e-01 4.783002734184265137e-01 4.749858975410461426e-01 5.598299503326416016e-01 3.722013235092163086e-01
3.616488277912139893e-01 3.540788888931274414e-01 3.830404877662658691e-01 5.375279784202575684e-01 3.635792136192321777e-01 4.939966201782226562e-01 4.783002734184265137e-01 4.749858975410461426e-01 5.598299503326416016e-01 3.722013235092163086e-01
4.204086959362030029e-01 4.232308864593505859e-01 3.361432254314422607e-01 5.375279784202575684e-01 3.951470851898193359e-01 5.844997763633728027e-01 5.775957703590393066e-01 5.709273219108581543e-01 6.787083148956298828e-01 2.298446744680404663e-01
5.092452168464660645e-01 4.232308864593505859e-01 4.928156733512878418e-01 5.375279784202575684e-01 5.339673757553100586e-01 5.844997763633728027e-01 5.775957703590393066e-01 5.709273219108581543e-01 6.787083148956298828e-01 3.637204468250274658e-01
5.092452168464660645e-01 4.232308864593505859e-01 4.928156733512878418e-01 5.375279784202575684e-01 3.951470851898193359e-01 5.844997763633728027e-01 5.775957703590393066e-01 5.709273219108581543e-01 6.787083148956298828e-01 3.722013235092163086e-01
3.616488277912139893e-01 6.234842538833618164e-01 4.722052812576293945e-01 6.311106681823730469e-01 3.635792136192321777e-01 4.711251258850097656e-01 4.783002734184265137e-01 4.749858975410461426e-01 5.598299503326416016e-01 5.199499726295471191e-01
3.616488277912139893e-01 3.540788888931274414e-01 3.372146487236022949e-01 4.352414906024932861e-01 3.635792136192321777e-01 4.711251258850097656e-01 4.783002734184265137e-01 4.749858975410461426e-01 5.598299503326416016e-01 3.722013235092163086e-01
4.476589560508728027e-01 3.540788888931274414e-01 3.372146487236022949e-01 4.352414906024932861e-01 3.635792136192321777e-01 4.939966201782226562e-01 4.783002734184265137e-01 4.749858975410461426e-01 5.598299503326416016e-01 4.450065791606903076e-01
4.476589560508728027e-01 3.540788888931274414e-01 3.372146487236022949e-01 4.352414906024932861e-01 3.635792136192321777e-01 4.939966201782226562e-01 4.783002734184265137e-01 4.749858975410461426e-01 5.598299503326416016e-01 4.450065791606903076e-01
4.476589560508728027e-01 3.540788888931274414e-01 3.372146487236022949e-01 4.352414906024932861e-01 3.635792136192321777e-01 4.939966201782226562e-01 4.783002734184265137e-01 4.749858975410461426e-01 5.598299503326416016e-01 4.450065791606903076e-01
4.476589560508728027e-01 3.540788888931274414e-01 4.135628640651702881e-01 4.352414906024932861e-01 6.357489824295043945e-01 4.939966201782226562e-01 4.783002734184265137e-01 4.749858975410461426e-01 5.598299503326416016e-01 2.875585258007049561e-01
4.476589560508728027e-01 3.540788888931274414e-01 4.135628640651702881e-01 4.352414906024932861e-01 3.982868492603302002e-01 4.939966201782226562e-01 4.783002734184265137e-01 4.749858975410461426e-01 5.598299503326416016e-01 3.367164134979248047e-01
4.476589560508728027e-01 3.540788888931274414e-01 4.135628640651702881e-01 4.352414906024932861e-01 6.357489824295043945e-01 4.939966201782226562e-01 4.783002734184265137e-01 4.749858975410461426e-01 5.598299503326416016e-01 2.875585258007049561e-01
4.476589560508728027e-01 1.599583923816680908e-01 4.135628640651702881e-01 4.352414906024932861e-01 6.357489824295043945e-01 4.939966201782226562e-01 4.783002734184265137e-01 4.749858975410461426e-01 5.598299503326416016e-01 4.450065791606903076e-01
4.476589560508728027e-01 1.599583923816680908e-01 4.135628640651702881e-01 4.352414906024932861e-01 6.357489824295043945e-01 4.939966201782226562e-01 4.783002734184265137e-01 4.749858975410461426e-01 5.598299503326416016e-01 2.875585258007049561e-01
4.476589560508728027e-01 1.599583923816680908e-01 4.135628640651702881e-01 4.352414906024932861e-01 6.357489824295043945e-01 4.939966201782226562e-01 4.783002734184265137e-01 4.749858975410461426e-01 5.598299503326416016e-01 3.270083367824554443e-01
4.476589560508728027e-01 1.599583923816680908e-01 4.135628640651702881e-01 4.352414906024932861e-01 4.735172986984252930e-01 4.939966201782226562e-01 4.783002734184265137e-01 4.749858975410461426e-01 2.302571982145309448e-01 2.875585258007049561e-01
5.830219984054565430e-01 1.599583923816680908e-01 4.135628640651702881e-01 4.352414906024932861e-01 2.991122901439666748e-01 4.939966201782226562e-01 4.783002734184265137e-01 4.749858975410461426e-01 4.556747674942016602e-01 3.367164134979248047e-01
5.830219984054565430e-01 1.634636670351028442e-01 3.372146487236022949e-01 4.352414906024932861e-01 2.991122901439666748e-01 4.939966201782226562e-01 4.783002734184265137e-01 4.749858975410461426e-01 4.065840542316436768e-01 3.367164134979248047e-01
4.476589560508728027e-01 1.599583923816680908e-01 3.372146487236022949e-01 4.352414906024932861e-01 5.294758677482604980e-01 4.939966201782226562e-01 4.783002734184265137e-01 4.749858975410461426e-01 4.655956029891967773e-01 4.450065791606903076e-01
4.189278483390808105e-01 1.634636670351028442e-01 3.372146487236022949e-01 4.352414906024932861e-01 2.991122901439666748e-01 4.939966201782226562e-01 4.783002734184265137e-01 4.749858975410461426e-01 4.065840542316436768e-01 6.800116896629333496e-01
5.830219984054565430e-01 1.634636670351028442e-01 3.372146487236022949e-01 4.352414906024932861e-01 2.991122901439666748e-01 4.939966201782226562e-01 4.783002734184265137e-01 4.749858975410461426e-01 4.815864562988281250e-01 6.800116896629333496e-01
5.830219984054565430e-01 1.634636670351028442e-01 3.372146487236022949e-01 4.352414906024932861e-01 2.991122901439666748e-01 4.939966201782226562e-01 4.783002734184265137e-01 4.749858975410461426e-01 4.815864562988281250e-01 3.793195188045501709e-01
6.118282675743103027e-01 1.634636670351028442e-01 3.372146487236022949e-01 4.352414906024932861e-01 2.991122901439666748e-01 6.008546948432922363e-01 4.783002734184265137e-01 4.749858975410461426e-01 4.065840542316436768e-01 6.110928654670715332e-01
4.476589560508728027e-01 1.599583923816680908e-01 3.372146487236022949e-01 4.352414906024932861e-01 5.289023518562316895e-01 3.692235648632049561e-01 4.783002734184265137e-01 4.749858975410461426e-01 4.655956029891967773e-01 3.112343847751617432e-01
5.830219984054565430e-01 1.599583923816680908e-01 3.372146487236022949e-01 4.352414906024932861e-01 2.991122901439666748e-01 3.692235648632049561e-01 4.783002734184265137e-01 4.749858975410461426e-01 4.655956029891967773e-01 3.487304747104644775e-01
5.830219984054565430e-01 3.600149750709533691e-01 3.372146487236022949e-01 4.352414906024932861e-01 2.991122901439666748e-01 4.939966201782226562e-01 4.783002734184265137e-01 4.749858975410461426e-01 4.815864562988281250e-01 3.487304747104644775e-01
5.745277404785156250e-01 3.540788888931274414e-01 3.372146487236022949e-01 4.352414906024932861e-01 2.991122901439666748e-01 4.939966201782226562e-01 4.783002734184265137e-01 4.749858975410461426e-01 4.655956029891967773e-01 2.836268842220306396e-01
5.745277404785156250e-01 3.540788888931274414e-01 3.372146487236022949e-01 4.352414906024932861e-01 5.294758677482604980e-01 4.939966201782226562e-01 4.783002734184265137e-01 4.749858975410461426e-01 4.655956029891967773e-01 3.418701291084289551e-01
5.745277404785156250e-01 3.540788888931274414e-01 3.372146487236022949e-01 4.352414906024932861e-01 5.294758677482604980e-01 4.939966201782226562e-01 4.783002734184265137e-01 4.749858975410461426e-01 4.655956029891967773e-01 3.418701291084289551e-01
5.745277404785156250e-01 3.600149750709533691e-01 4.135628640651702881e-01 4.352414906024932861e-01 2.991122901439666748e-01 4.939966201782226562e-01 4.783002734184265137e-01 4.749858975410461426e-01 4.815864562988281250e-01 2.474860250949859619e-01
5.745277404785156250e-01 3.600149750709533691e-01 4.135628640651702881e-01 4.352414906024932861e-01 2.991122901439666748e-01 4.939966201782226562e-01 4.783002734184265137e-01 4.749858975410461426e-01 4.815864562988281250e-01 3.487304747104644775e-01
5.745277404785156250e-01 3.600149750709533691e-01 3.372146487236022949e-01 4.352414906024932861e-01 2.991122901439666748e-01 3.692235648632049561e-01 4.783002734184265137e-01 4.749858975410461426e-01 4.815864562988281250e-01 3.487304747104644775e-01
5.745277404785156250e-01 3.600149750709533691e-01 3.372146487236022949e-01 4.352414906024932861e-01 2.991122901439666748e-01 4.939966201782226562e-01 4.783002734184265137e-01 4.749858975410461426e-01 4.815864562988281250e-01 3.078588843345642090e-01
5.745277404785156250e-01 3.600149750709533691e-01 3.372146487236022949e-01 4.352414906024932861e-01 2.991122901439666748e-01 4.939966201782226562e-01 4.783002734184265137e-01 4.749858975410461426e-01 4.815864562988281250e-01 3.487304747104644775e-01
5.745277404785156250e-01 4.945020377635955811e-01 4.135628640651702881e-01 4.352414906024932861e-01 2.991122901439666748e-01 4.939966201782226562e-01 4.783002734184265137e-01 4.749858975410461426e-01 4.815864562988281250e-01 3.078588843345642090e-01
5.745277404785156250e-01 4.945020377635955811e-01 4.135628640651702881e-01 4.352414906024932861e-01 2.991122901439666748e-01 4.939966201782226562e-01 4.783002734184265137e-01 4.749858975410461426e-01 4.815864562988281250e-01 4.061784148216247559e-01
2.984598577022552490e-01 1.599583923816680908e-01 4.135628640651702881e-01 4.352414906024932861e-01 2.991122901439666748e-01 4.939966201782226562e-01 4.783002734184265137e-01 4.749858975410461426e-01 4.655956029891967773e-01 4.515865147113800049e-01
2.984598577022552490e-01 2.536247074604034424e-01 4.135628640651702881e-01 4.352414906024932861e-01 2.991122901439666748e-01 4.939966201782226562e-01 4.783002734184265137e-01 4.749858975410461426e-01 4.815864562988281250e-01 4.061784148216247559e-01
2.984598577022552490e-01 2.536247074604034424e-01 4.135628640651702881e-01 4.352414906024932861e-01 2.991122901439666748e-01 4.620239138603210449e-01 4.783002734184265137e-01 4.749858975410461426e-01 4.815864562988281250e-01 2.989450991153717041e-01
2.482347786426544189e-01 2.536247074604034424e-01 4.135628640651702881e-01 4.352414906024932861e-01 2.991122901439666748e-01 4.620239138603210449e-01 4.783002734184265137e-01 4.749858975410461426e-01 4.815864562988281250e-01 4.052951335906982422e-01
2.984598577022552490e-01 2.536247074604034424e-01 4.135628640651702881e-01 4.352414906024932861e-01 2.991122901439666748e-01 4.620239138603210449e-01 4.783002734184265137e-01 4.749858975410461426e-01 4.815864562988281250e-01 4.061784148216247559e-01
3.473275601863861084e-01 2.536247074604034424e-01 4.135628640651702881e-01 4.352414906024932861e-01 5.807534456253051758e-01 4.620239138603210449e-01 4.783002734184265137e-01 4.749858975410461426e-01 4.815864562988281250e-01 3.989792764186859131e-01
4.067539274692535400e-01 2.536247074604034424e-01 4.135628640651702881e-01 4.352414906024932861e-01 5.807534456253051758e-01 4.620239138603210449e-01 4.783002734184265137e-01 4.749858975410461426e-01 4.815864562988281250e-01 3.989792764186859131e-01
3.452083170413970947e-01 4.945020377635955811e-01 4.135628640651702881e-01 4.352414906024932861e-01 5.807534456253051758e-01 4.620239138603210449e-01 4.783002734184265137e-01 4.749858975410461426e-01 4.815864562988281250e-01 4.176891744136810303e-01
5.011394023895263672e-01 5.725436806678771973e-01 3.242851495742797852e-01 5.375279784202575684e-01 6.770874857902526855e-01 4.620239138603210449e-01 5.775957703590393066e-01 4.749858975410461426e-01 6.067527532577514648e-01 6.574223637580871582e-01
