4.979214370250701904e-01 5.797082185745239258e-01 4.159950315952301025e-01 4.247190356254577637e-01 9.324108958244323730e-01 6.829068660736083984e-01 7.002633213996887207e-01 3.871386945247650146e-01 6.064251661300659180e-01 4.506042003631591797e-01
2.759117484092712402e-01 4.470593929290771484e-01 5.199956893920898438e-01 4.247190356254577637e-01 8.654796481132507324e-01 5.707555413246154785e-01 7.002633213996887207e-01 5.467146635055541992e-01 4.518598318099975586e-01 4.506042003631591797e-01
2.759117484092712402e-01 4.470593929290771484e-01 6.243690252304077148e-01 4.247190356254577637e-01 2.160755842924118042e-01 5.707555413246154785e-01 7.002633213996887207e-01 5.467146635055541992e-01 4.518598318099975586e-01 4.506042003631591797e-01
4.979214370250701904e-01 4.470593929290771484e-01 5.619450807571411133e-01 4.247190356254577637e-01 4.902130365371704102e-01 8.421478867530822754e-01 7.002633213996887207e-01 6.358922719955444336e-01 4.518598318099975586e-01 4.506042003631591797e-01
2.759117484092712402e-01 4.470593929290771484e-01 5.199956893920898438e-01 4.247190356254577637e-01 2.588710486888885498e-01 5.707555413246154785e-01 7.002633213996887207e-01 5.467146635055541992e-01 4.518598318099975586e-01 4.506042003631591797e-01
7.918535470962524414e-01 6.941725015640258789e-01 8.368380069732666016e-01 5.919511914253234863e-01 7.740324735641479492e-01 8.633027076721191406e-01 7.002633213996887207e-01 6.358922719955444336e-01 6.064251661300659180e-01 4.506042003631591797e-01
7.918535470962524414e-01 5.709099173545837402e-01 5.669302940368652344e-01 5.919511914253234863e-01 5.030126571655273438e-01 5.481713414192199707e-01 7.002633213996887207e-01 6.358922719955444336e-01 4.518598318099975586e-01 4.506042003631591797e-01
2.759117484092712402e-01 4.470593929290771484e-01 5.619450807571411133e-01 5.919511914253234863e-01 4.690189361572265625e-01 7.671107649803161621e-01 7.002633213996887207e-01 6.358922719955444336e-01 4.518598318099975586e-01 4.506042003631591797e-01
5.117706060409545898e-01 4.470593929290771484e-01 5.787038803100585938e-01 5.357930660247802734e-01 2.160755842924118042e-01 5.707555413246154785e-01 6.052640080451965332e-01 5.467146635055541992e-01 4.518598318099975586e-01 4.506042003631591797e-01
4.979214370250701904e-01 4.470593929290771484e-01 5.619450807571411133e-01 4.247190356254577637e-01 2.329134941101074219e-01 2.546532452106475830e-01 7.002633213996887207e-01 5.467146635055541992e-01 4.518598318099975586e-01 4.506042003631591797e-01
5.117706060409545898e-01 4.470593929290771484e-01 5.787038803100585938e-01 3.700388073921203613e-01 1.570445299148559570e-01 5.707555413246154785e-01 5.199910998344421387e-01 5.467146635055541992e-01 2.709022462368011475e-01 4.506042003631591797e-01
5.117706060409545898e-01 4.470593929290771484e-01 5.787038803100585938e-01 3.700388073921203613e-01 2.588710486888885498e-01 5.707555413246154785e-01 5.199910998344421387e-01 5.467146635055541992e-01 2.709022462368011475e-01 4.506042003631591797e-01
3.866822123527526855e-01 4.470593929290771484e-01 6.735472083091735840e-01 3.700388073921203613e-01 2.866222858428955078e-01 5.707555413246154785e-01 5.199910998344421387e-01 5.467146635055541992e-01 4.079564511775970459e-01 4.506042003631591797e-01
5.316311120986938477e-01 4.470593929290771484e-01 4.104992151260375977e-01 4.330471754074096680e-01 3.931547701358795166e-01 8.044320940971374512e-01 6.973418593406677246e-01 5.467146635055541992e-01 4.079564511775970459e-01 4.506042003631591797e-01
4.057223796844482422e-01 4.470593929290771484e-01 6.774559020996093750e-01 3.700388073921203613e-01 4.119991362094879150e-01 5.707555413246154785e-01 6.973418593406677246e-01 5.412990450859069824e-01 4.079564511775970459e-01 4.506042003631591797e-01
5.455735325813293457e-01 4.470593929290771484e-01 7.663049101829528809e-01 4.897990524768829346e-01 3.552588522434234619e-01 6.829068660736083984e-01 6.227205991744995117e-01 5.467146635055541992e-01 4.518598318099975586e-01 4.506042003631591797e-01
6.836885213851928711e-01 4.470593929290771484e-01 6.402470469474792480e-01 4.330471754074096680e-01 5.677883028984069824e-01 5.707555413246154785e-01 6.973418593406677246e-01 5.467146635055541992e-01 4.518598318099975586e-01 4.506042003631591797e-01
6.836885213851928711e-01 4.470593929290771484e-01 8.527596592903137207e-01 5.052753090858459473e-01 4.894090294837951660e-01 5.707555413246154785e-01 6.973418593406677246e-01 5.412990450859069824e-01 4.518598318099975586e-01 4.506042003631591797e-01
5.652272105216979980e-01 4.470593929290771484e-01 8.127281069755554199e-01 4.247190356254577637e-01 7.412790060043334961e-01 5.707555413246154785e-01 7.782981395721435547e-01 5.467146635055541992e-01 4.518598318099975586e-01 4.506042003631591797e-01
6.836885213851928711e-01 4.470593929290771484e-01 8.127281069755554199e-01 5.052753090858459473e-01 5.677883028984069824e-01 5.707555413246154785e-01 6.973418593406677246e-01 5.325093269348144531e-01 4.518598318099975586e-01 4.506042003631591797e-01
5.455735325813293457e-01 4.470593929290771484e-01 6.828966736793518066e-01 4.247190356254577637e-01 8.763511180877685547e-01 6.829068660736083984e-01 7.782981395721435547e-01 3.871386945247650146e-01 4.518598318099975586e-01 4.506042003631591797e-01
5.455735325813293457e-01 4.470593929290771484e-01 6.828966736793518066e-01 4.247190356254577637e-01 7.195734381675720215e-01 5.707555413246154785e-01 7.782981395721435547e-01 5.467146635055541992e-01 4.518598318099975586e-01 4.506042003631591797e-01
6.662277579307556152e-01 4.470593929290771484e-01 8.127281069755554199e-01 4.247190356254577637e-01 7.412790060043334961e-01 5.707555413246154785e-01 7.782981395721435547e-01 3.871386945247650146e-01 4.518598318099975586e-01 4.506042003631591797e-01
6.836885213851928711e-01 4.470593929290771484e-01 9.641346931457519531e-01 4.247190356254577637e-01 7.412790060043334961e-01 5.707555413246154785e-01 6.973418593406677246e-01 5.325093269348144531e-01 4.518598318099975586e-01 4.506042003631591797e-01
1.305836588144302368e-01 4.616677761077880859e-01 7.587274909019470215e-01 4.247190356254577637e-01 5.472897887229919434e-01 6.829068660736083984e-01 7.002633213996887207e-01 5.467146635055541992e-01 4.982242584228515625e-01 4.506042003631591797e-01
4.204928278923034668e-01 4.470593929290771484e-01 7.565334439277648926e-01 5.919511914253234863e-01 8.354461789131164551e-01 5.707555413246154785e-01 7.002633213996887207e-01 5.467146635055541992e-01 4.518598318099975586e-01 4.506042003631591797e-01
6.652431488037109375e-01 3.345304131507873535e-01 8.904119133949279785e-01 5.919511914253234863e-01 7.587972879409790039e-01 5.707555413246154785e-01 7.002633213996887207e-01 5.467146635055541992e-01 4.982242584228515625e-01 4.506042003631591797e-01
5.580892562866210938e-01 5.709099173545837402e-01 9.035565257072448730e-01 6.046682596206665039e-01 8.892968297004699707e-01 6.627365946769714355e-01 7.002633213996887207e-01 6.358922719955444336e-01 3.658938407897949219e-01 4.506042003631591797e-01
9.374756217002868652e-01 6.832377910614013672e-01 9.576400518417358398e-01 7.582938671112060547e-01 9.679434299468994141e-01 7.155736088752746582e-01 9.081665277481079102e-01 6.568046808242797852e-01 9.093216061592102051e-01 7.718952298164367676e-01
5.937805771827697754e-01 5.709099173545837402e-01 7.854554653167724609e-01 6.046682596206665039e-01 5.901093482971191406e-01 5.481713414192199707e-01 7.002633213996887207e-01 6.358922719955444336e-01 3.658938407897949219e-01 4.506042003631591797e-01
3.455918133258819580e-01 4.470593929290771484e-01 7.689092159271240234e-01 5.357930660247802734e-01 6.044607162475585938e-01 5.707555413246154785e-01 5.199910998344421387e-01 5.412990450859069824e-01 4.518598318099975586e-01 4.506042003631591797e-01
3.638088703155517578e-01 4.470593929290771484e-01 5.443959236145019531e-01 5.357930660247802734e-01 6.901723146438598633e-01 5.707555413246154785e-01 6.973418593406677246e-01 5.412990450859069824e-01 4.079564511775970459e-01 4.506042003631591797e-01
3.638088703155517578e-01 4.470593929290771484e-01 5.443959236145019531e-01 3.700388073921203613e-01 6.901723146438598633e-01 6.916363239288330078e-01 6.973418593406677246e-01 5.412990450859069824e-01 4.079564511775970459e-01 4.506042003631591797e-01
4.057223796844482422e-01 4.470593929290771484e-01 7.013950943946838379e-01 3.700388073921203613e-01 6.273438334465026855e-01 6.916363239288330078e-01 6.973418593406677246e-01 5.412990450859069824e-01 4.079564511775970459e-01 4.506042003631591797e-01
5.212898850440979004e-01 4.470593929290771484e-01 8.667695522308349609e-01 3.023700416088104248e-01 5.969419479370117188e-01 4.691159725189208984e-01 7.502822279930114746e-01 5.412990450859069824e-01 3.671887516975402832e-01 4.506042003631591797e-01
4.432214498519897461e-01 4.757923781871795654e-01 7.208706140518188477e-01 4.647636711597442627e-01 9.155521392822265625e-01 7.561230659484863281e-01 3.348653614521026611e-01 4.379843771457672119e-01 4.659425616264343262e-01 5.566969513893127441e-01
4.350442290306091309e-01 2.509756088256835938e-01 9.829668998718261719e-01 3.023700416088104248e-01 5.486601591110229492e-01 4.691159725189208984e-01 3.348653614521026611e-01 4.379843771457672119e-01 3.671887516975402832e-01 4.506042003631591797e-01
6.637203693389892578e-01 5.514124035835266113e-01 9.516494274139404297e-01 4.647636711597442627e-01 8.654064536094665527e-01 7.610791325569152832e-01 8.485827445983886719e-01 4.379843771457672119e-01 4.659425616264343262e-01 5.566969513893127441e-01
6.637203693389892578e-01 5.514124035835266113e-01 9.722415208816528320e-01 6.047815680503845215e-01 9.586232304573059082e-01 9.469106793403625488e-01 8.485827445983886719e-01 4.379843771457672119e-01 4.659425616264343262e-01 5.566969513893127441e-01
6.230994462966918945e-01 5.514124035835266113e-01 9.787806272506713867e-01 6.047815680503845215e-01 7.916730642318725586e-01 9.046829938888549805e-01 8.485827445983886719e-01 4.379843771457672119e-01 3.671887516975402832e-01 5.566969513893127441e-01
5.212898850440979004e-01 4.470593929290771484e-01 9.787806272506713867e-01 5.052753090858459473e-01 4.090851247310638428e-01 4.691159725189208984e-01 4.461044073104858398e-01 4.379843771457672119e-01 3.671887516975402832e-01 4.506042003631591797e-01
3.439790606498718262e-01 1.983401477336883545e-01 7.127466797828674316e-01 5.052753090858459473e-01 4.549998342990875244e-01 3.074793815612792969e-01 2.125419229269027710e-01 2.787247300148010254e-01 3.671887516975402832e-01 4.506042003631591797e-01
4.432214498519897461e-01 4.757923781871795654e-01 9.310817718505859375e-01 6.717167496681213379e-01 8.696681857109069824e-01 8.796861767768859863e-01 3.348653614521026611e-01 4.379843771457672119e-01 4.659425616264343262e-01 5.566969513893127441e-01
4.432214498519897461e-01 4.359713196754455566e-01 3.089261949062347412e-01 6.305271387100219727e-01 7.715424895286560059e-01 7.523685097694396973e-01 3.348653614521026611e-01 4.379843771457672119e-01 4.659425616264343262e-01 5.566969513893127441e-01
4.432214498519897461e-01 2.630028724670410156e-01 2.351802885532379150e-01 6.305271387100219727e-01 8.613336086273193359e-01 3.508363068103790283e-01 3.348653614521026611e-01 4.379843771457672119e-01 4.659425616264343262e-01 5.566969513893127441e-01
4.432214498519897461e-01 2.630028724670410156e-01 3.765403032302856445e-01 6.305271387100219727e-01 8.613336086273193359e-01 7.523685097694396973e-01 3.348653614521026611e-01 4.379843771457672119e-01 4.659425616264343262e-01 5.566969513893127441e-01
7.884452342987060547e-01 4.132828116416931152e-01 9.468459486961364746e-01 3.506090641021728516e-01 7.967171669006347656e-01 7.118192911148071289e-01 3.348653614521026611e-01 5.490308403968811035e-01 3.796740174293518066e-01 5.566969513893127441e-01
4.432214498519897461e-01 3.421572148799896240e-01 2.245296388864517212e-01 2.848865985870361328e-01 7.506875991821289062e-01 6.154710054397583008e-01 1.298965960741043091e-01 4.379843771457672119e-01 4.659425616264343262e-01 5.566969513893127441e-01
4.432214498519897461e-01 5.514124035835266113e-01 8.431631922721862793e-01 3.418838083744049072e-01 7.678294777870178223e-01 7.562301754951477051e-01 1.298965960741043091e-01 4.379843771457672119e-01 4.659425616264343262e-01 5.566969513893127441e-01
5.389742851257324219e-01 3.421572148799896240e-01 5.994666814804077148e-01 1.624569147825241089e-01 4.183396697044372559e-01 7.651909589767456055e-01 1.794320046901702881e-01 4.379843771457672119e-01 4.659425616264343262e-01 5.566969513893127441e-01
3.734118044376373291e-01 5.514124035835266113e-01 9.468066096305847168e-01 2.552825808525085449e-01 5.744235515594482422e-01 5.701935291290283203e-01 1.113413274288177490e-01 5.490308403968811035e-01 4.792427122592926025e-01 5.566969513893127441e-01
3.734118044376373291e-01 5.514124035835266113e-01 9.468066096305847168e-01 2.552825808525085449e-01 7.719128727912902832e-01 8.323391675949096680e-01 1.113413274288177490e-01 5.490308403968811035e-01 4.659425616264343262e-01 5.566969513893127441e-01
3.329659700393676758e-01 5.514124035835266113e-01 9.515201449394226074e-01 2.552825808525085449e-01 6.342457532882690430e-01 5.701935291290283203e-01 1.794320046901702881e-01 4.379843771457672119e-01 4.659425616264343262e-01 5.566969513893127441e-01
1.937814652919769287e-01 4.757923781871795654e-01 5.637539625167846680e-01 3.642644882202148438e-01 4.581577479839324951e-01 4.112540781497955322e-01 1.794320046901702881e-01 4.379843771457672119e-01 4.659425616264343262e-01 5.566969513893127441e-01
3.734118044376373291e-01 4.331950843334197998e-01 9.406071305274963379e-01 3.642644882202148438e-01 7.843713164329528809e-01 6.249298453330993652e-01 1.794320046901702881e-01 4.379843771457672119e-01 2.397398352622985840e-01 5.566969513893127441e-01
2.608969807624816895e-01 4.331950843334197998e-01 8.337008357048034668e-01 3.642644882202148438e-01 5.054541826248168945e-01 6.249298453330993652e-01 1.794320046901702881e-01 4.379843771457672119e-01 3.751042187213897705e-01 5.566969513893127441e-01
2.608969807624816895e-01 5.514124035835266113e-01 9.480279088020324707e-01 3.642644882202148438e-01 5.054541826248168945e-01 6.249298453330993652e-01 1.794320046901702881e-01 4.379843771457672119e-01 6.241696476936340332e-01 5.566969513893127441e-01
3.734118044376373291e-01 5.514124035835266113e-01 8.665926456451416016e-01 3.642644882202148438e-01 4.609412550926208496e-01 4.622651934623718262e-01 1.794320046901702881e-01 4.379843771457672119e-01 3.771698176860809326e-01 5.566969513893127441e-01
3.734118044376373291e-01 5.514124035835266113e-01 9.820840954780578613e-01 3.642644882202148438e-01 7.716535329818725586e-01 5.701935291290283203e-01 1.794320046901702881e-01 4.379843771457672119e-01 3.771698176860809326e-01 5.566969513893127441e-01
5.949516892433166504e-01 5.514124035835266113e-01 9.820840954780578613e-01 2.552825808525085449e-01 7.719128727912902832e-01 9.079276919364929199e-01 5.673326179385185242e-02 5.490308403968811035e-01 3.771698176860809326e-01 5.566969513893127441e-01
5.949516892433166504e-01 5.514124035835266113e-01 9.589996933937072754e-01 2.552825808525085449e-01 5.506185889244079590e-01 9.079276919364929199e-01 4.497779905796051025e-01 4.379843771457672119e-01 3.771698176860809326e-01 5.566969513893127441e-01
3.329659700393676758e-01 5.514124035835266113e-01 9.589996933937072754e-01 2.552825808525085449e-01 6.749266386032104492e-01 7.980920076370239258e-01 1.521624177694320679e-01 4.379843771457672119e-01 3.771698176860809326e-01 5.566969513893127441e-01
4.718690812587738037e-01 4.470593929290771484e-01 9.589996933937072754e-01 2.644160985946655273e-01 2.707378864288330078e-01 8.358798623085021973e-01 5.817599892616271973e-01 5.325093269348144531e-01 2.871157526969909668e-01 4.506042003631591797e-01
4.280441105365753174e-01 3.345304131507873535e-01 8.762748241424560547e-01 2.644160985946655273e-01 2.520640492439270020e-01 8.358798623085021973e-01 2.339445799589157104e-01 4.379843771457672119e-01 1.270720064640045166e-01 4.506042003631591797e-01
1.320457309484481812e-01 4.470593929290771484e-01 9.555689096450805664e-01 2.644160985946655273e-01 3.542257547378540039e-01 5.695072412490844727e-01 2.339445799589157104e-01 4.379843771457672119e-01 2.871157526969909668e-01 4.506042003631591797e-01
3.329659700393676758e-01 4.132828116416931152e-01 9.388898611068725586e-01 2.081566005945205688e-01 3.704386949539184570e-01 8.323391675949096680e-01 1.113413274288177490e-01 4.379843771457672119e-01 3.771698176860809326e-01 5.566969513893127441e-01
3.734118044376373291e-01 5.514124035835266113e-01 9.330347180366516113e-01 3.642644882202148438e-01 6.353959441184997559e-01 9.132977724075317383e-01 6.300212144851684570e-01 4.379843771457672119e-01 3.771698176860809326e-01 5.566969513893127441e-01
3.329659700393676758e-01 4.132828116416931152e-01 9.330347180366516113e-01 2.081566005945205688e-01 3.704386949539184570e-01 8.323391675949096680e-01 3.633300662040710449e-01 4.379843771457672119e-01 3.771698176860809326e-01 5.566969513893127441e-01
3.329659700393676758e-01 4.132828116416931152e-01 9.330347180366516113e-01 2.081566005945205688e-01 4.812255203723907471e-01 7.463901042938232422e-01 3.633300662040710449e-01 4.379843771457672119e-01 3.771698176860809326e-01 5.566969513893127441e-01
2.608969807624816895e-01 3.421572148799896240e-01 4.546319246292114258e-01 3.136908113956451416e-01 4.917289018630981445e-01 4.112540781497955322e-01 1.113413274288177490e-01 4.379843771457672119e-01 3.771698176860809326e-01 5.566969513893127441e-01
2.608969807624816895e-01 3.421572148799896240e-01 9.536604285240173340e-01 4.538241922855377197e-01 8.205455541610717773e-01 7.970351576805114746e-01 1.113413274288177490e-01 4.379843771457672119e-01 3.771698176860809326e-01 5.566969513893127441e-01
2.608969807624816895e-01 3.421572148799896240e-01 8.897992968559265137e-01 4.538241922855377197e-01 8.205455541610717773e-01 7.970351576805114746e-01 1.113413274288177490e-01 4.379843771457672119e-01 3.771698176860809326e-01 5.566969513893127441e-01
2.608969807624816895e-01 3.421572148799896240e-01 8.808721303939819336e-01 3.136908113956451416e-01 8.545602560043334961e-01 7.970351576805114746e-01 1.113413274288177490e-01 4.379843771457672119e-01 2.413479238748550415e-01 5.566969513893127441e-01
1.937814652919769287e-01 4.359713196754455566e-01 3.734418451786041260e-01 4.538241922855377197e-01 8.868159055709838867e-01 7.970351576805114746e-01 1.794320046901702881e-01 4.379843771457672119e-01 2.413479238748550415e-01 5.566969513893127441e-01
1.937814652919769287e-01 4.359713196754455566e-01 3.734418451786041260e-01 4.538241922855377197e-01 9.351112246513366699e-01 7.970351576805114746e-01 1.794320046901702881e-01 4.379843771457672119e-01 2.413479238748550415e-01 5.566969513893127441e-01
1.937814652919769287e-01 4.359713196754455566e-01 9.020646810531616211e-01 4.538241922855377197e-01 9.351112246513366699e-01 7.970351576805114746e-01 1.794320046901702881e-01 4.379843771457672119e-01 2.413479238748550415e-01 5.566969513893127441e-01
1.937814652919769287e-01 6.318145394325256348e-01 8.310719728469848633e-01 2.606928646564483643e-01 8.060088753700256348e-01 7.970351576805114746e-01 1.794320046901702881e-01 4.379843771457672119e-01 2.512531876564025879e-01 5.566969513893127441e-01
1.937814652919769287e-01 3.421572148799896240e-01 2.814489901065826416e-01 2.606928646564483643e-01 8.205455541610717773e-01 7.970351576805114746e-01 1.113413274288177490e-01 4.379843771457672119e-01 2.413479238748550415e-01 5.566969513893127441e-01
1.575127094984054565e-01 3.421572148799896240e-01 2.814489901065826416e-01 2.606928646564483643e-01 8.205455541610717773e-01 7.970351576805114746e-01 1.794320046901702881e-01 4.379843771457672119e-01 2.413479238748550415e-01 5.566969513893127441e-01
1.575127094984054565e-01 3.421572148799896240e-01 5.237898826599121094e-01 2.606928646564483643e-01 8.205455541610717773e-01 7.970351576805114746e-01 1.794320046901702881e-01 4.379843771457672119e-01 2.413479238748550415e-01 5.566969513893127441e-01
1.120763719081878662e-01 3.421572148799896240e-01 5.237898826599121094e-01 2.714754939079284668e-01 7.714423537254333496e-01 7.433400154113769531e-01 2.613415420055389404e-01 2.654644250869750977e-01 2.413479238748550415e-01 5.566969513893127441e-01
2.948009669780731201e-01 3.421572148799896240e-01 8.126083612442016602e-01 3.931722939014434814e-01 7.714423537254333496e-01 7.433400154113769531e-01 3.817575275897979736e-01 2.654644250869750977e-01 2.413479238748550415e-01 5.566969513893127441e-01
3.824110925197601318e-01 3.421572148799896240e-01 3.480678498744964600e-01 3.931722939014434814e-01 4.317532777786254883e-01 5.461741685867309570e-01 3.817575275897979736e-01 2.654644250869750977e-01 2.413479238748550415e-01 5.566969513893127441e-01
3.824110925197601318e-01 4.834042787551879883e-01 3.480678498744964600e-01 2.156605571508407593e-01 4.317532777786254883e-01 5.461741685867309570e-01 6.755766272544860840e-01 2.654644250869750977e-01 2.413479238748550415e-01 5.566969513893127441e-01
2.948009669780731201e-01 4.757923781871795654e-01 3.480678498744964600e-01 3.088143467903137207e-01 4.940192401409149170e-01 5.461741685867309570e-01 6.755766272544860840e-01 2.654644250869750977e-01 2.413479238748550415e-01 5.566969513893127441e-01
3.803960680961608887e-01 5.514124035835266113e-01 5.864771604537963867e-01 2.109182327985763550e-01 6.588469743728637695e-01 5.513339042663574219e-01 6.007105708122253418e-01 2.654644250869750977e-01 2.512531876564025879e-01 5.566969513893127441e-01
3.803960680961608887e-01 4.132828116416931152e-01 5.978830456733703613e-01 2.081566005945205688e-01 4.007405936717987061e-01 4.091087579727172852e-01 4.244363009929656982e-01 4.379843771457672119e-01 2.413479238748550415e-01 5.566969513893127441e-01
1.916672140359878540e-01 4.331950843334197998e-01 9.262136816978454590e-01 2.552825808525085449e-01 2.110152691602706909e-01 8.664155602455139160e-01 2.614465653896331787e-01 5.490308403968811035e-01 2.512531876564025879e-01 5.566969513893127441e-01
1.657010912895202637e-01 5.514124035835266113e-01 7.928369045257568359e-01 2.552825808525085449e-01 3.289812505245208740e-01 9.066265821456909180e-01 2.614465653896331787e-01 5.490308403968811035e-01 2.413479238748550415e-01 5.566969513893127441e-01
4.647195637226104736e-01 5.514124035835266113e-01 5.099549889564514160e-01 2.552825808525085449e-01 5.132023096084594727e-01 5.752187371253967285e-01 4.244363009929656982e-01 4.379843771457672119e-01 2.413479238748550415e-01 5.566969513893127441e-01
1.916672140359878540e-01 4.331950843334197998e-01 9.690859913825988770e-01 2.552825808525085449e-01 2.908688783645629883e-01 6.473004221916198730e-01 4.244363009929656982e-01 5.490308403968811035e-01 4.212563037872314453e-01 5.566969513893127441e-01
1.657010912895202637e-01 4.331950843334197998e-01 9.081496000289916992e-01 2.552825808525085449e-01 3.835371732711791992e-01 4.815236926078796387e-01 1.794320046901702881e-01 5.490308403968811035e-01 4.212563037872314453e-01 5.566969513893127441e-01
4.647195637226104736e-01 4.331950843334197998e-01 5.902951955795288086e-01 2.552825808525085449e-01 3.835371732711791992e-01 4.091087579727172852e-01 1.794320046901702881e-01 4.379843771457672119e-01 1.506735384464263916e-01 5.566969513893127441e-01
6.230994462966918945e-01 4.331950843334197998e-01 5.902951955795288086e-01 5.661783218383789062e-01 3.194892108440399170e-01 4.091087579727172852e-01 1.794320046901702881e-01 4.379843771457672119e-01 1.506735384464263916e-01 5.566969513893127441e-01
6.637203693389892578e-01 4.331950843334197998e-01 9.081496000289916992e-01 2.552825808525085449e-01 3.423289060592651367e-01 2.037930339574813843e-01 1.794320046901702881e-01 4.379843771457672119e-01 4.212563037872314453e-01 5.566969513893127441e-01
5.949516892433166504e-01 4.331950843334197998e-01 9.081496000289916992e-01 2.552825808525085449e-01 1.760564893484115601e-01 3.162318170070648193e-01 1.794320046901702881e-01 4.379843771457672119e-01 2.413479238748550415e-01 5.566969513893127441e-01
5.949516892433166504e-01 4.331950843334197998e-01 9.081496000289916992e-01 2.552825808525085449e-01 2.034409195184707642e-01 3.162318170070648193e-01 1.794320046901702881e-01 4.379843771457672119e-01 1.031255125999450684e-01 5.566969513893127441e-01
1.193914413452148438e-01 5.514124035835266113e-01 8.761546015739440918e-01 2.552825808525085449e-01 3.451445996761322021e-01 3.219860196113586426e-01 2.385168224573135376e-01 5.490308403968811035e-01 2.413479238748550415e-01 5.566969513893127441e-01
5.516353845596313477e-01 5.514124035835266113e-01 9.081496000289916992e-01 2.552825808525085449e-01 2.034409195184707642e-01 3.162318170070648193e-01 2.385168224573135376e-01 5.491989254951477051e-01 2.413479238748550415e-01 5.566969513893127441e-01
3.721144795417785645e-01 4.331950843334197998e-01 9.081496000289916992e-01 2.552825808525085449e-01 1.474488675594329834e-01 5.160627365112304688e-01 3.948541879653930664e-01 4.379843771457672119e-01 1.031255125999450684e-01 5.566969513893127441e-01
4.280441105365753174e-01 4.470593929290771484e-01 9.275951981544494629e-01 2.644160985946655273e-01 1.353493928909301758e-01 3.551608324050903320e-01 3.476788103580474854e-01 4.379843771457672119e-01 1.746304929256439209e-01 4.506042003631591797e-01
5.516353845596313477e-01 5.514124035835266113e-01 9.275951981544494629e-01 3.642644882202148438e-01 5.552404522895812988e-01 9.348089098930358887e-01 3.948541879653930664e-01 4.379843771457672119e-01 2.413479238748550415e-01 5.566969513893127441e-01
5.516353845596313477e-01 5.514124035835266113e-01 9.081496000289916992e-01 5.406121611595153809e-01 6.309577226638793945e-01 5.620605945587158203e-01 3.081834316253662109e-01 4.379843771457672119e-01 2.413479238748550415e-01 5.566969513893127441e-01
3.329659700393676758e-01 5.514124035835266113e-01 9.081496000289916992e-01 6.809723377227783203e-01 6.309577226638793945e-01 7.132624387741088867e-01 3.081834316253662109e-01 4.379843771457672119e-01 2.413479238748550415e-01 5.566969513893127441e-01
4.634822607040405273e-01 5.514124035835266113e-01 9.275951981544494629e-01 8.074790239334106445e-01 6.309577226638793945e-01 7.132624387741088867e-01 3.081834316253662109e-01 4.379843771457672119e-01 2.413479238748550415e-01 5.566969513893127441e-01
4.634822607040405273e-01 5.514124035835266113e-01 9.275951981544494629e-01 6.809723377227783203e-01 6.309577226638793945e-01 5.631471276283264160e-01 1.298965960741043091e-01 4.379843771457672119e-01 2.413479238748550415e-01 5.566969513893127441e-01
4.634822607040405273e-01 5.514124035835266113e-01 7.631422877311706543e-01 6.809723377227783203e-01 5.872441530227661133e-01 5.631471276283264160e-01 1.298965960741043091e-01 4.379843771457672119e-01 2.413479238748550415e-01 5.566969513893127441e-01
5.077147483825683594e-01 5.514124035835266113e-01 9.275951981544494629e-01 7.877467274665832520e-01 7.424159049987792969e-01 3.994377553462982178e-01 1.298965960741043091e-01 4.379843771457672119e-01 2.413479238748550415e-01 5.566969513893127441e-01
3.792241513729095459e-01 4.132828116416931152e-01 1.794110685586929321e-01 6.300021409988403320e-01 4.232732057571411133e-01 3.508363068103790283e-01 1.298965960741043091e-01 5.491989254951477051e-01 2.413479238748550415e-01 5.566969513893127441e-01
1.569588333368301392e-01 2.509756088256835938e-01 2.528069615364074707e-01 6.494308710098266602e-01 5.431905388832092285e-01 2.085975557565689087e-01 1.843456923961639404e-01 4.318493604660034180e-01 1.746304929256439209e-01 4.506042003631591797e-01
6.825467199087142944e-02 2.509756088256835938e-01 2.528069615364074707e-01 6.494308710098266602e-01 5.431905388832092285e-01 2.085975557565689087e-01 1.843456923961639404e-01 4.318493604660034180e-01 1.746304929256439209e-01 4.506042003631591797e-01
3.734118044376373291e-01 5.514124035835266113e-01 4.475179314613342285e-01 7.877467274665832520e-01 4.232732057571411133e-01 7.523685097694396973e-01 1.298965960741043091e-01 5.491989254951477051e-01 2.413479238748550415e-01 5.566969513893127441e-01
3.815328478813171387e-01 5.514124035835266113e-01 3.582919538021087646e-01 7.877467274665832520e-01 4.232732057571411133e-01 7.523685097694396973e-01 1.298965960741043091e-01 7.660291790962219238e-01 2.413479238748550415e-01 5.566969513893127441e-01
3.242571353912353516e-01 5.742619037628173828e-01 5.278434753417968750e-01 6.147194504737854004e-01 7.080300450325012207e-01 6.914314627647399902e-01 2.965526878833770752e-01 6.136226058006286621e-01 2.413479238748550415e-01 5.566969513893127441e-01
3.167308270931243896e-01 5.514124035835266113e-01 7.720024585723876953e-01 6.717167496681213379e-01 5.712431669235229492e-01 7.523685097694396973e-01 1.298965960741043091e-01 5.491989254951477051e-01 2.413479238748550415e-01 5.566969513893127441e-01
3.824110925197601318e-01 4.757923781871795654e-01 2.532746791839599609e-01 6.147194504737854004e-01 8.289036750793457031e-01 6.914314627647399902e-01 2.965526878833770752e-01 6.136226058006286621e-01 2.413479238748550415e-01 5.566969513893127441e-01
6.137848496437072754e-01 5.742619037628173828e-01 5.980458855628967285e-01 6.147194504737854004e-01 7.726707458496093750e-01 6.914314627647399902e-01 4.162304103374481201e-01 6.136226058006286621e-01 2.413479238748550415e-01 5.566969513893127441e-01
6.137848496437072754e-01 7.496598362922668457e-01 6.959952712059020996e-01 6.147194504737854004e-01 8.618244528770446777e-01 6.914314627647399902e-01 4.162304103374481201e-01 6.136226058006286621e-01 2.413479238748550415e-01 5.566969513893127441e-01
5.175919532775878906e-01 4.757923781871795654e-01 6.959952712059020996e-01 6.147194504737854004e-01 8.728384971618652344e-01 6.914314627647399902e-01 4.162304103374481201e-01 6.136226058006286621e-01 2.413479238748550415e-01 5.566969513893127441e-01
5.175919532775878906e-01 4.757923781871795654e-01 5.567225217819213867e-01 6.147194504737854004e-01 8.728384971618652344e-01 6.914314627647399902e-01 3.433666229248046875e-01 6.136226058006286621e-01 2.413479238748550415e-01 5.566969513893127441e-01
2.948009669780731201e-01 5.514124035835266113e-01 5.626586675643920898e-01 4.785236716270446777e-01 4.241812229156494141e-01 4.873726963996887207e-01 5.066880583763122559e-01 3.714447319507598877e-01 2.512531876564025879e-01 5.566969513893127441e-01
5.089581012725830078e-01 5.514124035835266113e-01 3.609993755817413330e-01 3.088143467903137207e-01 7.408237457275390625e-01 3.380233049392700195e-01 6.007105708122253418e-01 3.714447319507598877e-01 2.413479238748550415e-01 5.566969513893127441e-01
3.824110925197601318e-01 4.757923781871795654e-01 3.480678498744964600e-01 4.372044205665588379e-01 8.728384971618652344e-01 1.763282120227813721e-01 6.755766272544860840e-01 3.714447319507598877e-01 2.413479238748550415e-01 5.566969513893127441e-01
6.137848496437072754e-01 4.757923781871795654e-01 4.678220152854919434e-01 4.372044205665588379e-01 9.108064174652099609e-01 5.461741685867309570e-01 6.755766272544860840e-01 4.854484796524047852e-01 2.413479238748550415e-01 5.566969513893127441e-01
3.824110925197601318e-01 4.757923781871795654e-01 4.202235341072082520e-01 4.372044205665588379e-01 6.806309223175048828e-01 5.461741685867309570e-01 6.755766272544860840e-01 5.990805029869079590e-01 2.563959956169128418e-01 5.566969513893127441e-01
