3.567174673080444336e-01 1.767556071281433105e-01 8.759555220603942871e-01 3.070575892925262451e-01 8.364646434783935547e-01 8.092514872550964355e-01 5.592312216758728027e-01 4.720076620578765869e-01 7.219018936157226562e-01 6.775479316711425781e-01
3.567174673080444336e-01 9.459753632545471191e-01 9.219552278518676758e-01 3.070575892925262451e-01 4.893668889999389648e-01 6.804695725440979004e-02 7.876413464546203613e-01 4.720076620578765869e-01 7.219018936157226562e-01 6.967760920524597168e-01
3.567174673080444336e-01 1.735442280769348145e-01 8.871029615402221680e-01 3.070575892925262451e-01 8.626071810722351074e-01 7.691127061843872070e-01 2.424674928188323975e-01 4.720076620578765869e-01 7.219018936157226562e-01 7.318806648254394531e-01
2.026699483394622803e-01 4.909164309501647949e-01 2.689809799194335938e-01 3.070575892925262451e-01 5.042088627815246582e-01 1.523098796606063843e-01 6.396684050559997559e-01 4.720076620578765869e-01 7.219018936157226562e-01 1.661923825740814209e-01
3.567174673080444336e-01 3.656179085373878479e-02 1.618024706840515137e-01 3.070575892925262451e-01 5.044969916343688965e-01 5.830004215240478516e-01 2.340511828660964966e-01 4.720076620578765869e-01 7.219018936157226562e-01 7.298921793699264526e-02
3.494128882884979248e-01 3.211243450641632080e-01 4.676312208175659180e-02 3.070575892925262451e-01 5.044969916343688965e-01 8.254872560501098633e-01 2.340511828660964966e-01 2.689418196678161621e-01 7.219018936157226562e-01 1.436175405979156494e-02
4.699114859104156494e-01 3.698715269565582275e-01 3.021328896284103394e-02 3.070575892925262451e-01 1.212525740265846252e-01 7.042597532272338867e-01 2.340511828660964966e-01 4.720076620578765869e-01 7.219018936157226562e-01 4.262706935405731201e-01
9.219389557838439941e-01 7.149607539176940918e-01 1.318944990634918213e-01 3.070575892925262451e-01 5.044969916343688965e-01 8.254872560501098633e-01 2.340511828660964966e-01 4.720076620578765869e-01 7.219018936157226562e-01 5.122441053390502930e-01
6.361719965934753418e-01 5.824487209320068359e-01 1.001808792352676392e-01 3.070575892925262451e-01 5.044969916343688965e-01 5.830004215240478516e-01 2.340511828660964966e-01 4.720076620578765869e-01 7.219018936157226562e-01 1.772114485502243042e-01
7.922987341880798340e-01 8.460365533828735352e-01 5.215676426887512207e-01 7.966539263725280762e-01 2.180239558219909668e-01 6.751636415719985962e-02 2.340511828660964966e-01 4.720076620578765869e-01 7.219018936157226562e-01 1.829968243837356567e-01
9.219389557838439941e-01 7.367365956306457520e-01 6.745442152023315430e-01 4.439916610717773438e-01 5.044969916343688965e-01 7.644740939140319824e-01 2.340511828660964966e-01 4.720076620578765869e-01 7.219018936157226562e-01 2.417566031217575073e-01
7.854099869728088379e-01 5.316802263259887695e-01 7.631371617317199707e-01 7.966539263725280762e-01 1.212525740265846252e-01 7.001628875732421875e-01 2.340511828660964966e-01 4.720076620578765869e-01 7.219018936157226562e-01 3.712675571441650391e-01
6.632539629936218262e-01 8.785902261734008789e-01 8.471903800964355469e-01 4.439916610717773438e-01 1.212525740265846252e-01 7.459550499916076660e-01 2.340511828660964966e-01 4.720076620578765869e-01 7.219018936157226562e-01 5.172696709632873535e-01
4.360088407993316650e-01 1.505712121725082397e-01 5.238391160964965820e-01 4.439916610717773438e-01 3.219578266143798828e-01 9.272179007530212402e-01 2.340511828660964966e-01 4.720076620578765869e-01 7.219018936157226562e-01 8.215161412954330444e-02
3.609227538108825684e-01 6.229081153869628906e-01 7.924922108650207520e-01 4.439916610717773438e-01 3.219578266143798828e-01 6.397029757499694824e-01 8.706817626953125000e-01 4.720076620578765869e-01 7.219018936157226562e-01 1.306870430707931519e-01
3.609227538108825684e-01 2.280740886926651001e-01 8.915365338325500488e-01 4.439916610717773438e-01 1.907121837139129639e-01 4.510032534599304199e-01 4.124014973640441895e-01 4.720076620578765869e-01 7.219018936157226562e-01 1.306870430707931519e-01
9.570462703704833984e-01 9.649029970169067383e-01 9.480542540550231934e-01 4.439916610717773438e-01 1.907121837139129639e-01 3.766205012798309326e-01 8.706817626953125000e-01 4.720076620578765869e-01 7.219018936157226562e-01 1.777973920106887817e-01
8.862076997756958008e-01 9.639812111854553223e-01 9.176046848297119141e-01 4.439916610717773438e-01 1.907121837139129639e-01 5.943033099174499512e-01 5.725684165954589844e-01 4.720076620578765869e-01 7.219018936157226562e-01 1.692067384719848633e-01
9.570462703704833984e-01 9.348289370536804199e-01 9.941841959953308105e-01 4.439916610717773438e-01 1.907121837139129639e-01 7.014353871345520020e-01 8.706817626953125000e-01 4.720076620578765869e-01 7.219018936157226562e-01 6.054406613111495972e-02
8.862076997756958008e-01 2.558702230453491211e-01 7.597509026527404785e-01 4.439916610717773438e-01 1.907121837139129639e-01 2.386315166950225830e-01 5.725684165954589844e-01 4.720076620578765869e-01 7.219018936157226562e-01 3.000959381461143494e-02
8.734946250915527344e-01 8.157259225845336914e-01 8.079239130020141602e-01 4.439916610717773438e-01 1.907121837139129639e-01 3.947394788265228271e-01 1.410977542400360107e-01 2.890512347221374512e-01 5.677596330642700195e-01 1.668633148074150085e-02
8.844093084335327148e-01 7.970909476280212402e-01 9.884282946586608887e-01 4.439916610717773438e-01 1.907121837139129639e-01 8.840922117233276367e-01 3.803767263889312744e-01 6.626192927360534668e-01 2.361488044261932373e-01 3.402630984783172607e-02
8.101812005043029785e-01 4.588358700275421143e-01 9.361205697059631348e-01 4.439916610717773438e-01 1.907121837139129639e-01 3.777666687965393066e-01 7.924959808588027954e-02 2.890512347221374512e-01 5.677596330642700195e-01 4.699281230568885803e-02
5.986965298652648926e-01 7.713143229484558105e-01 9.167026281356811523e-01 7.966539263725280762e-01 3.993557393550872803e-01 5.392294526100158691e-01 2.433621883392333984e-01 2.890512347221374512e-01 5.677596330642700195e-01 2.287811785936355591e-01
5.694671273231506348e-01 7.007122635841369629e-01 7.807812690734863281e-01 7.966539263725280762e-01 5.340833663940429688e-01 8.844804950058460236e-03 2.520031630992889404e-01 2.890512347221374512e-01 5.677596330642700195e-01 7.373838871717453003e-02
3.032391965389251709e-01 3.076540827751159668e-01 5.099549293518066406e-01 7.966539263725280762e-01 5.340833663940429688e-01 5.508930981159210205e-02 7.924959808588027954e-02 2.689418196678161621e-01 5.677596330642700195e-01 2.841999530792236328e-01
2.401698380708694458e-01 2.158955335617065430e-01 9.221863150596618652e-01 4.439916610717773438e-01 5.340833663940429688e-01 2.636470198631286621e-01 5.718209147453308105e-01 2.689418196678161621e-01 2.361488044261932373e-01 5.039662718772888184e-01
1.226132884621620178e-01 8.727891445159912109e-01 3.090905211865901947e-02 7.966539263725280762e-01 6.265215873718261719e-01 1.477907598018646240e-01 2.632841765880584717e-01 2.689418196678161621e-01 2.361488044261932373e-01 2.697626650333404541e-01
1.226132884621620178e-01 5.068503022193908691e-01 4.911681264638900757e-02 4.439916610717773438e-01 7.815619707107543945e-01 6.879511289298534393e-03 2.682699859142303467e-01 2.689418196678161621e-01 5.677596330642700195e-01 2.540018036961555481e-02
7.193964123725891113e-01 9.133588075637817383e-01 4.437451362609863281e-01 4.439916610717773438e-01 6.265215873718261719e-01 3.841546922922134399e-02 2.433621883392333984e-01 2.689418196678161621e-01 2.803270518779754639e-01 1.476897746324539185e-01
9.721928834915161133e-01 9.952220320701599121e-01 7.932690978050231934e-01 7.966539263725280762e-01 7.815619707107543945e-01 2.354236878454685211e-02 2.433621883392333984e-01 2.689418196678161621e-01 2.803270518779754639e-01 4.840851575136184692e-02
9.721928834915161133e-01 9.383341670036315918e-01 8.180775642395019531e-01 4.439916610717773438e-01 7.716979384422302246e-01 1.820033341646194458e-01 2.433621883392333984e-01 6.626192927360534668e-01 2.803270518779754639e-01 5.934746265411376953e-01
7.862821221351623535e-01 8.864133358001708984e-01 9.830601811408996582e-01 4.439916610717773438e-01 5.725958347320556641e-01 2.438168972730636597e-01 2.433621883392333984e-01 6.626192927360534668e-01 2.803270518779754639e-01 4.226944595575332642e-02
9.186475276947021484e-01 7.396667003631591797e-01 9.830601811408996582e-01 8.021832108497619629e-01 4.469968676567077637e-01 9.068963527679443359e-01 4.394499957561492920e-01 6.639795899391174316e-01 2.803270518779754639e-01 1.955680549144744873e-01
9.192950725555419922e-01 9.838183522224426270e-01 9.281274676322937012e-01 8.021832108497619629e-01 4.469968676567077637e-01 9.944941401481628418e-01 4.394499957561492920e-01 6.639795899391174316e-01 2.803270518779754639e-01 3.149279057979583740e-01
9.219389557838439941e-01 9.706487059593200684e-01 9.679656624794006348e-01 4.109639227390289307e-01 4.618706703186035156e-01 9.494441747665405273e-01 8.770898729562759399e-02 6.626192927360534668e-01 2.803270518779754639e-01 1.167299821972846985e-01
7.157071828842163086e-01 9.796089529991149902e-01 8.956187367439270020e-01 8.021832108497619629e-01 4.469968676567077637e-01 9.553981423377990723e-01 2.643108069896697998e-01 6.639795899391174316e-01 2.803270518779754639e-01 4.263084530830383301e-01
5.267500281333923340e-01 9.917314648628234863e-01 6.559822559356689453e-01 1.978173702955245972e-01 1.719333827495574951e-01 8.510378599166870117e-01 4.394499957561492920e-01 1.964411288499832153e-01 1.964411288499832153e-01 8.508230000734329224e-02
7.157071828842163086e-01 9.308817386627197266e-01 5.539720654487609863e-01 1.978173702955245972e-01 4.869993031024932861e-01 2.185070514678955078e-01 4.394499957561492920e-01 1.964411288499832153e-01 1.964411288499832153e-01 3.921833261847496033e-02
7.157071828842163086e-01 7.242826819419860840e-01 8.957914710044860840e-01 1.978173702955245972e-01 4.869993031024932861e-01 3.357905447483062744e-01 4.394499957561492920e-01 1.964411288499832153e-01 1.964411288499832153e-01 5.151740089058876038e-02
7.157071828842163086e-01 8.655744791030883789e-01 6.938750743865966797e-01 1.978173702955245972e-01 4.869993031024932861e-01 2.757420241832733154e-01 4.394499957561492920e-01 1.964411288499832153e-01 1.964411288499832153e-01 1.124832499772310257e-02
4.382557272911071777e-01 7.866653800010681152e-01 2.221269011497497559e-01 1.978173702955245972e-01 4.869993031024932861e-01 4.287807345390319824e-01 4.394499957561492920e-01 1.964411288499832153e-01 1.964411288499832153e-01 2.350620925426483154e-01
5.267500281333923340e-01 1.702755391597747803e-01 4.144806861877441406e-01 1.978173702955245972e-01 7.548563182353973389e-02 9.722908139228820801e-01 4.394499957561492920e-01 1.964411288499832153e-01 1.964411288499832153e-01 6.115285158157348633e-01
4.382557272911071777e-01 8.325994610786437988e-01 8.630559444427490234e-01 1.978173702955245972e-01 7.548563182353973389e-02 9.224861860275268555e-01 4.394499957561492920e-01 1.964411288499832153e-01 1.964411288499832153e-01 8.674457669258117676e-01
5.098457336425781250e-01 1.339753419160842896e-01 9.384152293205261230e-01 1.978173702955245972e-01 7.548563182353973389e-02 9.557900428771972656e-01 4.394499957561492920e-01 1.964411288499832153e-01 1.964411288499832153e-01 6.808391213417053223e-01
6.884104609489440918e-01 6.304956674575805664e-01 8.779433965682983398e-01 1.978173702955245972e-01 7.548563182353973389e-02 1.718697547912597656e-01 4.394499957561492920e-01 1.964411288499832153e-01 1.964411288499832153e-01 8.321515917778015137e-01
5.098457336425781250e-01 2.897915989160537720e-02 9.975585937500000000e-01 1.978173702955245972e-01 4.869993031024932861e-01 4.548671841621398926e-01 4.394499957561492920e-01 1.964411288499832153e-01 1.964411288499832153e-01 8.674457669258117676e-01
7.130506038665771484e-01 1.450677216053009033e-01 9.151363372802734375e-01 1.978173702955245972e-01 7.548563182353973389e-02 9.620656371116638184e-01 4.394499957561492920e-01 1.964411288499832153e-01 1.964411288499832153e-01 1.988382488489151001e-01
8.927687257528305054e-02 1.697525680065155029e-01 3.168784379959106445e-01 1.978173702955245972e-01 5.411152839660644531e-01 1.976605802774429321e-01 6.577634811401367188e-01 1.964411288499832153e-01 1.964411288499832153e-01 1.071089208126068115e-01
6.884104609489440918e-01 9.593116044998168945e-01 5.643715262413024902e-01 4.425635039806365967e-01 4.463670551776885986e-01 9.759019017219543457e-01 6.577634811401367188e-01 5.280925631523132324e-01 2.998670637607574463e-01 4.274760186672210693e-01
5.008023381233215332e-01 3.545916676521301270e-01 2.310011908411979675e-02 4.425635039806365967e-01 5.704209208488464355e-01 9.219388365745544434e-01 6.577634811401367188e-01 2.689418196678161621e-01 7.834179997444152832e-01 1.674549430608749390e-01
4.575656652450561523e-01 2.201307117938995361e-01 2.252608984708786011e-01 4.425635039806365967e-01 5.704209208488464355e-01 4.364656209945678711e-01 6.577634811401367188e-01 2.689418196678161621e-01 4.109639227390289307e-01 6.633853316307067871e-01
4.575656652450561523e-01 6.620854735374450684e-01 2.674984000623226166e-02 4.425635039806365967e-01 5.611914396286010742e-01 9.751912951469421387e-01 6.577634811401367188e-01 2.689418196678161621e-01 4.109639227390289307e-01 6.402963995933532715e-01
4.575656652450561523e-01 5.253529548645019531e-01 1.444068253040313721e-01 4.425635039806365967e-01 5.072873234748840332e-01 2.314515113830566406e-01 4.394499957561492920e-01 2.689418196678161621e-01 4.109639227390289307e-01 4.608314931392669678e-01
4.575656652450561523e-01 1.058789268136024475e-01 5.723349452018737793e-01 4.425635039806365967e-01 3.346068263053894043e-01 6.294440031051635742e-01 4.394499957561492920e-01 2.689418196678161621e-01 7.219018936157226562e-01 5.445109605789184570e-01
1.814829409122467041e-01 4.196146130561828613e-02 1.451740860939025879e-01 6.129122972488403320e-01 3.346068263053894043e-01 3.556548953056335449e-01 4.394499957561492920e-01 2.689418196678161621e-01 7.219018936157226562e-01 8.899101614952087402e-01
1.814829409122467041e-01 1.064342781901359558e-01 3.440942242741584778e-02 6.129122972488403320e-01 8.211278915405273438e-01 2.308230102062225342e-02 6.577634811401367188e-01 2.689418196678161621e-01 7.219018936157226562e-01 9.639885425567626953e-01
1.814829409122467041e-01 1.011404767632484436e-02 5.669484734535217285e-01 4.425635039806365967e-01 1.362546533346176147e-01 6.262868642807006836e-02 4.394499957561492920e-01 2.689418196678161621e-01 4.109639227390289307e-01 7.722423672676086426e-01
4.575656652450561523e-01 1.395176351070404053e-01 9.421434402465820312e-01 4.425635039806365967e-01 1.362546533346176147e-01 5.921555161476135254e-01 4.394499957561492920e-01 2.689418196678161621e-01 7.219018936157226562e-01 9.342672228813171387e-01
4.575656652450561523e-01 1.934452950954437256e-01 8.032271265983581543e-01 6.129122972488403320e-01 6.325579434633255005e-02 4.487784504890441895e-01 1.974657475948333740e-01 2.689418196678161621e-01 7.219018936157226562e-01 9.176776409149169922e-01
6.884104609489440918e-01 4.384497404098510742e-01 8.774333000183105469e-01 7.631434202194213867e-01 5.592411756515502930e-01 3.809219896793365479e-01 2.631808519363403320e-01 2.689418196678161621e-01 8.134698867797851562e-01 7.159856557846069336e-01
1.478240787982940674e-01 3.172367066144943237e-02 1.794017292559146881e-02 2.827155292034149170e-01 8.707372099161148071e-02 3.149812296032905579e-02 8.933310210704803467e-02 2.689418196678161621e-01 5.677596330642700195e-01 1.655039787292480469e-01
3.267281949520111084e-01 3.143397718667984009e-02 9.852696955204010010e-02 8.021832108497619629e-01 2.832470461726188660e-02 8.261749148368835449e-02 8.933310210704803467e-02 2.689418196678161621e-01 2.361488044261932373e-01 9.477968811988830566e-01
1.814829409122467041e-01 1.587360799312591553e-01 5.755118131637573242e-01 8.021832108497619629e-01 5.755456164479255676e-02 7.734654545783996582e-01 6.111358404159545898e-01 2.689418196678161621e-01 7.219018936157226562e-01 9.603993296623229980e-01
6.884104609489440918e-01 6.913399100303649902e-01 8.255330920219421387e-01 6.129122972488403320e-01 5.755456164479255676e-02 4.254505336284637451e-01 6.111358404159545898e-01 2.689418196678161621e-01 7.219018936157226562e-01 9.657955169677734375e-01
8.668156266212463379e-01 8.682315349578857422e-01 9.196237921714782715e-01 8.021832108497619629e-01 5.755456164479255676e-02 8.735645413398742676e-01 6.111358404159545898e-01 2.689418196678161621e-01 7.219018936157226562e-01 9.657955169677734375e-01
5.973911881446838379e-01 7.255790829658508301e-01 3.563929200172424316e-01 8.021832108497619629e-01 5.755456164479255676e-02 8.508797883987426758e-01 1.974657475948333740e-01 6.639795899391174316e-01 7.219018936157226562e-01 8.973115086555480957e-01
4.382557272911071777e-01 5.462728738784790039e-01 4.474852979183197021e-01 8.021832108497619629e-01 5.755456164479255676e-02 5.443873405456542969e-01 1.974657475948333740e-01 6.639795899391174316e-01 7.219018936157226562e-01 6.610692739486694336e-01
7.157071828842163086e-01 7.804357409477233887e-01 4.214376509189605713e-01 8.021832108497619629e-01 5.755456164479255676e-02 8.726492524147033691e-01 1.974657475948333740e-01 6.639795899391174316e-01 7.219018936157226562e-01 6.211175918579101562e-01
7.157071828842163086e-01 6.807159185409545898e-01 3.532135188579559326e-01 4.439916610717773438e-01 2.047050893306732178e-01 4.460945427417755127e-01 5.845396518707275391e-01 4.720076620578765869e-01 7.219018936157226562e-01 7.607442140579223633e-01
7.157071828842163086e-01 9.508939981460571289e-01 7.124806046485900879e-01 4.439916610717773438e-01 3.073692023754119873e-01 4.520957767963409424e-01 5.845396518707275391e-01 4.720076620578765869e-01 7.219018936157226562e-01 4.151110053062438965e-01
2.003294825553894043e-01 9.849342107772827148e-01 3.148345649242401123e-01 4.439916610717773438e-01 2.047050893306732178e-01 9.638943672180175781e-01 5.845396518707275391e-01 4.720076620578765869e-01 7.219018936157226562e-01 7.607442140579223633e-01
3.616816997528076172e-01 9.670940041542053223e-01 6.142405793070793152e-02 4.439916610717773438e-01 5.807369947433471680e-01 6.094835996627807617e-01 5.845396518707275391e-01 4.720076620578765869e-01 7.219018936157226562e-01 5.657547116279602051e-01
3.616816997528076172e-01 8.613422513008117676e-01 1.121094450354576111e-01 8.021832108497619629e-01 1.344230026006698608e-01 5.896983146667480469e-01 7.939378023147583008e-01 6.639795899391174316e-01 7.219018936157226562e-01 5.402992963790893555e-01
6.326320171356201172e-01 8.334797024726867676e-01 1.669234186410903931e-01 4.425635039806365967e-01 1.344230026006698608e-01 4.295663237571716309e-01 7.939378023147583008e-01 6.639795899391174316e-01 7.109448909759521484e-01 9.622101783752441406e-01
8.862571120262145996e-01 9.333904981613159180e-01 6.362784653902053833e-02 4.425635039806365967e-01 6.542505621910095215e-01 2.379767000675201416e-01 7.939378023147583008e-01 6.639795899391174316e-01 7.109448909759521484e-01 8.503760695457458496e-01
8.862571120262145996e-01 6.995449066162109375e-01 7.243999093770980835e-02 4.425635039806365967e-01 3.855944573879241943e-01 8.859469294548034668e-01 7.939378023147583008e-01 6.639795899391174316e-01 7.109448909759521484e-01 8.154374957084655762e-01
7.052804231643676758e-01 6.873770356178283691e-01 3.758991509675979614e-02 4.425635039806365967e-01 6.542505621910095215e-01 9.881815314292907715e-01 5.072129964828491211e-01 2.689418196678161621e-01 2.998670637607574463e-01 8.369932770729064941e-01
7.216854095458984375e-01 8.844420313835144043e-01 6.144111156463623047e-01 4.425635039806365967e-01 7.809054255485534668e-01 6.571584343910217285e-01 7.939378023147583008e-01 2.689418196678161621e-01 2.998670637607574463e-01 1.319754719734191895e-01
8.675779700279235840e-01 2.502174377441406250e-01 3.838879987597465515e-02 4.425635039806365967e-01 7.809054255485534668e-01 7.484661340713500977e-01 7.939378023147583008e-01 2.689418196678161621e-01 2.998670637607574463e-01 6.985422372817993164e-01
7.052804231643676758e-01 5.453532338142395020e-01 5.138484388589859009e-02 4.425635039806365967e-01 9.148694276809692383e-01 8.871251344680786133e-01 7.939378023147583008e-01 2.689418196678161621e-01 2.998670637607574463e-01 9.632195830345153809e-01
8.716561794281005859e-01 9.324329495429992676e-01 9.861971437931060791e-02 4.425635039806365967e-01 8.578062057495117188e-01 8.413323163986206055e-01 7.939378023147583008e-01 2.689418196678161621e-01 7.219018936157226562e-01 8.940264582633972168e-02
6.831126809120178223e-01 8.805631995201110840e-01 1.289982199668884277e-01 4.425635039806365967e-01 6.667544841766357422e-01 9.752995371818542480e-01 7.939378023147583008e-01 2.689418196678161621e-01 2.998670637607574463e-01 5.273849964141845703e-01
6.831126809120178223e-01 9.169527292251586914e-01 2.016571350395679474e-02 4.425635039806365967e-01 8.209584951400756836e-01 7.977259755134582520e-01 4.555710256099700928e-01 6.639795899391174316e-01 7.219018936157226562e-01 4.736711382865905762e-01
8.872467875480651855e-01 9.234755635261535645e-01 2.711152136325836182e-01 4.425635039806365967e-01 7.868442535400390625e-01 3.653459250926971436e-01 2.544678449630737305e-01 6.639795899391174316e-01 2.998670637607574463e-01 9.065108001232147217e-02
7.371879220008850098e-01 6.810612678527832031e-01 2.028218954801559448e-01 4.425635039806365967e-01 7.868442535400390625e-01 1.525663882493972778e-01 2.544678449630737305e-01 6.639795899391174316e-01 2.998670637607574463e-01 5.667597651481628418e-01
7.371879220008850098e-01 1.615970283746719360e-01 9.142232537269592285e-01 4.425635039806365967e-01 4.467119872570037842e-01 4.666070938110351562e-01 2.544678449630737305e-01 6.639795899391174316e-01 7.109448909759521484e-01 3.757866322994232178e-01
8.495350480079650879e-01 9.490655064582824707e-01 4.287240207195281982e-01 4.425635039806365967e-01 9.558093547821044922e-01 9.840043783187866211e-01 7.939378023147583008e-01 6.639795899391174316e-01 7.109448909759521484e-01 9.891160130500793457e-01
6.831126809120178223e-01 8.951164484024047852e-01 7.217773199081420898e-01 4.425635039806365967e-01 9.639836549758911133e-01 9.651772379875183105e-01 7.939378023147583008e-01 6.639795899391174316e-01 7.109448909759521484e-01 6.656692624092102051e-01
6.831126809120178223e-01 8.983978033065795898e-01 6.716328263282775879e-01 4.425635039806365967e-01 5.712670087814331055e-01 3.530517816543579102e-01 4.555710256099700928e-01 6.639795899391174316e-01 7.219018936157226562e-01 3.741728365421295166e-01
4.104669094085693359e-01 4.252446293830871582e-01 2.556781470775604248e-01 8.021832108497619629e-01 8.204503059387207031e-01 3.527517318725585938e-01 4.555710256099700928e-01 2.689418196678161621e-01 7.219018936157226562e-01 8.729507029056549072e-02
2.027530819177627563e-01 6.166949868202209473e-01 9.663186222314834595e-02 8.021832108497619629e-01 9.877602458000183105e-01 6.296939849853515625e-01 7.939378023147583008e-01 6.639795899391174316e-01 7.219018936157226562e-01 7.893584966659545898e-01
4.405262768268585205e-01 3.216312527656555176e-01 1.893309801816940308e-01 8.021832108497619629e-01 9.447763562202453613e-01 3.511700332164764404e-01 4.555710256099700928e-01 6.639795899391174316e-01 7.219018936157226562e-01 3.879779279232025146e-01
5.785049796104431152e-01 3.374162018299102783e-01 6.695268303155899048e-02 8.021832108497619629e-01 8.776538968086242676e-01 8.595699667930603027e-01 7.939378023147583008e-01 6.639795899391174316e-01 7.219018936157226562e-01 4.132961630821228027e-01
7.922987341880798340e-01 6.485067009925842285e-01 7.321933507919311523e-01 8.021832108497619629e-01 9.574030041694641113e-01 5.442062616348266602e-01 7.939378023147583008e-01 6.639795899391174316e-01 7.219018936157226562e-01 9.488733410835266113e-01
9.219389557838439941e-01 9.562051296234130859e-01 1.151035949587821960e-01 8.021832108497619629e-01 6.667544841766357422e-01 8.049336671829223633e-01 7.939378023147583008e-01 2.689418196678161621e-01 7.219018936157226562e-01 3.343933224678039551e-01
2.027530819177627563e-01 2.346440404653549194e-01 4.708271026611328125e-01 4.439916610717773438e-01 3.446577191352844238e-01 3.690575957298278809e-01 8.538417220115661621e-01 2.689418196678161621e-01 7.219018936157226562e-01 2.753328382968902588e-01
2.027530819177627563e-01 2.530129849910736084e-01 7.605811953544616699e-01 4.439916610717773438e-01 1.755244433879852295e-01 1.355457454919815063e-01 8.073093742132186890e-02 2.689418196678161621e-01 2.361488044261932373e-01 1.009933650493621826e-01
7.922987341880798340e-01 9.256094694137573242e-01 5.424235388636589050e-02 4.439916610717773438e-01 5.848515629768371582e-01 6.966646909713745117e-01 5.845396518707275391e-01 2.689418196678161621e-01 7.219018936157226562e-01 5.909038186073303223e-01
8.915165066719055176e-01 8.023015260696411133e-01 8.788241744041442871e-01 4.439916610717773438e-01 1.195773854851722717e-01 2.738262116909027100e-01 4.780135452747344971e-01 4.720076620578765869e-01 7.219018936157226562e-01 8.648670911788940430e-01
2.027530819177627563e-01 8.706693053245544434e-01 2.726069279015064240e-02 4.439916610717773438e-01 6.042860150337219238e-01 4.541524350643157959e-01 5.845396518707275391e-01 2.689418196678161621e-01 7.219018936157226562e-01 2.691053152084350586e-01
3.071430623531341553e-01 3.795360326766967773e-01 9.297045469284057617e-01 4.439916610717773438e-01 9.810328483581542969e-01 9.223427623510360718e-02 6.094694137573242188e-01 4.720076620578765869e-01 7.219018936157226562e-01 4.620542526245117188e-01
6.539545059204101562e-01 8.761705756187438965e-01 1.446510553359985352e-01 4.439916610717773438e-01 7.303243875503540039e-01 5.029727816581726074e-01 2.340511828660964966e-01 4.720076620578765869e-01 7.219018936157226562e-01 4.552476406097412109e-01
8.901377320289611816e-01 6.577082276344299316e-01 1.215897873044013977e-01 4.439916610717773438e-01 4.659703075885772705e-01 1.163987442851066589e-01 4.124014973640441895e-01 4.720076620578765869e-01 7.219018936157226562e-01 1.286983191967010498e-01
8.591173291206359863e-01 8.747631907463073730e-01 9.507994651794433594e-01 4.439916610717773438e-01 1.211298331618309021e-01 7.676579952239990234e-01 2.340511828660964966e-01 4.720076620578765869e-01 7.219018936157226562e-01 8.664663434028625488e-01
9.167565107345581055e-01 8.017665743827819824e-01 6.108153462409973145e-01 4.439916610717773438e-01 8.135610073804855347e-02 8.652561902999877930e-02 8.700064569711685181e-02 4.720076620578765869e-01 7.219018936157226562e-01 1.078070402145385742e-01
5.149923563003540039e-01 5.634954571723937988e-01 8.658054471015930176e-02 4.439916610717773438e-01 1.995148509740829468e-01 4.832056537270545959e-02 8.700064569711685181e-02 4.720076620578765869e-01 7.219018936157226562e-01 3.662157431244850159e-02
6.728263497352600098e-01 9.681367129087448120e-02 4.708354547619819641e-02 4.439916610717773438e-01 1.687813252210617065e-01 6.300559639930725098e-02 8.700064569711685181e-02 4.720076620578765869e-01 7.219018936157226562e-01 2.919107116758823395e-02
6.728263497352600098e-01 4.160197973251342773e-01 2.043479532003402710e-01 4.439916610717773438e-01 8.135610073804855347e-02 6.580233573913574219e-01 4.775718152523040771e-01 4.720076620578765869e-01 7.219018936157226562e-01 1.353675872087478638e-01
8.655219674110412598e-01 4.385673403739929199e-01 3.391506075859069824e-01 4.439916610717773438e-01 4.310454428195953369e-01 7.956340312957763672e-01 8.700064569711685181e-02 4.720076620578765869e-01 7.219018936157226562e-01 5.063559412956237793e-01
7.686890363693237305e-01 1.683279871940612793e-01 6.794041991233825684e-01 4.439916610717773438e-01 8.144225925207138062e-02 2.742560803890228271e-01 8.700064569711685181e-02 4.720076620578765869e-01 7.219018936157226562e-01 5.581839084625244141e-01
6.728263497352600098e-01 6.016342639923095703e-01 5.109570026397705078e-01 4.439916610717773438e-01 8.144225925207138062e-02 4.260607659816741943e-01 1.806987226009368896e-01 4.720076620578765869e-01 7.219018936157226562e-01 2.949704043567180634e-02
8.591173291206359863e-01 5.322314500808715820e-01 8.929154276847839355e-01 4.439916610717773438e-01 4.262309670448303223e-01 4.260607659816741943e-01 5.845396518707275391e-01 4.720076620578765869e-01 7.219018936157226562e-01 5.188975483179092407e-02
9.219389557838439941e-01 6.184921860694885254e-01 4.794178307056427002e-01 4.439916610717773438e-01 1.907121837139129639e-01 7.306971549987792969e-01 4.124014973640441895e-01 2.689418196678161621e-01 7.219018936157226562e-01 1.696797162294387817e-01
9.219389557838439941e-01 5.823011994361877441e-01 9.316463470458984375e-01 4.439916610717773438e-01 1.907121837139129639e-01 4.486283063888549805e-01 4.124014973640441895e-01 2.689418196678161621e-01 7.219018936157226562e-01 1.400761678814888000e-02
8.591173291206359863e-01 3.417992293834686279e-01 2.154043465852737427e-01 4.439916610717773438e-01 4.172940179705619812e-02 2.002163380384445190e-01 8.073093742132186890e-02 2.689418196678161621e-01 2.361488044261932373e-01 3.661602362990379333e-02
7.294460535049438477e-01 1.549920141696929932e-01 6.459989547729492188e-01 4.439916610717773438e-01 4.172940179705619812e-02 3.368077799677848816e-02 8.073093742132186890e-02 2.689418196678161621e-01 5.677596330642700195e-01 1.479909718036651611e-01
6.539545059204101562e-01 1.235745847225189209e-02 2.559706270694732666e-01 4.439916610717773438e-01 4.172940179705619812e-02 3.052738867700099945e-02 8.073093742132186890e-02 2.689418196678161621e-01 2.361488044261932373e-01 3.661602362990379333e-02
8.591173291206359863e-01 7.807774543762207031e-01 3.637392222881317139e-01 4.439916610717773438e-01 4.172940179705619812e-02 3.644179180264472961e-02 8.073093742132186890e-02 2.689418196678161621e-01 5.677596330642700195e-01 9.916703216731548309e-03
7.854099869728088379e-01 1.923456788063049316e-01 7.006779909133911133e-01 8.021832108497619629e-01 2.962691187858581543e-01 9.559989720582962036e-02 7.939378023147583008e-01 5.280925631523132324e-01 7.219018936157226562e-01 4.906288906931877136e-02
9.219389557838439941e-01 9.522707015275955200e-02 6.892815828323364258e-01 2.827155292034149170e-01 3.954515606164932251e-02 2.197276204824447632e-01 1.938684582710266113e-01 2.689418196678161621e-01 5.677596330642700195e-01 7.464014887809753418e-01
6.539545059204101562e-01 2.384279817342758179e-01 2.737272381782531738e-01 2.827155292034149170e-01 3.954515606164932251e-02 2.002163380384445190e-01 1.938684582710266113e-01 2.689418196678161621e-01 5.677596330642700195e-01 1.634046435356140137e-01
8.591173291206359863e-01 4.237758517265319824e-01 2.125552296638488770e-01 2.827155292034149170e-01 3.954515606164932251e-02 1.537369638681411743e-01 8.933310210704803467e-02 2.890512347221374512e-01 5.677596330642700195e-01 4.804959595203399658e-01
6.539545059204101562e-01 3.775054812431335449e-01 8.141252398490905762e-01 2.827155292034149170e-01 7.660719752311706543e-02 9.165094047784805298e-02 8.933310210704803467e-02 2.689418196678161621e-01 5.677596330642700195e-01 3.051756648346781731e-03
8.591173291206359863e-01 9.852650761604309082e-01 1.396625787019729614e-01 2.827155292034149170e-01 7.660719752311706543e-02 3.012586534023284912e-01 8.933310210704803467e-02 2.689418196678161621e-01 2.361488044261932373e-01 6.446925401687622070e-01
