5.676668882369995117e-01 5.661769509315490723e-01 3.857228532433509827e-02 3.681918084621429443e-01 1.773733496665954590e-01 3.085548579692840576e-01 2.064954042434692383e-01 4.917782545089721680e-01 7.898122817277908325e-02 4.231827557086944580e-01
1.557446271181106567e-01 5.661769509315490723e-01 2.480795979499816895e-01 4.974581599235534668e-01 3.184262216091156006e-01 3.197703957557678223e-01 6.513617634773254395e-01 7.830781936645507812e-01 4.349811077117919922e-01 7.494449615478515625e-01
4.713007211685180664e-01 5.661769509315490723e-01 2.098398059606552124e-01 4.745519757270812988e-01 6.517145782709121704e-02 5.214140415191650391e-01 2.196337431669235229e-01 2.143495231866836548e-01 2.449216544628143311e-01 7.630484104156494141e-01
1.894290596246719360e-01 5.661769509315490723e-01 5.210351943969726562e-01 3.822549581527709961e-01 2.875912934541702271e-02 5.214140415191650391e-01 3.772367909550666809e-02 4.630701243877410889e-01 1.397904157638549805e-01 8.799150586128234863e-01
5.101742744445800781e-01 2.598971426486968994e-01 8.627537488937377930e-01 5.560110807418823242e-01 7.947980612516403198e-02 2.404899746179580688e-01 6.869959235191345215e-01 5.988746285438537598e-01 1.583150029182434082e-02 9.355121254920959473e-01
5.244298577308654785e-01 5.661769509315490723e-01 4.018874466419219971e-01 8.005713224411010742e-01 2.682486772537231445e-01 3.085548579692840576e-01 6.513617634773254395e-01 4.630701243877410889e-01 1.005682721734046936e-01 7.591319084167480469e-01
1.352371871471405029e-01 2.598971426486968994e-01 3.857228532433509827e-02 6.570093035697937012e-01 5.463157966732978821e-02 5.427503585815429688e-01 4.627017080783843994e-01 2.616769671440124512e-01 8.018631339073181152e-01 8.052788972854614258e-01
8.499397039413452148e-01 5.661769509315490723e-01 5.210351943969726562e-01 1.685106605291366577e-01 7.072756886482238770e-01 5.214140415191650391e-01 2.028830349445343018e-01 4.373523890972137451e-01 3.267691703513264656e-03 9.295576252043247223e-03
2.350723594427108765e-01 5.661769509315490723e-01 8.388437032699584961e-01 3.822549581527709961e-01 3.228899836540222168e-01 5.214140415191650391e-01 1.071027815341949463e-01 7.272607684135437012e-01 6.504965424537658691e-01 9.842517971992492676e-01
7.525591850280761719e-01 5.661769509315490723e-01 8.627537488937377930e-01 3.822549581527709961e-01 8.294852375984191895e-01 5.214140415191650391e-01 5.098240971565246582e-01 2.197127640247344971e-01 2.681985311210155487e-02 4.601172208786010742e-01
6.995259523391723633e-01 5.661769509315490723e-01 6.322368979454040527e-02 8.005713224411010742e-01 5.085226893424987793e-01 3.197703957557678223e-01 6.513617634773254395e-01 2.118928283452987671e-01 3.517265319824218750e-01 6.841132789850234985e-02
8.778257966041564941e-01 5.661769509315490723e-01 8.780598640441894531e-01 3.822549581527709961e-01 1.907421052455902100e-01 7.608107924461364746e-01 6.929192543029785156e-01 7.364618182182312012e-01 9.235085844993591309e-01 9.877080917358398438e-01
8.620364665985107422e-01 8.099976778030395508e-01 9.687349945306777954e-02 1.685106605291366577e-01 1.268202066421508789e-01 6.361304521560668945e-01 6.508761644363403320e-01 8.996393680572509766e-01 6.456939578056335449e-01 1.516211684793233871e-02
1.966811418533325195e-01 2.598971426486968994e-01 9.687349945306777954e-02 8.005713224411010742e-01 4.710528850555419922e-01 6.216478943824768066e-01 6.513617634773254395e-01 5.988746285438537598e-01 6.802665535360574722e-03 7.189326286315917969e-01
5.141226053237915039e-01 2.992767095565795898e-01 8.970177769660949707e-01 3.822549581527709961e-01 4.606060385704040527e-01 3.161720037460327148e-01 6.929192543029785156e-01 5.655636191368103027e-01 4.368899166584014893e-01 4.369109869003295898e-01
3.023993670940399170e-01 6.228430867195129395e-01 8.006211519241333008e-01 5.560110807418823242e-01 8.025413155555725098e-01 2.664930820465087891e-01 3.557472825050354004e-01 8.679676651954650879e-01 1.393357641063630581e-03 7.593825459480285645e-01
5.287374854087829590e-01 2.992767095565795898e-01 7.245628237724304199e-01 4.189083576202392578e-01 4.604992270469665527e-02 6.216478943824768066e-01 6.513617634773254395e-01 4.373523890972137451e-01 9.133384227752685547e-01 1.475168317556381226e-01
8.270756602287292480e-01 2.992767095565795898e-01 6.732004284858703613e-01 4.974581599235534668e-01 4.198079705238342285e-01 5.214140415191650391e-01 6.513617634773254395e-01 5.878768563270568848e-01 8.321861028671264648e-01 8.626354932785034180e-01
4.577337503433227539e-01 2.992767095565795898e-01 8.627537488937377930e-01 4.189083576202392578e-01 8.025413155555725098e-01 1.606966406106948853e-01 7.808300852775573730e-01 4.630701243877410889e-01 1.498256325721740723e-01 2.218339033424854279e-02
9.037207365036010742e-01 2.598971426486968994e-01 4.870923459529876709e-01 3.796813786029815674e-01 7.793527245521545410e-01 5.472248792648315430e-01 7.808300852775573730e-01 4.654095172882080078e-01 9.478487968444824219e-01 8.498053550720214844e-01
6.974272727966308594e-01 6.228430867195129395e-01 4.620412290096282959e-01 6.570093035697937012e-01 1.664382070302963257e-01 5.214140415191650391e-01 7.808300852775573730e-01 4.752192795276641846e-01 8.691034317016601562e-01 9.509248137474060059e-01
6.244142055511474609e-01 5.965929031372070312e-01 8.627537488937377930e-01 8.005713224411010742e-01 8.799424767494201660e-01 5.214140415191650391e-01 7.808300852775573730e-01 4.630701243877410889e-01 4.173675477504730225e-01 3.667369186878204346e-01
1.378658413887023926e-01 5.661769509315490723e-01 8.970177769660949707e-01 6.350242495536804199e-01 9.994628280401229858e-02 5.472248792648315430e-01 3.145008981227874756e-01 5.655636191368103027e-01 2.028674259781837463e-02 4.949936568737030029e-01
7.759181857109069824e-01 2.598971426486968994e-01 2.836422324180603027e-01 4.745519757270812988e-01 4.710528850555419922e-01 1.606966406106948853e-01 3.254072666168212891e-01 2.197127640247344971e-01 5.962085723876953125e-01 1.094491481781005859e-01
6.974272727966308594e-01 6.938468217849731445e-01 4.870923459529876709e-01 7.446474432945251465e-01 7.653992772102355957e-01 5.427503585815429688e-01 3.145008981227874756e-01 7.272607684135437012e-01 8.812592625617980957e-01 7.519359588623046875e-01
1.634003072977066040e-01 2.992767095565795898e-01 5.210351943969726562e-01 4.974581599235534668e-01 1.391190141439437866e-01 6.216478943824768066e-01 6.424818634986877441e-01 4.654095172882080078e-01 4.216349720954895020e-01 6.160959005355834961e-01
6.244142055511474609e-01 5.661769509315490723e-01 2.098398059606552124e-01 4.974581599235534668e-01 7.722381949424743652e-01 3.161720037460327148e-01 6.513617634773254395e-01 5.711402893066406250e-01 3.856787458062171936e-02 7.692361623048782349e-02
1.222453638911247253e-01 2.992767095565795898e-01 3.140025436878204346e-01 7.446474432945251465e-01 4.857629835605621338e-01 6.216478943824768066e-01 6.513617634773254395e-01 2.033882737159729004e-01 4.574013054370880127e-01 7.704323530197143555e-01
6.213298439979553223e-01 2.992767095565795898e-01 3.539964854717254639e-01 5.214111804962158203e-01 1.268202066421508789e-01 6.216478943824768066e-01 4.518718123435974121e-01 4.619517922401428223e-02 4.753403067588806152e-01 2.388423532247543335e-01
5.676668882369995117e-01 2.992767095565795898e-01 7.437679767608642578e-01 8.005713224411010742e-01 3.584625720977783203e-01 3.681918084621429443e-01 4.791240990161895752e-01 4.630701243877410889e-01 1.328637599945068359e-01 7.802360653877258301e-01
8.696396350860595703e-01 2.633636295795440674e-01 4.950250387191772461e-01 8.005713224411010742e-01 3.437572121620178223e-01 6.361304521560668945e-01 2.652858495712280273e-01 8.173094987869262695e-01 2.166953636333346367e-03 6.555680632591247559e-01
6.984104961156845093e-02 2.992767095565795898e-01 8.784533739089965820e-01 7.446474432945251465e-01 5.858190655708312988e-01 6.216478943824768066e-01 7.808300852775573730e-01 8.996393680572509766e-01 2.950472570955753326e-02 8.503111004829406738e-01
2.251777499914169312e-01 2.992767095565795898e-01 4.870923459529876709e-01 7.446474432945251465e-01 3.606272339820861816e-01 6.361304521560668945e-01 7.148948907852172852e-01 8.280961513519287109e-01 4.350111633539199829e-02 7.430086731910705566e-01
5.649886727333068848e-01 2.992767095565795898e-01 3.857228532433509827e-02 4.974581599235534668e-01 5.858190655708312988e-01 6.216478943824768066e-01 3.671779036521911621e-01 4.917782545089721680e-01 1.197545379400253296e-01 8.689401149749755859e-01
1.557446271181106567e-01 2.992767095565795898e-01 4.870923459529876709e-01 4.974581599235534668e-01 9.500426650047302246e-01 6.361304521560668945e-01 9.007953405380249023e-01 5.878768563270568848e-01 9.476933479309082031e-01 9.282830357551574707e-01
2.491472959518432617e-01 6.228430867195129395e-01 6.994181275367736816e-01 5.214111804962158203e-01 4.641522169113159180e-01 3.161720037460327148e-01 7.148948907852172852e-01 5.655636191368103027e-01 3.768759071826934814e-01 9.305189847946166992e-01
7.525591850280761719e-01 2.992767095565795898e-01 4.402014017105102539e-01 3.822549581527709961e-01 2.548152506351470947e-01 6.216478943824768066e-01 6.768370866775512695e-01 7.042123079299926758e-01 1.650730147957801819e-02 2.287053316831588745e-01
5.676668882369995117e-01 2.992767095565795898e-01 4.870923459529876709e-01 4.974581599235534668e-01 2.548152506351470947e-01 7.783039212226867676e-01 3.366639316082000732e-01 8.926690816879272461e-01 9.637404978275299072e-02 8.251109719276428223e-01
4.436000287532806396e-01 2.633636295795440674e-01 2.046252936124801636e-01 5.214111804962158203e-01 4.377161264419555664e-01 6.216478943824768066e-01 3.366639316082000732e-01 2.118928283452987671e-01 5.059362202882766724e-02 2.918467819690704346e-01
4.713007211685180664e-01 5.661769509315490723e-01 8.784533739089965820e-01 7.446474432945251465e-01 2.548152506351470947e-01 3.681918084621429443e-01 3.366639316082000732e-01 4.630701243877410889e-01 3.222309425473213196e-02 5.398864746093750000e-01
8.620364665985107422e-01 5.965929031372070312e-01 1.873765736818313599e-01 4.974581599235534668e-01 2.548152506351470947e-01 5.472248792648315430e-01 4.328033626079559326e-01 5.233356356620788574e-02 4.077248573303222656e-01 3.048445880413055420e-01
1.557446271181106567e-01 6.228430867195129395e-01 2.046252936124801636e-01 1.685106605291366577e-01 2.548152506351470947e-01 7.783039212226867676e-01 3.316566646099090576e-01 4.630701243877410889e-01 8.078581690788269043e-01 6.521353721618652344e-01
1.557446271181106567e-01 6.228430867195129395e-01 2.046252936124801636e-01 2.401252985000610352e-01 5.664354562759399414e-01 7.783039212226867676e-01 7.808300852775573730e-01 7.272607684135437012e-01 2.345569431781768799e-01 9.712634086608886719e-01
6.984104961156845093e-02 5.661769509315490723e-01 1.539959907531738281e-01 4.974581599235534668e-01 4.641522169113159180e-01 5.427503585815429688e-01 6.768370866775512695e-01 8.679676651954650879e-01 1.234646216034889221e-01 6.826732158660888672e-01
2.251777499914169312e-01 5.661769509315490723e-01 5.210351943969726562e-01 4.974581599235534668e-01 8.025413155555725098e-01 5.214140415191650391e-01 7.808300852775573730e-01 2.281906008720397949e-01 1.897727698087692261e-01 9.609031081199645996e-01
4.436000287532806396e-01 5.661769509315490723e-01 4.152114391326904297e-01 8.005713224411010742e-01 2.548152506351470947e-01 6.216478943824768066e-01 6.424818634986877441e-01 7.994925379753112793e-01 2.747093141078948975e-02 2.881325781345367432e-01
2.251777499914169312e-01 2.598971426486968994e-01 2.046252936124801636e-01 4.974581599235534668e-01 4.610168933868408203e-01 5.214140415191650391e-01 7.804639935493469238e-01 7.994925379753112793e-01 9.908701777458190918e-01 9.520786404609680176e-01
4.436000287532806396e-01 2.992767095565795898e-01 5.736517906188964844e-01 5.214111804962158203e-01 8.025413155555725098e-01 2.404899746179580688e-01 3.145008981227874756e-01 2.118928283452987671e-01 7.344182729721069336e-01 4.605909064412117004e-02
8.696396350860595703e-01 5.661769509315490723e-01 6.732004284858703613e-01 4.745519757270812988e-01 2.548152506351470947e-01 6.216478943824768066e-01 3.232068717479705811e-01 4.630701243877410889e-01 9.063897132873535156e-01 4.018233120441436768e-01
5.101742744445800781e-01 5.661769509315490723e-01 2.836422324180603027e-01 2.401252985000610352e-01 7.303504943847656250e-01 2.404899746179580688e-01 8.652798533439636230e-01 8.206503391265869141e-01 2.566884458065032959e-01 7.152274250984191895e-01
2.491472959518432617e-01 5.661769509315490723e-01 6.300336718559265137e-01 4.974581599235534668e-01 2.548152506351470947e-01 3.085548579692840576e-01 2.677795588970184326e-01 5.988746285438537598e-01 9.355987310409545898e-01 9.605767130851745605e-01
8.270756602287292480e-01 5.661769509315490723e-01 9.687349945306777954e-02 4.745519757270812988e-01 2.548152506351470947e-01 5.214140415191650391e-01 6.424818634986877441e-01 4.630701243877410889e-01 4.880346059799194336e-01 5.325568914413452148e-01
5.380124449729919434e-01 5.661769509315490723e-01 1.539959907531738281e-01 4.974581599235534668e-01 2.548152506351470947e-01 2.479484528303146362e-01 3.145008981227874756e-01 4.630701243877410889e-01 8.860921859741210938e-01 1.387814730405807495e-01
7.130338996648788452e-02 5.661769509315490723e-01 6.300336718559265137e-01 2.401252985000610352e-01 1.197992935776710510e-01 5.214140415191650391e-01 3.145008981227874756e-01 5.988746285438537598e-01 1.434919144958257675e-02 8.292107582092285156e-01
5.380124449729919434e-01 2.992767095565795898e-01 4.161053895950317383e-01 4.974581599235534668e-01 9.394980669021606445e-01 5.214140415191650391e-01 6.424818634986877441e-01 5.711402893066406250e-01 8.667697310447692871e-01 3.316607773303985596e-01
2.350723594427108765e-01 5.661769509315490723e-01 8.627537488937377930e-01 4.591859877109527588e-01 1.115546748042106628e-01 3.161720037460327148e-01 6.424818634986877441e-01 8.679676651954650879e-01 1.325509548187255859e-01 7.083663940429687500e-01
2.071676552295684814e-01 5.661769509315490723e-01 8.169872760772705078e-01 7.446474432945251465e-01 3.689031600952148438e-01 5.214140415191650391e-01 7.808300852775573730e-01 2.197127640247344971e-01 1.694758385419845581e-01 3.379640281200408936e-01
3.500927090644836426e-01 5.965929031372070312e-01 8.627537488937377930e-01 1.685106605291366577e-01 1.268202066421508789e-01 3.197703957557678223e-01 5.334640741348266602e-01 2.118928283452987671e-01 4.402962923049926758e-01 9.925253391265869141e-01
1.634003072977066040e-01 2.598971426486968994e-01 2.836422324180603027e-01 4.745519757270812988e-01 4.636551141738891602e-01 5.214140415191650391e-01 9.007953405380249023e-01 4.752192795276641846e-01 2.475182712078094482e-01 9.886199235916137695e-01
5.380124449729919434e-01 5.661769509315490723e-01 5.944960713386535645e-01 8.005713224411010742e-01 2.548152506351470947e-01 7.109463810920715332e-01 7.070019841194152832e-01 5.711402893066406250e-01 7.110483944416046143e-02 4.877784550189971924e-01
1.966811418533325195e-01 5.661769509315490723e-01 6.859200000762939453e-01 6.350242495536804199e-01 6.237961649894714355e-01 3.161720037460327148e-01 5.596923232078552246e-01 5.988746285438537598e-01 1.622579395771026611e-01 5.112569928169250488e-01
5.836758613586425781e-01 2.992767095565795898e-01 4.161053895950317383e-01 1.685106605291366577e-01 3.305829167366027832e-01 6.216478943824768066e-01 2.694704830646514893e-01 5.655636191368103027e-01 6.328697800636291504e-01 9.982354640960693359e-01
7.130338996648788452e-02 2.992767095565795898e-01 2.046252936124801636e-01 8.005713224411010742e-01 4.377161264419555664e-01 6.216478943824768066e-01 5.272995829582214355e-01 4.630701243877410889e-01 1.722378283739089966e-02 6.375564932823181152e-01
4.577337503433227539e-01 6.228430867195129395e-01 4.063395261764526367e-01 7.446474432945251465e-01 7.964000701904296875e-01 5.472248792648315430e-01 7.867801189422607422e-01 8.206503391265869141e-01 1.763964071869850159e-03 8.430317640304565430e-01
4.988979697227478027e-01 2.992767095565795898e-01 5.210351943969726562e-01 6.570093035697937012e-01 6.144368052482604980e-01 8.209897279739379883e-01 6.424818634986877441e-01 4.630701243877410889e-01 7.296004146337509155e-02 8.950959444046020508e-01
2.491472959518432617e-01 6.938468217849731445e-01 4.152114391326904297e-01 3.681918084621429443e-01 8.740090131759643555e-01 6.361304521560668945e-01 3.145008981227874756e-01 5.409936904907226562e-01 3.354039741680026054e-03 3.961521387100219727e-02
9.037207365036010742e-01 2.598971426486968994e-01 6.308912038803100586e-01 5.560110807418823242e-01 5.839950442314147949e-01 6.216478943824768066e-01 6.424818634986877441e-01 2.118928283452987671e-01 8.878526091575622559e-02 8.793106675148010254e-01
4.436000287532806396e-01 6.938468217849731445e-01 2.046252936124801636e-01 8.005713224411010742e-01 2.548152506351470947e-01 5.214140415191650391e-01 3.145008981227874756e-01 4.630701243877410889e-01 4.798304871656000614e-04 1.956812106072902679e-03
6.984104961156845093e-02 2.992767095565795898e-01 2.671316266059875488e-01 4.745519757270812988e-01 4.641522169113159180e-01 1.606966406106948853e-01 6.424818634986877441e-01 2.197127640247344971e-01 3.469036519527435303e-02 9.891457557678222656e-01
2.977169454097747803e-01 5.661769509315490723e-01 6.569866538047790527e-01 4.189083576202392578e-01 2.548152506351470947e-01 2.479484528303146362e-01 9.597400575876235962e-02 1.322811692953109741e-01 9.497808814048767090e-01 3.051010370254516602e-01
2.449998259544372559e-01 2.992767095565795898e-01 2.836422324180603027e-01 6.350242495536804199e-01 2.548152506351470947e-01 2.404899746179580688e-01 6.424818634986877441e-01 2.281906008720397949e-01 5.752912536263465881e-02 9.100864082574844360e-02
1.886812746524810791e-01 2.992767095565795898e-01 2.671316266059875488e-01 6.570093035697937012e-01 2.548152506351470947e-01 5.472248792648315430e-01 2.051660865545272827e-01 5.973448157310485840e-01 2.336985245347023010e-02 7.300183773040771484e-01
5.676668882369995117e-01 5.661769509315490723e-01 7.954294085502624512e-01 3.796813786029815674e-01 9.394980669021606445e-01 6.216478943824768066e-01 5.596923232078552246e-01 2.162269204854965210e-01 4.428819287568330765e-03 9.863837361335754395e-01
5.649886727333068848e-01 5.965929031372070312e-01 8.780598640441894531e-01 8.005713224411010742e-01 3.480223119258880615e-01 6.216478943824768066e-01 7.154765129089355469e-01 5.294985175132751465e-01 7.716832915320992470e-04 6.525925993919372559e-01
1.378658413887023926e-01 2.992767095565795898e-01 5.965486764907836914e-01 6.570093035697937012e-01 2.548152506351470947e-01 6.216478943824768066e-01 2.677795588970184326e-01 4.373523890972137451e-01 3.172510266304016113e-01 7.477817535400390625e-01
8.696396350860595703e-01 2.992767095565795898e-01 9.687349945306777954e-02 8.005713224411010742e-01 4.606060385704040527e-01 1.606966406106948853e-01 3.145008981227874756e-01 4.630701243877410889e-01 4.400264620780944824e-01 9.958240985870361328e-01
1.870176494121551514e-01 2.992767095565795898e-01 5.210351943969726562e-01 4.974581599235534668e-01 2.591047585010528564e-01 5.890361070632934570e-01 6.424818634986877441e-01 4.630701243877410889e-01 5.483545064926147461e-01 1.587396264076232910e-01
8.545517325401306152e-01 2.633636295795440674e-01 4.152114391326904297e-01 7.446474432945251465e-01 6.890214085578918457e-01 5.890361070632934570e-01 5.596923232078552246e-01 2.162269204854965210e-01 7.115323096513748169e-02 1.701582223176956177e-02
8.545517325401306152e-01 2.992767095565795898e-01 2.671316266059875488e-01 6.570093035697937012e-01 8.303792476654052734e-01 3.681918084621429443e-01 2.355839759111404419e-01 8.657703548669815063e-02 9.907061457633972168e-01 8.583104610443115234e-01
5.012679100036621094e-01 2.992767095565795898e-01 9.687349945306777954e-02 4.974581599235534668e-01 8.240678906440734863e-01 5.472248792648315430e-01 5.711576342582702637e-01 7.216649651527404785e-01 2.088039219379425049e-01 9.838114380836486816e-01
5.377298593521118164e-01 6.228430867195129395e-01 2.671316266059875488e-01 4.745519757270812988e-01 8.580427169799804688e-01 8.209897279739379883e-01 7.802145928144454956e-02 1.877525597810745239e-01 2.265877425670623779e-01 1.328744110651314259e-03
3.263163864612579346e-01 6.228430867195129395e-01 6.308912038803100586e-01 5.560110807418823242e-01 4.724213480949401855e-01 7.608107924461364746e-01 5.128993988037109375e-01 7.830781936645507812e-01 5.499979853630065918e-01 1.620066165924072266e-01
2.977169454097747803e-01 1.889073401689529419e-01 5.210351943969726562e-01 1.685106605291366577e-01 5.858190655708312988e-01 2.404899746179580688e-01 6.768370866775512695e-01 5.871009230613708496e-01 8.889987319707870483e-02 9.698426127433776855e-01
5.761731863021850586e-01 1.889073401689529419e-01 9.687349945306777954e-02 4.974581599235534668e-01 2.853145301342010498e-01 5.214140415191650391e-01 7.808300852775573730e-01 9.320289492607116699e-01 9.659356474876403809e-01 9.783715009689331055e-01
5.761731863021850586e-01 1.889073401689529419e-01 2.671316266059875488e-01 4.189083576202392578e-01 9.458361864089965820e-01 5.427503585815429688e-01 4.518718123435974121e-01 4.978905916213989258e-01 9.842886328697204590e-01 2.544220387935638428e-01
7.110614180564880371e-01 1.889073401689529419e-01 5.210351943969726562e-01 4.189083576202392578e-01 5.664354562759399414e-01 2.404899746179580688e-01 7.808300852775573730e-01 7.189440727233886719e-01 8.114811778068542480e-01 9.443109631538391113e-01
5.416125655174255371e-01 1.889073401689529419e-01 3.857228532433509827e-02 7.446474432945251465e-01 4.641522169113159180e-01 8.209897279739379883e-01 7.802145928144454956e-02 3.467560410499572754e-01 5.488958358764648438e-01 7.630857825279235840e-01
5.416125655174255371e-01 1.889073401689529419e-01 3.857228532433509827e-02 4.974581599235534668e-01 3.409234285354614258e-01 6.216478943824768066e-01 2.937027215957641602e-01 1.496136188507080078e-01 9.365023374557495117e-01 3.387692272663116455e-01
8.696396350860595703e-01 1.889073401689529419e-01 2.119643539190292358e-01 4.189083576202392578e-01 1.225867047905921936e-01 6.216478943824768066e-01 7.802145928144454956e-02 4.619517922401428223e-02 6.006269529461860657e-02 1.235163062810897827e-01
5.416125655174255371e-01 2.992767095565795898e-01 3.857228532433509827e-02 4.974581599235534668e-01 5.310483574867248535e-01 5.214140415191650391e-01 3.671779036521911621e-01 5.125682353973388672e-01 1.216289773583412170e-02 6.165832877159118652e-01
5.012679100036621094e-01 2.992767095565795898e-01 3.857228532433509827e-02 1.850739121437072754e-01 5.664354562759399414e-01 1.606966406106948853e-01 4.518718123435974121e-01 1.496136188507080078e-01 4.996152520179748535e-01 6.013393998146057129e-01
5.012679100036621094e-01 5.661769509315490723e-01 9.687349945306777954e-02 7.446474432945251465e-01 4.691316187381744385e-01 5.214140415191650391e-01 5.128993988037109375e-01 7.830781936645507812e-01 4.958504438400268555e-02 8.432266712188720703e-01
5.244298577308654785e-01 2.992767095565795898e-01 9.687349945306777954e-02 1.685106605291366577e-01 1.268202066421508789e-01 3.197703957557678223e-01 8.114228844642639160e-01 4.630701243877410889e-01 1.654335558414459229e-01 9.965276718139648438e-02
5.802432894706726074e-01 5.661769509315490723e-01 1.539959907531738281e-01 1.685106605291366577e-01 1.713555157184600830e-01 5.214140415191650391e-01 3.316566646099090576e-01 4.630701243877410889e-01 4.265376627445220947e-01 6.608971953392028809e-01
2.491472959518432617e-01 5.661769509315490723e-01 7.684075236320495605e-01 5.214111804962158203e-01 5.073590204119682312e-02 5.214140415191650391e-01 4.223940074443817139e-01 4.630701243877410889e-01 9.454193711280822754e-01 6.739295274019241333e-02
6.984104961156845093e-02 5.661769509315490723e-01 5.210351943969726562e-01 4.974581599235534668e-01 2.548152506351470947e-01 5.427503585815429688e-01 3.316566646099090576e-01 2.783321440219879150e-01 1.511482708156108856e-02 3.443429619073867798e-02
9.134064316749572754e-01 5.661769509315490723e-01 1.887552887201309204e-01 4.974581599235534668e-01 1.799384951591491699e-01 5.214140415191650391e-01 4.863245487213134766e-01 7.042123079299926758e-01 8.917493820190429688e-01 2.685277163982391357e-01
9.134064316749572754e-01 5.661769509315490723e-01 4.152114391326904297e-01 2.401252985000610352e-01 3.305829167366027832e-01 3.197703957557678223e-01 4.863245487213134766e-01 7.042123079299926758e-01 9.972955584526062012e-01 6.221012398600578308e-02
7.221366167068481445e-01 5.661769509315490723e-01 4.152114391326904297e-01 8.005713224411010742e-01 2.548152506351470947e-01 5.214140415191650391e-01 7.808300852775573730e-01 8.926690816879272461e-01 2.234801650047302246e-02 3.802776336669921875e-01
6.513585448265075684e-01 5.661769509315490723e-01 2.046252936124801636e-01 4.974581599235534668e-01 9.394980669021606445e-01 5.214140415191650391e-01 7.808300852775573730e-01 7.830781936645507812e-01 1.212850864976644516e-02 8.336449265480041504e-01
4.584311544895172119e-01 5.661769509315490723e-01 9.687349945306777954e-02 6.570093035697937012e-01 1.624298691749572754e-01 3.681918084621429443e-01 7.808300852775573730e-01 8.926690816879272461e-01 4.953850433230400085e-02 9.948499798774719238e-01
6.372168660163879395e-01 5.661769509315490723e-01 4.152114391326904297e-01 4.974581599235534668e-01 8.025413155555725098e-01 5.890361070632934570e-01 4.223940074443817139e-01 1.225848942995071411e-01 8.643718957901000977e-01 8.315026760101318359e-01
8.435719609260559082e-01 2.992767095565795898e-01 1.051812320947647095e-01 7.446474432945251465e-01 7.817960381507873535e-01 5.427503585815429688e-01 4.857904314994812012e-01 2.239335477352142334e-01 1.045113652944564819e-01 7.541057467460632324e-02
2.889747917652130127e-01 5.661769509315490723e-01 9.687349945306777954e-02 6.570093035697937012e-01 9.698731899261474609e-01 5.214140415191650391e-01 5.711576342582702637e-01 8.926690816879272461e-01 9.213481545448303223e-01 9.443655014038085938e-01
5.499160289764404297e-01 5.661769509315490723e-01 6.300336718559265137e-01 5.560110807418823242e-01 9.500426650047302246e-01 7.109463810920715332e-01 5.711576342582702637e-01 8.926690816879272461e-01 4.154783189296722412e-01 9.900196790695190430e-01
8.756989836692810059e-01 2.598971426486968994e-01 8.388437032699584961e-01 7.446474432945251465e-01 1.713555157184600830e-01 3.085548579692840576e-01 5.272995829582214355e-01 5.871009230613708496e-01 7.918080687522888184e-01 9.500800371170043945e-01
4.158299863338470459e-01 2.992767095565795898e-01 9.687349945306777954e-02 7.446474432945251465e-01 4.354252815246582031e-01 3.161720037460327148e-01 3.145008981227874756e-01 5.930155515670776367e-01 8.939071297645568848e-01 4.648932442069053650e-02
4.436000287532806396e-01 2.992767095565795898e-01 7.069816589355468750e-01 4.974581599235534668e-01 1.624298691749572754e-01 1.606966406106948853e-01 2.355839759111404419e-01 9.032089114189147949e-01 1.827248334884643555e-01 5.181958079338073730e-01
5.676668882369995117e-01 2.992767095565795898e-01 7.069816589355468750e-01 1.850739121437072754e-01 3.814350366592407227e-01 5.472248792648315430e-01 4.518718123435974121e-01 8.994302153587341309e-02 6.656613666564226151e-03 7.126752287149429321e-02
5.101742744445800781e-01 6.228430867195129395e-01 8.388437032699584961e-01 2.401252985000610352e-01 9.460910558700561523e-01 2.664930820465087891e-01 7.867801189422607422e-01 7.308515906333923340e-01 3.413635306060314178e-03 8.937403559684753418e-02
5.416125655174255371e-01 2.992767095565795898e-01 2.671316266059875488e-01 5.214111804962158203e-01 3.814350366592407227e-01 3.085548579692840576e-01 3.264365792274475098e-01 5.355962738394737244e-02 3.921334445476531982e-01 1.305430233478546143e-01
8.696396350860595703e-01 2.992767095565795898e-01 9.687349945306777954e-02 1.685106605291366577e-01 1.713555157184600830e-01 3.085548579692840576e-01 5.128993988037109375e-01 4.630701243877410889e-01 7.115153595805168152e-03 3.138473033905029297e-01
8.499397039413452148e-01 2.633636295795440674e-01 5.210351943969726562e-01 4.974581599235534668e-01 4.757251441478729248e-01 5.890361070632934570e-01 7.867801189422607422e-01 8.926690816879272461e-01 4.062337875366210938e-01 6.104924082756042480e-01
8.125798702239990234e-01 2.992767095565795898e-01 7.069816589355468750e-01 1.850739121437072754e-01 4.701250195503234863e-01 6.216478943824768066e-01 8.456377387046813965e-01 8.994302153587341309e-02 8.740359544754028320e-01 3.831550851464271545e-02
1.557446271181106567e-01 6.228430867195129395e-01 7.069816589355468750e-01 4.974581599235534668e-01 8.799424767494201660e-01 2.664930820465087891e-01 1.030004173517227173e-01 8.994302153587341309e-02 5.396327376365661621e-02 3.587985634803771973e-01
5.012679100036621094e-01 2.992767095565795898e-01 8.388437032699584961e-01 4.974581599235534668e-01 8.159173727035522461e-01 6.216478943824768066e-01 7.808300852775573730e-01 4.691550731658935547e-01 9.552213549613952637e-01 9.001808762550354004e-01
5.676668882369995117e-01 2.633636295795440674e-01 8.388437032699584961e-01 8.005713224411010742e-01 6.144368052482604980e-01 6.216478943824768066e-01 7.808300852775573730e-01 3.225524127483367920e-01 9.987297654151916504e-01 3.928855657577514648e-01
8.756989836692810059e-01 2.992767095565795898e-01 6.911668181419372559e-01 5.560110807418823242e-01 9.046393632888793945e-02 3.085548579692840576e-01 3.145008981227874756e-01 3.225524127483367920e-01 3.629534319043159485e-02 5.339258313179016113e-01
1.557446271181106567e-01 5.965929031372070312e-01 7.506951093673706055e-01 4.974581599235534668e-01 9.500426650047302246e-01 6.216478943824768066e-01 3.145008981227874756e-01 4.373523890972137451e-01 5.539732575416564941e-01 2.647974900901317596e-02
2.977169454097747803e-01 6.228430867195129395e-01 9.687349945306777954e-02 2.401252985000610352e-01 8.918012380599975586e-01 2.664930820465087891e-01 3.145008981227874756e-01 5.294985175132751465e-01 4.573053494095802307e-02 9.660689830780029297e-01
7.654888629913330078e-01 2.992767095565795898e-01 2.480795979499816895e-01 3.796813786029815674e-01 5.858190655708312988e-01 5.472248792648315430e-01 7.148948907852172852e-01 5.409936904907226562e-01 7.498877644538879395e-01 8.823939561843872070e-01
8.847318291664123535e-01 2.992767095565795898e-01 9.687349945306777954e-02 4.974581599235534668e-01 2.548152506351470947e-01 2.664930820465087891e-01 7.808300852775573730e-01 8.083326816558837891e-01 1.760621219873428345e-01 3.886311352252960205e-01
9.134064316749572754e-01 2.992767095565795898e-01 9.687349945306777954e-02 3.796813786029815674e-01 2.548152506351470947e-01 5.472248792648315430e-01 7.808300852775573730e-01 4.630701243877410889e-01 2.682791557163000107e-03 2.805092930793762207e-01
8.756989836692810059e-01 2.992767095565795898e-01 2.671316266059875488e-01 6.570093035697937012e-01 3.814350366592407227e-01 7.783039212226867676e-01 8.456377387046813965e-01 2.616769671440124512e-01 8.437044024467468262e-01 4.358626902103424072e-01
