5.173479318618774414e-01 2.795539498329162598e-01 6.105936765670776367e-01 4.402883052825927734e-01 5.188717246055603027e-01 5.427512526512145996e-01 6.231620907783508301e-01 4.972979128360748291e-01 2.850337922573089600e-01 3.464365303516387939e-01
5.173479318618774414e-01 6.101820468902587891e-01 6.105936765670776367e-01 4.760196208953857422e-01 5.188717246055603027e-01 4.863684177398681641e-01 6.753327846527099609e-01 4.972979128360748291e-01 5.576117038726806641e-01 5.198074579238891602e-01
5.103422999382019043e-01 7.305330634117126465e-01 6.991768479347229004e-01 4.760196208953857422e-01 3.576995134353637695e-01 4.863684177398681641e-01 7.824221849441528320e-01 5.673285722732543945e-01 7.484197616577148438e-01 5.198074579238891602e-01
5.173479318618774414e-01 7.482678890228271484e-01 5.535840392112731934e-01 4.760196208953857422e-01 5.188717246055603027e-01 4.863684177398681641e-01 8.232414126396179199e-01 6.760058403015136719e-01 6.632433533668518066e-01 4.979125857353210449e-01
4.189056754112243652e-01 5.254664421081542969e-01 3.225817084312438965e-01 5.719107389450073242e-01 3.814074695110321045e-01 4.818271100521087646e-01 5.991662740707397461e-01 5.000000000000000000e-01 1.377730965614318848e-01 4.107305109500885010e-01
5.173479318618774414e-01 5.310313701629638672e-01 4.961882531642913818e-01 5.632943511009216309e-01 5.188717246055603027e-01 6.106374859809875488e-01 5.553837418556213379e-01 4.972979128360748291e-01 3.763069808483123779e-01 4.604767560958862305e-01
5.173479318618774414e-01 6.272842884063720703e-01 6.320458054542541504e-01 7.068205475807189941e-01 5.188717246055603027e-01 6.106374859809875488e-01 6.374229788780212402e-01 4.972979128360748291e-01 6.762212514877319336e-01 4.724573493003845215e-01
5.173479318618774414e-01 7.167966365814208984e-01 6.999049186706542969e-01 5.632943511009216309e-01 5.938113331794738770e-01 4.812597036361694336e-01 6.374229788780212402e-01 4.972979128360748291e-01 5.946220755577087402e-01 5.198072195053100586e-01
5.173479318618774414e-01 7.497720718383789062e-01 6.999049186706542969e-01 5.632943511009216309e-01 5.188717246055603027e-01 4.812597036361694336e-01 6.374229788780212402e-01 4.972979128360748291e-01 4.620255529880523682e-01 5.198072195053100586e-01
4.480159282684326172e-01 5.454672574996948242e-01 3.576976954936981201e-01 5.719107389450073242e-01 5.199880003929138184e-01 5.873289108276367188e-01 5.675392746925354004e-01 5.081057548522949219e-01 4.136468768119812012e-01 6.465088129043579102e-01
4.189056754112243652e-01 5.916039943695068359e-01 5.342245697975158691e-01 5.719107389450073242e-01 5.199880003929138184e-01 4.818271100521087646e-01 8.386240601539611816e-01 6.073909401893615723e-01 6.189245581626892090e-01 5.707669854164123535e-01
5.173479318618774414e-01 6.905205249786376953e-01 6.267325282096862793e-01 5.632943511009216309e-01 5.188717246055603027e-01 4.812597036361694336e-01 3.469937145709991455e-01 4.972979128360748291e-01 6.091541647911071777e-01 6.320434212684631348e-01
3.055416047573089600e-01 5.610046982765197754e-01 3.531967401504516602e-01 3.854070901870727539e-01 5.199880003929138184e-01 3.775418400764465332e-01 4.509878158569335938e-01 5.081057548522949219e-01 7.335848212242126465e-01 6.401887536048889160e-01
3.055416047573089600e-01 4.914742410182952881e-01 2.766964137554168701e-01 5.719107389450073242e-01 5.199880003929138184e-01 5.873289108276367188e-01 7.554432749748229980e-01 6.073909401893615723e-01 4.051153361797332764e-01 3.815571069717407227e-01
5.173479318618774414e-01 7.105463147163391113e-01 6.102089881896972656e-01 5.632943511009216309e-01 5.938113331794738770e-01 4.812597036361694336e-01 6.016905903816223145e-01 4.972979128360748291e-01 6.499294042587280273e-01 5.032490491867065430e-01
5.173479318618774414e-01 8.692473173141479492e-01 6.950988173484802246e-01 5.632943511009216309e-01 5.188717246055603027e-01 4.812597036361694336e-01 6.056470274925231934e-01 4.972979128360748291e-01 6.023418903350830078e-01 5.198072195053100586e-01
4.189056754112243652e-01 4.946288764476776123e-01 6.250727176666259766e-01 3.854070901870727539e-01 5.199880003929138184e-01 3.775418400764465332e-01 6.187669634819030762e-01 5.081057548522949219e-01 2.421960681676864624e-01 5.873604416847229004e-01
5.173479318618774414e-01 7.224200367927551270e-01 6.102089881896972656e-01 5.632943511009216309e-01 5.332826972007751465e-01 4.812597036361694336e-01 4.976851046085357666e-01 4.972979128360748291e-01 6.091541647911071777e-01 7.187620401382446289e-01
5.173479318618774414e-01 4.911095499992370605e-01 4.802521765232086182e-01 5.632943511009216309e-01 5.188717246055603027e-01 4.812597036361694336e-01 4.812409877777099609e-01 4.972979128360748291e-01 6.387491226196289062e-01 5.198072195053100586e-01
6.160286664962768555e-01 8.929216861724853516e-01 6.145123839378356934e-01 5.632943511009216309e-01 5.188717246055603027e-01 4.812597036361694336e-01 5.774260163307189941e-01 5.671587586402893066e-01 6.978856921195983887e-01 5.198072195053100586e-01
4.189056754112243652e-01 5.251643061637878418e-01 4.455225169658660889e-01 3.854070901870727539e-01 5.199880003929138184e-01 3.775418400764465332e-01 7.319397926330566406e-01 5.081057548522949219e-01 5.218175649642944336e-01 5.873604416847229004e-01
6.160286664962768555e-01 6.631822586059570312e-01 3.871628642082214355e-01 5.719107389450073242e-01 5.188717246055603027e-01 5.873289108276367188e-01 7.210777401924133301e-01 6.073909401893615723e-01 4.740459918975830078e-01 5.507584214210510254e-01
4.480159282684326172e-01 6.597712039947509766e-01 6.634942293167114258e-01 5.719107389450073242e-01 5.199880003929138184e-01 5.873289108276367188e-01 6.772704124450683594e-01 6.073909401893615723e-01 3.418428003787994385e-01 6.307988166809082031e-01
6.160286664962768555e-01 5.492212176322937012e-01 5.201210379600524902e-01 5.632943511009216309e-01 5.332826972007751465e-01 4.812597036361694336e-01 7.640381455421447754e-01 5.671587586402893066e-01 6.198413372039794922e-01 7.187620401382446289e-01
6.160286664962768555e-01 5.128732323646545410e-01 6.922037005424499512e-01 3.854070901870727539e-01 5.332826972007751465e-01 3.775418400764465332e-01 5.213558673858642578e-01 3.607053458690643311e-01 8.438166975975036621e-01 4.245963394641876221e-01
6.160286664962768555e-01 6.145033240318298340e-01 4.894307851791381836e-01 5.632943511009216309e-01 5.938113331794738770e-01 4.812597036361694336e-01 6.624574065208435059e-01 5.671587586402893066e-01 6.361011266708374023e-01 4.147017598152160645e-01
6.160286664962768555e-01 6.528831124305725098e-01 3.989250659942626953e-01 5.719107389450073242e-01 5.938113331794738770e-01 4.818271100521087646e-01 3.976641297340393066e-01 3.607053458690643311e-01 6.598089337348937988e-01 5.448530912399291992e-01
6.160286664962768555e-01 9.081208109855651855e-01 3.960412442684173584e-01 5.632943511009216309e-01 5.188717246055603027e-01 4.812597036361694336e-01 5.906924009323120117e-01 5.671587586402893066e-01 6.870537996292114258e-01 3.464365303516387939e-01
6.160286664962768555e-01 5.521516203880310059e-01 4.758394062519073486e-01 5.632943511009216309e-01 5.332826972007751465e-01 4.812597036361694336e-01 5.906924009323120117e-01 5.671587586402893066e-01 2.402583211660385132e-01 4.245963394641876221e-01
4.480159282684326172e-01 4.023219048976898193e-01 7.378702759742736816e-01 3.854070901870727539e-01 5.199880003929138184e-01 3.775418400764465332e-01 3.151217401027679443e-01 3.607053458690643311e-01 5.607114434242248535e-01 5.380142927169799805e-01
6.160286664962768555e-01 4.933138787746429443e-01 4.894307851791381836e-01 5.632943511009216309e-01 5.938113331794738770e-01 4.812597036361694336e-01 5.062696337699890137e-01 5.671587586402893066e-01 6.211636662483215332e-01 4.604767560958862305e-01
6.160286664962768555e-01 7.719221711158752441e-01 2.401418983936309814e-01 5.632943511009216309e-01 5.938113331794738770e-01 6.106374859809875488e-01 5.906924009323120117e-01 5.671587586402893066e-01 3.469175994396209717e-01 4.147017598152160645e-01
6.160286664962768555e-01 7.406274676322937012e-01 5.409782528877258301e-01 5.632943511009216309e-01 5.188717246055603027e-01 6.106374859809875488e-01 4.901756942272186279e-01 5.671587586402893066e-01 2.879553139209747314e-01 3.464365303516387939e-01
6.160286664962768555e-01 6.537637114524841309e-01 5.559250712394714355e-01 7.068205475807189941e-01 5.938113331794738770e-01 6.106374859809875488e-01 6.048956513404846191e-01 6.760058403015136719e-01 2.757174968719482422e-01 4.245963394641876221e-01
5.173479318618774414e-01 6.893293857574462891e-01 4.821936488151550293e-01 5.632943511009216309e-01 5.188717246055603027e-01 6.106374859809875488e-01 3.388969004154205322e-01 4.972979128360748291e-01 5.234861373901367188e-01 4.724573493003845215e-01
5.173479318618774414e-01 6.964397430419921875e-01 4.795386493206024170e-01 5.632943511009216309e-01 6.580328345298767090e-01 6.106374859809875488e-01 5.193735361099243164e-01 4.972979128360748291e-01 5.121139287948608398e-01 4.812858402729034424e-01
5.173479318618774414e-01 4.508302807807922363e-01 3.803786039352416992e-01 5.632943511009216309e-01 5.938113331794738770e-01 6.106374859809875488e-01 5.193735361099243164e-01 4.972979128360748291e-01 6.762212514877319336e-01 4.147017598152160645e-01
4.480159282684326172e-01 5.753235220909118652e-01 5.585619211196899414e-01 5.719107389450073242e-01 5.199880003929138184e-01 5.873289108276367188e-01 2.380667030811309814e-01 3.607053458690643311e-01 2.438567876815795898e-01 2.443694174289703369e-01
5.173479318618774414e-01 5.821558237075805664e-01 5.185663104057312012e-01 5.632943511009216309e-01 5.938113331794738770e-01 6.106374859809875488e-01 6.233695149421691895e-01 4.972979128360748291e-01 4.811321198940277100e-01 4.604767560958862305e-01
4.480159282684326172e-01 6.127235889434814453e-01 7.979641556739807129e-01 3.854070901870727539e-01 5.199880003929138184e-01 3.775418400764465332e-01 2.803339362144470215e-01 3.607053458690643311e-01 5.017419457435607910e-01 5.448530912399291992e-01
5.173479318618774414e-01 4.833135306835174561e-01 6.032961606979370117e-01 5.719107389450073242e-01 5.938113331794738770e-01 4.818271100521087646e-01 5.364760160446166992e-01 6.073909401893615723e-01 6.280868649482727051e-01 5.448530912399291992e-01
5.173479318618774414e-01 4.703854620456695557e-01 6.871612668037414551e-01 5.632943511009216309e-01 5.938113331794738770e-01 6.106374859809875488e-01 2.669871747493743896e-01 4.972979128360748291e-01 4.811321198940277100e-01 6.320434212684631348e-01
5.173479318618774414e-01 5.962145924568176270e-01 5.793164968490600586e-01 5.632943511009216309e-01 5.938113331794738770e-01 6.106374859809875488e-01 5.193735361099243164e-01 4.972979128360748291e-01 6.210148930549621582e-01 5.198072195053100586e-01
5.173479318618774414e-01 6.127235889434814453e-01 5.585619211196899414e-01 5.719107389450073242e-01 5.188717246055603027e-01 5.873289108276367188e-01 4.053969383239746094e-01 3.607053458690643311e-01 5.776780247688293457e-01 4.724573493003845215e-01
5.173479318618774414e-01 2.850102186203002930e-01 4.093869924545288086e-01 7.068205475807189941e-01 5.188717246055603027e-01 6.106374859809875488e-01 4.912810325622558594e-01 6.760058403015136719e-01 4.675484299659729004e-01 4.724573493003845215e-01
5.173479318618774414e-01 5.885376334190368652e-01 6.143235564231872559e-01 5.632943511009216309e-01 6.580328345298767090e-01 6.106374859809875488e-01 2.809576690196990967e-01 4.972979128360748291e-01 6.910883188247680664e-01 7.266847491264343262e-01
5.173479318618774414e-01 4.793216288089752197e-01 3.242818415164947510e-01 5.632943511009216309e-01 5.188717246055603027e-01 6.106374859809875488e-01 2.809576690196990967e-01 4.972979128360748291e-01 5.782184600830078125e-01 3.464365303516387939e-01
5.173479318618774414e-01 2.931757271289825439e-01 3.792311847209930420e-01 5.632943511009216309e-01 5.188717246055603027e-01 6.106374859809875488e-01 2.809576690196990967e-01 4.972979128360748291e-01 5.121139287948608398e-01 3.464365303516387939e-01
5.173479318618774414e-01 3.239815831184387207e-01 7.920486927032470703e-01 4.402883052825927734e-01 5.938113331794738770e-01 6.106374859809875488e-01 4.553997814655303955e-01 4.972979128360748291e-01 7.981485128402709961e-01 5.198072195053100586e-01
5.173479318618774414e-01 4.793216288089752197e-01 3.569542765617370605e-01 7.068205475807189941e-01 5.938113331794738770e-01 6.106374859809875488e-01 4.491167366504669189e-01 6.760058403015136719e-01 8.632342815399169922e-01 6.465088129043579102e-01
5.166588425636291504e-01 3.527976572513580322e-01 7.243767976760864258e-01 5.719107389450073242e-01 6.580328345298767090e-01 4.818271100521087646e-01 5.109484195709228516e-01 6.073909401893615723e-01 4.277497529983520508e-01 5.863606333732604980e-01
5.173479318618774414e-01 6.421290040016174316e-01 5.735640525817871094e-01 5.632943511009216309e-01 5.938113331794738770e-01 6.106374859809875488e-01 6.233695149421691895e-01 4.972979128360748291e-01 3.144298791885375977e-01 6.751852631568908691e-01
4.480159282684326172e-01 6.593269705772399902e-01 7.074735760688781738e-01 5.719107389450073242e-01 5.199880003929138184e-01 4.818271100521087646e-01 4.271640777587890625e-01 6.073909401893615723e-01 6.039510965347290039e-01 6.465088129043579102e-01
5.173479318618774414e-01 7.246627807617187500e-01 7.157173156738281250e-01 5.632943511009216309e-01 6.580328345298767090e-01 6.106374859809875488e-01 6.233695149421691895e-01 4.972979128360748291e-01 6.320687532424926758e-01 5.594456195831298828e-01
4.480159282684326172e-01 6.593269705772399902e-01 5.585619211196899414e-01 3.854070901870727539e-01 5.199880003929138184e-01 3.775418400764465332e-01 4.513936340808868408e-01 3.607053458690643311e-01 6.387491226196289062e-01 6.465088129043579102e-01
4.480159282684326172e-01 6.007385849952697754e-01 7.074735760688781738e-01 5.719107389450073242e-01 5.199880003929138184e-01 4.818271100521087646e-01 8.035164475440979004e-01 6.073909401893615723e-01 7.230152487754821777e-01 6.465088129043579102e-01
5.173479318618774414e-01 6.744863986968994141e-01 4.821936488151550293e-01 7.068205475807189941e-01 5.188717246055603027e-01 6.106374859809875488e-01 7.058642506599426270e-01 6.760058403015136719e-01 4.765786230564117432e-01 6.320434212684631348e-01
5.173479318618774414e-01 4.669255912303924561e-01 6.032961606979370117e-01 5.632943511009216309e-01 5.938113331794738770e-01 6.106374859809875488e-01 4.107713401317596436e-01 4.972979128360748291e-01 5.916226506233215332e-01 6.018043756484985352e-01
5.173479318618774414e-01 7.311304807662963867e-01 5.793164968490600586e-01 5.632943511009216309e-01 5.188717246055603027e-01 6.106374859809875488e-01 3.388969004154205322e-01 4.972979128360748291e-01 6.196445822715759277e-01 5.198072195053100586e-01
4.480159282684326172e-01 7.015740275382995605e-01 5.585619211196899414e-01 3.854070901870727539e-01 5.199880003929138184e-01 3.775418400764465332e-01 4.850628972053527832e-01 3.607053458690643311e-01 7.221228480339050293e-01 6.465088129043579102e-01
5.173479318618774414e-01 6.894222497940063477e-01 6.032961606979370117e-01 5.632943511009216309e-01 5.938113331794738770e-01 6.106374859809875488e-01 4.107713401317596436e-01 4.972979128360748291e-01 5.266166925430297852e-01 6.320434212684631348e-01
4.480159282684326172e-01 7.172994613647460938e-01 7.979641556739807129e-01 5.719107389450073242e-01 5.199880003929138184e-01 4.818271100521087646e-01 1.823450326919555664e-01 3.607053458690643311e-01 6.990910768508911133e-01 5.299389958381652832e-01
5.173479318618774414e-01 6.744863986968994141e-01 6.871612668037414551e-01 5.632943511009216309e-01 5.938113331794738770e-01 6.106374859809875488e-01 4.107713401317596436e-01 4.972979128360748291e-01 6.461198925971984863e-01 6.320434212684631348e-01
6.160286664962768555e-01 7.421205043792724609e-01 5.793164968490600586e-01 5.632943511009216309e-01 5.188717246055603027e-01 6.106374859809875488e-01 4.901756942272186279e-01 5.671587586402893066e-01 2.432528883218765259e-01 5.198072195053100586e-01
6.160286664962768555e-01 6.618404388427734375e-01 4.821936488151550293e-01 7.068205475807189941e-01 5.938113331794738770e-01 4.818271100521087646e-01 3.697527647018432617e-01 3.607053458690643311e-01 4.353085756301879883e-01 6.465088129043579102e-01
6.160286664962768555e-01 6.397648453712463379e-01 5.735640525817871094e-01 7.068205475807189941e-01 5.938113331794738770e-01 6.106374859809875488e-01 6.755383014678955078e-01 6.760058403015136719e-01 6.004939079284667969e-01 6.465088129043579102e-01
6.160286664962768555e-01 7.357043027877807617e-01 6.922037005424499512e-01 5.632943511009216309e-01 6.580328345298767090e-01 6.106374859809875488e-01 5.611627697944641113e-01 5.671587586402893066e-01 4.570769369602203369e-01 7.266847491264343262e-01
6.160286664962768555e-01 7.357043027877807617e-01 6.032961606979370117e-01 5.632943511009216309e-01 5.938113331794738770e-01 6.106374859809875488e-01 3.775725662708282471e-01 5.671587586402893066e-01 3.309680223464965820e-01 5.299389958381652832e-01
6.160286664962768555e-01 4.706262648105621338e-01 5.735640525817871094e-01 7.068205475807189941e-01 5.938113331794738770e-01 6.106374859809875488e-01 4.913367331027984619e-01 6.760058403015136719e-01 4.093581736087799072e-01 6.465088129043579102e-01
6.160286664962768555e-01 4.706262648105621338e-01 5.735640525817871094e-01 7.068205475807189941e-01 5.188717246055603027e-01 6.106374859809875488e-01 3.775725662708282471e-01 5.671587586402893066e-01 3.453294038772583008e-01 6.465088129043579102e-01
3.055416047573089600e-01 7.822975516319274902e-01 5.558033585548400879e-01 5.719107389450073242e-01 5.199880003929138184e-01 4.818271100521087646e-01 7.012597918510437012e-01 6.073909401893615723e-01 7.015595436096191406e-01 6.401887536048889160e-01
3.055416047573089600e-01 5.846093297004699707e-01 6.167563796043395996e-01 5.719107389450073242e-01 5.199880003929138184e-01 5.873289108276367188e-01 5.697162747383117676e-01 6.073909401893615723e-01 5.451882481575012207e-01 5.707669854164123535e-01
6.160286664962768555e-01 8.720254302024841309e-01 5.585619211196899414e-01 5.719107389450073242e-01 5.188717246055603027e-01 5.873289108276367188e-01 6.772704124450683594e-01 6.073909401893615723e-01 5.451882481575012207e-01 5.507584214210510254e-01
6.160286664962768555e-01 6.613859534263610840e-01 5.920198559761047363e-01 5.632943511009216309e-01 5.188717246055603027e-01 6.106374859809875488e-01 5.573390126228332520e-01 5.671587586402893066e-01 3.276799917221069336e-01 5.198072195053100586e-01
6.160286664962768555e-01 2.818551063537597656e-01 5.920198559761047363e-01 5.632943511009216309e-01 5.188717246055603027e-01 6.106374859809875488e-01 4.096151888370513916e-01 5.671587586402893066e-01 3.034879267215728760e-01 5.198072195053100586e-01
6.160286664962768555e-01 5.728619694709777832e-01 4.821936488151550293e-01 3.854070901870727539e-01 5.188717246055603027e-01 3.775418400764465332e-01 3.697100281715393066e-01 3.607053458690643311e-01 4.372249245643615723e-01 6.465088129043579102e-01
6.160286664962768555e-01 5.586938261985778809e-01 6.871612668037414551e-01 5.632943511009216309e-01 6.580328345298767090e-01 6.106374859809875488e-01 6.624574065208435059e-01 5.671587586402893066e-01 5.008148550987243652e-01 5.299389958381652832e-01
6.160286664962768555e-01 8.039213418960571289e-01 5.982440710067749023e-01 5.632943511009216309e-01 5.188717246055603027e-01 6.106374859809875488e-01 4.901756942272186279e-01 5.671587586402893066e-01 5.143609642982482910e-01 5.198072195053100586e-01
4.189056754112243652e-01 5.315367579460144043e-01 6.167563796043395996e-01 3.854070901870727539e-01 5.199880003929138184e-01 3.775418400764465332e-01 8.038632273674011230e-01 5.081057548522949219e-01 7.725738883018493652e-01 5.873604416847229004e-01
4.480159282684326172e-01 8.032654523849487305e-01 5.585619211196899414e-01 5.719107389450073242e-01 5.199880003929138184e-01 5.873289108276367188e-01 8.599107861518859863e-01 6.073909401893615723e-01 6.572840213775634766e-01 5.507584214210510254e-01
4.189056754112243652e-01 6.899519562721252441e-01 5.166750550270080566e-01 4.790833592414855957e-01 5.199880003929138184e-01 5.873289108276367188e-01 6.052127480506896973e-01 6.073909401893615723e-01 3.219896256923675537e-01 3.815571069717407227e-01
6.160286664962768555e-01 8.740109205245971680e-01 7.979641556739807129e-01 4.790833592414855957e-01 6.580328345298767090e-01 4.818271100521087646e-01 6.052127480506896973e-01 6.073909401893615723e-01 6.801095604896545410e-01 6.011676192283630371e-01
4.189056754112243652e-01 4.133747220039367676e-01 5.166750550270080566e-01 4.790833592414855957e-01 5.199880003929138184e-01 5.873289108276367188e-01 4.783683419227600098e-01 6.073909401893615723e-01 4.077793657779693604e-01 5.707669854164123535e-01
6.160286664962768555e-01 6.796980500221252441e-01 5.735640525817871094e-01 5.632943511009216309e-01 5.188717246055603027e-01 6.106374859809875488e-01 3.549234271049499512e-01 5.671587586402893066e-01 2.943995296955108643e-01 5.032490491867065430e-01
4.189056754112243652e-01 4.364257752895355225e-01 4.324246346950531006e-01 4.790833592414855957e-01 5.199880003929138184e-01 5.873289108276367188e-01 3.797727227210998535e-01 5.081057548522949219e-01 1.693256646394729614e-01 4.107305109500885010e-01
6.160286664962768555e-01 2.837697267532348633e-01 6.176021099090576172e-01 5.632943511009216309e-01 5.188717246055603027e-01 4.812597036361694336e-01 3.659815192222595215e-01 5.671587586402893066e-01 2.335360646247863770e-01 5.032490491867065430e-01
6.160286664962768555e-01 4.934774935245513916e-01 6.746006608009338379e-01 5.632943511009216309e-01 5.188717246055603027e-01 5.427512526512145996e-01 4.414024055004119873e-01 5.671587586402893066e-01 5.246184468269348145e-01 3.464365303516387939e-01
6.160286664962768555e-01 5.744614005088806152e-01 3.818476498126983643e-01 5.000000000000000000e-01 5.332826972007751465e-01 5.187393426895141602e-01 4.840829670429229736e-01 3.607053458690643311e-01 4.189712107181549072e-01 4.245963394641876221e-01
4.111720025539398193e-01 7.593946456909179688e-01 3.818476498126983643e-01 3.886528313159942627e-01 3.576995134353637695e-01 4.909118711948394775e-01 6.531853675842285156e-01 4.782753884792327881e-01 2.901467680931091309e-01 5.559532046318054199e-01
6.232153177261352539e-01 7.106831073760986328e-01 3.818476498126983643e-01 6.283144354820251465e-01 5.332826972007751465e-01 6.283144354820251465e-01 4.219342470169067383e-01 5.890389680862426758e-01 4.466091692447662354e-01 4.245963394641876221e-01
4.111720025539398193e-01 7.593946456909179688e-01 4.715183079242706299e-01 3.886528313159942627e-01 3.576995134353637695e-01 4.909118711948394775e-01 5.699267983436584473e-01 4.782753884792327881e-01 6.546875238418579102e-01 4.972892999649047852e-01
4.111720025539398193e-01 4.559795856475830078e-01 4.807423651218414307e-01 3.886528313159942627e-01 3.576995134353637695e-01 3.759756684303283691e-01 3.707995116710662842e-01 3.383659124374389648e-01 3.721445202827453613e-01 4.147017598152160645e-01
4.111720025539398193e-01 5.394138693809509277e-01 3.043576776981353760e-01 5.000000000000000000e-01 5.332826972007751465e-01 5.187393426895141602e-01 4.935294091701507568e-01 3.383659124374389648e-01 4.943993985652923584e-01 4.245963394641876221e-01
5.103422999382019043e-01 6.570686697959899902e-01 2.546336650848388672e-01 4.760196208953857422e-01 3.576995134353637695e-01 4.863684177398681641e-01 7.047007679939270020e-01 5.673285722732543945e-01 4.135776162147521973e-01 4.147017598152160645e-01
5.103422999382019043e-01 3.786173462867736816e-01 4.367003142833709717e-01 4.760196208953857422e-01 3.576995134353637695e-01 4.863684177398681641e-01 6.605650186538696289e-01 5.673285722732543945e-01 7.101719975471496582e-01 5.198074579238891602e-01
5.103422999382019043e-01 6.157691478729248047e-01 4.176527559757232666e-01 4.760196208953857422e-01 3.576995134353637695e-01 4.863684177398681641e-01 7.224432826042175293e-01 5.673285722732543945e-01 5.901354551315307617e-01 5.198074579238891602e-01
5.103422999382019043e-01 3.405277431011199951e-01 4.176527559757232666e-01 4.760196208953857422e-01 3.576995134353637695e-01 4.863684177398681641e-01 7.224432826042175293e-01 5.673285722732543945e-01 6.854317188262939453e-01 5.198074579238891602e-01
5.103422999382019043e-01 3.405277431011199951e-01 4.367003142833709717e-01 4.760196208953857422e-01 3.576995134353637695e-01 4.863684177398681641e-01 6.451917886734008789e-01 5.673285722732543945e-01 5.340476036071777344e-01 5.198074579238891602e-01
5.103422999382019043e-01 3.423268795013427734e-01 4.176527559757232666e-01 4.760196208953857422e-01 3.576995134353637695e-01 4.863684177398681641e-01 6.451917886734008789e-01 5.673285722732543945e-01 7.484197616577148438e-01 5.198074579238891602e-01
5.103422999382019043e-01 4.588612020015716553e-01 4.367003142833709717e-01 4.760196208953857422e-01 3.576995134353637695e-01 5.187393426895141602e-01 6.451917886734008789e-01 5.673285722732543945e-01 7.876038551330566406e-01 5.198074579238891602e-01
4.189056754112243652e-01 4.607401788234710693e-01 4.353823661804199219e-01 3.886528313159942627e-01 3.576995134353637695e-01 3.759756684303283691e-01 3.648315072059631348e-01 4.079598784446716309e-01 4.376933276653289795e-01 4.107305109500885010e-01
5.103422999382019043e-01 5.516055226325988770e-01 6.717415452003479004e-01 4.760196208953857422e-01 5.063813328742980957e-01 4.909118711948394775e-01 3.961037695407867432e-01 5.673285722732543945e-01 4.229317605495452881e-01 6.506937742233276367e-01
3.055416047573089600e-01 3.142020702362060547e-01 2.127144783735275269e-01 3.886528313159942627e-01 3.576995134353637695e-01 3.759756684303283691e-01 2.918501794338226318e-01 4.079598784446716309e-01 4.147130250930786133e-01 5.380142927169799805e-01
5.103422999382019043e-01 4.877216815948486328e-01 6.717415452003479004e-01 4.760196208953857422e-01 5.063813328742980957e-01 4.909118711948394775e-01 2.346237748861312866e-01 4.782753884792327881e-01 4.229317605495452881e-01 6.506937742233276367e-01
6.232153177261352539e-01 4.420136809349060059e-01 3.924931287765502930e-01 3.886528313159942627e-01 5.063813328742980957e-01 4.280903339385986328e-01 7.651513814926147461e-01 5.890389680862426758e-01 6.786385774612426758e-01 4.812858402729034424e-01
4.111720025539398193e-01 4.376511275768280029e-01 6.152029633522033691e-01 6.283144354820251465e-01 5.063813328742980957e-01 4.909118711948394775e-01 6.086764931678771973e-01 4.782753884792327881e-01 2.879553139209747314e-01 6.350711584091186523e-01
6.232153177261352539e-01 4.420136809349060059e-01 3.924931287765502930e-01 6.283144354820251465e-01 5.063813328742980957e-01 4.280903339385986328e-01 7.746525406837463379e-01 5.890389680862426758e-01 3.493166565895080566e-01 4.812858402729034424e-01
4.111720025539398193e-01 5.206792354583740234e-01 5.768907070159912109e-01 3.886528313159942627e-01 3.576995134353637695e-01 6.283144354820251465e-01 6.086764931678771973e-01 4.782753884792327881e-01 5.921331644058227539e-01 4.147017598152160645e-01
4.111720025539398193e-01 3.401922285556793213e-01 4.961882531642913818e-01 3.886528313159942627e-01 3.576995134353637695e-01 3.759756684303283691e-01 1.293392479419708252e-01 4.782753884792327881e-01 5.921331644058227539e-01 4.724573493003845215e-01
4.926849007606506348e-01 2.511743903160095215e-01 4.171241223812103271e-01 3.886528313159942627e-01 3.576995134353637695e-01 3.759756684303283691e-01 6.350788474082946777e-01 5.890389680862426758e-01 6.512053012847900391e-01 4.724573493003845215e-01
4.111720025539398193e-01 3.359215557575225830e-01 3.253854811191558838e-01 4.960008859634399414e-01 3.576995134353637695e-01 3.759756684303283691e-01 2.425548732280731201e-01 4.782753884792327881e-01 3.350734412670135498e-01 6.320434212684631348e-01
4.111720025539398193e-01 4.420136809349060059e-01 4.306859076023101807e-01 5.000000000000000000e-01 5.063813328742980957e-01 4.280903339385986328e-01 6.086764931678771973e-01 3.383659124374389648e-01 7.340437769889831543e-01 6.350711584091186523e-01
5.103422999382019043e-01 5.261822938919067383e-01 4.496081471443176270e-01 5.597121715545654297e-01 3.576995134353637695e-01 4.863684177398681641e-01 6.622376441955566406e-01 3.383659124374389648e-01 5.121139287948608398e-01 3.464365303516387939e-01
5.103422999382019043e-01 5.340654253959655762e-01 5.359296202659606934e-01 4.760196208953857422e-01 3.576995134353637695e-01 4.863684177398681641e-01 6.484144926071166992e-01 3.383659124374389648e-01 5.926680564880371094e-01 4.147017598152160645e-01
5.103422999382019043e-01 6.075667738914489746e-01 5.359296202659606934e-01 5.597121715545654297e-01 3.576995134353637695e-01 4.863684177398681641e-01 6.622376441955566406e-01 3.383659124374389648e-01 4.742377102375030518e-01 4.724573493003845215e-01
5.103422999382019043e-01 3.545274436473846436e-01 4.961882531642913818e-01 5.597121715545654297e-01 3.576995134353637695e-01 4.863684177398681641e-01 2.364251464605331421e-01 4.782753884792327881e-01 4.123328626155853271e-01 3.464365303516387939e-01
5.103422999382019043e-01 4.585331976413726807e-01 4.006975591182708740e-01 5.597121715545654297e-01 3.576995134353637695e-01 4.909118711948394775e-01 3.035117089748382568e-01 4.782753884792327881e-01 2.879553139209747314e-01 4.147017598152160645e-01
6.232153177261352539e-01 5.108504295349121094e-01 4.643051624298095703e-01 6.283144354820251465e-01 5.063813328742980957e-01 4.280903339385986328e-01 5.326619744300842285e-01 5.890389680862426758e-01 5.262448787689208984e-01 4.812858402729034424e-01
4.926849007606506348e-01 6.653396487236022949e-01 4.596606194972991943e-01 3.886528313159942627e-01 3.576995134353637695e-01 3.759756684303283691e-01 3.589352667331695557e-01 5.890389680862426758e-01 4.836741685867309570e-01 4.724573493003845215e-01
4.111720025539398193e-01 5.557431578636169434e-01 3.850204944610595703e-01 4.960008859634399414e-01 4.833411574363708496e-01 3.759756684303283691e-01 4.696688055992126465e-01 4.782753884792327881e-01 5.291838049888610840e-01 6.320434212684631348e-01
4.926849007606506348e-01 4.211788773536682129e-01 3.850204944610595703e-01 3.886528313159942627e-01 3.576995134353637695e-01 3.759756684303283691e-01 5.768356919288635254e-01 5.890389680862426758e-01 4.743278622627258301e-01 4.724573493003845215e-01
4.111720025539398193e-01 4.057489931583404541e-01 5.653803944587707520e-01 5.000000000000000000e-01 5.063813328742980957e-01 4.909118711948394775e-01 4.887741506099700928e-01 4.782753884792327881e-01 5.121139287948608398e-01 4.812858402729034424e-01
4.111720025539398193e-01 5.880110859870910645e-01 3.253854811191558838e-01 3.886528313159942627e-01 3.576995134353637695e-01 3.759756684303283691e-01 3.663713335990905762e-01 3.383659124374389648e-01 2.879553139209747314e-01 3.464365303516387939e-01
4.111720025539398193e-01 4.183988869190216064e-01 3.072066307067871094e-01 3.886528313159942627e-01 3.576995134353637695e-01 3.759756684303283691e-01 3.663713335990905762e-01 3.383659124374389648e-01 4.742377102375030518e-01 3.464365303516387939e-01
