8.869606017476765469e-01
9.969576001678316368e-01
9.892902033215480451e-01
9.087891357338746534e-01
9.962385330504218706e-01
9.999565384237509846e-01
8.767845959646765053e-01
9.943057182577370590e-01
6.089003264389655223e-01
9.056205971634310181e-01
9.998558145582479018e-01
9.999752068939156135e-01
9.978273358894856893e-01
9.997668320688580801e-01
9.834001558003551136e-01
2.062396939613964642e-01
6.703913418177899208e-01
4.584358715903131820e-01
2.279714350464024930e-01
2.546049826303702357e-01
8.607296406448885495e-01
7.042516047642338739e-01
5.744889091582938700e-01
4.745660579796492917e-01
4.953720228647567458e-04
4.906564292044281184e-02
4.563665505505870579e-01
2.050302943683154355e-01
4.918832151567361088e-01
9.718754590976376173e-01
2.002358960967154464e-03
5.594477965435536854e-02
7.886522518535661330e-01
3.751346747845309415e-01
2.804469741996579168e-01
9.995663858056764717e-01
9.132464482660413996e-01
8.533041853372538288e-01
9.889528809826599876e-01
2.303018664957802164e-01
3.712842157189615300e-01
5.822190711493449100e-04
1.174103422216235190e-02
4.720293345604345894e-04
6.806355024713593715e-02
3.971841545072000990e-02
2.954667033924119335e-01
5.079083185235088588e-02
7.132698781504839824e-02
5.332581814507849627e-01
1.114174922239699606e-01
5.968767103041808242e-02
7.024997383821738328e-01
5.988765280575999300e-02
3.069524568495969330e-01
4.495007069891755226e-03
8.468246716235401303e-03
1.709335230840455244e-01
9.295207774894118091e-02
7.188562717401306666e-03
9.953783655225806326e-02
1.589449947342390368e-01
1.862524735748927185e-02
7.685880404325722828e-05
7.769539427077764107e-05
2.430667087651388849e-05
3.874234483581859906e-06
7.606446048272228441e-07
2.017731129732126881e-04
1.378041963668200456e-04
2.137792310466143236e-02
8.215238816674741646e-04
3.752764301715890566e-03
8.498345998845197036e-01
3.481439905759087239e-01
5.951112624576439941e-02
8.838310053442924882e-05
2.686850959838097742e-05
1.039136488867779476e-05
3.729415631072557306e-03
5.905167057379759159e-03
7.065340672497817665e-02
1.433712983122581962e-02
5.151255794012001260e-05
2.166896186696886523e-02
6.642370326150665027e-02
7.107326798828063341e-02
1.304772052591753268e-03
2.759823619386133631e-01
9.754050866230383754e-01
9.954512150761226641e-01
2.181507153040622704e-01
9.399518281604156700e-01
2.721197095731253679e-02
6.041556025224948945e-01
7.914713627169828181e-01
1.883094417609535928e-02
3.891239076672872166e-01
9.729220082763598842e-01
8.656239757104449151e-01
2.462867106349133084e-01
5.491003440087306037e-02
2.243408618170690191e-02
2.837928917760468850e-01
3.752241043020979605e-01
1.642391419988452894e-01
5.534808440906100468e-01
6.161960059494280342e-03
8.852289837308009723e-02
1.311307691334663919e-02
1.505225369821932557e-01
1.296323835643227451e-02
7.063820427864307694e-02
5.515800490704034220e-03
1.443428275660102456e-02
1.277840079525091425e-02
1.902117777766277641e-03
6.647374705227682146e-02
3.058713151079709303e-03
8.543166871756913139e-02
9.738902834645989381e-01
9.691638096143915249e-01
5.447105048925092730e-01
3.833605047834185570e-02
2.965217595946608165e-01
8.708779337385802455e-01
8.073805303386231147e-01
3.491985086668044237e-03
