4.674841069167779972e-01
4.685116794731318812e-01
4.690972969098008427e-01
4.695354592958729256e-01
4.684612433738897797e-01
4.687810025057530527e-01
4.698776849622839924e-01
4.696117051781638074e-01
4.693610409548454876e-01
4.695547744627296405e-01
4.686849603831562128e-01
4.694410299394405350e-01
4.688677805940513199e-01
4.702462180976797468e-01
4.688358450941503830e-01
4.689682842835091181e-01
4.694142888208724940e-01
4.709173556492289858e-01
4.702944913622850720e-01
4.694552234977025229e-01
4.693912889064935645e-01
4.696381639302242839e-01
4.697063624220098044e-01
4.700505020766810316e-01
4.705471352725801304e-01
4.703575163274509308e-01
4.693698061586582537e-01
4.694572755528124697e-01
4.704398782009673874e-01
4.698154165971341056e-01
4.703468001045275071e-01
4.699731211296087063e-01
4.713717477644125409e-01
4.689599269729602393e-01
4.700011568855564925e-01
4.687525546311320235e-01
4.691902197571671262e-01
4.697595241541511202e-01
4.695190587015479755e-01
4.694193222287299516e-01
4.696939109155275349e-01
4.694363759629280319e-01
4.696488867156820013e-01
4.687720185922987226e-01
4.691191308386088443e-01
4.691028480868592587e-01
4.696644396345850403e-01
4.688711862523989304e-01
4.685713966157198374e-01
4.698021263031593731e-01
4.686570194464179662e-01
4.692027390077261884e-01
4.692304423971644378e-01
4.680653436047380045e-01
4.690539588242277902e-01
4.688150142983169566e-01
4.685699729044110473e-01
4.695546225349745417e-01
4.686349250768209740e-01
4.688884105567401872e-01
4.693838549396447402e-01
4.701251346549842891e-01
4.702194996641237967e-01
4.695293537984090437e-01
4.694800445259311727e-01
4.691348407491268135e-01
4.695861025346009243e-01
4.696877027186972531e-01
4.708557867034481870e-01
4.708916358596263452e-01
4.704708110551752420e-01
4.702761110107733789e-01
4.699265128437232208e-01
4.703752497782484054e-01
4.702238409805140074e-01
4.725601111102463170e-01
4.689194287347701606e-01
4.700633450034765737e-01
4.674848756503763303e-01
4.696159791473708545e-01
4.695797696322054904e-01
4.700858430722862913e-01
4.689164749882317462e-01
4.694026170522666019e-01
4.688746607381423237e-01
4.696918655961513922e-01
4.687018401761751107e-01
4.701666996856870839e-01
4.687305817062297209e-01
4.690029422836329287e-01
4.689091109607073093e-01
4.690422993597031520e-01
4.688306280149713290e-01
4.703875760431200925e-01
4.688530391266608754e-01
4.685836263897212306e-01
4.683804379236357618e-01
4.690202087070533543e-01
4.694633400130378553e-01
4.689896620824551277e-01
4.696345924551789119e-01
4.684178976029738650e-01
4.701456769266759705e-01
4.691705015253329059e-01
4.691921242656291180e-01
4.698070423675875795e-01
4.699663292445430129e-01
4.705908319817722618e-01
4.713944004528351495e-01
4.709763524555080072e-01
4.698102212765790653e-01
4.699195269955199761e-01
4.695497754908166677e-01
4.698712385248973722e-01
4.694293694953493579e-01
4.689305695447978373e-01
4.688328662753941667e-01
4.694110835419388894e-01
4.701947307832672895e-01
4.695485575060246997e-01
4.697448295709966692e-01
4.688921621386307748e-01
4.698855636004764524e-01
4.701542858353147114e-01
4.690675326445532534e-01
