9.759298749698287478e-01
9.864921370938789513e-01
9.933730053923812697e-01
9.999606402559849672e-01
9.999010031397452813e-01
9.998131867560768882e-01
9.999994290082915294e-01
9.874637062997111414e-01
9.984932640079968724e-01
9.761820933625837693e-01
9.962770437229624410e-01
9.968867112118122709e-01
9.742583071603518885e-01
9.144906577934581726e-01
3.579259371979562343e-01
8.004030883274764196e-01
7.256987573997861762e-01
1.191879200295953151e-01
1.277258537150528506e-01
8.027423991614822396e-02
7.052738220865600871e-01
7.981889588466252461e-02
1.082280450397451049e-01
5.226724466416166753e-02
1.165719876362830134e-03
4.488740116948936043e-02
1.936908795283058798e-03
9.744023825080732563e-04
2.282228976217234352e-04
8.448655786848135378e-05
1.996970651060192992e-04
1.377282402634656712e-05
9.564455372745590388e-05
1.037773853732147644e-02
9.739650170045391917e-04
3.019721646676013036e-03
1.913497916805942389e-02
6.415756919040342676e-02
9.253528143344511570e-01
3.153861049794292604e-01
9.331106398780686373e-02
3.595859799046066674e-01
6.193168388855495587e-01
1.396906697916037721e-01
9.408740897577780316e-02
2.469208549418769882e-01
8.452023130199797230e-01
8.298412744290698528e-01
9.179270043904991239e-01
9.474859869150433767e-01
6.944210630075222657e-01
9.598662928583036047e-01
5.406370805248019717e-01
1.994044933757743998e-01
7.565332436775984437e-01
2.504389907206940880e-01
7.538260302622761255e-01
9.516779702659914353e-01
9.037370632952804739e-01
8.915839406083524432e-01
9.603488043577981248e-01
9.455047366962014976e-01
7.104332346601562043e-02
1.488138815249151134e-03
3.355437417877472073e-01
5.141956243441508922e-02
1.300360646866448831e-02
7.640380806045221629e-01
5.892164255620137986e-03
1.906417105640826129e-02
6.862826915385634996e-02
6.320436423767434794e-04
3.799876343670502976e-01
9.879349303414292072e-01
9.984464152092986655e-01
9.967833380988527781e-01
9.997640320794872748e-01
9.993877337220042900e-01
9.999011090231555432e-01
9.999954463917219982e-01
9.999902250710756002e-01
9.998278765464009288e-01
9.985945097981814289e-01
9.999638457227231214e-01
9.999523822424205566e-01
9.996699417539847143e-01
9.954019231188138139e-01
9.888568158735612235e-01
9.986993624014400828e-01
9.215038423111764354e-01
8.308760935144438031e-01
5.287564568950910981e-01
8.071600254201612146e-02
4.154406613880147203e-01
7.002628582457115503e-01
7.617806822138725176e-01
3.854340364734526458e-01
8.964168213816940955e-01
9.640481684738713697e-02
3.624240103540982139e-02
9.686055471417398532e-01
7.196686385032656785e-01
8.617344158776659713e-01
7.598363168140130630e-02
8.068884607454075431e-01
6.555727073027579899e-02
9.891488602702397381e-01
9.999417138334127930e-01
9.978698284174716271e-01
9.982496416430195474e-01
9.967787915829758871e-01
9.915789118265457835e-01
9.741807388912026022e-01
9.854613502296197813e-01
9.866239924934353533e-01
9.984779862574975073e-01
9.986060105419277688e-01
4.832753194376637196e-01
9.845408710513450234e-01
7.310114775801495046e-01
9.632610031333815881e-01
9.769602183552908992e-01
2.453199251304545025e-01
7.466828178476916378e-01
9.910573120887758991e-01
