4.160082921190306759e-01
4.690350641313540958e-01
5.148470396748862088e-01
6.468112865059733041e-01
5.182670287990657210e-01
4.424378405893683586e-01
6.048015941327307132e-01
5.119617369175036847e-01
4.045442328008172495e-01
4.754103632604547713e-01
5.382386929770145434e-01
4.111282264054985647e-01
5.383455821069484948e-01
5.220955428010694011e-01
3.757710000626918734e-01
2.679846999325197210e-01
4.397665069938461180e-01
2.939007340614970265e-01
3.205786509413986463e-01
4.574559836747277841e-01
4.075660769062358080e-01
4.145048962197737108e-01
4.049291051211406089e-01
3.729029795281064152e-01
2.587189307768139601e-01
2.757497470001227802e-01
3.643658425227908060e-01
2.936347345000795972e-01
2.866454315080711468e-01
3.770975350843328577e-01
3.565586289794117625e-01
4.750610380199964955e-01
5.451319536888924455e-01
4.867595257610108916e-01
6.099077218038543302e-01
5.668515973167025379e-01
6.395626294421905556e-01
6.475598242515054892e-01
6.494604028279370445e-01
6.811506665692166340e-01
6.952115648656129743e-01
6.837730815088103320e-01
6.660194658311204829e-01
6.869169742878283857e-01
6.670719818057208039e-01
7.349295037478558168e-01
6.016271927458080038e-01
6.599270808715532732e-01
5.378226733261720627e-01
4.918938439017912501e-01
5.255004264606755182e-01
4.985254575129990928e-01
4.938670660692021097e-01
4.753178614524484757e-01
5.890891408743036406e-01
6.789106148150305664e-01
6.066650436079314979e-01
6.292206528068324811e-01
6.206046615416758172e-01
6.899675440827131023e-01
5.967761753685362214e-01
6.468555645644866736e-01
6.652379541806443530e-01
6.296671124223873761e-01
6.284787220642000793e-01
6.171970255124982208e-01
6.752615855241336229e-01
6.698628136387110299e-01
7.132568868473141421e-01
7.404886625841855530e-01
7.457244624273986489e-01
6.801829665553736914e-01
7.150528202156151147e-01
7.076829922461407296e-01
6.357505169086224983e-01
4.829993499668787660e-01
4.838011758258061734e-01
4.437578247300462131e-01
4.657725161788316415e-01
3.997720963974278341e-01
5.333465809268730373e-01
5.509390324633848257e-01
5.539561005522284365e-01
5.000775776380415039e-01
5.875825481429709507e-01
6.409618220379696973e-01
6.922768955674656333e-01
7.249106072101978437e-01
7.764794286675880119e-01
8.119937042595083421e-01
8.379318593069093879e-01
7.622222783466350293e-01
7.395866132843483820e-01
7.063538187619843312e-01
7.055315993315364187e-01
6.616825560351747848e-01
6.879450767965396007e-01
6.748558627505882868e-01
5.901609863039658510e-01
5.896923265216176269e-01
5.323267786486358677e-01
5.777414266853695413e-01
5.740969271848039845e-01
6.492325620773016226e-01
5.224551584435885854e-01
5.980063357119685952e-01
5.580138548709862034e-01
6.108160945266641884e-01
5.139012786974114233e-01
4.904037987728532277e-01
5.810761470327108213e-01
4.489431523158630144e-01
5.630496968990955642e-01
6.110740779335508410e-01
4.110519804305338698e-01
5.187748918969695699e-01
4.872988370227362975e-01
4.529561298061022812e-01
5.304330416515508073e-01
5.715815223326787820e-01
5.797930707820889706e-01
6.462029016208378218e-01
5.907765155832593873e-01
6.778915959913388578e-01
6.553220186637909173e-01
6.500260718555233019e-01
6.798977080059501743e-01
7.750846871744387911e-01
6.975931470205659624e-01
