4.626724652339921258e-03
1.273466281538119648e-03
7.931336221271664266e-01
1.677604913922184082e-01
9.858591366682994961e-01
9.370138625119649456e-01
9.967533935403901646e-01
8.586171423567315886e-01
8.760380823932415462e-01
9.849533324971356807e-01
1.345996370429187322e-02
5.722949855320617063e-01
9.959069681729108003e-01
8.291134029903584057e-01
9.355627991027946899e-02
5.427535180745140381e-02
9.383192275583374098e-01
5.231577573671425396e-01
3.707341825567715965e-01
5.766130833062123144e-03
3.762207133168148782e-02
8.987244767956418245e-01
4.741616967741118377e-02
7.057060298142989185e-02
3.870969427905572302e-01
7.585456257588772677e-02
4.099813955462571803e-03
3.470129090286114826e-01
8.589782125904386889e-02
6.820192160769318612e-02
2.676441676730654806e-01
3.824406538962739632e-01
8.144767513627994282e-02
9.336694678763330923e-01
2.698270896886442033e-02
1.675645916927892250e-03
9.778679299853280105e-01
9.853729834555728928e-01
1.408228454295524677e-03
1.070726952809301002e-03
9.455132764057879724e-01
7.679281752045298282e-01
3.344972285851960381e-02
5.287256037372215500e-01
2.624258946666586656e-01
9.968173719250326137e-01
9.963392586013689600e-01
9.771578002618225289e-01
8.949938518102314999e-01
9.526955328433427406e-01
5.264511694526050611e-01
2.168224336371586680e-01
9.994076044487362198e-01
9.718439569341781326e-01
7.227869610318961024e-01
9.997263876790122294e-01
9.476568725018611472e-01
5.968033228152629377e-01
7.498895576897928184e-01
9.987541380321658391e-01
6.579977600065480825e-01
7.088735160341160801e-01
7.128527052820575749e-01
9.868837400415761962e-01
8.374714353598916583e-01
9.304509518476125618e-02
3.855222608033400666e-01
2.905669779401491744e-03
7.670488448130567682e-02
3.729579460607666602e-04
1.820485278266493340e-02
7.231491852134120692e-04
2.759171914787013069e-01
3.263575022539194626e-01
9.929199887996995599e-01
6.732086961783374512e-01
4.137320830364734636e-01
1.854942782851302929e-02
9.999094268137084240e-01
9.930294089801928736e-01
9.611036943900976848e-01
9.998695700055951763e-01
1.980402352715658794e-03
8.760723279783702022e-01
6.837368137191842665e-01
9.435499074587666568e-01
9.995750040959006100e-01
9.999638745732355449e-01
8.649943383626058635e-01
9.988460992269597716e-01
9.996032511574240997e-01
9.918984246600561772e-01
5.558513517594011466e-01
3.009951498059472152e-01
6.192277406417077135e-01
8.103266207040309421e-01
9.217219432030683279e-01
9.998293159050201107e-01
9.758514195833900562e-01
9.978653273029917115e-01
9.953333101805196259e-01
7.025657552985900001e-01
5.625759050657909155e-01
3.086417240431721387e-01
3.035286536437559746e-01
7.475783258367360018e-01
9.931177780448580128e-01
3.880423602128110772e-01
9.508665795217132732e-01
6.641529436364298489e-01
9.981959424464912356e-01
5.262813689562753083e-01
3.566485258215094656e-01
8.749209399563945277e-01
9.965056334931827742e-01
9.918505324297589576e-01
9.984688871648454978e-01
4.308093418632665261e-01
8.836546189072368440e-01
2.568895553782220564e-01
3.457134228538199516e-01
9.069123224912103431e-01
8.134211065575855382e-02
9.795698041370749509e-01
4.636007547946703611e-02
