1.589610030446346467e-01
4.553133497721026379e-01
4.775970665981679741e-01
4.729155574499068759e-01
5.052323576607653521e-01
4.862798826320131607e-01
5.164930292306874060e-01
4.665370769392006567e-01
5.306649828464090612e-01
4.777184397886653500e-01
4.631685763480253293e-01
5.473274867214035222e-01
5.243490357434738014e-01
5.785042271320968155e-01
5.404911470080310254e-01
4.921087538384970594e-01
5.899207162899640089e-01
5.119742601710211005e-01
5.683779833130474524e-01
5.296906018516072123e-01
4.771983210780584295e-01
4.835534287608435622e-01
4.302738661009807841e-01
5.167170004124288507e-01
5.014634154433977864e-01
4.684706607030955650e-01
5.506009046647956096e-01
5.760909392059103684e-01
5.760719158198380763e-01
5.284799072210749626e-01
5.107385300234162928e-01
4.142786224322023148e-01
5.096448011764511676e-01
4.857402307459554036e-01
5.523774254111745163e-01
5.301183358394462308e-01
4.909065014380391001e-01
5.185841980909255966e-01
5.157488322534600211e-01
5.534874714950629437e-01
5.276291204751538677e-01
5.257803646823764332e-01
6.144944830316201312e-01
5.675744098117030401e-01
5.737041526599109265e-01
5.257534970121585660e-01
5.043813452016118193e-01
5.915618845346495291e-01
4.759254575213476279e-01
5.052771364142213395e-01
5.089335315061874754e-01
4.644436028717500720e-01
5.303415040063562680e-01
4.659044973750820495e-01
5.111739545081922520e-01
5.110865027411521933e-01
5.022890167720331922e-01
5.251633761951277624e-01
5.445067881800699228e-01
5.610214075859855098e-01
5.585831974973085590e-01
5.123234109213709031e-01
4.488521358156368213e-01
5.414540078170257953e-01
5.015260350473549344e-01
5.188452087941541890e-01
5.197626349778173838e-01
5.606389852779311012e-01
5.802914712381874729e-01
5.254561760209804921e-01
5.788587358967067775e-01
5.905084747631368369e-01
5.336277322551125080e-01
6.179807463675098811e-01
5.837289390034841041e-01
6.318711937585163030e-01
6.113686488232366045e-01
5.314325509700721373e-01
4.576115941290013756e-01
5.440881835536813815e-01
5.422410400382144946e-01
5.541256458507726190e-01
5.678212472382420106e-01
5.134478785721411365e-01
5.244418903970079482e-01
4.949287416381914495e-01
5.035890588003202328e-01
5.589199765647202556e-01
5.074978991552958618e-01
4.871554152431926688e-01
4.404168102904548743e-01
4.743735139155331737e-01
5.119857714000526361e-01
6.069799190210045658e-01
4.790280235200787273e-01
4.731988368616144025e-01
5.125792242641452612e-01
4.327237332595603170e-01
5.260938070005224398e-01
5.717288541724394602e-01
5.204153224647583009e-01
4.870960670697315753e-01
5.083427298885202505e-01
4.741192822911115545e-01
5.054770623360623771e-01
4.424901788585210438e-01
4.623266075116216345e-01
4.900136486774676614e-01
4.956474459540266553e-01
5.470882020631054887e-01
4.950141830495394801e-01
5.619236284759954181e-01
4.757006885953206643e-01
4.718886023622498316e-01
4.780592322450487042e-01
5.719613615225148662e-01
5.670365577717269012e-01
6.173429177701987847e-01
5.814264647253953866e-01
5.062438793793715419e-01
5.117049924809562444e-01
5.493479845331633582e-01
5.653898720130634548e-01
5.842844921333674169e-01
4.972992563776727493e-01
