7.733505354757009842e-01
4.962680124850210595e-01
6.031624834208777486e-01
6.383977103516101925e-01
3.609716032756677406e-01
5.536494661770390291e-01
3.732727926130623985e-01
5.144061049497111737e-01
3.928614252125153805e-01
7.455841697684747471e-01
7.370006082786231261e-01
4.973554449922698018e-01
6.584564459900491551e-01
6.483528204626588520e-01
5.465594701985935222e-01
5.282109732346658149e-01
6.213265814409575372e-01
4.848222038087413033e-01
4.342118375840235411e-01
4.101019733741523843e-01
5.107445059257949005e-01
6.200435873593246328e-01
4.346833243905657840e-01
5.309442226809266696e-01
5.806287668779491762e-01
6.150461807642287893e-01
7.488330429783620623e-01
6.360976278516687898e-01
5.423214014086700230e-01
6.181195449225362903e-01
3.862801337973486571e-01
4.213946747306905327e-01
3.231902746533072968e-01
4.171258685185390558e-01
5.216738799340254751e-01
5.074690700176917035e-01
4.197254246549890766e-01
4.396099090764852835e-01
4.757020818932407580e-01
2.226013902842621517e-01
2.897478813221040506e-01
1.933193399944791724e-01
8.793074092671292197e-02
2.563598883227247160e-01
2.510503266049641802e-01
4.476657242448214280e-01
1.841255368080788046e-01
1.864337077120577502e-01
1.438699516014706747e-01
7.228018015637668880e-02
5.478527811241387657e-02
5.461702174001517585e-02
7.323817317502311075e-02
9.864811948131177455e-02
1.200318264136309432e-01
6.467899159091804184e-02
6.375280847823600050e-02
9.399271389998026249e-02
1.095662082802744963e-01
1.167167879892584276e-01
8.894681749811517157e-02
6.581790672408009690e-02
6.669044179907436531e-02
1.018598623960749600e-01
6.977453322027153682e-02
8.076514710904948713e-02
7.051567171879469242e-02
1.617228321972676297e-01
4.364756050889397887e-01
3.025104044112289503e-01
1.768496170306749216e-01
1.602494324299399697e-01
1.068731404605998137e-01
1.772141427450813767e-01
1.433527300705816077e-01
8.909034083320246933e-02
4.716617234615209237e-02
1.502312400926618385e-01
8.731471404813596904e-02
5.680563509434208985e-02
1.352827183877052808e-01
1.955150415321985913e-01
7.361146353419237287e-02
2.929550444955200672e-01
1.674223776239831818e-01
2.513548441864307814e-01
3.789150877933179506e-01
3.109605190455502211e-01
2.897776646838763903e-01
3.746234721453780558e-01
3.555271038251633375e-01
4.291774936939461993e-01
4.411486126486612314e-01
5.803704656159957009e-01
4.634741082191272121e-01
4.021057527573736468e-01
5.211952043831340475e-01
3.049087511956500851e-01
3.475029507348089686e-01
1.928749043888235981e-01
1.722048118980497866e-01
2.082034885749264042e-01
1.530088812862318570e-01
2.355352059218186189e-01
2.556166210466144229e-01
2.637087409703977037e-01
1.257990922858391036e-01
5.838067171551531986e-01
4.416214808093855138e-01
5.900866578737041790e-01
6.161306621403412898e-01
4.817260147964551042e-01
5.809476907811669255e-01
2.217785711464600740e-01
2.488237168408594657e-01
4.239306190129496499e-01
3.607757794844883570e-01
3.410841718015638069e-01
3.176488035659091880e-01
2.811099092418140044e-01
3.387041733868761950e-01
5.726375511644917760e-01
3.202061767559364336e-01
2.168353485274853443e-01
9.514939884490697386e-02
