5.055681526056764463e-01
5.060357882972492671e-01
5.054073301776855764e-01
5.036774796916405617e-01
5.041497016032252532e-01
5.085704703127783555e-01
5.045854188478898772e-01
5.020110205222794164e-01
4.951198072721818000e-01
4.954315898578173782e-01
4.966242040599642693e-01
4.941376496263406026e-01
4.975732157030381964e-01
5.024663625276227785e-01
4.992515326229043371e-01
4.946119715805488704e-01
4.940094922591748428e-01
4.959318070798441891e-01
4.932309688557737215e-01
4.931315954150872205e-01
4.906800243352520408e-01
4.943240377538862806e-01
4.874432619228337704e-01
4.873713657262933041e-01
4.891017329180655238e-01
4.905885416722850501e-01
4.902353989280169300e-01
4.888115318051027280e-01
4.876494233240084020e-01
4.880917250870774882e-01
4.912155145481301721e-01
4.917506148780937392e-01
4.931765442173259295e-01
4.941009527778967847e-01
4.937574271099382517e-01
4.921961950070256053e-01
4.926727976546896315e-01
4.973605211273848248e-01
4.986091275123842315e-01
4.997034333329499756e-01
4.980085439136927583e-01
4.949772674256153193e-01
4.934407688327313024e-01
4.916415623972435478e-01
4.928504133872625981e-01
4.923666511315348271e-01
4.914103049929596789e-01
4.940393930648737109e-01
4.901446371623721654e-01
4.891013866372881935e-01
4.878759755690984523e-01
4.872984182355989957e-01
4.882101560773450810e-01
4.860327741510739874e-01
4.856434213559845392e-01
4.862488601784148434e-01
4.862825447659486211e-01
4.895899964230945867e-01
4.896828537458047803e-01
4.907341142155839941e-01
4.865927654666024615e-01
4.804304953721197369e-01
4.792416747060685989e-01
4.764982350235856257e-01
4.786927235964351102e-01
4.780097101600255804e-01
4.804239623783321256e-01
4.824387422463680686e-01
4.823862090905250422e-01
4.783370056538946979e-01
4.725747931058094653e-01
4.731055698595791892e-01
4.706063049941987542e-01
4.690579736725462023e-01
4.678393240579136192e-01
4.707545916586900470e-01
4.723491105441320892e-01
4.712417642735339807e-01
4.781109566982512660e-01
4.833684046524380773e-01
4.835344990703213108e-01
4.827066875902731868e-01
4.834415990648238126e-01
4.809730237572098499e-01
4.778990266569140277e-01
4.736233162144298237e-01
4.695612029215802674e-01
4.714988148345203856e-01
4.726492100954103326e-01
4.696635352633252714e-01
4.742577514210341016e-01
4.740812407385233129e-01
4.732407160071717134e-01
4.751838015346146471e-01
4.764511008825957350e-01
4.760977877529745661e-01
4.821528920529476459e-01
4.815628245284058195e-01
4.792985009527495066e-01
4.825024259740050558e-01
4.861489611555932511e-01
4.885000666100741129e-01
4.874577882698107878e-01
4.920323145212532334e-01
4.944795188199428426e-01
4.948453160279514540e-01
4.963574611624274047e-01
4.979595698305327445e-01
4.981280811688141852e-01
4.958634610488330541e-01
4.972912300107845129e-01
4.980626538691190208e-01
5.020570270071150754e-01
5.008505104441719480e-01
4.974737169430687445e-01
4.984117975708939330e-01
5.007888043623887064e-01
5.011271936452545983e-01
5.026141557392869164e-01
5.031760182576014984e-01
5.023988777719395893e-01
5.014269920760046073e-01
4.986960431456935461e-01
4.939661860894880574e-01
