9.985630815072561450e-01
9.987870082162011443e-01
9.960448909218605484e-01
9.931776444731554854e-01
9.943733190520064325e-01
9.722837087440571180e-01
9.826317689358368135e-01
9.836261280732863099e-01
9.896033982957073150e-01
9.770091667444068539e-01
9.709177467952028184e-01
9.618153051132065645e-01
9.926005515563696147e-01
9.954136382570188957e-01
9.965707185213911190e-01
9.973990788841267108e-01
9.955683693819580293e-01
9.923678053663844700e-01
9.990869677550545669e-01
9.989335380953813237e-01
9.996108026527562584e-01
9.983561762387682670e-01
9.988660985671818926e-01
9.990887260593216412e-01
9.992097796333626603e-01
9.999075772853481814e-01
9.997657964581583290e-01
9.998178764366953963e-01
9.997687844156986081e-01
9.998662519806277293e-01
9.992509659111022957e-01
9.992637549292152643e-01
9.989720602744199818e-01
9.990412424302486105e-01
9.990096185060174383e-01
9.993613239061550635e-01
9.996409857699659618e-01
9.996364610321161193e-01
9.997725968151487397e-01
9.997394248023411256e-01
9.997801639070729163e-01
9.997781883171634743e-01
9.996695355033528019e-01
9.999205158141771799e-01
9.998799674519982528e-01
9.994143874433467634e-01
9.994170906862486214e-01
9.998321554499836061e-01
9.998489933228809079e-01
9.998396536258468137e-01
9.997813820422445374e-01
9.997566552841279375e-01
9.996638440075381604e-01
9.996135659401377271e-01
9.995630654248021107e-01
9.995972185761646811e-01
9.995900905331085440e-01
9.995461455806687878e-01
9.994956627534903326e-01
9.996701053970504791e-01
9.996024305038314628e-01
9.995554027727141522e-01
9.994892709236932182e-01
9.994197989083557498e-01
9.995417308600877959e-01
9.991665006879937305e-01
9.990806911085508002e-01
9.988998663227570685e-01
9.996970873924941881e-01
9.996962785456046108e-01
9.997696680939112124e-01
9.997726103702093692e-01
9.998021950418214399e-01
9.997675905058591717e-01
9.998263362442841862e-01
9.998020989697111727e-01
9.989288476949844675e-01
9.983083176896107025e-01
9.986130217900960337e-01
9.981500544157345667e-01
9.985106974741664310e-01
9.984958196150970355e-01
9.970505117671057960e-01
9.967905191129594611e-01
9.964091878097298682e-01
9.972304051301328354e-01
9.970750079729979731e-01
9.975383904121098988e-01
9.977733222109683719e-01
9.971179518814075049e-01
9.974783089568614036e-01
9.966202664119424570e-01
9.894918146009767934e-01
9.972857785120886609e-01
9.964312628840443775e-01
9.967936280674584149e-01
9.977098525270918783e-01
9.990871133523161474e-01
9.981095443271983392e-01
9.948834593157466211e-01
9.977976297627754176e-01
9.995092635410691706e-01
9.993978128396044935e-01
9.996083624816893831e-01
9.996040435571491578e-01
9.996658974070715686e-01
9.994906027267053128e-01
9.995389494797566332e-01
9.996303092407462509e-01
9.995974380553545036e-01
9.996697891528495417e-01
9.998001797045475980e-01
9.993542178566616752e-01
9.995148763699991390e-01
9.996273076709280003e-01
9.995411465713578414e-01
9.996553350648791358e-01
9.997103215689551181e-01
9.995517764450386755e-01
9.994895809773109985e-01
9.997641681335460717e-01
9.998329251132052065e-01
9.998090081252334338e-01
9.990726254946901141e-01
9.991823300813031938e-01
