3.535444892122369120e-01
3.565879145469567635e-01
3.550173301374507373e-01
3.559306824114493728e-01
3.560362297523744224e-01
3.547907558418089136e-01
3.557507707717788015e-01
3.542258328836157544e-01
3.559538869822698737e-01
3.555879885104150651e-01
3.536700729166986634e-01
3.540611291584641607e-01
3.541452830121362694e-01
3.550649556690183006e-01
3.547705563841382914e-01
3.541015408382600649e-01
3.545586885701547675e-01
3.543526786432763531e-01
3.543712932143356364e-01
3.556512016645033691e-01
3.549417465822714557e-01
3.556389359919829296e-01
3.528484170366421036e-01
3.543235129709899067e-01
3.549727217274651347e-01
3.540634192532163271e-01
3.549673366242247496e-01
3.548695651525339834e-01
3.552851825525704665e-01
3.549649877786961727e-01
3.533254646951495270e-01
3.536395673006471618e-01
3.549319192343720619e-01
3.544418157866595087e-01
3.558099469920276703e-01
3.543012599187736478e-01
3.545484789985068885e-01
3.539726638691135796e-01
3.548141511343411159e-01
3.533207413675076292e-01
3.536008119057920673e-01
3.544035694558793637e-01
3.537310893808215950e-01
3.542646953896829709e-01
3.549276964857687733e-01
3.545409821187435750e-01
3.545910567725514273e-01
3.555279047815650961e-01
3.546559603946329298e-01
3.542956254998617105e-01
3.548238399779402030e-01
3.551604196274806835e-01
3.533771538159364844e-01
3.552278114446423829e-01
3.540150378953292876e-01
3.543150952561401335e-01
3.552176966009177872e-01
3.546595060626098750e-01
3.551427139984815740e-01
3.552950775194191335e-01
3.541069983018376721e-01
3.549398830335161459e-01
3.536426622506759765e-01
3.559983463774550883e-01
3.554487359668901392e-01
3.545292631335083544e-01
3.540761519151398584e-01
3.528990859793295076e-01
3.532976819800992541e-01
3.536872941324912256e-01
3.544438170018203715e-01
3.543743947402598904e-01
3.531806228253638325e-01
3.543294069459126949e-01
3.536679940334381267e-01
3.545695309902164305e-01
3.538751906651216306e-01
3.548342869210570072e-01
3.556695713178612550e-01
3.539260317302814207e-01
3.549926723407687557e-01
3.567178638919519251e-01
3.580731668476365148e-01
3.562461771070378203e-01
3.552951620534516852e-01
3.564461440747461185e-01
3.553519892180657669e-01
3.543497003346512408e-01
3.546066391648277638e-01
3.542930659729444653e-01
3.550035026796593551e-01
3.563399964127061392e-01
3.561902293264189723e-01
3.575301709409981488e-01
3.574651144212317999e-01
3.571804313632669925e-01
3.565972930367358185e-01
3.557073668259256860e-01
3.547912758621422080e-01
3.552389909899106857e-01
3.562856968593467455e-01
3.573777712288787600e-01
3.567165586584017389e-01
3.563355950608346201e-01
3.553749116280680576e-01
3.582097766952437312e-01
3.567142543896890117e-01
3.540462480543153378e-01
3.562724464007687164e-01
3.558513143029252146e-01
3.550037185543097329e-01
3.552498904230512733e-01
3.548205277564779880e-01
3.538585919458167028e-01
3.540764736515636946e-01
3.553883746455686610e-01
3.536908177532280817e-01
3.538050355698820759e-01
3.534859832385525702e-01
3.530413261321742602e-01
3.534231151821212169e-01
3.525544550386729425e-01
3.534524834470357257e-01
3.531689470122581498e-01
3.536010375062077493e-01
3.540912161051190665e-01
3.532994500728585674e-01
3.535302397808342545e-01
