4.175499074802491717e-01
4.174324138763602643e-01
4.176433118087374274e-01
4.175974744647675263e-01
4.177484102166283964e-01
4.176584860589487302e-01
4.176042218065598166e-01
4.175382211731094584e-01
4.177069824866778136e-01
4.176880105182396163e-01
4.177135892507413684e-01
4.177443418436940781e-01
4.175371157838311253e-01
4.178200764942365253e-01
4.177860897004135321e-01
4.177010913880326859e-01
4.176157167190382435e-01
4.177698044204196104e-01
4.177795378565971607e-01
4.178437420755563569e-01
4.176866525360051208e-01
4.178178224388353068e-01
4.177578797108381647e-01
4.177261583062255035e-01
4.176200323576958473e-01
4.178279407975565296e-01
4.177683610822008342e-01
4.175786914017586282e-01
4.174962299903509089e-01
4.176746921755048469e-01
4.176434591160467780e-01
4.176318364026057051e-01
4.177501498676670089e-01
4.174771339382611357e-01
4.177809921266405491e-01
4.174129870391976027e-01
4.176688819962983135e-01
4.176039505281105013e-01
4.175890016788371129e-01
4.175363359144918518e-01
4.176053939196078812e-01
4.175369725618314209e-01
4.175077219480330948e-01
4.174940176499725153e-01
4.176187828155312198e-01
4.175612482232184397e-01
4.177125962489129374e-01
4.177095257786347937e-01
4.175542997728354799e-01
4.175435739069279784e-01
4.175137768507506952e-01
4.177172085261589007e-01
4.175777445383481168e-01
4.177958311532302682e-01
4.176939443890300141e-01
4.176483319929904514e-01
4.179763275028487990e-01
4.177356064704559335e-01
4.176016729682017758e-01
4.176092619801217154e-01
4.177891412377114921e-01
4.177428883706370000e-01
4.176404264734296934e-01
4.175723871064810355e-01
4.177582707552932595e-01
4.177966574888034024e-01
4.176510036024930206e-01
4.176954119108001184e-01
4.176667202719613892e-01
4.177165771824224438e-01
4.176382909867840665e-01
4.177293816680078820e-01
4.177628278997662647e-01
4.177969988081437491e-01
4.176530868140683750e-01
4.177908073861080207e-01
4.176990251462792680e-01
4.176144413355836194e-01
4.177283811476911746e-01
4.179396815912198582e-01
4.179078369718349784e-01
4.178725930297780833e-01
4.176944566464653730e-01
4.179263092736263396e-01
4.175902254568802374e-01
4.181428300647540564e-01
4.178425101126936880e-01
4.178449297232539883e-01
4.179596781371865410e-01
4.179016670292721169e-01
4.178673755067711104e-01
4.177869250111978516e-01
4.176774364097242676e-01
4.178897900515176622e-01
4.177487429840147093e-01
4.176825421358533186e-01
4.177387160741902750e-01
4.176138496861229177e-01
4.176725395770062299e-01
4.176131863765649155e-01
4.177510469707282348e-01
4.176863356162555663e-01
4.177370241405179985e-01
4.178875322506822587e-01
4.178223697595458974e-01
4.177380946383845162e-01
4.176571765835864758e-01
4.177792199745631319e-01
4.178777916707639428e-01
4.177278057611381046e-01
4.178426056048228365e-01
4.176633888366488301e-01
4.177344708882889668e-01
4.176382980146802204e-01
4.177042784673385967e-01
4.177217800394444902e-01
4.175501274715088251e-01
4.176376938823582186e-01
4.175986598978511100e-01
4.177525709397430509e-01
4.177118491459816951e-01
4.175761918152667840e-01
4.179007123376113353e-01
4.177708500481940868e-01
