4.929183483290059953e-01
4.925027998237342941e-01
4.867371839571364434e-01
4.801964788816037721e-01
4.703487285435818954e-01
4.635413328604715000e-01
4.572124453164482238e-01
4.600521415846976492e-01
4.565549826391855359e-01
4.594118169323772038e-01
4.612359235385255496e-01
4.601796513082089257e-01
4.600151489548442996e-01
4.619318211615204284e-01
4.617210854292038702e-01
4.620213530574078797e-01
4.628002070905010701e-01
4.638938018237589445e-01
4.627550320029737430e-01
4.628568650473354751e-01
4.649383151253624336e-01
4.649034765974757732e-01
4.624607271313121992e-01
4.660614299844400010e-01
4.696228657437324649e-01
4.684623957470530065e-01
4.766686627207817883e-01
4.815781639909360590e-01
4.850191493601142545e-01
4.945788367691867360e-01
4.912295080992564733e-01
4.907828420583453255e-01
4.920398198476007567e-01
4.953394393334699664e-01
5.014124979498507662e-01
5.046773346377709801e-01
5.036145068675902392e-01
4.961161908684423860e-01
4.904758960960489689e-01
4.860563569323677058e-01
4.820840598723403203e-01
4.886452884916338002e-01
4.920817715496209055e-01
4.959570845058884347e-01
4.967280737892887932e-01
4.991707586281698417e-01
4.983234135532164100e-01
5.025655869980528712e-01
5.018589379647856452e-01
5.055020016439196739e-01
5.066679365908614008e-01
5.058739882556682055e-01
5.087272496894477136e-01
5.077783972597005313e-01
5.031843158310559394e-01
5.025140141281431161e-01
5.034789241012710415e-01
4.956035788188448143e-01
4.991189125777691915e-01
4.973947160483224716e-01
5.006793306273186195e-01
5.055728707212917561e-01
5.014201940547102776e-01
4.994631910234129113e-01
5.006517442777687066e-01
4.963836832904603424e-01
4.982647226294592002e-01
4.985937035602631684e-01
4.920574518050833124e-01
4.864453052501275798e-01
4.865274806586019629e-01
4.863244943711972357e-01
4.831357478425272745e-01
4.864561018489062527e-01
4.769840958047336654e-01
4.687079362604794075e-01
4.653601379190601128e-01
4.600201676517305382e-01
4.561080540685765738e-01
4.549615486437710299e-01
4.478817235872926683e-01
4.418571437592234141e-01
4.438876907420555851e-01
4.433092329950773514e-01
4.482510765630763894e-01
4.529595949042921066e-01
4.562155058523652551e-01
4.613359068220977965e-01
4.633031814995968167e-01
4.683840239250111614e-01
4.695532329421697737e-01
4.742570424024190601e-01
4.756442487608132930e-01
4.785219706206967349e-01
4.826731082490629543e-01
4.806759321915556327e-01
4.810765877612545038e-01
4.803316128015567288e-01
4.808523985976967396e-01
4.817051523740250030e-01
4.857578305756325432e-01
4.862129731891098317e-01
4.849342637917687937e-01
4.824037583457617129e-01
4.829405004738688278e-01
4.805063583020534601e-01
4.766787463023384186e-01
4.791930490749978233e-01
4.767383485441272772e-01
4.744004292652010402e-01
4.749371622111352442e-01
4.728965752282881518e-01
4.711977784788762835e-01
4.656002228674559484e-01
4.615928743584420402e-01
4.619883981751153890e-01
4.626481935764042985e-01
4.715999423449819816e-01
4.758918248600511602e-01
4.804440940998697118e-01
4.845974242099290730e-01
4.853045095397565678e-01
4.936911506620827450e-01
4.981151567244967993e-01
5.056964312697128650e-01
