4.825520518478444432e-01
4.826347870211790680e-01
4.827102492606969442e-01
4.826830590345388416e-01
4.826599439463031826e-01
4.826893786537125308e-01
4.827293855922020760e-01
4.826355788924741042e-01
4.825496359191810969e-01
4.825723047681783617e-01
4.825356166524527590e-01
4.826023927056513063e-01
4.826174198779831226e-01
4.826267593669673617e-01
4.826965991202570860e-01
4.826847119290792465e-01
4.827380837382952428e-01
4.826776992938620614e-01
4.825982491035016309e-01
4.824150632874400491e-01
4.823495346876757184e-01
4.822535195565498811e-01
4.824258144641307422e-01
4.824661070027853049e-01
4.824635729839456544e-01
4.822193916146300108e-01
4.822011620762011730e-01
4.822890222419969897e-01
4.821713269473067998e-01
4.824986265631799887e-01
4.826797616551977144e-01
4.826701568581041601e-01
4.826535328469861996e-01
4.827168234097489741e-01
4.827970809520335527e-01
4.827876699871697097e-01
4.828298869447483210e-01
4.829142323113347346e-01
4.830018914560701426e-01
4.829698917249990453e-01
4.828629483664185207e-01
4.828403039547702891e-01
4.828901457222962712e-01
4.829636128189639388e-01
4.830649172451992324e-01
4.830602759004601343e-01
4.831008808969398660e-01
4.829627245711118344e-01
4.826353609158836044e-01
4.826097387404577610e-01
4.827941099470441921e-01
4.829765505527329195e-01
4.829696746076582725e-01
4.827597801014342216e-01
4.828974196050422329e-01
4.830861026695694171e-01
4.832041308836459437e-01
4.832107676280721353e-01
4.832323312747023314e-01
4.831896676729212081e-01
4.831596085789190420e-01
4.830931734548343792e-01
4.830029872524613244e-01
4.831546523637833546e-01
4.832633438592180419e-01
4.832168891969805813e-01
4.831585040741274151e-01
4.831719100634441211e-01
4.832180701339225948e-01
4.830141821661235180e-01
4.831653842558199519e-01
4.829915935801776805e-01
4.829402662244628996e-01
4.832068425163241199e-01
4.833017590425448540e-01
4.837388429453502448e-01
4.838854867672748306e-01
4.839343186091283333e-01
4.840046856008904941e-01
4.841591721892371525e-01
4.840821402563406095e-01
4.841168046561322713e-01
4.842872764111110229e-01
4.842581127260314755e-01
4.843384997715537987e-01
4.842161187748362239e-01
4.841768915035849496e-01
4.841962410380100112e-01
4.841292908976996268e-01
4.841581592847510884e-01
4.841204157715621736e-01
4.841446948847384357e-01
4.840890539816266047e-01
4.840884366259862182e-01
4.840618736541761891e-01
4.841325390843428944e-01
4.840730402717080549e-01
4.840768693928831357e-01
4.837814918138721443e-01
4.839556185442648317e-01
4.839031872419266023e-01
4.838913912035138765e-01
4.838528464899232162e-01
4.839039903344157789e-01
4.839033472659849955e-01
4.838830866387909824e-01
4.838645456005419843e-01
4.839034071504956791e-01
4.838976967319746358e-01
4.838858201646151214e-01
4.836048721744473644e-01
4.835902585885474281e-01
4.837991420254202923e-01
4.838742626277642289e-01
4.839127034159433349e-01
4.842235196081152160e-01
4.842271238811033385e-01
4.841825588355854748e-01
4.842079927897686153e-01
4.841444225024638115e-01
4.840287162114914055e-01
4.840910910024572855e-01
4.839185650241637493e-01
4.837594953132030029e-01
