2.235918599999512923e-01
4.098645225743564602e-01
3.617020586016112538e-01
6.199082468480444641e-01
5.590914869653327290e-01
4.324514628426707197e-01
2.879215365685008909e-01
2.592554614369900201e-01
3.226777304591100237e-01
3.423650917150245498e-01
3.500609781106115981e-01
4.500165140895167615e-01
7.638050487800713828e-01
7.926358790172484126e-01
8.062438544538020890e-01
8.067931437842560394e-01
6.206260547316972964e-01
2.439214607556396130e-01
4.551244920890409884e-01
4.845368687653583972e-01
4.032718013404629764e-01
4.447651066318816793e-01
4.265351098882975700e-01
3.612994710534641052e-01
3.769640123473474991e-01
3.259973695870528876e-01
2.269843617361501087e-01
2.999064827451488058e-01
1.793180309657078642e-01
3.757640881270961075e-01
3.669601378047868123e-01
2.462403639581556836e-01
3.891021951327802708e-02
1.819136225937618978e-01
5.173364748113598033e-01
5.005083054530430342e-01
2.069715389313629417e-01
1.907983006642140211e-01
2.502598490065882086e-01
4.525099533143721597e-01
1.803794747602213977e-01
1.334014648139068004e-01
9.895075714726017657e-02
1.579885841731304974e-01
1.878991827732969244e-01
3.779525273380206496e-01
3.959872749850806839e-01
4.964646599884360301e-01
8.838711877974614328e-01
7.089806498864087425e-01
6.185209760733840767e-01
6.835100129419220405e-01
5.884166247463101795e-01
2.791403640532666430e-01
2.285721193246766370e-01
2.634432807878475669e-01
2.170890365495783958e-01
1.409803725500332616e-01
5.339048600644735743e-01
2.002187856237019059e-01
1.068545374651508617e-01
6.786528957458906608e-02
5.885573618022869880e-02
2.558328315458580776e-02
2.812445590942485793e-02
7.219802144152943045e-03
1.260415046061363724e-02
4.922717627331174919e-03
3.134445902149989721e-02
3.124876392829472119e-02
2.527903527323354174e-02
2.657232221335482925e-02
2.516794416555736061e-02
3.319465157025306562e-02
2.222727725344816191e-02
3.298128389135745325e-02
3.239287438200920410e-02
7.630236482064393921e-02
1.479139571586544910e-01
1.136919778617504900e-01
2.426029998867072490e-01
1.056185689949833972e-01
2.092860929589770158e-01
5.208597902191536289e-01
5.787165106107435841e-01
6.762150566301226018e-01
2.860578142342158903e-01
4.589517974501567399e-01
4.482915643073325240e-01
3.876472381238803555e-01
4.543106813825494861e-01
4.672927401010124049e-01
4.857462353260343924e-01
5.424092403481024505e-01
5.160565539774308874e-01
6.537174003427604907e-01
8.032962327437753736e-01
9.015634339940280517e-01
8.357903402777818735e-01
6.997251245529259034e-01
6.662751406569304979e-01
7.267291213843665165e-01
7.462184875016941721e-01
6.983889030895347183e-01
7.147512421672252980e-01
8.167867610117279797e-01
8.085317692783554611e-01
6.997918412062473781e-01
5.102031341994174296e-01
5.549321578991244230e-01
5.910824364146129994e-01
5.663837202807483484e-01
9.170942044843656271e-01
9.390554896344169844e-01
7.966379248090763587e-01
7.693132249296202874e-01
7.494986844445454821e-01
7.528530366680329378e-01
4.558891784410292192e-01
3.112537343520174193e-01
6.830853257192985861e-01
7.079682777750528899e-01
7.194451145678000259e-01
3.962524699510502901e-01
3.564901939982788592e-01
5.152323919480222836e-01
6.092032079018627755e-01
