5.235632553283494639e-01
5.241946922048900115e-01
5.239454174298335820e-01
5.239077137514883686e-01
5.244938276974044911e-01
5.248118834950169509e-01
5.246120301161153465e-01
5.246773666998084673e-01
5.249930661003944232e-01
5.247328580788997998e-01
5.245681547054024119e-01
5.249465338755361365e-01
5.248305117969672695e-01
5.247511226363672510e-01
5.248702264135762796e-01
5.249795197914594036e-01
5.247649855142595410e-01
5.244572301917813650e-01
5.246295548853916468e-01
5.247780370664366645e-01
5.252041460058931577e-01
5.253026763239796448e-01
5.250133092342833541e-01
5.246453868303982970e-01
5.247976198506035805e-01
5.247283798341108030e-01
5.251377734831430555e-01
5.248747353391122195e-01
5.253661767921660175e-01
5.252222054445622179e-01
5.250431305260911952e-01
5.248696741926375253e-01
5.247109527016740049e-01
5.242942613361802895e-01
5.248090197520455247e-01
5.248022098986006023e-01
5.248304708953985820e-01
5.242245014901797395e-01
5.245507774000197632e-01
5.242945519558448453e-01
5.243565610167925106e-01
5.243503116233427797e-01
5.237593182838586880e-01
5.240758951410482425e-01
5.238557441906618317e-01
5.234862567856589655e-01
5.235237398178843593e-01
5.231257433258038603e-01
5.232355536132388130e-01
5.236655569690847889e-01
5.238191397042173403e-01
5.242111083912394109e-01
5.241818211848302544e-01
5.245521079595522052e-01
5.241900548591199582e-01
5.239017676706901883e-01
5.242526840924186526e-01
5.241071508354868680e-01
5.242250312252536570e-01
5.237235747601378666e-01
5.239716716166797905e-01
5.242886129774029236e-01
5.243874340973148085e-01
5.235524171022406525e-01
5.226223831516738638e-01
5.228893621353051246e-01
5.230742509348512703e-01
5.226626642598969363e-01
5.224386572265675710e-01
5.218081121620294915e-01
5.214291225358128612e-01
5.218008067512619474e-01
5.219301321614353562e-01
5.210508371689108742e-01
5.210786570766906545e-01
5.218872120384373536e-01
5.215493451747252873e-01
5.217017267061689889e-01
5.215890425955544973e-01
5.216900045117783824e-01
5.214477877367544867e-01
5.217423241622163310e-01
5.220613481543187051e-01
5.214326206882882175e-01
5.214105780304132409e-01
5.215701098145110182e-01
5.215652182754874078e-01
5.217997303088809380e-01
5.216749427010630713e-01
5.217791247452496783e-01
5.215989126259332753e-01
5.216364005720103281e-01
5.213520999106794340e-01
5.213425501524000527e-01
5.212894556323091066e-01
5.220179172897378983e-01
5.222543679375928338e-01
5.225083674565338399e-01
5.223346686488132828e-01
5.223920959014669574e-01
5.223619606907338175e-01
5.221172147828805343e-01
5.219478463924868139e-01
5.218584013411545763e-01
5.215495391300009054e-01
5.211607910349749240e-01
5.209125717031392044e-01
5.208606442952988802e-01
5.209655992454577111e-01
5.217528702376315053e-01
5.216134533333098844e-01
5.213637946364206854e-01
5.215594227339024336e-01
5.217191076219482859e-01
5.218052294989498074e-01
5.220107787370618091e-01
5.221008452776092490e-01
5.227940960529537939e-01
5.231738893207720231e-01
5.232735073924759117e-01
5.234016491825934647e-01
5.234737135562068655e-01
5.234235089264930307e-01
5.236204395568490044e-01
5.237306947045845540e-01
