5.065765632006803409e-01
5.080008580058965606e-01
5.109535996243581568e-01
5.073253368115729911e-01
5.109949916904489298e-01
5.105681080409858463e-01
5.091401585562362886e-01
5.069719955742263418e-01
5.058562308349907610e-01
5.047265509815559437e-01
5.033166966978903645e-01
5.033709082754943553e-01
5.059106770773746931e-01
5.075562720816982898e-01
5.074158329515844335e-01
5.054167449893741670e-01
5.005007842822879471e-01
4.953667440762125618e-01
4.962315701803048928e-01
5.010951566258096124e-01
5.001969075165882961e-01
5.033445287391784539e-01
5.020018702220309104e-01
5.015892784104656332e-01
5.039082021263910915e-01
4.970652801652009067e-01
4.935522724012980644e-01
4.946911806748900964e-01
4.960330486145889117e-01
5.013380756289942397e-01
5.048516346815495881e-01
5.046229209938438709e-01
4.977512553263648276e-01
4.989494443150478409e-01
5.030832124669084582e-01
4.984137549241685616e-01
4.985316204867396572e-01
4.991561351135951341e-01
4.997277401684300235e-01
5.026566670995878949e-01
5.005004121483050961e-01
5.013965599287529828e-01
5.016627762164270754e-01
4.991543383539532308e-01
4.980404831714019265e-01
5.020889579688684323e-01
5.035966727047097580e-01
5.034581246647414909e-01
5.096850647706530069e-01
5.091729041413798340e-01
5.060409787454321906e-01
5.112560053228043522e-01
5.135049993291352921e-01
5.131046953245577136e-01
5.108801767370823033e-01
5.096913330965298083e-01
5.073505717875629317e-01
5.117651567627681253e-01
5.187529376506178069e-01
5.147004721528282145e-01
5.153405040942682369e-01
5.153238842923711927e-01
5.134263616407127584e-01
5.120931554254840590e-01
5.130413841715124601e-01
5.111241701154652928e-01
5.106799143612898995e-01
5.105058681041577673e-01
5.126820348766836233e-01
5.105750538536053540e-01
5.082832641450808486e-01
5.097787486619603792e-01
5.067911310839815497e-01
5.069796725622658373e-01
5.037917088158028189e-01
5.075606694797665241e-01
5.108637388261879630e-01
5.120861021797441515e-01
5.122737637086595130e-01
5.106161773751876076e-01
5.090851385289312248e-01
5.083612879551533403e-01
5.095657337342632820e-01
5.134023841035524338e-01
5.124733964287607746e-01
5.092618539309967662e-01
5.025046789028152494e-01
5.057085094232557365e-01
5.087567782327721000e-01
5.065608976906866845e-01
5.091380531658049602e-01
5.122615359877525920e-01
5.142976574405249135e-01
5.150071194227648919e-01
5.118617457508896074e-01
5.170308930094623667e-01
5.189295567635741069e-01
5.178843310916261267e-01
5.155392064947862396e-01
5.147124128531386233e-01
5.140080488345056819e-01
5.125594824226300528e-01
5.135965193276028629e-01
5.130630180493961356e-01
5.151104667826541528e-01
5.184463223686747169e-01
5.196546755554202202e-01
5.221137577405279284e-01
5.153807964139727193e-01
5.151772548423125819e-01
5.225385417170327340e-01
5.262919965879760964e-01
5.231552326043439338e-01
5.201569685607737581e-01
5.152082190842263154e-01
5.169334686309142723e-01
5.170831483558280262e-01
5.139207805723228217e-01
5.094965946966879544e-01
5.081194615331291464e-01
5.112854988199413420e-01
5.088393415835105182e-01
5.098001316316455034e-01
5.074799556078325447e-01
5.008824724950394769e-01
4.997374224757142325e-01
5.003127686307142774e-01
