2.885772337425578926e-01
2.525746673026884603e-01
2.158597090345559522e-01
1.556741602940304170e-01
1.690957872308924970e-01
2.601883669433068813e-01
2.532191289308268756e-01
2.678038581692497311e-01
2.079435978900472937e-01
1.905676979821070705e-01
2.082472712907817158e-01
2.067335093976402360e-01
2.123744171679549930e-01
2.632595370325862549e-01
2.884989113726463827e-01
3.005388308891849269e-01
2.250377977813126096e-01
1.608406586747645473e-01
1.532848503111454153e-01
1.989308215112165490e-01
1.856639873278263797e-01
2.147054462981381195e-01
1.758486435753489618e-01
2.209271429890951877e-01
2.923049543639298919e-01
3.566587026965677421e-01
1.927020610547462987e-01
1.286554342389612804e-01
1.259181185591541352e-01
1.100770571263354064e-01
1.563658486331969688e-01
1.597599827370835002e-01
1.209672630251089481e-01
1.265519007124553674e-01
1.172405397711488301e-01
1.139953046675370174e-01
1.275678736090375409e-01
1.013319554596554400e-01
8.611475118133238293e-02
1.391134995451783762e-01
1.372964283944527464e-01
1.873591844499014059e-01
1.396921584725250853e-01
1.107413906555924366e-01
1.497405171974140747e-01
1.826397577854270982e-01
2.164016358288872455e-01
2.407701564283390161e-01
2.366152369476332284e-01
2.082428484896893250e-01
2.158516703064826403e-01
2.576068671666351118e-01
3.240347222613602640e-01
3.558717929302407934e-01
3.293296340957104773e-01
3.395944706283648418e-01
5.116291763438223228e-01
4.342239710660137364e-01
4.244861150858478260e-01
3.590542019047330835e-01
3.329018507498235913e-01
3.157022892834915329e-01
3.234308970078905721e-01
3.512365149113092500e-01
4.143408595980433984e-01
4.151040340079533153e-01
3.094719864644807639e-01
2.763723945362265288e-01
2.991207642026733615e-01
2.757486766353935970e-01
2.991542334047607166e-01
4.071764557966249254e-01
4.352820526951898250e-01
4.001449242138866436e-01
3.591715285568815030e-01
3.727928172653066641e-01
4.631983547766658216e-01
5.222729338144018740e-01
4.539660104177243305e-01
4.284468545752634916e-01
4.216196140196155628e-01
4.622794868081793740e-01
3.027783511650291026e-01
3.492903162078067059e-01
3.436088918445323048e-01
3.321167588440843699e-01
2.412887032367360685e-01
2.522835304435672721e-01
2.195231857849357093e-01
2.491740290604129715e-01
2.812379412558089764e-01
2.358977458631842383e-01
3.955384711742021553e-01
4.357794334554400129e-01
3.894779327463777641e-01
4.434486193059254400e-01
5.341996299156661632e-01
4.523427624802450198e-01
4.631855124519649869e-01
5.006229661700293265e-01
4.861293195395806066e-01
4.116796875862664407e-01
3.471973783832044136e-01
3.060462081259826550e-01
3.363819514722171111e-01
3.934845861069595774e-01
6.197399487914934113e-01
6.644273902767104945e-01
4.655164891439995678e-01
4.463577143811367498e-01
5.994550136505466531e-01
5.463660641791597827e-01
6.368830674170349315e-01
6.649075328142111108e-01
5.625090520991160581e-01
5.360292472028103106e-01
5.874601956608134223e-01
4.505675152217373802e-01
4.077463173200189250e-01
3.536641123563069589e-01
2.545497323542173507e-01
2.330926411432838463e-01
1.801603749258136600e-01
1.876628369631339055e-01
5.295963140493729904e-02
3.496694238135350519e-02
2.089402970153443617e-02
