1.654726931139901269e-01
3.184310344194953846e-01
3.705896802859850458e-01
3.266466546391268433e-01
4.304861264335743676e-01
5.060166373857112321e-01
5.248247811811632690e-01
6.645831369496404406e-01
6.941760771098212102e-01
5.503867090499775516e-01
3.317942360635791621e-01
2.492891913261804648e-01
4.498767289052218454e-01
3.139581243072147032e-01
3.099708144808622778e-01
1.446897173614858090e-01
3.411202967334659442e-01
6.131350382357257933e-01
6.132978443729150131e-01
3.762031319017971054e-01
3.530100376834300890e-01
2.152391973920073087e-01
8.487272354126133844e-02
8.201742493116531696e-02
7.493254241048274977e-02
9.123152286970144520e-02
1.007568845413623349e-01
8.603992833100500282e-02
3.027847620312754673e-01
1.961224137650131871e-01
2.125566951341690547e-01
2.410993241092500294e-01
7.738244851654024759e-02
4.725804611872001515e-01
3.432702425088043352e-01
4.069196555331238141e-01
4.261628460059740386e-01
2.622337703404500897e-01
1.035280486773921399e-01
2.183753479175775392e-01
1.225588404983914415e-01
1.355045525084769276e-01
1.255104546270286447e-01
8.965793439548870591e-02
4.509405414901956899e-02
2.893846054354211675e-02
2.842567411578955996e-02
3.153880973728189624e-02
3.881300127591099103e-01
1.402043440184365664e-01
3.052588434851832844e-01
6.175300029618762121e-01
7.660244052318710972e-01
7.797912401297407703e-01
7.879663559502403380e-01
7.295644638341770571e-01
7.875778102536877823e-01
8.689221452446793670e-01
9.090912278726088758e-01
8.874417292171640215e-01
8.779757358851143501e-01
8.844754768281052337e-01
8.852509908471349886e-01
8.191580698338396527e-01
6.821661971317897200e-01
6.315792762249365921e-01
6.870306912574257741e-01
7.221527252444114309e-01
6.153666339723528056e-01
3.997580608316865791e-01
3.374302102414437621e-01
2.232515246123005503e-01
9.114222560597784462e-02
1.835417995430989879e-01
1.757205082814790598e-01
4.720729744808582207e-01
2.105954683195499222e-01
6.420145240162210276e-02
1.510561324986827159e-01
1.081395647956110290e-01
1.361655440925658156e-01
1.683372504228018707e-01
2.390610410448391898e-01
2.698785137540306578e-01
2.505520427176893272e-01
2.938239287000796174e-01
4.148648550555090186e-01
4.109758556520093364e-01
3.894349930593258846e-01
4.414320741201817055e-01
5.485801198630300135e-01
5.264391779024417684e-01
5.967000673971413205e-01
7.816001183175708134e-01
7.597270748258545536e-01
8.618238479302647859e-01
7.981650445987005238e-01
8.068787132176719057e-01
7.863721546326489786e-01
7.356813846566749859e-01
6.006660209582956877e-01
5.438451482222830258e-01
5.099787294729822840e-01
4.269157008063921288e-01
4.058858020206084216e-01
5.818205643902705226e-01
8.072855189270681242e-01
7.971484630861298548e-01
6.866060555018348444e-01
6.913870039004786916e-01
6.830163472317503093e-01
6.972860078634623981e-01
7.394362285795328393e-01
8.258651073514576835e-01
7.146438171268382211e-01
7.584484856406503717e-01
6.910644262464931131e-01
3.718413315424886068e-01
2.874468561255346111e-01
2.891554016577829178e-01
3.143175872387882763e-01
3.514235780583494506e-01
2.890847462118163458e-01
1.818524490338287447e-01
2.152319576871228601e-01
4.934808456961627399e-01
2.794305431855156896e-01
