9.999949299958535986e-01
9.959753386699825572e-01
7.171345021194575065e-01
1.577030961872129822e-01
1.522467479885007413e-01
9.493288223277140947e-01
9.957614063175959096e-01
9.814375598727538286e-01
9.130522033233087198e-01
9.990692135183211198e-01
9.995681245383927216e-01
9.984801904904261338e-01
9.879119810258109036e-01
9.993801814141466400e-01
9.729625126938723501e-01
8.609240410177366742e-01
9.699971199378065734e-01
8.330252995313885966e-01
9.664908494638551062e-01
8.205792362773819404e-01
8.669247773321613337e-01
8.482378000103903970e-01
9.988734491075434985e-01
9.986559945295061524e-01
9.655668619020003618e-01
9.987048474724758984e-01
9.997037872987183382e-01
9.999991359970266114e-01
9.999938598963175052e-01
9.999774134963939076e-01
9.999775539187480966e-01
9.999681501718540311e-01
9.999879348985385441e-01
9.999977957997800981e-01
9.999993064629133510e-01
9.985947993034115511e-01
9.897208898990187409e-01
9.950357696606610958e-01
9.998802768119654516e-01
9.906328018955994352e-01
9.999780695615813064e-01
9.999502856995200473e-01
9.917353390515539768e-01
9.977746748467647420e-01
9.999996229871637166e-01
9.963843083868280104e-01
7.337794836284793343e-01
9.324337574786709659e-01
9.911325477168690945e-01
8.210692407569099016e-01
9.667703302879306904e-01
9.810277501975539494e-01
9.658351106782689932e-01
9.495873315885101640e-01
5.217037206790913206e-01
8.189048433343155686e-01
9.190472055752779701e-01
8.998839635051271157e-01
9.965259503207464231e-01
9.999974715822423921e-01
9.982641756346204431e-01
9.368157303442585793e-01
3.619248469033861659e-01
9.999521262458105353e-01
9.946208628747271741e-01
9.996724327409880484e-01
9.888545083229034471e-01
9.968584632875953089e-01
9.999409093028380768e-01
9.999583966273132285e-01
9.980897568553191990e-01
9.998899143901143205e-01
9.931741199211098214e-01
9.998172633618870320e-01
9.987442805795682110e-01
4.842592353237933911e-01
9.963036647808722890e-01
9.999855969112817489e-01
9.999926088313878525e-01
8.063841557213561329e-01
2.635217940062289585e-02
2.198045611041944958e-01
9.623561519060515046e-01
2.363016235050711678e-01
5.836741676553892644e-01
9.989313629996354749e-01
1.788847194143998176e-01
9.939349608677838788e-01
9.977312120651393723e-01
9.999966344870281354e-01
2.195258595738442398e-01
9.986887331591760564e-01
9.999279198638266752e-01
9.989171582944514904e-01
9.959170685638192300e-01
9.967865304983341002e-01
9.998078255544748938e-01
8.754120362255108923e-01
9.957770189087842283e-01
9.986067556554284463e-01
8.896527387127188824e-01
9.782219972237989891e-01
9.896302032489721068e-01
8.435187793457733507e-01
9.989124731506833221e-01
4.073016716396266057e-02
3.149895084825183461e-02
1.072974482934293816e-01
1.452677610818664256e-01
1.533661285341267680e-02
2.634581591645135390e-02
4.185086687076501610e-02
1.865674207187812891e-02
9.147431502565657457e-02
1.036247530612680393e-02
1.377732918376995384e-04
1.664131617640889071e-01
7.026266332550994420e-01
6.140402077873583497e-01
1.702064760476537930e-01
8.097146800523052912e-02
9.092388415140002511e-01
9.571686129182493952e-01
9.898625667709177733e-01
9.972473677457164287e-01
9.988306016590620118e-01
9.999978093340169405e-01
