4.317120602732971713e-01
4.312604716000432714e-01
4.310958800088617870e-01
4.320539488999841637e-01
4.303156301942201445e-01
4.318875448634692527e-01
4.305976988037116815e-01
4.311120990115808738e-01
4.313167530080548873e-01
4.331846069465294935e-01
4.320801940788326911e-01
4.309306351173262106e-01
4.318117699087657968e-01
4.295872321267393268e-01
4.304925658202496952e-01
4.308415949657681820e-01
4.303374423042361507e-01
4.305866599665226224e-01
4.310333799995429427e-01
4.297658198398107143e-01
4.301209108238634449e-01
4.290418130889715465e-01
4.280994851801475098e-01
4.285259361513374388e-01
4.271036508307466395e-01
4.272962920721887770e-01
4.268167303517481637e-01
4.267028685942067523e-01
4.274220417160349839e-01
4.241245953647951317e-01
4.281207591280847269e-01
4.304158076857737547e-01
4.285405812793094404e-01
4.284105329081109304e-01
4.278812680250901335e-01
4.275212232708493487e-01
4.282673756534629561e-01
4.244322404910230717e-01
4.247621353523899912e-01
4.241210001350056435e-01
4.263818925370267410e-01
4.264106408579285135e-01
4.248174500000110321e-01
4.244880376344306594e-01
4.248996082454089551e-01
4.237137200599365716e-01
4.247804828755381568e-01
4.223883775673036856e-01
4.240009143758347587e-01
4.243606295676202733e-01
4.248847186729578507e-01
4.276389204236538122e-01
4.265948877997194910e-01
4.252110390690671538e-01
4.259958514093383219e-01
4.269230801984600920e-01
4.265153421607920103e-01
4.246676747563976062e-01
4.282977497822968438e-01
4.286072411549917693e-01
4.269352122173051822e-01
4.283258425307182593e-01
4.217100199257300397e-01
4.255719037333417498e-01
4.273781475577263511e-01
4.268697615374686949e-01
4.294227073340036727e-01
4.283326148996324800e-01
4.290906637684973601e-01
4.281453456206757435e-01
4.291017053262748404e-01
4.295006191229934767e-01
4.289027245452695092e-01
4.301839588975495121e-01
4.289547449363340648e-01
4.294941349014204657e-01
4.299686288602899142e-01
4.265868685981523689e-01
4.290883109642770754e-01
4.275737665849764224e-01
4.264121600235581400e-01
4.272636582281738593e-01
4.276314944324150491e-01
4.273222723800452205e-01
4.277586927453317367e-01
4.292714747498767025e-01
4.281426266582185614e-01
4.286055445157214150e-01
4.279517919814336269e-01
4.293621449549617775e-01
4.293939803966602686e-01
4.289218627900364678e-01
4.300669142095137620e-01
4.307680335773523828e-01
4.305372586846952232e-01
4.307307937860849201e-01
4.319606459017689137e-01
4.313379654045039757e-01
4.322118430403312228e-01
4.323787824523788736e-01
4.310555913417398743e-01
4.331443054619531496e-01
4.328322619728656728e-01
4.311953209941419285e-01
4.308287794547560612e-01
4.311370182773073267e-01
4.282123292467971409e-01
4.284924650985192929e-01
4.301727888992964433e-01
4.286186074562098325e-01
4.285701476496431850e-01
4.290525651106454896e-01
4.305960897657163389e-01
4.283842655398239496e-01
4.278260469609542760e-01
4.286459253720079632e-01
4.292684866469162475e-01
4.300497781840903477e-01
4.297063540347464961e-01
4.290777600118588775e-01
4.291524373044124374e-01
4.275484012057421124e-01
4.268918420901891553e-01
4.273288445463735430e-01
4.276461960576635746e-01
