6.905208584057164201e-01
7.517778924689203501e-01
6.794259635264754404e-01
7.336822140973401352e-01
7.594404107122055825e-01
6.011270907749863834e-01
5.311044970118259378e-01
6.603829745714004940e-01
6.789803220966612596e-01
7.649410524476951689e-01
7.157096904858724074e-01
6.016704991214654186e-01
6.644815080694465026e-01
6.569379204525521709e-01
7.225292690482554292e-01
4.862657555093330419e-01
3.895658890362969640e-01
4.427165555416179843e-01
4.472343033160240955e-01
4.786051931983112961e-01
4.466928725726219129e-01
4.368286632027846839e-01
4.980688001127503983e-01
5.639224875470021381e-01
5.852192535953520958e-01
5.470972851268992576e-01
5.055928646134451032e-01
3.872388409987032598e-01
3.552241925649538001e-01
3.838961373403405042e-01
4.030868625923057502e-01
4.398180595007435412e-01
5.118680072004585524e-01
5.316759695483739279e-01
5.470862735708303948e-01
4.719395535614702153e-01
4.980277278035248889e-01
4.632756751485442859e-01
4.553847118551832551e-01
4.655089910733237191e-01
4.004359420786218760e-01
3.255746602194621309e-01
2.722371426455859611e-01
3.619715528313969810e-01
3.869874806074616869e-01
4.350190591295357012e-01
4.467234708717958691e-01
4.986806468980198859e-01
4.873593992842881750e-01
3.998154920362427256e-01
4.768951770714136562e-01
4.218325389133862902e-01
4.223208809477466685e-01
5.199159022985374579e-01
5.159495225312593636e-01
4.989702796592541123e-01
4.959660147193580837e-01
5.444987632900681884e-01
4.040613884371941356e-01
4.526518629673266791e-01
5.009674109522200824e-01
4.666782911644125620e-01
5.342076345427317907e-01
4.891308692982309081e-01
4.782213490492989161e-01
4.670974790516784769e-01
2.425965703673111373e-01
2.270277327389773614e-01
2.501553417470682716e-01
3.586770345161378049e-01
4.123666290430230141e-01
4.108500962752874019e-01
4.546596719864064995e-01
4.710222785703814252e-01
4.566707243000390770e-01
4.667127064447054163e-01
4.750699605802761183e-01
5.184550292581963093e-01
5.495054613294659829e-01
5.805868363107197228e-01
6.046914706065981138e-01
6.019926643013616685e-01
5.968583228233701465e-01
5.903770860012352850e-01
6.194557091025804096e-01
6.615984276603195102e-01
6.568226662143663575e-01
6.241690391306328189e-01
5.746669193937447018e-01
5.628854016725395315e-01
6.290494911034409942e-01
5.773876838358950048e-01
5.578824257253451879e-01
6.152791562027575267e-01
6.547760759396397123e-01
6.131997004400224771e-01
6.406017104561995135e-01
6.239823107840022365e-01
6.621472465832501930e-01
6.236487016686860230e-01
6.491982506784601537e-01
6.233534048903462965e-01
6.362722054045404363e-01
6.514526312460617863e-01
6.048230775339127341e-01
6.439673753645135390e-01
6.615766387788981628e-01
6.661524869931410020e-01
5.768585710754344786e-01
5.314929562466463864e-01
5.285539287354522608e-01
5.258731830957773523e-01
5.357657269746916029e-01
5.650803482407945610e-01
5.337516670996619306e-01
5.736657576475926446e-01
6.099871262345514245e-01
6.104682953403006707e-01
6.241089588818454770e-01
6.047827441627326994e-01
6.189754786698062894e-01
6.417431637917918597e-01
6.700757445686352787e-01
6.755543688665431867e-01
6.895481206050052547e-01
6.175961213461363952e-01
7.109901926128600058e-01
7.843945080500990263e-01
