2.667080459679413984e-01
2.970993539907325620e-01
5.958637032131809397e-01
5.675112298011638634e-01
3.167347371834948744e-01
3.723417499701261457e-01
3.958963262975365716e-01
3.052228379251746282e-01
2.649307374412945837e-01
2.976808400587499515e-01
2.655811994645686513e-01
2.807354631803029021e-01
2.091861252932688542e-01
2.443174376032919148e-01
2.477079990509223340e-01
2.332110003323822345e-01
2.277854899651459153e-01
2.365341265719612673e-01
2.411031920108672733e-01
2.451266344770631211e-01
2.695650530801341205e-01
2.435346732071706211e-01
1.982619374456679184e-01
2.131349732989456236e-01
2.126546365832645280e-01
2.985163490098450834e-01
2.494903281838278253e-01
2.147347799388468204e-01
2.373518767283552544e-01
1.714744838413818639e-01
1.254914723342938354e-01
2.197625721746634120e-01
2.563732729002095034e-01
2.551150744452044261e-01
2.522997269009120691e-01
2.627410310408766492e-01
2.673567342086409782e-01
2.996216700367093644e-01
2.873949939447335566e-01
2.318932256852421769e-01
2.839606232815012343e-01
2.813311524085443938e-01
2.914769454783520675e-01
2.491460400283526944e-01
3.274379900656734232e-01
1.722834266248424728e-01
1.610485251788196515e-01
1.756768053876658631e-01
1.855566043051409542e-01
2.082671581630590185e-01
2.249158478537231498e-01
2.046323685144084970e-01
2.620763936207675671e-01
2.537844227239249850e-01
2.654563446437369079e-01
2.388423551704271508e-01
2.334314321078415078e-01
2.435199533982961018e-01
2.028092792118877385e-01
2.072092521029854362e-01
2.097071495412984599e-01
2.456918688386900695e-01
2.650176857158448862e-01
2.645978069923655696e-01
3.353108654316060422e-01
2.569503045576675970e-01
3.016820573519347071e-01
2.166763641467208956e-01
3.051941982804869946e-01
3.177693226019312478e-01
3.244072460041720896e-01
2.992423035283811594e-01
3.017303012575666687e-01
3.015299218874528120e-01
2.955673677350141859e-01
2.956405882711795607e-01
3.280846716414390629e-01
3.046331914881485470e-01
2.655446145821541148e-01
2.590005336951488601e-01
3.416105431736412013e-01
3.639691903809504914e-01
3.175169297540779700e-01
2.969577756698028037e-01
2.710009532109053376e-01
2.822245610821177420e-01
2.834764441272111801e-01
3.164743130781743630e-01
3.097150159313566964e-01
3.345760831476530806e-01
4.904952904549715886e-01
4.561414102179756624e-01
3.704968761662667531e-01
4.085485211198628952e-01
4.518010960505708384e-01
3.655110921515283828e-01
3.881260519653598196e-01
4.609619940089598744e-01
5.531392585822906272e-01
4.365145525294351070e-01
3.699776750264109904e-01
3.575319520694645870e-01
3.205875150618547886e-01
3.071508444156062501e-01
2.782276601853014841e-01
2.651087110310600403e-01
3.114139931809016826e-01
3.479331601122659379e-01
3.610741443941755668e-01
4.004247334974433969e-01
3.839250066071536738e-01
3.453877364351640722e-01
3.941253717187497285e-01
4.389093543948659470e-01
3.889192047877946257e-01
3.998602157057487561e-01
3.995056552928392679e-01
3.747078517018577748e-01
3.948837745705472968e-01
4.410571291973534591e-01
2.730171035037861627e-01
2.646089537340653997e-01
2.784950130502841237e-01
3.418332019388272691e-01
3.781988902467811053e-01
