5.736598362424493169e-01
6.211269148730912404e-01
5.674680092045630841e-01
5.468437505502307117e-01
5.627328553187256333e-01
5.755645106677417244e-01
5.608233001311900834e-01
5.834647990669080686e-01
5.328545001628043343e-01
5.814606810755976740e-01
5.636054341506859799e-01
5.640345539030788835e-01
4.977325432482153644e-01
4.714790928204029563e-01
5.320996349812230353e-01
5.066099587952639371e-01
5.340516950488450876e-01
5.558058196201913770e-01
5.666041334355291781e-01
4.931373038320494007e-01
4.202386836021503869e-01
3.105206137653547804e-01
3.803399914019558459e-01
3.960069065262438737e-01
3.773046969924653826e-01
4.130530103454289059e-01
2.662394520584532298e-01
5.038839939153021419e-01
4.043234590077541823e-01
4.953436648619969351e-01
4.306179744946599941e-01
4.262750210274610096e-01
5.177877255945209090e-01
5.623416885143769361e-01
5.728265815498664315e-01
6.643678660949877690e-01
5.792380051303904764e-01
5.462747230769825491e-01
5.233789998478476369e-01
5.245983036631303165e-01
4.947582248487922829e-01
5.446718882438132958e-01
4.520178717039209926e-01
4.553010147780481853e-01
4.357803122490470638e-01
4.575448552709048822e-01
4.276817650536218207e-01
4.818575479863950184e-01
3.267873941281457251e-01
4.148424093566596693e-01
2.834671543619452505e-01
4.039981913294788951e-01
4.363351444644713584e-01
4.532811857198295047e-01
4.745819366629813185e-01
4.128615483086678362e-01
3.998561821122774695e-01
4.559563485455676024e-01
4.977458973422290156e-01
5.616410407111771530e-01
5.516433686433701578e-01
5.516052273294529407e-01
5.639330093029119029e-01
5.671239474316934759e-01
4.726672208285476739e-01
4.811456487061696596e-01
4.087853984144328434e-01
5.200370011727657449e-01
5.405940278963020651e-01
6.317313528636268050e-01
4.726316611802548473e-01
5.958171923249351298e-01
6.329896019865873802e-01
5.453005263375152456e-01
5.634237315157548665e-01
8.052776419645739370e-02
5.042089404956821008e-01
4.797567935354518642e-01
4.324670296375413003e-01
4.129061865808424936e-01
5.234954388562101935e-01
4.926257905493421907e-01
4.920558767580348603e-01
5.012285449345789123e-01
4.729188277123396178e-01
4.710058403886395184e-01
4.649746853731329677e-01
4.671554707258145367e-01
4.941850207354983593e-01
4.352279131005120094e-01
5.148041373856654390e-01
5.458572092755666905e-01
4.914532620353717074e-01
5.763818793967185883e-01
5.148386180370475573e-01
4.600435352037843262e-01
4.541718681818666115e-01
4.692812998804417046e-01
4.005078412144295052e-01
4.323450696169742757e-01
5.172242838868139625e-01
3.938946123952324352e-01
4.530048364028723684e-01
4.241270605933780136e-01
3.762994268065147918e-01
4.387233691610389341e-01
4.503150098281862301e-01
4.356435463302983924e-01
4.711756421156158003e-01
4.697159253797887901e-01
4.630878286136596578e-01
4.233264727971507990e-01
6.391763466731429366e-01
6.585879789933718476e-01
6.633614419370895687e-01
4.883890080560228664e-01
4.998972935952684105e-01
5.015168409979273711e-01
5.172157515357843627e-01
4.952118236608227808e-01
5.448585595697656991e-01
4.990104858140690380e-01
5.056590861884882049e-01
4.810055123626261753e-01
